SMPK OPKC 031800=
41504 02995 00000 11015 21119 37874 48543 60003 333 59019 60007 RH45%=
41506 02995 00000 10020 21018 38529 48525 60003 333 59034 60007 76%=
41507 02996 00906 10120 20021 39215 49735 60003 333 59060 60007 51%=
41508 02995 00000 10050 21048 38644 48512 60003 333 59046 60007 49%=
41509 02996 00000 10060 20001 38778 48513 60003 333 59026 60007 RH 65%=
41510 02996 00000 11010 21023 37894 48512 60003 333 59048 60007 91%=
41515 02995 00000 10050 21048 38575 48536 60003 333 58008 60007 49%=
41516 02996 00000 10030 21024 38545 48502 60003 333 59057 60007 RH68%=
41517 21696 30000 11020 21076 37803 48545 60003 70400 83500 333 56900 59045 60007 83635 62%=
41518 02696 41802 10056 21016 38/// 48/// 60003 82520 333 56990 5//// 60007 82640 82462 58%=
41519 02696 30000 10095 21016 38805 48541 60003 83500 333 56900 59007 60007 83640 RH46%=
41520 02995 01804 11005 21111 37622 48279 60003 333 59047 60007 40%=
41523 02996 00000 10070 21036 39059 48468 60003 333 59055 60007 47%=
41524 02996 00000 10140 21048 39346 40212 60003 333 59026 60007 31%=
41525 12996 00000 10020 21032 37664 48394 60003 333 59024 68%=
41528 01996 00000 10110 20059 39205 48489 60003 70400 333 59040 60007 71%=
41529 02996 40000 10110 20015 39760 40150 60003 84030 333 56090 59040 60007 84360 52%=
41530 019// 30000 10125 21013 39723 40114 60003 70500 83030 333 56090 59082 60007 83360 40%=
41534 22996 01304 10140 20028 39716 40134 60003 333 59035 60007 RH 47%=
41535 02996 00000 10070 21003 38704 48471 60003 333 59021 60007 RH60%=
41536 02996 00000 10085 20002 39033 48496 60003 333 59026 60007 56%=
41560 02996 02306 10050 21009 38316 48546 60003 333 58009 60007 RH66%=
41562 02996 33102 10125 20036 39661 40132 60003 83030 333 56090 59039 60007 83362 54%=
41565 02995 03102 10061 21016 38650 48515 60003 333 59009 60007 RH 58%=
41567 01996 00000 10130 20068 39686 40109 60003 70400 333 59030 60007 66%=
41571 119// 00904 10120 20035 39580 40174 60003 70500 333 59003 RH56%=
41573 02997 01802 10035 21044 37978 48513 60003 333 58002 60007 56%=
41574 02997 00000 10070 20015 38331 48511 60003 333 59035 60007 68%=
41576 01996 00000 10115 20062 40163 60003 70400 333 59024 60007 70%=
41577 01996 00000 10105 20041 39538 40166 60003 70400 333 56000 59011 60007 RH 65%=
41593 01996 00000 10130 20068 39928 40149 60003 70400 333 59010 60007 66%=
41597 01996 00000 10120 20079 40162 60003 70400 333 59027 60007 76%=
41598 01995 00000 10115 20074 39876 40154 60003 70400 333 58002 60007 76%=
41599 01995 00000 10130 20068 39873 40169 60003 70400 333 58004 60007 66%=
41600 01995 01302 10100 20090 39858 40162 60003 71000 333 58001 60007 93%=
41620 31996 02302 10060 21072 38545 48449 60003 70500 333 59038 60007 38%=
41624 01994 00000 10150 20081 39925 40128 60003 70400 333 59041 60007 63%=
41625 01995 01302 10140 20080 39920 40124 60003 70400 333 59037 60007 67%=
41630 01996 01802 10125 20049 40163 60003 70400 333 59007 60007 60%=
41633 01996 00000 10135 20106 4//// 60003 70400 333 5//// 60007 83%=
41634 02996 00000 10115 20041 3//// 4//// 60003 333 5//// 60007 60%=
41635 01996 00000 10110 20068 3//// 4//// 60003 70400 333 5//// 60007 75%=
41636 01996 01304 10140 20056 39973 40160 60003 70400 333 59013 60007 57%=
41638 01996 00000 10140 20102 4//// 60003 70400 333 5//// 60007 78%=
41639 01996 00902 10125 20085 3//// 4//// 60003 70400 333 5//// 60007 77%=
41640 01995 00000 10140 20080 39910 40164 60003 70400 333 58002 60007 67%=
41641 01996 00000 10140 20068 39885 40164 60003 70400 333 59001 60007 62%=
41642 01995 00000 10105 20074 3//// 4//// 60003 71000 333 5//// 60007 81%=
41643 01995 00000 10110 20090 39873 40157 60003 71000 333 59009 60007 87%=
41644 01996 00000 10125 20096 3//// 4//// 60003 70400 333 5//// 60007 82%=
41646 01995 00000 10120 20068 39955 40176 60003 70400 333 59008 60007 70%=
41652 01996 01304 10120 20029 39958 40141 60003 70400 333 59044 60007 50%=
41660 029// 11304 10020 21032 38426 48518 69903 81030 333 56090 59012 60007 81360 68%=
41661 02996 00000 10015 21023 38380 48512 60003 333 59022 60007 76%=
41669 02996 00000 10140 20068 3//// 4//// 60003 333 5//// 60007 62%=
41670 01996 00000 10130 20068 4//// 60003 70400 333 5//// 60007 66%=
41674 01995 00000 10130 20068 3//// 4//// 60003 70400 333 5//// 60007 66%=
41675 01996 01808 10160 20069 39993 40139 60003 70400 333 59026 60007 55%=
41676 01996 00000 10150 20069 39988 40147 60003 70400 333 59047 60007 58%=
41677 01996 00000 10120 20079 39961 40132 60003 70400 333 59023 60007 76%=
41678 01996 00000 10150 20069 40161 60003 70400 333 59016 60007 58%=
41679 01996 00000 10110 20090 4//// 60003 70400 333 5//// 60007 87%=
41680 01996 00000 10125 20074 39955 40160 60003 70400 333 59017 60007 71%=
41685 02997 00000 10085 21013 38902 48477 60003 333 59040 60007 RH50%=
41696 02696 40000 11010 21070 38003 48540 60003 82520 333 56990 59008 60007 82640 82460 RH64%=
41697 02996 00000 10150 20043 40161 60003 333 59016 60007 RH49%=
41700 01995 00000 10145 20097 40137 60003 70400 333 59024 60007 73%=
41701 01996 00000 10130 20068 30003 40149 60003 70400 333 59035 60007 66%=
41710 12996 03102 10105 21102 39354 40141 60003 333 59008 22%=
41712 12996 00000 10110 20022 39200 48504 60003 333 59011 RH54%=
41715 01994 00000 10165 20109 30083 40149 60003 70400 333 59038 60007 RH70%=
41716 01996 00000 10130 20068 30045 40151 60003 70400 333 59034 60007 66%=
41718 01995 00000 10120 20056 30040 40146 60003 70400 333 59030 60007 65%=
41724 01995 00000 10140 20056 30083 40164 60003 70500 333 59030 60007 RH57%=
41725 02996 00000 10140 20028 40139 60003 333 59026 RH47%=
41726 01995 00000 10120 20079 30094 40168 60003 70500 333 59014 60007 RH76%=
41738 02996 00000 10180 20083 39979 40162 60003 333 59012 60007 Rh53%=
41739 02996 03604 10105 21007 39070 48515 60003 333 59008 60007 RH47%=
41742 12996 01302 10175 20051 40150 60003 333 59004 RH 44%=
41743 01996 00000 10150 20069 60003 70400 333 60007 RH 58%=
41744 12996 00000 10080 21005 38779 48515 60003 333 59015 RH 55%=
41745 01996 00000 10165 20076 60003 70400 333 60007 RH 56%=
41746 02996 00000 10140 20080 30090 40150 60003 333 59024 60007 RH67%=
41747 01995 00000 10115 20062 40126 60003 70400 333 59032 60007 RH70%=
41748 01996 01302 10165 20076 40153 60003 70500 333 59035 60007 RH56%=
41749 01996 01306 10150 20092 30117 40152 60003 70400 333 59021 60007 RH68%=
41756 01995 03108 10180 20095 30090 40157 60003 70504 333 59012 60007 RH58%=
41757 12996 00000 10180 20095 30153 40166 60003 333 59009 RH58%=
41759 02996 02302 10170 20115 30162 40168 60003 333 59017 60007 RH70%=
41764 02996 00000 10165 20050 30096 40148 60003 333 59008 60007 RH46%=
41765 02996 00000 10175 20077 30120 40156 60003 333 59002 60007 RH52%=
41766 01994 00000 10140 20080 30124 40154 60003 74000 333 59015 60007 RH67%=
41767 02996 00000 10130 20068 3//// 4//// 60003 333 60007 RH66%=
41768 02996 03602 10140 20080 30141 40148 60003 333 59002 60007 RH67%=
41780 02996 02304 10200 20130 30129 40157 60003 333 58000 60007 RH64%=
41783 02996 00000 10185 20101 30115 40145 60003 333 59002 60007 RH 58%=
41785 02996 02302 10160 20093 30142 40155 60003 333 59005 60007 RH 64%=
41786 02996 03104 10180 20043 30094 40131 60003 333 59003 60007 RH 41%=
41BKI 02996 00000 10120 20029 39709 40134 60003 333 59038 60007 RH54%=
41SKP 01996 01302 10140 20080 3//// 4//// 60003 70400 333 5//// 60007 67%=
43532 01996 00000 10130 20072 39300 40108 60003 70400 333 59060 60007 68%=
43533 02997 00000 10120 20035 39224 48490 60003 333 59027 60007 56%=
43563 02997 00000 10117 20065 39459 40162 60003 333 59004 60007 71%=
=====================


UPPK OPKC 031800=
PPAA 5318/ 41517 MISDA DUE TO SMOKE HAZE=
PPAA 5318/ 41715 NO ASCENT DUE TO BALLOONS OUT OF STOCK=
PPAA 5318/ 41739 no acent due to security risk=
PPAA 5318/ 41749 MISDA DUE TO TECHNICAL FAULT=
PPAA 5318/ 41764 MISDA NO ASCENT DUE TO SHORTAGE OF 30GRAM BALOON=
PPAA 5318/ 41598 MISDA DUE TO TECHNICAL PROBLEM=
PPAA 5318/ 41600 MISDA DUE TO TECHNICAL FAULT=
PPAA 5318/ 41624 MISDA DUE TO TECHNICAL FAULT=
PPAA 5318/ 41640 MISDA DUE TO TECHNICAL PROBLEM=
PPAA 5318/ 41646 MISDA DUE TO TECHNICAL FAULT=
PPAA 5318/ 41675 MISDA DUE TO TECHNICAL ISSUE=
PPAA 5318/ 41678 MISDA DUE TO TECHNICAL PROBLEM=
PPAA 5318/ 41718 MISDA DUE TO TECHNICAL PROBLEM=
PPAA 53171 41780 MISDA NO ASCENT DUE TO RED BALLOON SHORTAGE=

Data Generated from File : D:/all data handling/Rmc_lhr/2025020318.FSU.txt
03/02/2025 19:06:07
____________________________________________________________________________________________
15020 01970 03103 11005 21061 30069 40276 52012 69902 70181 333 10031 21005 31005 55300 20000 60007 91005 90760 91105==
15090 01570 53202 10011 21043 30175 40271 52014 69902 70281 85500 333 10043 20005 34010 55300 10140 20000 30000 60007 91007 90760 91107==
15108 01010 53006 11114 21125 38070 48498 53006 60012 70242 85500 333 11082 21119 49075 55300 20000 60007 91009 90760 91109==
15150 04/70 33403 10006 21043 30052 40274 52014 69922 83030 333 10036 20002 31005 55300 20000 60007 91004 90760 91106==
15170 04570 52904 11016 21053 39452 42834 53014 60002 85300 333 10014 21023 34011 55300 20000 60007 91005 90760 91107==
15280 02984 03510 11155 21174 37456 47980 52005 60002 333 11102 21155 49085 55300 20000 60007 91014 90760 91115==
15310 04970 03302 10003 21036 30170 40260 51017 69902 333 10048 20002 34007 55300 10250 20000 30000 60007 91003 90760 91105==
15335 04470 23202 10016 21022 30247 40254 52018 60022 82600 333 10038 20008 31005 55300 20000 60007 91004 90760 91104==
15350 04570 60403 10020 21032 30143 40268 52015 69902 86500 333 10055 20017 31006 55300 20000 60007 91005 90760 91105==
15360 04/70 33206 10024 21010 30223 40240 51018 60022 83030 333 10053 20023 60007 91008 90760 91111==
15420 04567 50802 10023 21026 30149 40264 52020 60002 83540 333 10051 20023 31005 55300 20000 60007 91004 90760 91105==
15460 04965 00201 10003 21014 30236 40262 52016 69922 333 10047 20003 34005 55300 20000 60007 91001 90760 91103==
15470 02567 80804 10023 20006 30134 40266 53022 60002 8337/ 333 10070 20023 30008 55300 20000 60007 91006 90760 91107==
15480 04470 83103 10033 21018 30233 40251 51018 60012 886// 333 10056 20030 31006 55300 10260 20000 30000 60007 91007 90760 91107==
15549 11566 80702 10003 21005 39823 40254 52024 60022 70275 886// 333 10040 20002 555 59400 69599 71843=
15552 11470 83601 10035 20000 30196 40246 52021 69902 70252 8652/ 222// 00080 10200 333 10071 20034 555 40000 57800 61299 71800 92024 92428=
15640 12568 80207 10044 20029 39919 40238 52027 60002 8757/ 333 10098 20043 555 590//=
15655 11568 83608 10043 20020 30207 40241 52020 69902 76162 8802/ 222// 00084 10201 333 10092 20043 555 40000 58500 66299 71800 92025 92427=
15730 11670 80205 10078 20047 39815 40214 52017 69902 76162 8652/ 333 10122 20053 555 58100 67199 71800=
16627 12460 70509 10098 20054 30202 40207 52015 60002 86870 333 10126 81818 86630 87357 90730 91118==
16650 12560 79903 10116 20088 30186 40195 52004 60002 82170 333 10138 82820 86358 90730 91108==
16667 12560 22305 10110 20077 30183 40194 54000 60002 82100 333 10154 90730 91107==
16706 12560 19903 10104 20092 30174 40180 52001 60002 81200 333 10156==
16723 12560 19902 10134 20107 30173 40186 52002 60002 81100 333 10166 90730 91105==
16742 12460 23403 10124 20097 30026 40182 53001 60002 82140 333 10170 90730 91108==
16749 12460 20000 10146 20096 30159 40174 57001 60002 82130 333 10176 90730 91111==
16754 12560 31903 10132 20109 30140 40189 52007 60002 82230 333 10184 82820 83358 90730 91108==
16760 12560 20000 10104 20086 40195 52009 60002 82200 333 10174 90730 91107==
16765 12560 23404 10138 20098 40183 52002 60002 82100 333 10182 90730 91109==
17022 11565 82501 10083 20054 30044 40212 52006 69912 76062 8652/ 333 10096 86628 88459 90760 91110==
17024 12366 72818 10092 20074 30105 40184 52008 60002 85770 333 10118 83708 85632 87360 90760 91128==
17026 12470 63005 10096 20073 30150 40189 51005 60002 83605 333 10145 83717 86270 90760 91111==
17031 11438 42904 10070 20064 30177 40183 52013 60002 71011 84600 333 10133 84715 90760 91113==
17034 12/70 30000 10095 20034 30131 40178 50001 60002 83030 333 10115 83360 90760 91123==
17038 12970 02701 10081 20055 30121 40169 58001 60002 333 10105 90760 91110==
17042 12970 01101 10054 20027 30138 40178 58003 60002 333 10121 90760 91108==
17050 12670 80602 10082 20034 30169 40232 52020 60002 8452/ 333 10119 84635 88460 90760 91109==
17056 12670 60406 10083 20050 30225 40229 52023 60002 83530 333 10109 83635 86360 90760 91117==
17060 12460 70215 10079 20046 30185 40226 52018 60002 87200 333 10109 85713 87822 90760 91120==
17070 12665 62002 10048 20032 39318 40207 52014 60002 86500 333 10133 86634 90760 91112==
17074 12570 53303 10071 20050 39241 40185 52017 60002 83550 333 10135 83630 85359 90760 91110==
17084 12965 02301 10033 20011 39266 40192 52006 60002 333 10113 90760 91108==
17085 12970 03302 10048 20011 39678 40180 52008 60002 333 10147 90760 91105==
17092 12970 00000 11048 21069 38874 48493 51007 60002 333 10055 90760 91108==
17096 11945 02602 11164 21164 38237 48523 50000 60002 71000 333 11065 90760 91105==
17098 12970 02905 11108 21123 38190 48514 51005 60002 333 10023 90760 91111==
17100 11925 20000 10007 21076 39202 40234 51009 60002 70511 80008 333 10089 82268 90760 91105==
17112 11558 60306 10106 20090 30198 40200 52011 60002 71022 84250 333 10137 84830 86360 90760 91112==
17115 12460 50214 10087 20073 30165 40217 52015 60002 85200 333 10126 82710 84835 90760 91122==
17116 11558 70000 10092 20066 30090 40214 52009 60002 71011 85270 333 10141 82720 83835 87359 90760 91110==
17124 12560 32608 10059 20016 39269 40210 52008 69902 83500 333 10127 83630 90760 91113==
17128 12670 42402 10027 21033 39075 40204 52005 60002 84400 333 10113 84640 90760 91117==
17135 12670 21902 10076 20014 39290 40180 52008 60002 82100 333 10136 82840 90760 91106==
17140 12965 00000 10003 21022 38694 48479 52005 60002 333 10089 90760 91111==
17150 11457 73610 10097 20068 30075 40200 52016 60002 71022 87100 333 10125 83715 86835 90760 91115==
17160 12965 03001 10023 21044 39012 48475 50005 60002 333 10115 90760 91113==
17170 12560 11202 11055 21082 38336 48511 50005 60002 81500 333 10048 81630 90760 91107==
17175 12665 31701 10110 20090 30176 40180 50001 60002 83100 333 10157 83840 90760 91104==
17184 11650 70101 10107 20081 30076 40189 53005 60002 71011 85250 333 10149 85838 87360 90760 91104==
17190 12670 12604 10082 21010 38989 48487 52009 60002 81100 333 10127 81840 90760 91110==
17195 12970 00000 10031 21036 38966 48480 52011 60002 333 10121 90760 91115==
17200 12960 02401 10005 21058 39190 40206 52005 60002 333 10119 90760 91109==
17202 12970 02205 10001 21085 39135 40210 51005 60002 333 10115 90760 91109==
17203 12670 20000 10022 21081 38886 48533 51009 60002 82100 333 10106 82840 90760 91107==
17210 12970 20502 10086 21081 39148 40189 52006 60002 80001 333 10141 82070 90760 91107==
17219 11958 03604 10096 20073 30045 40193 51003 60002 71011 333 10163 90760 91121==
17234 12670 10000 10124 20075 30120 40189 55000 60002 81100 333 10187 81840 90760 91108==
17237 12970 00000 10100 20050 39687 40196 52007 60002 333 10166 90760 91104==
17240 12970 00000 10088 20010 39037 40194 52016 60002 333 10158 90760 91111==
17244 12970 02704 10042 21019 38992 48484 52006 60002 333 10128 90760 91110==
17248 12970 00000 10050 21045 38974 48479 50004 60002 333 10135 90760 91107==
17250 12970 00000 10027 21050 38801 48489 52007 60002 333 10117 90760 91112==
17260 12960 03202 10043 21028 39327 40163 52003 60002 333 10148 90760 91111==
17270 12670 33003 10104 21036 39530 40179 51004 60002 81130 333 10185 81840 83360 90760 91106==
17275 12970 00000 10082 21073 38992 48513 52004 60002 333 10130==
17280 12960 02404 10027 21074 39391 40201 52006 60002 333 10138 90760 91108==
17290 12970 03501 10143 20089 30151 40183 50000 60002 333 10198 90760 91109==
17292 12970 00000 10093 20037 39421 40190 55000 60002 333 10157 90760 91108==
17300 11956 03605 10121 20119 30109 40181 52006 60002 71000 333 10178 90760 91112==
17310 12970 00802 10150 20085 30158 40165 52007 60002 333 10195 90760 91107==
17330 12970 00000 10130 20096 30155 40173 50005 60002 333 10193 90760 91106==
17350 12960 00304 10103 20072 30087 40166 52010 60002 333 10190==
17370 12670 30000 10128 20038 30173 40177 52008 60002 81130 333 10183 81835 83360 90760 91105==
17375 12970 00101 10135 20093 30161 40163 51006 60002 333 10201 90760 91109==
33088 11596 83004 11004 21032 30048 40246 52008 69942 78582 889// 333 10012 555 1/101=
33135 119// 82603 11006 21012 30051 40203 52002 69932 77187 8802/ 333 10022 555 1/101=
33177 32597 82802 11002 21050 30029 40275 52006 885// 333 10008 555 1/100=
33317 324// 83104 11014 21065 39903 40252 52007 8495/ 333 10013 555 1/101=
33393 32560 63203 11010 21060 39882 40289 52009 86500 333 10003 86632=
33415 12697 83002 11009 21062 39862 40274 52008 69902 885// 333 10013 555 1/101=
33429 11697 73005 11019 21059 39824 40263 52008 69902 70282 84531 333 10010 84640 555 1/102=
33466 11559 82803 11005 21026 30025 40218 52005 69982 78581 86901 333 10013 555 1/100=
33506 11597 72401 11007 21020 30002 40204 52002 69972 70282 86930 333 10024 555 1/000=
33562 11560 63205 11001 21051 39941 40255 52012 69902 70282 86500 333 10019 555 1/101=
33587 119// 43203 11007 21052 39962 40233 52010 69942 70281 82031 333 10018 555 1/102=
33658 12980 02903 11009 21064 39970 40281 52013 69902 333 10019 555 1/101=
33663 32597 83003 10014 21067 30154 40253 52008 885// 333 10040 555 1/001=
33664 32597 73103 11005 21053 39937 40265 52012 87500 333 10017 555 80014=
33678 32898 73106 10005 21061 30033 40253 52009 87070 333 10027 555 80011=
33679 12497 53001 11006 21052 30057 40256 52009 69902 85500 333 10053=
33711 11960 53102 11012 21025 39998 40215 52010 60022 70282 85030 333 10021 555 1/102=
33745 11597 82805 10003 21029 30080 40281 52014 69902 70282 8693/ 333 10032 555 80018=
33748 11597 83202 11005 21039 39965 40259 52017 69912 70382 883// 333 10036 555 80014=
33754 32997 73001 10008 21061 30096 40247 52016 87030 333 10037=
33761 12998 33102 11020 21045 30005 40237 52011 69942 83080 333 10019 555 1/101=
33791 32577 63201 10002 21012 30077 40208 52006 84530 333 10026 84630 555 1/100=
33815 11598 63203 10000 21044 30032 40247 52010 69902 70282 83930 333 10027=
33837 11684 53203 10009 21034 30175 40228 52012 60022 70287 83501 333 10020 83634 555 1/100=
33881 11998 03303 11008 21030 30056 40260 52013 69942 70181 333 10033 555 80012=
33883 12597 43004 10004 21025 30081 40253 52013 69902 84500 333 10029 555 80017=
33885 32997 53603 11003 21025 30124 40271 52016 85030 333 10042 555 80011=
33892 12597 33302 11002 21048 30039 40259 52013 60012 83010 333 10014 555 80022=
33902 11996 03104 10000 21006 30148 40209 52009 60042 71081 333 10010 555 1/102=
33924 11560 83608 10026 20005 30188 40201 52016 60102 70262 885// 333 10031 91012 90760 91113==
33946 11450 83605 11002 21005 39956 40183 53026 60092 77187 8772/ 333 10060 88516 90760 91110==
33983 11460 80201 10031 20026 30076 40137 57014 60102 78082 889// 333 10044==
34300 11597 70000 10004 21044 30019 40201 58002 69902 70282 85530 333 10031 555 1/100=
34336 42960 01801 11017 21062 30105 40211 54000==
34344 42570 70000 11003 21021 30118 40208 50000 87500==
34356 42970 70000 11001 21026 30066 40217 52002 80006==
34357 42570 81702 10003 21025 30049 40207 54001 885//==
34398 113// 81803 11003 21015 30227 40240 52002 69922 71072 886// 333 11004==
34415 32997 60000 11014 21044 30098 40198 54000 80006 333 10039 555 1/102=
34438 41460 80903 11007 21015 30009 40205 57003 78582 883//==
34445 42570 80000 11010 21019 30095 40212 54001 885//==
34461 42460 80701 10011 21024 30157 40214 57003 8455/==
34473 31/// 91202 10006 20000 30185 40224 52003 74542 333 10037=
34476 41/05 91203 10009 20003 30215 40223 54000 74542 89///==
34504 11443 83602 10002 21022 30022 40200 52003 69922 78382 889// 333 10015=
34535 41440 80702 11003 21005 30123 40197 57009 78682 889//==
34545 41410 80503 11001 21004 30085 40199 57009 78682 883//==
34555 42570 80703 10008 21013 30121 40214 57004 885//==
34560 42760 70704 10007 21019 30017 40211 57004 87500==
34578 41340 81201 10028 20020 30212 40219 52001 71022 886//==
34579 41540 81002 10022 20011 30177 40221 57002 71022 885//==
34644 41540 80502 10001 21001 30102 40180 58016 71072 8657/==
34646 41/40 80403 10007 20007 30104 40187 57016 76876 8802/==
34655 41440 80805 10022 20013 30135 40196 57012 76062 8872/==
34662 42/70 70601 10031 21014 30198 40209 58007 80070==
34691 12/70 81402 10005 21006 30447 40434 58001 60002 8807/ 333 10013==
34720 41420 80302 10002 21003 30136 40177 58012 77172 887//==
34727 41440 80802 10004 20003 30139 40170 58017 78588 883//==
34743 41410 81003 10030 20027 30092 40182 57017 71082 885//==
34759 41420 81102 10048 20043 30062 40194 57007 71022 889//==
34772 42/60 71202 10033 20015 30215 40218 58004 8705/==
34785 42560 31001 11003 21014 30249 40226 56001 83500==
34798 12/60 80903 10008 21024 30360 40330 52001 60002 8805/ 333 10051==
34824 41540 81003 10023 20012 30153 40158 57024 78082 883//==
34838 41310 80000 10028 20018 30070 40167 57018 71022 886//==
34845 41540 81402 10054 20045 30064 40172 58015 71022 885//==
34858 41/10 21503 10040 20039 30080 40188 57008 71061 82030==
34861 41540 81505 10039 20024 39952 40196 57007 71084 885//==
34866 42460 81403 10053 20039 30214 40205 57002 885//==
34880 42660 70801 10032 20002 30250 40223 54000 87500==
34887 42970 30000 10027 20009 30242 40219 54000 80004==
34949 42570 81103 10024 20010 39634 40185 57007 85501==
34954 42960 81204 10056 20014 30013 40187 57004 80001==
34958 42570 81202 10061 20017 39993 40192 55001 885//==
34975 42470 81503 10044 20008 30212 40208 58002 885// 333 88618==
34984 41/05 91104 10017 20017 30249 40218 57002 74722 89///==
35217 125// 81604 11015 21032 30225 40266 52001 69902 885// 333 11005==
35302 125// 81805 11013 21027 30234 40255 52003 60002 885// 333 11004==
35315 325// 81406 11025 21038 30218 40276 52006 885// 333 11003=
35344 329// 00703 11138 21161 30024 40332 58003 333 11033=
35358 12/// 20902 11105 21141 30170 40350 53005 60002 82040 333 11054==
35368 319// 01108 11085 21117 30091 40372 52001 73632 333 11045=
35386 329// 01502 11080 21107 39868 40414 58002 333 11052=
35394 12970 00402 11099 21125 39713 40428 58002 69902 333 11032==
35404 325// 81604 11002 21014 30238 40246 53004 885// 333 11003=
35406 125// 81503 11013 21023 30255 40257 52002 60002 885// 333 11008==
35416 125// 81303 11031 21055 30158 40282 51002 60002 885// 333 11010==
35426 126// 50603 11098 21134 39996 40302 57004 60002 82501 333 11023==
35437 329// 31001 11111 21140 30063 40397 53004 80003 333 11024=
35449 329// 30803 11094 21120 30218 40327 52002 80003 333 11062=
35497 129// 00503 11096 21112 39842 40705 57003 60002 333 11029==
35498 329// 01101 11120 21139 39496 40427 57002 333 11060=
35514 32598 71203 11013 21021 30475 40471 52002 87500 333 11008=
35522 126// 51204 11084 21112 30024 40287 57002 69900 85500 333 11025=
35542 329// 00903 11111 21127 30164 40320 54000 333 11053=
35563 32998 81902 11106 21128 39576 40387 52001 80002 333 11084=
35576 129// 00504 11128 21154 39914 40393 58005 60002 333 11073==
35582 326// 30504 11120 21155 39772 40410 57003 83500 333 11062=
35594 319// 01303 11088 21107 39524 40400 57004 70231 333 11045=
35605 32598 81003 10003 21011 30268 40246 54000 885// 333 10013=
35633 319// 00403 11116 21135 30078 40304 58002 71000 333 11032=
35671 11970 00806 11068 21101 39914 40361 58006 60002 73630 333 11066==
35699 119// 00509 11055 21096 39598 40378 57002 60002 73633 333 11018 90760 91116==
35700 12670 81203 10006 21011 30274 40250 52002 60002 885// 333 10018==
35715 32597 81304 11004 21035 30276 40261 54000 885// 333 10011=
35739 329// 00000 11094 21129 30135 40281 58004 333 11030=
35746 129// 20504 11044 21078 30217 40286 53001 60002 80001 333 11011==
35777 329// 00509 11104 21132 39990 40353 54000 333 11045=
35796 12960 00605 11077 21095 39919 40373 57009 60002 333 11038==
35849 129// 00000 11043 21089 30180 40269 57003 60002 333 10011==
35895 32997 00104 11103 21113 39903 40371 57010 333 11069=
35907 12998 80803 10016 21003 30255 40224 53002 69900 8802/ 333 10047=
35925 115// 81602 11032 21045 30154 40269 58001 60002 71022 887// 333 11004==
35927 329// 61106 11021 21047 30256 53003 86040 333 10002=
35953 129// 00410 11054 21096 30131 40265 57009 60002 333 10002==
35969 129// 00707 11068 21130 30104 40283 57005 60002 333 11005==
35997 319// 00503 11103 21147 39884 40341 57008 71000 333 11035=
36259 42584 30000 11334 21367 38372 48654 52005 81902==
36335 325// 80702 11083 21098 39374 40442 58004 885// 333 11048=
36358 326// 50303 11060 21082 39382 40433 58003 85500 333 11030=
36394 329// 01503 11161 21167 30015 40472 52002 333 11050=
36397 129// 02002 11131 21151 39862 40466 52001 60002 333 11062==
36403 329// 00801 11184 21209 30078 40472 52003 333 11049=
36418 319// 30000 11189 21200 39814 40486 54000 71000 80003 333 11098=
36421 329// 00000 11259 21277 39876 40511 52001 333 11101=
36428 129// 00102 11225 21253 39939 40496 53001 60002 333 11096==
36439 319// 01210 11153 21183 39123 48595 56003 73630 333 11105=
36498 319// 00411 11083 21110 39583 40407 57005 73730 333 11021 91015 91116=
36501 326// 70000 11076 21089 39653 40437 58003 87300 333 11028=
36535 129// 00000 11263 21296 39799 40510 57004 60002 333 11098==
36546 319// 00000 11230 21238 39897 40497 58002 71000 333 11103=
36619 329// 00502 11175 21198 333 11118=
36622 319// 00304 11125 21145 39581 40432 57009 73630 333 11044=
36639 129// 00000 11204 21232 39763 40425 57010 60002 333 11094==
36643 329// 02301 11211 21226 39765 40495 54000 333 11097=
36665 329// 02001 11163 21189 39688 40471 57003 333 11110=
36666 324// 10000 11232 21249 39946 40495 58003 81600 333 11085=
36729 31998 00908 11114 21139 39867 40375 57015 73630 333 11100 91015 91116=
36736 329// 00804 11103 21158 39831 40414 57011 333 11074=
36744 329// 00404 11120 21146 39873 40348 57008 333 11043=
36770 329// 00000 11220 21220 39567 40364 57014 333 11058=
36786 32999 02901 11135 21156 39367 40337 57024 333 10005=
36796 329// 00000 11238 21268 39094 48499 58016 333 11128=
36803 31999 01204 11103 21128 39896 40368 57017 70230 333 11083=
36806 329// 01510 11127 21195 39898 40395 57010 333 11075 91119=
36819 319// 00501 11126 21142 39670 40317 57026 71011 333 11046=
36821 119// 00000 11131 21137 39813 40333 57016 60002 71000 333 11013==
36839 32998 03101 11178 21230 39142 40358 57016 333 11051=
36843 329// 02302 11092 21140 39096 40317 57013 333 10035=
36846 329// 00704 11118 21204 38647 48532 57006 333 11018=
36859 129// 00000 11116 21141 39548 40375 57009 60002 333 10020==
36870 12/// 30000 11090 21101 39242 40296 57018 60002 83070 333 11005==
36874 329// 01802 11182 21204 39624 40476 57018 333 11095=
36877 329// 02401 11160 21169 39664 40752 57021 333 11048=
36885 329// 01102 11110 21122 39129 40313 57019 333 10000=
36889 329// 01803 11072 21219 37041 47057 57009 333 11034=
36894 329// 00502 11081 21117 39537 40305 57019 333 11007=
36905 329// 01501 11084 21128 38787 48546 57010 333 11015=
36911 429// 00000 11087 21125 39243 40259 57017 333 10011=
36927 42697 73602 11024 21088 38376 48544 58007 87900 333 10024=
36934 42697 23101 11043 21094 38294 48420 58007 82500=
36953 329// 00000 11210 21227 38239 48508 58010 333 11066=
36963 429// 01101 11110 21252 37021 48/// 58007 333 11040=
36974 429// 00000 11178 21190 38013 48573 58007 333 11060=
36982 429// 03501 11175 21304 36518 47133 58004 333 11063=
37018 41560 81202 10084 20073 30087 40162 57012 70282 889//==
37031 42560 81101 10058 20035 39972 40167 57015 82505==
37054 41540 80804 10046 20013 39806 40192 50001 71022 885//==
37061 41/40 71102 10050 20033 30030 40200 58002 71022 87030==
37085 42540 60703 10039 20008 30239 40211 58004 86500==
37171 42/40 80000 10082 20067 30149 40167 58047 8805/==
37228 42960 02601 10013 21013 39338 40183 57006==
37235 42/60 60000 10021 20010 39871 40193 57009 8007/==
37472 41540 81404 10061 20040 30226 40204 57007 71022 8357/==
38149 42970 00201 11046 21085 30179 40260 53003 333 10051==
38178 429// 03402 11021 21074 39931 40226 57006 333 10068==
38262 129// 00302 11032 21060 30164 40248 58012 60002 333 10059==
38264 42970 03401 11040 21066 30151 40248 57001 333 10049==
38345 42998 00000 11125 21152 38788 48473 57012 333 10021=
38353 429// 00000 11079 21089 39325 40268 57013 333 10025=
38388 72998 00000 11015 21071 30162 40235 53006 333 10074 6////=
38392 72997 03602 11018 21052 30135 40242 52002 333 10075 6////=
38396 42960 43602 11011 21054 30113 40242 52001 80001 333 10074==
38403 429// 00502 10027 21095 30094 40217 57004 333 10098==
38413 429// 01202 10007 21062 39927 40224 52002 333 10074==
38457 12960 20401 10016 21025 39616 40214 54000 60002 80001 333 10103==
38462 429// 00000 11032 21137 38743 48478 58002 333 10106==
38507 72957 40000 10071 20023 30126 40230 58002 84030 333 10106 6////=
38545 72998 03402 10017 21056 30044 40223 58001 333 10100 6////=
38565 129// 00000 11038 21064 39596 40170 54000 60002 333 10089==
38579 129// 00000 11004 21025 39786 40215 54000 60002 333 10086==
38583 12960 32701 11004 21019 39887 40218 53002 60002 80001 333 10085==
38599 31995 32303 10018 21020 39669 40215 51004 71011 80001 333 10080=
38611 41920 03402 10007 21026 39636 40220 52005 71000 333 10084==
38613 429// 00201 11016 21050 40218 53005 333 10070=
38616 429// 00901 11018 21063 39199 40241 53009 333 10055=
38618 129// 01101 11013 21035 39504 40213 52004 60002 333 10081==
38647 72997 00402 10030 21028 30180 40223 52004 333 10105 6////=
38656 72998 00000 10006 21059 30126 40239 52001 333 10097 6////=
38683 41920 60000 10007 21029 39936 40220 52002 71022 80001 333 10089==
38687 72997 23201 10006 21044 39999 40232 52007 80001 333 10103 6////=
38696 129// 01601 10008 21006 39347 40221 52005 60002 333 10108==
38713 329// 81801 11028 21081 39025 48480 54000 80004 333 10076=
38750 72997 02701 10071 20041 30264 40235 54000 333 10126 6////=
38763 72997 00000 10012 21020 30136 40245 52013 333 10094 6////=
38774 72895 80801 10064 21004 30054 40251 52015 8807/ 333 10106 6////=
38799 32997 00000 10000 21034 39992 40231 58005 333 10109=
38806 32997 00000 11006 21030 39944 40213 52002 333 10094=
38812 41920 20000 10030 21018 39757 40218 52003 71011 80001 333 10095==
38836 416// 02303 10042 20042 39227 40196 52022 71022 885// 333 10125=
38880 02997 21902 10036 21027 39977 40237 50004 60002 82030 333 10108 6////=
38886 72997 00000 10016 21028 30005 40290 52004 333 10136 6////=
38895 32996 00000 10022 21018 39946 40244 52005 333 10124=
38911 32997 00000 10030 21028 39933 40233 52008 80002 333 10101=
38915 32997 60901 10046 21008 39901 40230 53002 86070 333 10100=
38927 11957 72103 10041 21002 39842 40224 52012 60002 71022 80001 333 10088==
38933 327// 81801 10059 20008 39700 40227 52019 8455/ 333 10113=
38954 329// 00000 11073 21126 37961 48570 52006 333 11015=
38974 72998 01401 10046 21011 39890 40236 52003 333 10116 6////=
38987 32996 02101 10012 21011 39485 40248 52008 333 10084=
40100 43960 01004 10148 20074 30172 40188 55002 6///1 333 58///=
40180 12960 41001 10157 20093 30123 40172 52007 60002 84030 333 10206 20117 70000==
40199 02/// /0203 333 70000==
40265 31956 63105 10116 20016 39395 40194 52014 70522 80001 333 10180 86070=
40270 31950 70000 10126 20036 39283 40187 52012 70522 87008 333 10192 87168=
40272 31950 03206 10122 20000 39346 40184 52008 70500 333 10202=
40340 31956 40104 10192 20008 30096 40161 52004 70500 84000 333 10260 84070=
40356 42960 31706 10130 21090 39187 48490 83010 333 10180 59058 55/// 83460 555 04410 50172=
40357 42960 61504 10140 21060 39531 40175 86020 333 10188 59049 55/// 86460=
40360 42660 21304 10155 21070 39566 40165 82200 333 10218 59056 55/// 82840=
40361 42960 31205 10155 21100 39399 40196 83010 333 10202 59056 55/// 83460=
40362 42960 01004 10147 21050 39675 40194 333 10203 59038 55///=
40373 42960 00000 10140 21060 39784 40208 333 10210 59018 55///=
40375 42960 40000 10166 21130 39279 40161 80002 333 10232 59041 55/// 84070=
40394 42960 01804 10124 21060 39056 48527 333 10200 59033 55/// 555 04410 50193=
40400 42960 43404 10218 20120 30116 40144 80002 333 10278 59037 55/// 84070=
40405 42960 01204 10133 21040 39447 40202 333 10191 59035 55///=
40417 42960 03603 10135 20050 30190 40207 333 10232 59006 55///=
40420 42960 03206 10137 21080 39997 40211 333 10224 59006 55///=
40430 42960 03503 10198 21040 39424 40168 333 10263 59035 55///=
40437 42960 00000 10110 21070 39502 40217 333 10193 59019 55///=
40439 42960 02805 10234 20120 30112 40130 333 10322 59033 55///=
40582 32960 42204 10147 21031 40200 51012 84030 333 55300 00000 10190 20000 30000 41052 51243 60000 55407 40000 84360 90401 91007 91113 91207 91303=
40703 12960 00000 10002 21107 38915 40214 51010 60001 333 55091 70000 555 11028 29044=
40706 12960 00503 10002 21112 38650 40222 51003 60001 333 55092 22616 70000 555 11032 29042=
40712 11956 02803 11020 21086 38672 40214 50001 60001 70500 333 55093 21303 70000 555 11038 29061=
40713 11957 31004 10006 21094 38647 40189 50002 60001 70511 80001 333 55090 70000 83069 555 11025 29047=
40718 12860 31501 10087 20056 30240 40211 50000 60001 83030 333 55087 21207 70000 83358 555 10073 29081=
40723 11958 00000 11042 21060 38970 40252 51005 60001 71000 333 55031 20920 70000 555 11046 29087=
40726 12960 00000 10008 21090 38653 40218 52008 60001 333 55084 70000 555 11023 29048=
40727 12960 10000 11040 21108 38480 40237 52009 60001 80001 333 55095 21518 70000 81070 555 11058 29059=
40732 12960 02301 10072 20044 30228 40203 53002 60001 333 55041 70000 555 10060 29082=
40736 12960 00702 10079 20050 30239 40213 58004 60001 333 55041 70000 555 10066 29082=
40737 12960 01401 10022 20003 30186 40204 58004 60001 333 55072 21333 70000 555 10015 29087=
40738 12960 10000 10027 21001 30234 40236 50000 60001 80001 333 55083 21280 70000 81070 555 10017 29082=
40739 12965 03602 10027 21105 38686 40197 52007 60001 333 55101 21490 70000 555 11015 29037=
40741 12960 00000 10039 21032 39892 40233 51007 60001 333 55077 70000 555 10014 29060=
40743 12965 00000 10047 21095 39061 40195 52006 60001 333 55097 21474 70000 555 10002 29035=
40745 12960 32003 10018 21035 39057 40235 51008 60001 80001 333 55081 21182 70000 83070 555 11002 29068=
40747 12960 10000 10030 21117 38632 40213 51010 60001 80001 333 55083 21491 70000 81070 555 11016 29033=
40754 12960 03403 10076 21128 38820 40175 52009 60001 333 55097 70000 555 10013 29022=
40762 12965 00000 10007 21089 38549 40196 52010 60001 333 55094 70000 555 11022 29049=
40766 12960 13102 10061 21114 38700 40207 52011 60001 80001 333 55099 21518 70000 81070 555 10006 29027=
40768 12960 01602 11003 21069 38256 40213 52010 60001 333 55080 21594 70000 555 11025 29061=
40769 12960 00000 10021 21072 38287 40201 52009 60001 333 55093 21599 70000 555 11012 29050=
40780 12960 31301 10032 21073 38701 40227 52009 60001 80001 333 55096 29503 70000 83070 555 11005 29046=
40782 12960 31502 10053 21043 38879 40206 52013 60001 80001 333 55095 70000 83070 555 10018 29050=
40785 12960 00000 10059 21051 39094 40203 52012 60001 333 55088 25046 70000 555 10020 29045=
40791 12962 00702 10083 21126 39358 40191 51006 60001 333 55094 21680 70000 555 10020 29021=
40792 12965 00303 10033 21126 38719 40193 52008 60001 333 55097 22129 70000 555 11015 29030=
40798 12960 00702 11027 21141 37956 40226 52013 60001 333 55100 21817 555 11057 29041=
40800 12960 00000 10016 21094 38457 40187 52011 60001 333 55097 21634 70000 555 11020 29044=
40809 12960 00000 10023 21152 38494 40188 52013 60001 333 55098 21676 70000 555 11026 29026=
40811 11958 00000 10114 21004 30163 40190 52014 60001 70500 333 55086 70000 555 10067 29044=
40812 12960 01001 10115 21007 39803 40183 52011 60001 333 55093 70000 555 10065 29043=
40821 12960 01903 10041 21127 38794 40210 52006 60001 333 55097 21618 70000 555 11011 29028=
40829 12960 03404 10078 21074 39618 40199 52016 60001 333 55095 70000 555 10027 29033=
40831 12960 01801 10121 20004 30189 40198 52012 60001 333 55092 70000 555 10073 29045=
40833 12960 03402 10143 20026 30171 40204 52019 60001 333 55093 70000 555 10091 29045=
40841 12960 02102 10008 21127 38247 40206 51010 60001 333 55102 21822 70000 555 11032 29034=
40848 11958 13204 10082 21033 38528 40184 51015 60001 70500 81001 333 55090 21432 70000 81070 555 10036 29044=
40854 12960 00000 10071 21073 38965 40179 51014 60001 333 55090 70000 555 10021 29035=
40856 12960 00000 10058 21114 38651 40190 52014 60001 333 55099 22539 70000 555 10004 29028=
40859 12960 00302 10066 21053 38713 40195 52019 60001 333 55100 70000 555 10022 29042=
40875 12960 02502 10178 20105 30161 40173 52016 60001 333 55098 21826 70000 555 10139 29062=
40879 12960 03602 10131 21078 39496 40182 52017 60001 333 55098 70000 555 10056 29023=
40882 12960 03106 10200 20070 30147 40182 52016 60001 333 55100 70000 555 10134 29043=
40883 11958 03002 10180 20065 30149 40176 53016 60001 70500 333 55100 70000 555 10123 29047=
40893 11957 03207 10195 20046 30159 40165 52016 60001 70500 333 55102 21232 70000 555 10123 29038=
40898 12960 00505 10212 20102 30151 40160 51015 60001 333 55101 70000 555 10152 29049=
41024 42960 09903 10269 20140 30104 40130 333 10347 55093 59009==
41036 42960 00000 10195 21060 38577 48527 333 10260 59013==
41055 42960 00808 10173 21060 38381 48529 333 10230 59012==
41061 42960 01006 10145 21060 39479 40193 333 10210 58004==
41084 42960 00707 10189 21090 38871 48524 333 10253 59013==
41112 42960 00000 10144 20130 37959 48527 333 10226 55099 59005==
41114 42960 00000 10155 21090 37995 48533 333 10220 59006==
41128 42960 00906 10164 21050 38846 48548 333 10230 55100 59007==
41136 42960 00605 10181 21100 39371 40189 333 10240 59001==
41140 42560 42004 10271 20210 30127 40132 84400 333 10312 59002 84630==
41150 42964 03307 10176 20101 40204 333 10212 59002=
41176 44/62 /3504 10150 20072 30198 40204 333 10236 59001=
41184 42960 01104 10138 20056 40193 333 10243 58001=
41194 12960 02505 10211 20075 30179 40185 60001 333 10241 59001=
41196 12960 01904 10191 20079 30149 40190 60001 333 10233 59001=
41216 42960 02705 10191 20150 30190 40194 333 10225 59001=
41217 42960 02707 10188 20141 30161 40190 333 10228 59001=
41396 42965 20507 10178 21042 39452 40187 80000 333 10256 59002 82070=
41480 41558 70812 10256 20164 30166 40174 70544 875// 333 10286 58014 82520 87530=
41506 12920 00000 10020 21018 38529 48250 60001 333 59034==
41508 12920 00000 10050 21048 38644 48120 60001 333 59046==
41515 12920 00000 10050 21048 38575 48360 60001 333 58008==
41516 12940 00000 10030 21024 38545 48020 60001 333 59057==
41517 11440 30000 11020 21076 37803 48450 60001 70400 83500 333 56800 59045==
41518 12440 41801 10056 21016 30001 48010 60001 82520 333 56880 58000==
41519 12440 30000 10095 21016 38805 48410 60001 83500 333 56800 59007==
41523 12940 00000 10070 21036 39059 48680 60001 333 59055==
41535 12940 00000 10070 21003 38704 48710 60001 333 59021==
41536 12940 00000 10085 20002 39033 48960 60001 333 59026==
41560 12940 02303 10050 21009 38316 48460 60001 333 58009==
41571 41900 00902 10120 20035 39580 40174 70500 333 59003==
41598 11920 00000 10115 20074 39876 40154 60001 70400 333 58002==
41600 11920 01301 10100 20090 39858 40162 60001 71000 333 58001==
41620 11940 02301 10060 21072 38545 48490 60001 70500 333 59038==
41624 11910 00000 10150 20081 39925 40128 60001 70400 333 59041==
41630 11940 01801 10125 20049 30000 40163 60001 70400 333 59007==
41640 11920 00000 10140 20080 39910 40164 60001 70400 333 58002==
41660 12900 11302 10020 21032 38426 48180 60001 81030 333 56080 59012==
41678 11940 00000 10150 20069 30000 40161 60001 70400 333 59016==
41696 12440 40000 11010 21070 38003 48400 60001 82520 333 56880 59008==
41697 12940 00000 10150 20043 30000 40161 60001 333 59016==
41700 11920 00000 10145 20097 30000 40137 60001 70400 333 59024==
41710 42940 03101 10105 21102 39354 40141 333 59008==
41712 42940 00000 10110 20022 39200 48040 333 59011==
41715 11910 00000 10165 20109 30083 40149 60001 70400 333 59038==
41718 11920 00000 10120 20056 30040 40146 60001 70400 333 59030==
41725 42940 00000 10140 20028 30000 40139 333 59026==
41739 12940 03602 10105 21007 39070 48150 60001 333 59008==
41744 42940 00000 10080 21005 38779 48150 333 59015==
41749 11940 01303 10150 20092 30117 40152 60001 70400 333 59021==
41756 11920 03104 10180 20095 30090 40157 60001 70504 333 59012==
41757 42940 00000 10180 20095 30153 40166 333 59009==
41759 12940 02301 10170 20115 30162 40168 60001 333 59017==
41764 12940 00000 10165 20050 30096 40148 60001 333 59008==
41768 12940 03601 10140 20080 30141 40148 60001 333 59002==
41780 12940 02302 10200 20130 30129 40157 60001 333 58000==
41785 12940 02301 10160 20093 30142 40155 60001 333 59005==
42027 31995 03201 10021 21002 38412 48500 70500 333 59054=
42071 31994 01405 10112 20092 40170 71000 333 58007=
42101 31994 00000 10118 20118 40176 71000 333 58003=
42111 31994 00000 10106 20087 39437 40158 71000 333 58006=
42123 31995 00201 10130 20111 40159 71000 333 59008=
42131 31995 00000 10108 20088 40166 71000 333 59004=
42165 31995 00000 10146 20068 40146 70500 333 59015=
42182 31995 30000 10150 20125 40157 71000 82500 333 59001 82635=
42189 31995 00000 10130 20111 40152 71000 333 58006=
42314 31595 30000 10184 20160 40138 71000 82530 333 58009 82620 83360=
42328 31995 00000 10134 20058 40129 70500 333 59013=
42339 31995 13403 10200 20049 40133 70500 80001 333 59011 81075=
42348 21595 60708 10192 20107 40143 72162 83520 333 59008 6990/ 83625 85360=
42361 31995 50000 10164 20136 40155 70500 83530 333 59001 83625 85360=
42369 31995 00000 10164 20081 40149 70500 333 58009=
42379 31995 00000 10140 20118 40143 71000 333 58022=
42410 31594 40000 10158 20148 40150 71011 81530 333 58017 81620 83360=
42415 31995 00000 10168 20140 40150 71000 333 58017=
42452 21595 70000 10212 20187 40140 71082 85530 333 58001 6990/=
42492 31995 00000 10180 20126 40150 71000 333 58027=
42559 32996 00503 10194 20138 40129 333 59002=
42571 31996 00000 10184 20135 40149 70500 333 58010=
42591 31995 00000 10160 20124 40162 71000 333 58022=
42623 31495 20000 10114 20107 39258 40143 71000 82500 333 58002 82618=
42634 32996 00000 10190 20039 40154 333 58013=
42647 31995 63403 10226 20129 40138 70422 86030 333 58008 86360=
42667 31996 00204 10206 20166 39551 40143 70500 333 58004=
42675 31995 00000 10194 20171 40129 71000 333 59004=
42701 31995 00000 10174 20106 39409 40146 70500 333 58018=
42724 31995 00000 10160 20153 40137 71000 333 58010=
42737 32896 33204 10200 20104 40144 83030 333 58007 83358=
42754 31995 00000 10218 20164 39498 40135 70500 333 58005=
42779 32996 00000 10200 20133 39448 40151 333 58016=
42798 31995 00000 10212 20159 40142 70500 333 58017=
42809 31995 00000 10200 20156 40140 70500 333 58018=
42840 32996 00000 10210 20149 40141 333 58012=
42867 31995 02902 10220 20171 40136 70500 333 58006=
42874 31995 00000 10250 20170 40132 70500 333 58007=
42886 31995 00000 10226 20185 40141 70500 333 58015=
42895 31995 20000 10232 20217 40142 70500 82030 333 58021 82360=
42909 32996 00000 10214 20175 40140 333 58005=
42971 31994 00000 10244 20223 40144 71000 333 58020=
43003 31995 00000 10228 20155 40139 70400 333 58015=
43014 31995 00000 10214 20170 39481 40130 70544 333 58008=
43041 31996 00000 10232 20166 39520 40135 70500 333 58008=
43063 32996 00000 10206 20158 39513 40143 333 58008=
43086 31996 00000 10234 20218 39950 40129 70510 333 58011=
43110 31995 00000 10234 20197 40137 70544 333 58009=
43117 32996 11801 10262 20166 40125 80001 333 58011=
43128 31996 00000 10220 20173 39534 40146 70500 333 58011=
43150 31996 22704 10246 20168 30073 40134 70500 80001 333 58005 82075=
43185 32596 20000 10220 20198 30125 40129 82500 333 58008 82620=
43189 31596 10000 10240 20209 30129 40138 70500 81500 333 58009=
43192 32996 00000 10254 20233 40128 333 58011=
43201 32496 20000 10198 20089 39386 40119 82500 333 58006 82612=
43213 32996 00000 10246 20141 39807 40125 333 58012=
43233 32996 10903 10210 20129 39325 40149 80001 333 58011=
43237 32996 00903 10252 20105 39715 40106 333 58012=
43245 32996 02303 10250 20220 30110 40137 333 58009=
43279 31596 20000 10226 20204 30122 40140 70500 81501 333 58009 81620=
43284 32996 41103 10266 20237 30008 40123 80001 333 58008 84075=
43295 32996 10000 10206 20178 39124 48528 80001 333 58012 81075=
43314 32596 40000 10284 20247 40124 82531 333 58014=
43321 31496 49901 10234 20143 39683 40132 70500 82501 333 58009 82615 84070=
43329 32596 20000 10236 20221 30120 40134 81501 333 58010=
43333 31495 40000 10236 20221 40115 70510 83401 333 58012 83618=
43344 31996 20704 10240 20210 30031 40132 71000 80001 333 58008 82075=
43369 32596 30000 10280 20257 40123 83500 333 58006 83620=
43371 32496 40000 10264 20244 30056 40129 83501 333 58013 83618=
43413 11970 00504 10259 20221 30127 40132 5/000 60008 70200 333 553// 20000 58011 91006=
43418 01470 20000 10240 20217 30088 40129 52001 60008 70200 82100 333 58016 60008 82118=
43421 11970 10502 10232 20231 30022 40129 5/002 60008 70100 333 553// 20000 58008 81180 91004=
43424 01970 00502 10231 20213 30119 40121 52009 60008 70200 333 58008 60008=
43436 01470 20501 10263 20218 30117 40120 54000 60008 70110 82000 333 55001 58008 60008 82818=
43441 01970 00501 10241 20203 39987 40121 53010 60008 70200 333 58008 60008=
43444 01470 10501 10210 20192 39589 40120 54003 60008 70210 81000 333 58005 60008=
43450 01965 13601 10245 20205 30110 40122 52009 60008 70500 333 58004 60008 81180=
43466 01970 00201 10265 20178 30112 40120 5/005 60008 70200 333 553// 20000 58009 60008 91003=
43467 01970 03601 10266 20207 30108 40114 51004 60008 70200 333 58006 60008=
43473 01970 40301 10105 21029 38135 48509 57002 60008 70121 333 553// 20000 58002 60008 84280 91001=
43486 11468 60801 10244 20244 30018 40119 53003 60008 70221 83000 333 553// 20000 58009 83816 85278 91001=
43495 01968 01601 10270 20241 30103 40116 5/010 60008 70201 333 58080 60008=
43497 11470 40401 10247 20000 30104 40121 5/004 60008 70111 82000 333 553// 20006 58011 82818 91003=
44212 42/// 50000 11272 21312 39315 40614 57001 85010==
44213 42/// 50000 11305 21344 38943 40634 52002 85010==
44214 42970 03002 11211 21261 38382 40574 52007==
44215 429// 02002 11241 21279 38521 40595 52003==
44217 32998 00000 11271 21310 37928 40676 52007 333 91200=
44218 429// 00000 11265 21297 38734 40610 54001==
44219 32999 01102 11308 21336 38752 40647 52005 333 91202=
44265 429// 00602 11276 21306 38974 40584 52003==
44266 329// 03505 11210 21260 37828 40567 52003 333 91205=
44454 42456 20904 10097 20062 38673 48508 82100 333 58021=
51076 14/60 /0701 11237 21263 39514 40495 54000 60001 333 11118 21237 3/102 4/026 58018 70000 90761 91102==
51087 14/66 /1102 11227 21251 39362 40496 52003 60001 333 11105 21235 3/105 4/018 58019 70000 90761 91103==
51156 14/80 /3101 11161 21192 38814 40457 57001 60001 333 11065 21168 3/114 58020 70000 90761 91106==
51243 14/56 /0000 11117 21139 39877 40473 57004 60001 71000 333 11087 21121 3/109 58022 70000 90761 91104==
51334 14/37 /1602 11109 21140 30030 40470 57003 60001 77000 333 11088 21176 3/106 4/012 58023 70000 90761 91104==
51379 14/76 /1701 11240 21269 39437 40489 52004 60001 333 11113 21240 3/106 4/023 58008 70000 90761 91103==
51463 14/00 /0000 11155 21176 39173 40471 52004 60001 74540 333 11098 21158 3/101 4/036 58009 70000 90761 91103==
51573 14/64 /0201 11032 21119 30319 40371 52003 60001 333 10051 21053 3/110 59004 70000 90761 91103==
51644 14/50 /0201 11102 21131 39040 40366 57007 60001 70500 333 10015 21136 3/106 4/003 59017 70000 90761 91104==
51656 14/50 /0202 11080 21105 39251 40363 57007 60001 70500 333 10019 21128 3/113 59018 70000 90761 91105==
51709 14/60 /2902 11055 21185 38703 40344 52001 60001 333 10027 21094 3/109 59020 70000 90761 91105==
51711 14/66 /2602 11105 21174 38061 40311 57009 60001 333 11021 21163 3/118 59018 70000 90761 91107==
51716 14/57 /3401 11077 21143 38995 40348 57003 60001 70500 333 10040 21121 3/113 59022 70000 90761 91103==
51765 14/68 /3601 11098 21142 39309 40358 57005 60001 333 10037 21135 3/115 59019 70000 90761 91104==
51811 14/24 /2701 11057 21178 38867 40346 52002 60001 70500 333 10041 21119 3/112 59021 70000 90761 91104==
51818 14/60 /2800 11052 21205 38708 40333 52003 60001 333 10039 21107 3/110 59023 70000 90761 91105==
51886 14/80 /0702 11127 21250 37139 40351 57003 60001 333 11026 21188 3/120 59008 70000 90761 91105==
52203 14/69 /0601 11083 21135 39442 40375 57006 60001 333 10018 21129 3/114 59004 70000 90761 91105==
52602 14/80 /2900 11178 21269 37307 40400 57005 60001 333 11023 21208 3/122 59006 70000 90761 91105==
52818 14/80 /2101 11119 21214 37267 40323 57011 60001 333 10006 21171 3/118 59007 70000 90761 91105==
52908 14/76 /3005 11166 21312 35785 40316 52002 60001 333 11056 21232 3/119 58022 70000 90761 91125==
55228 14/80 /0101 11089 21324 36047 40227 57004 60001 333 10040 21175 3/118 58010 70000 90761 91115==
55299 14/80 /0201 11122 21351 35886 40217 57001 60001 333 10053 21194 3/123 58038 70000 90761 91118==
55578 14/61 /3101 11070 21199 36396 40147 52009 60001 70500 333 10151 21071 3/111 58029 70000 90761 91105==
55591 14/80 /0902 10025 21250 36534 40043 52006 60001 333 10176 21020 3/109 58058 70000 90761 91106==
55664 14/80 /3401 11062 21261 36053 40186 52010 60001 333 10122 21141 3/114 58018 70000 90761 91112==
55773 14/80 /3401 11069 21185 36039 40096 52002 60001 333 10141 21087 3/115 58027 70000 90761 91119==
56004 14/75 /2804 11168 21318 35852 40318 54000 60001 333 11006 21230 3/122 58028 70000 90761 91119==
56018 14/50 /1902 11085 21320 36211 40218 52003 60001 70500 333 10058 21179 3/116 58029 70000 90761 91114==
56312 14/80 /0000 10009 21041 37108 40148 52011 60001 333 10170 21016 3/102 58031 70000 90761 91110==
62306 42560 51603 10142 20094 40192 52007 82104 333 10195==
62309 42560 50204 10170 20117 40176 52006 85500 333 10197==
62332 42960 50508 10176 20130 40177 52006 80004 333 10204==
62337 42960 00302 10164 20123 40172 52011 333 10236==
62366 44958 60409 10181 20114 40168 52008 70522 80008 333 10220==
62387 42960 30302 10167 20082 40160 52004 80004 333 10232==
62393 42/60 33403 10179 20053 40183 52010 85020 333 10244==
62405 42960 01703 10193 20036 40144 52003 333 10260==
62414 42960 03507 10230 21010 40140 52007 333 10292==
62419 42960 00304 10232 20092 40129 52013 333 10287==
62420 42960 62403 10182 20029 40170 52012 80004 333 10231==
62435 42/60 63404 10212 20004 40142 52006 86010 333 10280==
62455 42960 03304 10184 20064 40161 52011 333 10226==
62458 42960 00000 10161 20104 40157 52002 333 10214==
62459 42960 03105 10188 20148 40154 52006 333 10218==
62465 42960 02602 10195 20126 40146 52003 333 10241==
41256 229// 32204 10189 20084 30161 40178 91745 333 10237 58008 55000 55407 55408 55507 55508 70002=
41316 32986 00409 10232 21038 30156 40186 91745 333 10279 58008 55000 55407 55408 55507 55508=
