SIPK OPKC 111500=
41504 22695 70000 10035 21081 37830 48484 84510 333 56990 59018 60007 84640 83460 42%=
41506 22695 20000 10060 20028 38509 48508 82500 333 56900 59017 60007 82640 80%=
41507 22696 70000 10135 20077 39247 49765 83520 333 56990 59012 60007 83640 84460 68%=
41508 22696 80502 10072 21019 38667 48534 8452/ 333 5699/ 59012 60007 84635 85460 53%=
41509 22696 61802 10080 20036 38757 48495 83520 333 56990 59016 60007 83640 83460 74%=
41510 22696 60000 10010 21002 37902 48518 82530 333 56990 69907 82640 84460 92%=
41515 22695 60000 10050 20001 38560 48521 83520 333 56990 59014 60007 83650 83460 70%=
41516 22596 80000 10090 20009 38527 48485 84610 333 56990 59014 60007 81730 83640 87460 57%=
41517 21696 50000 10015 21023 37776 48508 82530 333 56990 59009 60007 82640 84360 76%=
41518 22696 71804 10100 20008 38/// 48/// 83520 333 56990 5//// 60007 83640 86462 53%=
41519 22696 63102 10120 21009 38741 48482 83520 333 56990 59014 60007 83640 83462 41%=
41520 22595 51802 10005 21068 37614 48263 83670 333 56990 59008 60007 81720 82640 83762 58%=
41523 22695 80000 10120 20035 39094 48510 8452/ 333 5699/ 59006 60007 84640 84460 56%=
41524 22696 20000 10100 20081 39372 40255 82500 333 56900 59012 60007 82635 88%=
41525 21090 82306 10010 21015 37667 48400 72272 887// 333 48003 569// 58008 60037 88700 83%=
41528 21696 70000 10090 20070 39246 48521 70466 83520 333 56990 58010 69957 83640 85460 87%=
41529 22996 20000 10130 20080 39781 40169 82030 333 56090 58006 60007 82360 71%=
41530 219// 20000 10150 20042 39745 40163 70500 82030 333 56090 59002 60007 82360 49%=
41534 22996 00000 10140 20080 39743 40163 333 58000 60007 67%=
41535 22996 00000 10075 20017 38720 48485 333 58001 60007 67%=
41536 22996 30000 10080 20059 39055 48514 83010 333 56090 58001 60037 83360 87%=
41560 22996 00000 10060 21025 38324 48554 333 58010 60007 54%=
41562 22696 50000 10140 20056 39680 40150 82530 333 56990 58014 60007 82640 83360 57%=
41565 22696 33102 10083 21030 38653 48519 80020 333 56090 59001 60007 83460 44%=
41565 22696 33102 10083 21030 38653 48519 80020 333 56090 59001 60007 83460 44%=
41567 21996 00000 10165 20076 39713 40132 70400 333 58011 60007 56%=
41571 216// 20904 10150 20036 39584 40172 70500 82500 333 56900 58012 60007 46%=
41573 22997 03602 10030 21035 37965 48501 333 59004 60007 62% =
41574 22697 41302 10060 20016 38353 48534 84500 333 56900 58011 60007 84640 73%=
41576 22997 03608 10160 20069 40171 333 58008 60007 55%=
41577 21696 20000 10130 20060 39555 40180 70411 82500 333 56900 58021 60007 82640 62%=
41593 21996 00000 10190 20118 39928 40144 70400 333 58005 60007 63%=
41597 21996 60000 10170 20082 40167 70422 86030 333 56090 58004 60007 86362 56%=
41598 21996 00000 10165 20076 39870 40143 70400 333 58002 60007 56%=
41599 21696 53104 10190 20072 39855 40146 70522 82470 333 56990 59004 60007 82640 84460 46%=
41600 21696 30000 10170 20105 40138 70422 83500 333 56900 59006 60007 83645 65%=
41620 32996 01804 10130 21096 38585 48489 333 58010 60007 20%=
41624 21996 00000 10200 20109 40124 70400 333 59004 60007 56%=
41625 21996 00000 10170 20094 39929 40130 70400 333 58005 60007 61%=
41630 21996 00000 10185 20101 40154 70400 333 58007 60007 58%=
41633 22997 00000 10200 20086 4//// 333 5//// 60007 48%=
41634 22997 03102 10140 20083 3//// 4//// 333 5//// 60007 69%=
41635 21996 00000 10170 20094 3//// 4//// 70400 333 5//// 60007 61%=
41636 21996 00000 10175 20111 39961 40148 70400 333 58003 60007 66%=
41638 21996 00000 10190 20118 4//// 70400 333 5//// 60007 63%=
41639 21996 30902 10175 20089 4//// 70410 83030 333 56090 5//// 60007 83360 57%=
41640 21996 10000 10200 20109 39892 40140 70400 81030 333 56090 59003 60007 81460 56%=
41641 21996 03004 10190 20072 39871 40145 70510 333 59003 60007 46%=
41642 21996 03102 10170 20082 4//// 70400 333 5//// 60007 56%=
41643 21695 40000 10180 20117 39859 40136 70410 82570 333 56990 59003 60007 82640 83460 66%=
41644 21996 00000 10180 20117 4//// 70400 333 5//// 60007 66%=
41646 21995 00000 10185 20123 39941 40154 70400 333 58000 60007 67%=
41652 21996 03104 10175 20089 39969 40149 70400 333 58013 60007 57%=
41660 229// 33116 10085 21098 38463 48553 80001 333 56009 58042 60007 83070 26%=
41661 22996 03602 10100 21067 38394 48522 333 58035 60007 30%=
41669 21996 00000 10195 20134 3//// 4//// 70400 333 5//// 60007 68%=
41670 21996 00000 10180 20127 3//// 4//// 70400 333 5//// 60007 71%=
41674 21995 10000 10185 20112 3//// 4//// 70400 81030 333 56090 5//// 60007 81362 62%=
41675 21995 00000 10200 20109 39995 40138 70400 333 58013 60007 56%=
41676 21995 00000 10195 20124 39996 40152 70400 333 58008 60007 64%=
41677 21996 00000 10160 20104 39959 40128 70400 333 58012 60007 69%=
41678 21996 00000 10200 20086 40137 70500 333 58004 60007 48%=
41679 21696 60000 10185 20123 4//// 70422 83570 333 56990 5//// 60007 83640 83460 67%=
41680 21995 00000 10195 20124 40131 70400 333 58004 60007 64%=
41685 22997 20000 10150 21028 38914 48498 82020 333 56090 58013 60007 82460 29%=
41696 22996 30000 10070 21027 38009 48532 80001 333 56009 58009 60007 83080 50%=
41697 22996 03112 10245 21087 40142 333 58024 60007 10%=
41700 21995 10000 10195 20124 40142 70400 81030 333 56090 58011 60007 81460 64%=
41701 21996 00000 10190 20138 30003 40146 70400 83030 333 56090 58010 60007 83360 72%=
41710 22996 00000 10175 21038 40170 333 58053 60007 23%=
41712 22996 00504 10160 20023 39204 48519 333 58040 60007 40%=
41715 21996 00000 10215 20117 40138 70500 333 58024 60007 54%=
41716 21995 40000 10200 20130 40145 70400 84030 333 56090 58017 60007 84362 64%=
41718 21995 00000 10190 20108 40136 70400 333 58014 60007 59%=
41724 21995 30000 10220 20113 40151 70500 80001 333 56009 58018 60007 83070 51%=
41725 21996 30000 10230 20126 40133 70500 80001 333 56009 58018 60007 83070 52%=
41726 21995 00000 10220 20106 30077 40148 70500 333 58007 60007 62%=
41738 22996 02308 10250 20084 39979 40156 333 58012 60007 35%=
41739 22996 03604 10165 21038 39059 48517 333 58018 60007 25%=
41742 22996 01802 10250 20151 40130 333 58002 60007 54%=
41743 21996 40000 10230 20146 70400 80001 333 56009 60007 84170 59%=
41744 22696 53104 10175 21018 38794 48521 82520 333 56990 58025 60007 82630 83460 27%=
41745 21996 00000 10230 20126 70400 333 60007 52%=
41746 2996/ 23602 10210 20122 40143 80001 333 56009 58028 60007 82070 57%=
41747 21996 00000 10210 20122 40118 70400 333 59015 60007 57%=
41748 21996 03102 10220 20102 40154 70500 333 58031 60007 47%=
41749 21996 03104 10220 20134 40135 70400 333 58016 60007 58%=
41756 21996 02704 10230 20156 40158 70504 333 58011 60007 63%=
41757 22996 00000 10240 20158 30145 40158 333 58006 60007 60%=
41759 21996 02304 10240 20138 40143 70500 333 58006 60007 53%=
41764 22996 00000 10235 20132 30083 40134 333 58011 60007 52%=
41765 22996 00000 10245 20155 30113 40149 333 58017 60007 57%=
41766 21996 00000 10220 20154 40148 333 58011 60007 66%=
41767 02996 00000 10245 20145 3//// 4//// 60002 333 60007 54%=
41768 22996 03102 10240 20158 30126 40133 333 58005 60007 60%=
41780 22996 02506 10235 20171 30112 40139 333 58003 60007 67%=
41783 22996 02304 10240 20185 30094 40123 333 59002 60007 71%=
41785 22996 00000 10240 20139 30136 40149 333 58010 60007 53%=
41786 22996 00000 10245 20113 30086 40122 333 58001 60007 43%=
41BKI 22996 20000 10150 20069 39732 40155 82030 333 56990 59001 60007 82360 58%=
41SKP 21996 30000 10165 20120 4//// 70400 83030 333 56090 5//// 60007 84360 75%=
43532 21696 60000 10100 20059 39355 40177 70406 83520 333 56990 58002 60017 83640 83460 76%=
43533 22697 70000 10120 20059 39229 48494 83520 333 56990 58006 60007 83640 86460 66%=
43563 21997 40506 10144 20067 40162 70152 84030 333 56090 58010 60017 84360 59%=




Data Generated from File : D:/all data handling/Rmc_lhr/2025021115.FSU.txt
11/02/2025   15:59:04
____________________________________________________________________________________________
15020 27558 50803 11039 21079 30170 40381 55001 7101/ 84830 333 55302 20384 60007 91004 90730 91105==
15090 27459 70203 11050 21084 30284 40384 53002 7101/ 83671 333 55300 00060 20332 30312 60007 91005 90730 91105==
15108 22984 01203 11096 21191 38137 48561 54000 333 55310 20746 60007 91004 90730 91105==
15150 27459 23303 11029 21071 30145 40372 57003 7101/ 82600 333 55310 20674 60007 91005 90730 91105==
15170 24970 00705 10018 21134 39509 42884 55001 333 55310 20850 60007 91007 90730 91109==
15280 22970 03601 11134 21178 37508 47036 54001 333 55308 20928 60007 91002 90730 91102==
15310 24/64 43602 10001 21077 30259 40350 55004 82041 333 55307 00040 20496 30273 60007 91006 90730 91107==
15335 24/65 30404 10002 21073 30338 40346 55001 83030 333 55308 20599 60007 91007 90730 91107==
15350 24964 00505 11009 21076 30226 40353 56005 333 55306 20486 60007 91009 90730 91110==
15360 24460 73508 11012 21042 30319 40337 52002 84670 333 55300 20062 60007 91010 90730 91113==
15420 24964 00702 10018 21071 30224 40340 56007 333 55310 20769 60007 91004 90730 91107==
15460 24566 40304 10015 21065 30312 40338 56005 81570 333 55310 20765 60007 91007 90730 91107==
15470 24967 00603 10015 21085 30207 40339 56010 333 55310 20874 60007 91004 90730 91105==
15480 24462 70701 10004 21039 30311 40330 55001 87600 333 55306 00130 20614 30490 60007 91006 90730 91109==
15549 42568 60203 11014 21073 39888 40325 57004 83230 333 11004 21086 555 561//=
15552 42565 33404 10019 21039 30260 40311 54000 82530 333 10045 21037 555 565// 92035 92437=
15640 42674 13209 10016 21028 39990 40315 57001 81500 333 10043 21059 555 572//=
15655 42568 53206 10028 21046 30280 40314 57001 82506 333 10038 21044 555 558// 92034 92437=
15730 42970 00704 10036 21139 39887 40296 57007 333 10044 21070 555 526//=
16627 42960 00612 10060 21070 30280 40287 56010 333 90730 91116==
16650 42560 10411 10060 21079 30275 40285 57010 81100 333 90730 91120==
16667 42560 30215 10076 20000 30260 40273 57003 82140 333 90730 91125==
16706 42660 20213 10090 20020 30240 40245 56011 82100==
16723 42560 13407 10100 21012 30218 40231 57013 81200 333 90730 91120==
16742 42460 13517 10100 21005 30058 40216 57007 81100 333 90730 91131==
16749 42960 03010 10124 20005 30186 40200 56005 333 90730 91117==
16754 42460 63514 10110 20033 30200 40250 57001 86800 333 81818 86625 90730 91125==
16757 42560 53417 10100 20065 30096 40232 52001 84130 333 84825 83358 90730 91131==
16760 42460 63612 10070 20013 40251 54000 86800 333 82818 86625 90730 91120==
16765 42560 23319 10114 20008 40213 56004 82240 333 90730 91132==
17022 42570 50302 10034 21009 30112 40284 53002 85200 333 85833 90730 91107==
17024 41556 72005 10038 20021 30194 40275 55001 76066 85520 333 85630 87458 90730 91108==
17026 41560 83003 10037 20023 30242 40282 56001 76066 8652/ 333 86628 88458 90730 91109==
17031 41356 73112 10048 20035 30263 40270 55001 78088 87200 333 85708 87827 90730 91116==
17034 42670 70503 10068 20036 30227 40275 51003 83250 333 83835 87360 90730 91107==
17038 42470 50000 10075 20027 30216 40265 52002 85200 333 82718 85828 90730 91105==
17042 42670 11201 10047 20022 30233 40274 53001 81100 333 81835 90730 91104==
17050 42970 03602 10059 21058 30242 40307 56002 333 90730 91110==
17056 42670 60409 10055 21009 30291 40296 55004 83530 333 83635 86360 90730 91113==
17060 41458 63510 10028 20009 30247 40289 56005 78088 86200 333 84713 86829 90730 91118==
17070 42665 73604 10004 21042 39362 40268 53004 84520 333 84634 87460 90730 91109==
17074 41570 80403 10012 20006 39294 40263 53001 77077 8552/ 333 85628 88458 90730 91109==
17084 41670 80604 10009 20003 39321 40259 53001 72272 8552/ 333 85635 88459 90730 91109==
17085 41460 73305 10030 20009 39747 40254 53001 76022 85570 333 82712 84633 87358 90730 91111==
17092 42/60 40000 11028 21089 38902 48514 53001 84030 333 84360 90730 91106==
17096 42660 11704 11101 21119 38260 48541 53002 81500 333 81640 90730 91114==
17098 42960 00407 11084 21123 38219 48543 52006 333 90730 91110==
17100 42970 00000 10013 21089 39249 40294 53001 333 90730 91105==
17112 42670 40504 10056 21051 30282 40285 55003 84200 333 84835 90730 91111==
17115 41460 70312 10037 21002 30242 40295 53001 70282 87200 333 84717 86830 90730 91119==
17116 42570 63409 10041 20004 30157 40284 53005 84250 333 84833 86359 90730 91114==
17124 42660 43209 10011 21087 39314 40276 53003 84500 333 84635 90730 91113==
17128 41560 61005 10010 21051 39115 40255 53003 70282 84250 333 84830 86358 90730 91117==
17135 42670 60902 10031 21012 39338 40240 53001 84250 333 84840 86360 90730 91111==
17140 41665 80503 11027 21042 38720 48500 53002 70372 8552/ 333 85640 88460 90730 91108==
17150 41560 70116 10037 21004 30147 40276 50000 70382 87200 333 82720 86835 90730 91122==
17160 41670 83602 10006 21064 39045 48503 55001 70272 8452/ 333 84640 88460 90730 91107==
17170 42560 60405 11019 21100 38354 48529 53003 81508 333 81630 86268 90730 91118==
17175 42665 30508 10057 21028 30265 40269 53003 83100 333 83840 90730 91116==
17184 42970 03507 10055 21033 30138 40254 53004 333 90730 91119==
17190 42670 50504 10002 21085 39019 48503 53002 85500 333 85635 90730 91108==
17195 41458 82802 11004 21021 38993 48501 53002 77177 8652/ 333 84710 86625 88457 90730 91107==
17200 42460 70605 10043 21013 39226 40237 53003 85550 333 82715 84635 87359 90730 91111==
17202 42670 71206 10045 21022 39171 40242 53003 84550 333 84635 87360 90730 91114==
17203 42670 50403 10032 21082 38913 48556 53005 82240 333 82840 85360 90730 91107==
17210 42670 72201 10058 21030 39183 40243 52007 84520 333 84635 87459 90730 91108==
17219 42565 10315 10078 21053 30096 40246 55004 81100 333 81830 90730 91125==
17234 42970 01501 10103 21046 30156 40226 57007 333 90730 91108==
17237 42970 02901 10070 21068 39713 40232 56006 333 90730 91105==
17240 42570 20304 10055 21081 39039 40217 55002 82100 333 82830 90730 91112==
17244 42670 43608 10002 21061 39019 48502 56001 84500 333 84635 90730 91120==
17248 42670 82602 10004 21034 39001 48498 53004 8452/ 333 84640 88460 90730 91106==
17250 42670 70403 10000 21042 38817 48502 53002 84550 333 84640 87360 90730 91108==
17260 41245 80508 10033 20027 39355 40191 53002 76122 8652/ 333 85706 86620 88457 90730 91117==
17270 41670 71005 10036 20023 39571 40237 55000 72166 85520 333 85640 87460 90730 91112==
17275 47/59 /0901 10016 21003 39019 40245 50000 722//==
17280 41460 80702 10031 20020 39435 40253 53001 76166 85520 333 82711 85635 87459 90730 91111==
17290 42970 03207 10110 21060 30187 40220 55005 333 90730 91120==
17292 42970 03101 10067 21082 39428 40201 55004 333 90730 91109==
17300 42960 02007 10124 21037 30125 40197 55005 333 90730 91110==
17310 42970 02702 10149 21005 30175 40182 55003 333 90730 91106==
17330 42670 50000 10132 21021 30179 40197 53001 83250 333 83840 85360 90730 91107==
17350 42660 71305 10103 20066 30111 40190 52007 84250 333 84840 87360==
17370 42670 60000 10125 20020 30192 40196 53004 83230 333 83835 86360==
17375 41560 52201 10123 20048 30184 40186 57002 78011 85200 333 85830 90730 91111==
33088 42/60 81003 11073 21091 30203 40409 54000 8805/==
33135 42460 80602 11059 21099 30260 40418 57002 886// 333 88716==
33177 41540 81004 11052 21076 30129 40382 57003 71082 885//==
33317 42560 61004 11066 21092 30037 40398 53002 86500 333 86620==
33393 42460 51102 11044 21082 39950 40365 57003 85500 333 85617==
33415 42960 00804 11019 21065 39953 40371 58001==
33429 42460 60904 11057 21083 39937 40387 53002 82531==
33466 42566 50103 11066 21108 30200 40401 53001 85500 333 34///==
33506 42960 00304 11048 21092 30175 40384 54000==
33562 42560 80802 11061 21084 30079 40405 55000 885//==
33587 42560 30102 11058 21092 30108 40390 54000 83500==
33658 42460 61105 11039 21068 30061 40379 52003 86500 333 86616==
33663 42560 60902 11046 21081 30284 40386 53002 82531==
33664 42598 80702 11053 21074 30046 40383 53001 885//=
33678 42898 82802 11057 21090 30178 40402 52003 8805/=
33679 42997 30302 11048 21084 30173 40377 53003 83030=
33711 42960 00205 11038 21087 30151 40373 53003==
33745 42597 60802 11053 21085 30185 40390 57003 82930=
33748 41596 71103 11061 21084 30074 40378 53003 71022 87300=
33754 42998 30102 11042 21076 30222 40377 54000 80002=
33761 42970 00404 11028 21077 30135 40371 52001==
33791 42976 00304 11024 21094 30233 40368 52005==
33815 42598 60102 11031 21079 30146 40366 57001 82530=
33837 42/75 70507 10005 21068 30292 40346 53003 85031==
33881 42598 20304 11029 21074 30157 40365 53003 82500=
33883 42998 63605 11020 21072 30182 40353 57001 80002=
33885 42997 50304 11025 21086 30222 40364 57001 82031=
33892 42998 30503 11017 21081 30132 40353 54000 82031=
33902 42960 00404 10000 21092 30284 40346 53003==
33924 22560 80705 11012 21038 30315 40328 52005 885// 333 69902==
33946 22372 60708 11017 21031 30085 40317 53004 86600 333 60002 86709 91012 90730 91114==
33983 22460 50306 11017 21041 30248 40311 53007 81501 333 60002 90730 91110==
34300 42960 00602 11059 21110 30200 40389 54000==
34336 22960 20000 11075 21115 30266 40377 54000 80009 333 11045 69902==
34344 22970 03202 11071 21098 30274 40368 54000 333 11034 60002==
34356 22/70 83504 11092 21105 30197 40356 53003 8807/ 333 11056 60002==
34357 22/70 73403 11076 21103 30189 40354 54001 87030 333 11065 60002==
34398 229// 33603 11035 21072 30289 40302 53003 80005 333 10006 60002==
34415 42970 30701 11040 21098 30270 40372 54000 80001==
34438 22960 03302 11104 21124 30159 40365 57001 333 11054 60002==
34445 22/70 23105 11069 21099 30236 40358 54001 81041 333 11040 60002==
34461 22960 03402 11071 21109 30285 40344 52003 333 11028 60002==
34473 329// 33502 11061 21084 30280 40321 57001 80002 333 11015=
34476 22970 33203 11069 21090 30313 40321 54000 80004 333 11027 60002==
34504 42965 00403 11024 21093 30181 40364 54000==
34535 22970 03002 11072 21108 30285 40362 54000 333 11058 60002==
34545 22970 23101 11074 21101 30231 40350 54001 80001 333 11053 60002==
34555 22570 53404 11056 21091 30250 40347 54000 82504 333 11021 60002==
34560 42960 33603 11047 21077 30133 40333 52002 80001 333 11007==
34578 21/40 23403 11046 21062 30312 40319 52004 71011 82030 333 11002 60002==
34579 22970 23104 11069 21098 30270 40316 54000 80001 333 11020 60002==
34644 22960 03502 11067 21100 30260 40342 52004 333 10002 60002==
34646 22970 33603 11030 21064 30250 40336 57001 80001 333 11008 60002==
34655 22/60 63202 11031 21064 30270 40333 54001 86030 333 11009 60002==
34662 22970 83402 11024 21080 30314 40325 54001 80001 333 11010 60002==
34691 22/70 30000 11030 21061 30518 40505 57002 83030 333 11019 60002==
34720 22970 30203 11039 21073 30299 40341 54000 80001 333 11026 60002==
34727 22960 20605 11036 21066 30307 40339 52002 80001 333 11032 60002 90730 91110==
34743 22960 53502 11035 21073 30239 40333 52003 80005 333 10005 60002==
34759 22960 83402 11016 21071 30188 40324 52004 80004 333 10007 60002==
34772 22960 33303 11026 21070 30307 40310 57002 80001 333 10001 60002==
34785 22560 83303 11021 21063 30321 40298 57003 885// 333 11013 60002==
34798 22/60 23405 11032 21067 30435 40405 54000 82060 333 11010 60002==
34824 22/// /0303 11034 21069 30323 40328 52006 333 11003 60002==
34838 22960 20403 11004 21079 30218 40318 52005 80001 333 10024 60002==
34845 22/70 80601 11017 21069 30209 40321 53002 80034 333 10009 60002==
34858 22960 80000 11015 21074 30207 40319 52002 80005 333 11007 60002==
34861 22/60 70403 11025 21103 30065 40318 52005 87030 333 11005 60002==
34866 22960 63301 11020 21053 30321 40312 53002 80001 333 10002 60002==
34880 22560 73202 11021 21066 30321 40293 52001 86901 333 11015 69902==
34887 22570 83602 11019 21057 30323 40300 54000 885// 333 11010 60002==
34949 22/// /0403 11017 21075 39748 40315 52006 333 10005 60002==
34954 22970 80302 11005 21080 30138 40318 53007 80001 333 10023 60002==
34958 22970 80501 11014 21066 30113 40320 53010 80007 333 10018 60002==
34975 22570 80102 11017 21072 30309 40305 53002 885// 333 11002 60002==
34984 22570 83203 11016 21058 30330 40299 54000 8557/ 333 11005 60002==
35217 129// 00602 11072 21101 30256 40298 57002 60002 333 11030==
35302 12/// 20604 11045 21077 30283 40305 53002 60002 82040 333 11015==
35315 329// 10403 11059 21107 30230 40289 57001 80002 333 11019=
35344 329// 00702 11131 21148 30018 40325 54000 333 11071=
35358 129// 00701 11122 21157 30139 40319 57004 60002 333 11073==
35368 329// 00000 11130 21165 30054 40338 57007 333 11060=
35386 329// 31801 11118 21143 39799 40349 57002 82041 333 11062=
35394 12970 42001 11091 21111 39644 40352 54000 60002 80001 333 11037==
35404 /29// 31005 11033 21084 30299 40307 53015 80001 333 11003 555 69902=
35406 129// 20602 11040 21090 30285 40287 53001 60002 80001 333 11009==
35416 129// 00503 11071 21124 30160 40286 53001 60002 333 11021==
35426 129// 00602 11094 21134 39994 40299 58002 60002 333 11028==
35437 325// 80402 11074 21118 30070 40399 57003 885// 333 11070=
35449 329// 60903 11104 21141 30209 40318 57002 80003 333 11061=
35497 129// 00000 11131 21163 39803 40675 57005 60002 333 11021==
35498 329// 00000 11160 21173 39441 40383 57001 333 11090=
35514 32998 00503 11067 21100 30503 40499 54000 333 11051=
35522 329// 20902 11078 21123 30022 40284 53001 82040 333 11038=
35542 329// 70604 11094 21119 30155 40310 57005 87070 333 11062=
35563 32998 01601 11093 21132 39583 40341 57005 333 11030=
35576 329// 00602 11140 21161 39875 40354 57009 333 11100=
35582 329// 20902 11155 21183 39726 40370 57003 80003 333 11101=
35594 329// 30101 11142 21159 39482 40373 57001 80002 333 11095=
35605 32998 50103 11038 21067 30290 40268 54000 83052 333 10003=
35633 325// 80903 11066 21094 30078 40300 53001 885// 333 11064=
35671 12970 00702 11113 21144 39889 40343 57004 60002 333 11050==
35699 129// 00000 11127 21141 39568 40367 54000 60002 333 11006==
35700 42970 30703 11035 21079 30289 40265 53004 80005 333 10002==
35715 32997 61204 11047 21095 30276 40261 53003 333 11029=
35739 326// 80904 11050 21087 30135 40279 53003 8802/ 333 11036=
35746 125// 81102 11034 21048 30233 40302 53004 60002 885// 333 11027==
35777 329// 00503 11119 21154 39976 40342 57002 333 11055=
35796 12960 00303 11141 21152 39901 40366 57005 60002 333 11088==
35849 125// 81703 11030 21072 30217 40306 53006 60002 885// 333 10003==
35895 32997 03602 11135 21147 39895 40368 57002 333 11087=
35907 32598 83505 11027 21050 30312 40280 53001 885// 333 11016=
35925 126// 51102 11047 21069 30138 40252 53006 60002 85400 333 11022==
35927 326// 62701 11039 21061 30243 53005 86500 333 11022=
35953 125// 80802 11031 21077 30187 40320 53006 60002 885// 333 11012==
35969 125// 80000 11028 21103 30155 40333 53004 60002 885// 333 11018==
35997 329// 00000 11094 21151 39888 40343 53002 333 11039=
36259 42984 01101 11272 21300 38289 48578 57002==
36335 329// 50000 11091 21127 39295 40357 54000 80003 333 11006=
36358 329// 00000 11151 21173 39297 40377 52002 333 11043=
36394 319// 01508 11144 21172 39916 40365 57002 73633 333 11092=
36397 11/// 31616 11150 21178 39760 40360 57012 60002 73833 82041 333 11122 91020 90730 91120==
36403 319// 00808 11078 21145 39975 40349 57007 73633 333 11027 91117=
36418 329// 20000 11203 21220 39766 40439 58009 80003 333 11088=
36421 329// 20000 11229 21250 39813 40436 57005 80001 333 11124=
36428 12/// 53202 11210 21244 39888 40438 53006 60002 83041 333 11091==
36439 329// 01504 11131 21161 39067 48558 58008 333 11080=
36498 329// 00102 11159 21181 39542 40388 57007 333 11097=
36501 319// 01806 11090 21138 39557 40338 53002 73633 333 11039=
36535 129// 00000 11250 21281 39755 40459 57006 60002 333 11116==
36546 329// 03201 11210 21235 39846 40438 57007 333 11110=
36619 329// 00502 11153 21175 333 11106=
36622 329// 00000 11162 21194 39532 40392 57005 333 11085=
36639 129// 01401 11200 21241 39728 40386 57005 60002 333 11034==
36643 329// 02801 11215 21232 39712 40439 58009 333 11150=
36665 329// 02502 11155 21189 39631 40407 58012 333 11118=
36666 329// 02502 11216 21229 39890 40432 58010 333 11132=
36729 32998 01103 11119 21151 39843 40350 57010 333 11070=
36736 329// 03001 11097 21118 39796 40376 57001 333 11045=
36744 329// 00402 11124 21141 39873 40349 54000 333 11050=
36770 329// 00000 11115 21123 39573 40336 57009 333 10005=
36786 32999 00000 11093 21127 39372 40327 57016 333 10004=
36796 329// 00000 11150 21192 39096 48534 57005 333 11085=
36803 32999 02402 11134 21146 39874 40350 57013 333 11077=
36806 329// 01708 11132 21217 39887 40385 57005 333 11085 91117=
36819 319// 00902 11094 21114 39680 40320 57016 71000 333 11014=
36821 129// 00000 11091 21116 39826 40338 57001 60002 333 11013==
36839 32998 03401 11099 21186 39152 40330 57007 333 11009=
36843 329// 02402 11066 21085 39103 40311 57015 333 10045=
36846 329// 01402 11066 21135 38651 48534 57008 333 10014=
36859 129// 00000 11043 21065 39555 40360 57010 60002 333 10049==
36870 129// 30401 11047 21070 39270 40310 54000 60002 80001 333 10020==
36874 329// 03602 11150 21181 39653 40496 53003 333 11044=
36877 329// 02401 11105 21115 39707 40776 53001 333 11002=
36885 329// 02002 11075 21100 39153 40323 53001 333 10016=
36889 329// 01804 11080 21215 37054 47068 57005 333 11015=
36894 329// 00904 11011 21092 39537 40285 57011 333 10031=
36905 329// 01301 11056 21103 38793 48546 57008 333 11018=
36911 129// 80000 11020 21039 39323 40320 53007 6//// 80008 333 11009 555 530//=
36927 12997 00502 11007 21097 38375 48544 54000 6//// 333 10055 555 530//=
36934 12997 01501 11009 21041 38289 48420 58006 6//// 333 1//// 555 530//=
36953 329// 00000 11136 21148 38250 48508 57002 333 11050=
36963 129// 02901 11091 21243 37031 48/// 54000 6//// 333 11016 555 530//=
36974 129// 00000 11066 21117 37998 48544 53007 6//// 333 10045 555 530//=
36982 129// 00204 11162 21290 36520 47128 57002 6//// 333 11064 555 530//=
37018 22960 00303 10060 21053 30189 40266 53001 333 10129 60002==
37031 22960 40302 10008 21072 30105 40306 52011 80001 333 10058 60002==
37054 22/60 20000 11019 21068 39921 40321 53011 80030 333 10011 60002==
37061 22960 80202 11010 21080 30144 40320 53010 80008 333 10018 60002==
37085 22/40 83102 11025 21068 30337 40309 53005 83031 333 10009 60002==
37171 22660 23302 10074 20009 30246 40264 57001 82500 333 10102 60002==
37228 22/60 22601 11011 21044 39438 40299 52011 82070 333 10026 60002==
37235 22560 50000 11008 21048 39981 40310 52008 8357/ 333 10015 60002==
37472 22560 83202 10004 21061 30327 40304 52006 8357/ 333 10022 60002==
38149 41570 80601 11025 21034 30200 40279 57001 77172 885// 333 11006==
38178 129// 01602 11080 21174 39989 40292 57001 60002 333 11026==
38262 41/// 51001 11050 21063 30197 40283 53006 70272 85032 333 11003==
38264 41/40 81303 11013 21023 30183 40280 52005 77172 8802/ 333 11007==
38345 11596 82402 10003 21024 38857 48548 57002 6//// 710// 886// 333 10006 555 530//=
38353 125// 80801 11002 21029 39395 40316 53006 6//// 885// 333 10026 555 530//=
38388 12598 72501 11006 21070 30208 40281 53003 6//// 87900 333 10010 555 530//=
38392 11697 71702 11010 21016 30172 40279 53002 69982 702// 87500 333 10005 42997 87641 555 530//=
38396 41/20 81505 11005 21014 30163 40292 53005 77072 8802/ 333 10001 88507==
38403 12/// 81601 11026 21074 30171 40298 53005 60002 8807/ 333 11009==
38413 129// 00803 11042 21092 30024 40330 52004 60002 333 11012==
38457 41460 82501 10015 21002 39701 40304 52005 76062 8852/ 333 10030==
38462 126// 82302 11009 21062 38800 48532 53006 60002 8692/ 333 10048==
38507 11496 82804 10031 20013 30174 40279 53004 69942 771// 8457/ 333 10046 555 530//=
38545 12998 31303 11048 21051 30130 40315 52003 6//// 80003 333 10005 555 530//=
38565 15565 327// 60002==
38579 425// 80301 10005 21006 39882 40314 52005 885// 333 10006==
38583 42560 82702 10009 20001 39983 40314 53004 8872/ 333 10014==
38599 21296 82407 10003 21007 39756 40310 51004 71022 885// 333 10018 69902 85704 83644=
38611 41/20 82201 10035 20014 39715 40297 52008 71022 8807/ 333 10057==
38613 129// 81601 10024 20008 40291 51011 6//// 8802/ 333 10032 555 530//=
38616 115// 73601 10012 20001 39266 40304 53008 6//// 751// 8872/ 333 10022 555 530//=
38618 426// 82701 10025 21011 39583 40287 52010 8557/ 333 10043==
38647 11597 72403 10050 20012 30227 40270 52007 69932 725// 87900 333 10067 555 530//=
38656 11698 80000 10042 21003 30181 40293 53011 69942 725// 885// 333 10069 555 530//=
38683 12960 00000 11013 21030 30032 40320 53004 60002 333 11001==
38687 12797 21802 10008 21015 30078 40323 53004 6//// 82500 333 10026 555 530//=
38696 126// 81101 10010 21013 39423 40303 53008 60002 885// 333 10024==
38713 214// 83601 11024 21043 39098 48540 54000 71022 886// 333 11014 69902=
38750 12997 02702 10068 20027 30320 40291 54000 6//// 333 10096 555 530//=
38763 12598 52302 10043 20009 30175 40283 53006 6//// 82201 333 10070 555 530//=
38774 12895 61301 10060 20000 30092 40291 53003 6//// 86070 333 10068 555 530//=
38799 32597 61403 11002 21026 30072 40314 54000 86500 333 10024=
38806 32697 61802 10004 21019 30034 40304 53003 86500 333 10016=
38812 11520 82601 10004 21013 39841 40311 53006 60002 71022 885// 333 10014 88631==
38836 315// 52502 10024 20005 39311 40268 53022 71022 83502 333 10068=
38880 12697 21004 10042 20000 30023 40284 55010 60002 82500 333 10080 555 530//=
38886 12997 01101 10033 21008 30062 40296 53005 6//// 333 10064 555 530//=
38895 32996 00000 10002 21015 30016 40318 53008 333 10037=
38911 32997 72701 10008 21038 30004 40310 54000 85072 333 10017=
38915 32597 80000 10030 21008 39975 40309 57012 885// 333 10034=
38927 12560 72202 10058 20013 39917 40299 52018 60002 87400 333 10070 87628==
38933 327// 81802 10034 21016 39780 40308 53028 885// 333 10045=
38944 326// 81101 10035 20000 39688 40235 53010 885// 333 10040=
38954 328// 80000 10004 21062 37926 48520 53005 86910 333 10040=
38974 12998 03201 10020 21017 39950 40295 53011 6//// 333 10071 555 530//=
38987 32996 00000 11020 21035 39543 40320 53017 333 10025=
40100 43980 83209 10141 20090 30183 40199 53006 333 58///=
40180 02560 62501 10149 20083 30132 40182 52002 83804 333 70000==
40199 02/// /0205 10195 20023 30135 40160 52003 333 70000==
40265 41956 63006 10100 20063 39392 40200 52002 70522 82052 333 82360 84068=
40270 41540 52608 10102 20009 39277 40190 52003 70521 85800 333 83830 83635=
40272 41650 32808 10106 20051 39340 40189 54000 70522 83800 333 83635=
40340 41956 03607 10191 20017 40167 52002 70500=
40356 42660 11309 10140 21060 39179 48482 81100 333 59003 81840 555 04410 50165=
40357 42960 01612 10146 21050 39528 40176 333 58000=
40360 42960 03306 10156 21040 39569 40169 333 58004=
40361 42960 00608 10154 21030 39380 40175 333 59001=
40362 42960 00814 10155 21020 39649 40170 333 59005=
40373 42660 60916 10119 20040 39757 40182 86500 333 59005 86635=
40375 42960 02904 10178 21090 39250 40131 333 59005=
40394 42960 00608 10160 21020 39008 48482 333 59002 555 04410 50141=
40400 42660 43114 10218 20060 30096 40124 82520 333 59011 82640=
40405 41658 40407 10177 20060 39387 40124 70600 84500 333 59001 84640=
40417 42960 30808 10194 20050 30155 40170 83030 333 59017 83360=
40420 42960 30708 10208 20030 39954 40161 80002 333 59014 83070=
40430 42660 22810 10252 20070 39368 40092 82500 333 59002 82640=
40437 41958 01407 10225 20050 39442 40141 70600 333 59007=
40439 42660 22820 10250 20100 30086 40104 81530 333 58003 81640=
40582 41658 60803 10154 20084 40188 53013 70522 82470 333 55300 00000 10105 20008 30002 41239 51350 60011 55407 40006 82640 86358 90401 91003 91109 91205 91303=
40703 42962 01805 11016 21090 38966 40303 53002 333 10020 21112 70000 555 11036 29057 66666 01010 11018 20004 30024 50058 90088=
40706 42960 12403 11010 21094 38693 40304 53004 80001 333 10021 21091 70000 81069 555 11035 29053 66666 00043 10038 20024 30033 50053 90074=
40712 41958 22702 11050 21118 38720 40319 58001 70500 80001 333 10007 21050 70000 82067 555 11065 29059 66666 00009 10014 20018 30022 50036 90054=
40713 41956 22701 11008 21086 38695 40282 53001 70500 80002 333 10028 21084 70000 82068 555 11032 29056 66666 00044 10031 20039 30052 50070 90096=
40718 42560 20301 10071 20033 30313 40283 53006 82400 222// 0//// 20300 333 10112 20026 70000 82620 555 10055 29077 66666 00098 10084 20078 30072 50090 90112=
40723 42660 20000 11013 21069 39009 40307 53010 82400 333 10032 21074 70000 82635 555 11030 29066 66666 00016 10030 20028 30030 50048 90070=
40726 42960 00000 11038 21074 38700 40302 53002 333 10012 21062 70000 555 11048 29076 66666 00010 10012 20030 30032 50048 90082=
40727 42660 22901 11041 21064 38517 40298 53002 82500 333 11002 21058 70001 82640 555 11047 29084 66666 00003 10017 20021 30028 50039 90073=
40732 42560 30000 10072 20034 30301 40276 53006 83500 333 10098 20020 70000 83627 555 10056 29077 66666 00094 10096 20088 30088 50104 90120=
40736 42560 10000 10073 20035 30311 40285 53008 81600 333 10117 20026 70000 81722 555 10057 29077 66666 00080 10080 20074 30078 50092 90118=
40738 42660 20000 10058 21054 30302 40304 52011 82400 333 10112 21010 70004 82640 555 10021 29044 66666 00090 10092 20084 30088 50096 90122=
40739 42662 20402 11002 21036 38734 40292 52010 82500 333 10018 21042 70022 82635 555 11014 29078 66666 00034 10036 20040 30042 50048 90086=
40741 42960 01206 10025 21021 39949 40299 52017 333 10080 21040 70000 555 10009 29071 66666 00066 10075 20068 30069 50084 90116=
40743 42665 20903 10000 21066 39131 40308 53007 81401 333 10041 21063 70000 81635 555 11021 29061 66666 00045 10053 20055 30070 50105 90134=
40745 42960 02003 11004 21058 39099 40313 52012 333 10043 21085 70000 555 11021 29067 66666 01002 10006 20028 30042 50063 90105=
40747 42660 11903 10001 21051 38673 40274 53003 81500 333 10033 21028 70000 81640 555 11017 29068 66666 00052 10057 20044 30045 50060 90092=
40754 42962 02504 10047 21095 38872 40266 52008 333 10072 21027 70000 555 10002 29035=
40762 42965 10000 11050 21082 38594 40322 53009 80002 333 10033 21110 70000 81069 555 11057 29078 66666 00006 10010 20022 30036 50062 90092=
40766 42960 02703 10020 21034 38726 40267 55000 333 10058 21054 70000 555 11001 29067 66666 00062 10064 20044 30042 50064 90100=
40768 41958 00000 11122 21135 38293 40362 52004 71000 333 11019 21125 70000 555 11122 29090 66666 01001 11002 20007 30020 50032 90056=
40769 41940 02001 11045 21069 38324 40300 52003 71000 333 10000 21082 70000 555 11051 29083 66666 00028 10026 20030 30034 50058 90102=
40780 42960 01301 10054 21029 38703 40250 53005 333 10114 21038 70000 555 10022 29055 66666 00076 10070 20050 30046 50070 90096=
40782 42970 02103 10069 21023 38888 40233 52004 333 10131 21033 70000 555 10033 29052 66666 00096 10094 20072 30060 50090 90114=
40785 42960 00000 10048 21016 39150 40285 52014 333 10094 21010 70000 555 10023 29063 66666 00104 10104 20088 30096 50090 90156=
40791 42965 02201 10094 21068 39413 40262 53008 333 10139 20000 70000 555 10037 29031 66666 00130 10136 20129 30120 50128 90162=
40792 42965 03002 10040 21056 38765 40273 52009 333 10075 21039 70000 555 10006 29050 66666 00106 10116 20104 30078 50114 90126=
40798 42660 32405 10033 21069 37972 40232 53006 83400 333 10091 21035 70000 83640 555 11005 29047 66666 00084 10086 20056 30042 50058 90079=
40800 42960 01901 10084 21069 38476 40239 52007 333 10122 21065 70000 555 10028 29033 66666 00058 10082 20080 30070 50094 90120=
40809 42962 13002 10059 21100 38534 40260 53013 80002 333 10105 21054 70000 81069 555 10007 29031 66666 00100 10110 20093 30085 50106 90130=
40811 42660 50901 10177 20025 30155 40181 56005 85500 333 10218 20068 70000 85640 555 10108 29036 66666 00192 10188 20174 30174 50190 90210=
40812 42660 41601 10175 21027 39795 40176 52003 84500 333 10220 20056 70000 84640 555 10091 29025 66666 00186 10184 20176 30164 50184 90196=
40821 42660 73102 10083 21046 38825 40254 53008 81176 333 10108 21020 70000 81840 84360 86270 555 10034 29040 66666 00130 10128 20105 30099 50110 90136=
40829 42960 00000 10114 21038 39663 40251 53014 333 10179 20029 70000 555 10056 29034 66666 00154 10164 20142 30140 50154 90176=
40831 42660 70902 10170 20041 30179 40188 56002 83370 333 10184 20097 70000 81935 82640 87460 555 10110 29042 66666 00180 10184 20180 30184 50204 90226=
40833 42660 60000 10184 20044 30161 40194 55003 86300 333 10224 20082 70000 81935 85640 555 10117 29039 66666 00206 10208 20196 30184 50196 90216=
40841 42660 62004 10122 21022 38263 40213 52011 82435 333 10162 21062 70000 82645 83360 85270 555 10059 29037 66666 00110 10114 20094 30102 50112 90144=
40845 41560 80403 10182 20113 30179 40184 57010 70262 8492/ 333 10182 20162 79999 82930 84640 88460 555 10144 29064 66666 00160 10174 20176 30178 50188 90202=
40848 41440 82902 10066 20045 38563 40244 51008 76162 8732/ 333 10094 20004 70041 81710 82930 85635 88558 555 10056 29086 66666 00086 10092 20090 30092 50104 90122=
40854 42960 60000 10134 21030 38995 40217 53018 86070 333 10150 20037 70000 86359 555 10067 29032 66666 00170 10178 20178 30164 50180 90200=
40856 42962 21205 10107 21037 38686 40240 53020 80002 333 10166 20009 70000 82070 555 10049 29036 66666 00172 10174 20140 30126 50130 90140=
40859 42660 52903 10128 20021 38736 40212 53013 82570 333 10154 20032 70000 82635 83459 555 10078 29048 66666 00130 10134 20116 30116 50126 90150=
40875 41957 42702 10211 20122 30153 40165 54000 70521 80008 333 10263 20134 70000 84269 555 10161 29057 66666 00255 10265 20240 30221 50235 90246=
40879 42960 52404 10199 20016 39514 40199 53010 80008 333 10231 20085 70000 85270 555 10113 29030 66666 00248 10254 20224 30210 50212 90236=
40882 42960 20302 10205 20125 30141 40176 51007 80001 333 10250 20152 70000 82070 555 10160 29060 66666 00250 10248 20224 30222 50222 90244=
40883 41956 01803 10220 20127 30159 40186 53014 70500 333 10244 20188 70000 555 10167 29056 66666 00258 10260 20228 30224 50230 90242=
40893 41957 02904 10234 20152 30151 40157 53008 70500 333 10258 20195 70000 555 10184 29060 66666 00284 10279 20250 30254 50253 90259=
40898 41958 01105 10233 20168 30146 40155 53023 70500 222// 00232 20801 333 10272 20196 70000 555 10193 29067 66666 00264 10286 20272 30256 50260 90266=
41024 42660 13212 10251 20160 30089 40114 81500 333 58008 81640=
41036 42560 42413 10217 20080 38543 48493 84800 333 58007 84830 555 04410 50106=
41055 42560 21606 10201 20090 38342 48488 82400 333 59006 82630 555 04410 50102=
41061 42960 31310 10270 20040 39397 40093 83030 333 59011 83359=
41084 42960 30305 10283 20050 38822 48481 83030 333 58007 83360 555 04410 50066=
41112 42960 02112 10166 20100 37944 48511 333 58010 555 04410 50105=
41114 42960 02115 10185 20070 37980 48511 333 58009 555 04410 50098=
41128 42960 00706 10293 21010 38777 48487 333 59015 555 04410 50082=
41136 42960 01209 10328 21090 39290 40085 333 59017=
41140 42560 12206 10278 20220 30099 40103 81100 333 58004 81830=
41150 42970 70506 10194 20132 40172 8707/ 333 59015 87460=
41176 44/70 /0507 10193 20157 30165 40171 333 59006=
41184 42960 33605 10207 20129 40175 80001 333 59004 83070=
41194 42960 00107 10227 20141 30161 40167 333 59001=
41196 42960 03606 10215 20130 30131 40173 333 59002=
41216 42960 03609 10209 20155 30161 40165 333 59011=
41217 42960 03510 10213 20141 30130 40159 333 59011=
41244 36/// /0911 10271 21004 39719 40128 333 0E018 55300 25022 59015=
41246 36/// /0504 10227 20149 30167 40169 333 0E018 55300 25022 58015=
41253 36/// /3405 10230 20124 39798 40159 333 0E017 55300 25022 58005=
41254 36/// /1705 10150 20040 38079 49853 333 0E007 55300 25022 58023=
41256 32960 09901 10228 20153 30154 40171 333 58006 55002 55407 55408 55507 55508=
41257 36/// /0406 10232 20124 39678 40172 333 0E016 55300 20115 58013=
41258 36/// /2907 10234 20159 30161 40165 333 0E/// 55306 20204 58008=
41262 36/// /1203 10267 20022 39949 40142 333 0E014 55300 20284 59007=
41263 36/// /1709 10275 20078 39572 40124 333 0E016 55300 20224 58017=
41267 36/// /3309 10230 20183 30159 40172 333 0E020 58013=
41268 36/// /0510 10225 20177 30116 40164 333 0E020 55300 25022 58012=
41275 36/// /1605 10279 20019 39997 40164 333 0E014 55300 20187 58001=
41288 36/// /0709 10240 20198 30148 40170 333 0E022 58019=
41396 42960 11610 10290 20070 39401 40102 80001 333 58009 81070=
41480 42560 11016 10265 20201 30130 40138 81500 333 58016 81620=
41506 22695 20000 10060 20028 38509 48508 82500 333 56900 59017 60007 82640=
41508 22696 80502 10072 21019 38667 48534 8452/ 333 5699/ 59012 60007 84635 85460=
41515 12420 60000 10050 20001 38560 48210 60001 83520 333 56880 59014==
41516 12440 80000 10090 20009 38527 48850 60001 87610 333 56880 59014==
41517 12440 50000 10015 21023 37776 48080 60001 84530 333 56880 59009==
41518 12440 71802 10100 20008 30001 48010 60001 86520 333 56880 58000==
41519 12440 63101 10120 21009 38741 48820 60001 83520 333 56880 59014==
41523 22695 80000 10120 20035 39094 48510 8452/ 333 5699/ 59006 60007 84640 84460=
41535 22996 00000 10075 20017 38720 48485 333 58001 60007=
41536 22996 30000 10080 20059 39055 48514 83010 333 56090 58001 60037 83360=
41560 12940 00000 10060 21025 38324 48540 60001 333 58010==
41571 11600 20902 10150 20036 39584 40172 60001 70500 82500 333 56800 58012==
41598 11940 00000 10165 20076 39870 40143 60001 70400 333 58002==
41600 21696 30000 10170 20105 40138 70422 83500 333 56900 59006 60007 83645=
41620 12940 01802 10130 21096 38585 48890 60001 333 58010==
41624 11940 00000 10200 20109 30000 40124 60001 70400 333 59004==
41630 21996 00000 10185 20101 40154 70400 333 58007 60007=
41640 11940 10000 10200 20109 39892 40140 60001 70400 81030 333 56080 59003==
41660 12900 33108 10085 21098 38463 48530 60001 80001 333 56008 58042==
41678 21996 00000 10200 20086 40137 70500 333 58004 60007=
41696 22996 30000 10070 21027 38009 48532 80001 333 56009 58009 60007 83080=
41697 22996 03112 10245 21087 40142 333 58024 60007=
41700 21995 10000 10195 20124 40142 70400 81030 333 56090 58011 60007 81460=
41710 12940 00000 10175 21038 30000 40170 60001 333 58053==
41712 12940 00502 10160 20023 39204 48190 60001 333 58040==
41715 11940 00000 10215 20117 30000 40138 60001 70500 333 58024==
41718 11920 00000 10190 20108 30000 40136 60001 70400 333 58014==
41725 21996 30000 10230 20126 40133 70500 80001 333 56009 58018 60007 83070=
41739 12940 03602 10165 21038 39059 48170 60001 333 58018==
41744 12440 53102 10175 21018 38794 48210 60001 83520 333 56880 58025==
41749 11940 03102 10220 20134 30000 40135 60001 70400 333 58016==
41756 11940 02702 10230 20156 30000 40158 60001 70504 333 58011==
41757 22996 00000 10240 20158 30145 40158 333 58006 60007=
41759 21996 02304 10240 20138 40143 70500 333 58006 60007=
41764 12940 00000 10235 20132 30083 40134 60001 333 58011==
41768 12940 03101 10240 20158 30126 40133 60001 333 58005==
41780 12940 02503 10235 20171 30112 40139 60001 333 58003==
41785 22996 00000 10240 20139 30136 40149 333 58010 60007=
41859 01930 00000 10184 20160 30080 40118 70510 333 59011 70000==
41883 02930 00000 10188 20140 30098 40119 333 59010 70000==
41891 01425 60202 10200 20180 30090 40130 71022 83340 333 59004 70000 83615 85365 81930==
41907 01940 00000 10175 20150 30100 40115 70500 333 59010 70000==
41923 01940 00000 10252 20140 30112 40122 70500 333 59011 70000==
41943 01930 02032 10220 20200 30122 40130 70500 333 59004 70000==
41950 01935 00000 10234 20220 30126 40128 70500 333 59007 70000==
41978 01936 02106 10234 20210 30127 40133 70500 333 59005 70000==
41992 01925 00000 10220 20210 30137 40139 71000 333 58001 70000==
42027 21495 83401 10067 20031 38427 48514 75052 8672/ 333 59005 6002/=
42071 31896 33204 10156 20103 40142 70521 83030 333 59007 83358=
42101 32696 40000 10164 20128 40141 82530 333 59012 82635 83360=
42111 31994 02701 10168 20115 39410 40113 70500 333 59010=
42123 32996 00000 10176 20130 40141 333 58006=
42131 32996 00000 10164 20145 40136 333 59012=
42165 32996 40000 10220 20079 40120 80001 333 58002 84070=
42182 31995 00000 10170 20127 40126 71000 333 59014=
42189 31995 00000 10176 20137 40116 70500 333 59014=
42309 21494 72301 10144 20140 40146 71022 84330 333 58023 6004/=
42314 21495 83606 10156 20149 40139 79696 8332/ 333 57950 58028 6008/ 83618 81925 88459=
42328 32996 30000 10226 20093 40112 80001 333 58008 83070=
42339 31995 10000 10198 20111 40129 70500 80001 333 58001 81070=
42348 31996 02304 10230 20093 40120 70500 333 59017=
42361 31995 00000 10198 20143 40125 70500 333 59014=
42369 31996 02702 10210 20141 40120 70500 333 59015=
42379 31995 02303 10216 20124 40102 70500 333 59023=
42410 31595 20000 10180 20167 40127 71000 82500 333 59006 82620 /081/=
42415 31595 51403 10174 20135 40140 71011 83530 333 58013 83620 84360=
42452 31996 00000 10206 20145 39804 40121 70500 333 59013=
42492 31995 02703 10214 20146 40112 70500 333 59016=
42559 32996 00000 10220 20138 40116 333 59009=
42571 31996 00000 10212 20124 40120 70500 333 59014=
42591 31995 00000 10194 20110 40130 70500 333 59011=
42623 31495 22702 10162 20088 39254 40132 70500 82500 333 58001 82618=
42634 32996 00000 10242 20185 40145 333 58001=
42647 31996 00000 10246 20149 40139 70400 333 58002=
42667 32996 01602 10210 20113 39544 40135 333 59009=
42675 31996 00000 10194 20138 40119 70500 333 59017=
42701 31996 03202 10222 20070 39391 40114 70500 333 59006=
42724 31995 00000 10224 20199 40123 71000 333 59007=
42737 32996 02503 10248 20152 40145 333 58003=
42754 31996 00000 10212 20132 39494 40131 70500 333 59007=
42779 32996 00000 10222 20108 39431 40126 333 59008=
42798 31996 00000 10232 20156 40114 70500 333 59010=
42809 31995 00000 10230 20172 40122 70500 333 59007=
42840 32996 00000 10244 20166 40140 333 58006=
42867 31995 02502 10248 20163 40121 70500 333 59009=
42874 31996 00000 10276 20196 40118 70500 333 59010=
42886 31995 00000 10230 20117 40124 70500 333 59007=
42895 32996 00000 10250 20232 40124 333 59012=
42909 32996 09902 10234 20206 40147 333 58004=
42971 31996 01804 10256 20197 40132 70500 333 59013=
43003 31995 03203 10264 20140 40136 70400 333 58006=
43014 31995 00000 10254 20167 39476 40116 70544 333 59004=
43041 31996 00000 10264 20164 39514 40123 70500 333 59008=
43063 32996 00000 10254 20120 39511 40130 333 58002=
43086 31996 00000 10254 20233 39941 40119 70500 333 59005=
43110 31995 00201 10265 20196 40136 70544 333 58003=
43117 32996 00000 10290 20202 40114 333 59003=
43128 31996 19902 10276 20182 39529 40127 70510 80001 333 59003 81070=
43150 31996 02302 10254 20212 30079 40140 70500 333 59007=
43185 32596 10000 10238 20204 30128 40132 81500 333 59003 81620=
43189 32596 10000 10266 20211 30134 40143 81500 333 59008=
43192 32996 03602 10280 20237 40127 333 58003/ RH 77=
43201 32996 00000 10254 20102 39389 40108 333 59004=
43213 32996 01402 10286 20107 39796 40109 333 59006=
43233 32996 20000 10242 20095 39322 40136 80001 333 59003=
43237 32996 01102 10260 20097 39708 40099 333 59004=
43245 32996 00904 10260 20208 30110 40137 333 59002=
43279 31596 20902 10250 20211 30122 40140 70500 81501 333 59005 81620=
43284 31496 13203 10276 20220 30006 40121 70500 81500 333 58003 81615=
43295 32996 11402 10240 20123 39120 48531 80001 333 59004 81075=
43314 32996 20000 10290 20235 40116 80001 333 59003=
43321 31996 30903 10272 20101 39678 40121 70500 80001 333 59001 83070=
43329 32996 00000 10266 20228 30122 40136 333 58002=
43333 31495 40502 10268 20211 40130 70510 83401 333 56109 58005 82618=
43344 31496 30908 10278 20237 30028 40127 71010 82501 333 59001 82616 82075=
43353 31496 13204 10282 20229 40115 70521 81500 333 56700 58000 81620=
43369 32596 30000 10278 20234 40112 83500 333 59007 83620=
43371 32996 10000 10276 20213 30048 40120 80001 333 58000 81071=
44212 429// 01502 11249 21286 39186 40454 57013==
44213 429// 01002 11228 21271 38825 40438 57001==
44214 42970 03606 11112 21205 38309 40387 58003==
44215 42/// 12608 11096 21201 38424 40350 57010 81040==
44217 32998 00000 11217 21266 37890 40558 50003 333 91200=
44218 429// 01302 11178 21231 38649 40437 58006==
44219 32999 00904 11183 21234 38685 40463 56007 333 91208=
44265 429// 00602 11246 21273 38968 40555 57004==
44266 329// 03602 11178 21264 37790 40477 58009 333 91203=
44434 41550 30000 10160 20124 39205 48489 71040 81130 333 59019=
44454 42458 22605 10140 20067 38641 48478 82100 333 59011=
48064 42940 01401 10265 20211 30015 40073 333 58016==
48094 42950 00000 10220 20180 30117 40127 333 58002==
51076 14/75 /3200 11201 21238 39493 40474 57008 60001 333 11114 21246 3/103 4/026 58035 70000 90761 91104==
51087 14/62 /1001 11204 21237 39344 40491 54000 60001 333 11106 21266 3/106 4/019 58037 70000 90761 91103==
51156 14/66 /3202 11150 21181 38784 40429 57006 60001 333 11062 21175 3/116 58032 70000 90761 91106==
51243 14/63 /3401 11152 21196 39846 40451 57005 60001 333 11095 21195 3/114 58028 70000 90761 91105==
51463 14/50 /0601 11104 21146 39139 40413 57005 60001 705// 333 11046 21132 3/101 4/036 58015 70000 90761 91104==
51573 14/61 /0202 11002 21188 30341 40393 52004 60001 333 10058 21043 3/106 58122 70000 90761 91108==
51644 14/21 /0601 11039 21114 39064 40391 52012 60001 705// 333 10029 21094 3/105 58100 70000 90761 91104==
51656 14/50 /0303 11053 21121 39281 40402 52008 60001 705// 333 10015 21094 3/110 58104 70000 90761 91105==
51709 14/59 /3201 11005 21144 38713 40346 52014 60001 333 10060 21036 3/103 58125 70000 90761 91110==
51716 14/56 /0502 11007 21123 39016 40364 52016 60001 705// 333 10055 21040 3/106 58127 70000 90761 91108==
51765 14/45 /3602 11066 21202 39336 40398 52002 60001 706// 333 10026 21104 3/112 58098 70000 90761 91109==
51811 14/58 /0701 10018 21152 38878 40344 52015 60001 333 10058 21037 3/104 58136 70000 90761 91106==
51886 14/75 /1503 11083 21311 37137 40304 52012 60001 333 11006 21088 3/114 58085 70000 90761 91121==
52203 14/58 /0700 11092 21203 39474 40422 52004 60001 333 10002 21105 3/114 58117 70000 90761 91109==
52602 14/80 /2805 11129 21307 37291 40373 52009 60001 333 11028 21134 3/117 58080 70000 90761 91116==
52818 14/80 /2603 11048 21149 37269 40297 52010 60001 333 10005 21087 3/108 58092 70000 90761 91111==
55299 14/66 /1101 11086 21176 35815 40177 52008 60001 333 11042 21146 3/112 59006 70005 90761 91114==
55591 14/80 /0803 10024 21161 36466 40020 52016 60001 333 10079 20019 3/103 58005 70000 90761 91110==
56004 14/80 /3401 11106 21238 35785 40230 52007 60001 333 11051 21225 3/112 59001 70000 90761 91113==
62306 42560 43108 10146 20044 40227 57001 84500==
62309 42560 43507 10160 20043 40205 57002 84800==
62332 42560 23211 10160 20077 40192 52003 82100==
62337 42560 43006 10156 20087 40184 52001 82104==
62366 45560 43208 10167 20020 40185 57002 84200==
62387 42960 03411 10175 20031 40185 57005==
62393 42960 03514 10154 20036 40204 52003==
62405 42960 03108 10209 21021 40150 57005==
62414 42560 33408 10200 21014 40150 52004 83200==
62419 42960 00110 10219 21008 40138 57003==
62420 42960 03406 10170 20015 40197 57017==
62440 42560 33210 10174 20073 40193 57003 83200==
62455 42960 03204 10178 20024 40181 57002==
62458 42960 03214 10170 20046 40169 57002==
62459 42960 03123 10177 20065 40144 54000==
41316 32582 41105 10246 20193 30131 40161 84500 91445 333 58008 55269 55407 55408 55507 55508 84625=
