SIPK OPKC 200900=
41504 22596 72702 10090 21039 37799 48438 85710 333 56990 59044 60017 82730 83640 87460 70%=
41505 22696 63102 10050 20004 38/// 48/// 83570 333 56990 58/// 84540 86760 72%=
41506 22696 80000 10060 20039 38502 48501 8452/ 333 5699/ 58010 60007 84640 84460 86%=
41507 21696 81802 10085 20075 39269 49798 72162 8351/ 333 5699/ 58039 60017 83640 85460 93%=
41508 21494 82702 10044 20022 38658 48525 72166 87720 333 56990 58015 60057 83710 84630 84460 85%=
41509 21296 81303 10040 20028 38752 48487 76366 8861/ 333 5699/ 58014 60017 84710 84640 88460 92%=
41510 22697 60000 10055 20010 37875 48478 72272 82520 333 56990 59014 60017 82640 84460 73%=
41515 21596 80000 10030 20018 38536 48498 76066 8772/ 333 5699/ 59027 60027 83720 84640 85558 92%=
41516 22496 71315 10120 21046 38504 48463 84610 333 56990 59031 60007 82720 83640 87460 31%=
41517 22596 81304 10065 21018 37750 48467 8452/ 333 5699/ 59040 60007 84635 88460 55%=
41518 02596 81802 10100 20035 38/// 48/// 75052 8672/ 333 5699/ 5//// 60007 83710 83640 88460 64%=
41519 22697 70000 10145 20014 38729 48472 83520 333 56990 59010 60007 83640 86460 41%=
41520 22596 63602 10060 20003 37583 48231 70172 85670 333 56990 59039 60007 82720 83640 84762 67%=
41523 21696 71302 10105 20065 39081 48495 72166 82520 333 56990 58026 60007 82640 84460 76%=
41524 22697 70502 10120 20048 39351 40225 83520 333 56990 58011 60007 83635 84460 61%=
41525 22697 70000 10020 21032 37680 48411 83420 333 59015 60007 83840 84460 68%=
41528 21696 80000 10085 20070 39222 48498 76066 8552/ 333 5699/ 58020 60097 85640 88460 93%=
41529 22696 70904 10165 20099 39785 40168 83520 333 56990 58038 60007 83640 84460 65%=
41534 22697 73604 10150 20103 39749 40168 83520 333 56990 58049 60007 83640 84462 73%=
41535 21696 83102 10055 20044 38710 48475 76366 8452/ 333 5699/ 58021 60097 84635 88460 93%=
41536 01495 83602 10080 20070 39043 48503 76066 8572/ 333 5699/ 58038 60027 82720 83630 88460 93%=
41560 22697 50000 10080 21013 38325 48553 82520 333 56990 58000 60007 82630 83460 52%=
41562 22697 50504 10170 20094 39678 40143 83530 333 56990 58020 60007 83640 61%=
41565 01595 83102 10067 20065 38644 48510 72166 8762/ 333 5699/ 58011 60057 83710 84635 84460 100%=
41567 21696 80000 10135 20106 39706 40128 76062 8352/ 333 56990 58022 60087 83640 86460 83%=
41571 22697 70516 10140 20061 39580 40170 85330 333 56990 58046 60037 59%=
41572 21696 63108 10130 20121 39517 40151 71062 83510 333 56990 58042 69927 83640 86460 94%=
41573 21496 71302 10010 21015 37953 48492 72272 85620 333 40005 56990 58004 60057 82710 83640 83460 83%=
41574 21697 70000 10030 20019 38335 48518 72676 83570 333 46008 56990 58011 60157 83640 87460 92%=
41576 21697 70504 10110 20079 40190 72162 84570 333 56990 58050 60087 84640 87460 81%=
41577 21696 51302 10135 20098 39545 40168 70496 82470 333 56990 58035 60057 82840 83460 78%=
41593 21696 70902 10190 20118 39924 40139 70422 83520 333 56990 58029 60007 83640 86460 63%=
41597 21696 80000 10170 20135 40169 70422 8352/ 333 5699/ 58043 60007 83640 88460 80%=
41598 21696 80508 10130 20101 39886 40163 76062 85520 333 56990 58044 60017 85640 88260 83%=
41598 21696 80508 10130 20101 39886 40163 76062 85520 333 56990 58044 60017 85640 88460 83%=
41599 21694 81806 10145 20136 39871 40165 76062 83470 333 56990 58045 60027 83640 86460 94%=
41600 21696 80902 10140 20140 40161 76066 8352/ 333 56990 58051 60077 83640 88460 100%=
41620 32996 03104 10135 21037 38568 48472 333 59014 60007 30%=
41624 21695 53102 10180 20127 40146 70400 82520 333 56990 58004 60007 82637 83460 71%=
41625 21695 53102 10180 20127 40131 70400 82520 333 56990 58009 60007 82637 83460 71%=
41630 21696 70508 10170 20120 40147 70496 83520 333 56990 58018 60027 83640 86460 75%=
41633 22697 40000 10215 20106 3//// 4//// 84200 333 56900 5//// 60007 84835 50%=
41634 21696 83104 10120 20101 3//// 4//// 76022 85640 333 56990 5//// 60077 85640 88460 88%=
41635 22697 50402 10190 20128 3//// 4//// 82570 333 56990 5//// 60007 82640 84460 67%=
41636 21996 51302 10195 20144 39961 40148 70422 85070 333 56090 58002 60007 85462 72%=
41638 21996 40000 10195 20144 4//// 70421 84070 333 56090 5//// 60007 84460 72%=
41639 21696 81304 10135 20116 4//// 76162 8452/ 333 56990 5//// 60047 84640 86460 88%=
41640 21696 80504 10150 20123 40144 70462 8452/ 333 5699/ 58029 60037 84640 88460 84%=
41641 21696 70310 10150 20132 39866 40144 70496 84470 333 56990 58030 60047 84640 86460 80%=
41642 21595 81302 10140 20131 4//// 79596 8592/ 333 5699/ 5//// 60087 81930 84640 87460 94%=
41643 21595 83604 10140 20131 39867 40148 79596 8592/ 333 5699/ 58029 60117 81930 84640 88460 94%=
41644 21696 80000 10120 20120 4//// 70400 84520 333 56990 5//// 60127 84640 88460 100%=
41646 21696 70000 10200 20149 40155 70400 83470 333 56990 58014 60007 83640 86460 73%=
41652 21996 01802 10230 20126 39955 40132 70400 333 59010 60007 52%=
41661 22997 03102 10110 21030 38382 48510 333 58033 60007 37%=
41669 22997 32302 10195 20134 3//// 4//// 83030 333 56090 5//// 60007 83360 68%=
41670 21696 70000 10160 20114 4//// 70400 83540 333 56990 5//// 60007 83640 84460 74%=
41674 21696 11306 10220 20113 3//// 4//// 70400 81030 333 56090 5//// 60007 81362 51%=
41675 21696 23106 10220 20102 39982 40125 70500 82400 333 56900 59007 60007 82840 47%=
41676 21996 03104 10215 20128 39991 40146 70400 333 59018 60007 58%=
41677 21996 33104 10220 20113 39948 40113 70400 83030 333 56090 59012 60007 83360 51%=
41678 21696 60506 10220 20134 40135 70422 83570 333 56990 58000 60007 83640 85460 58%=
41679 21696 70502 10170 20144 4//// 70422 83530 333 56990 5//// 69907 83640 84460 85%=
41680 21695 60904 10200 20149 40135 70420 86500 333 56900 58004 60007 86640 73%=
41685 22997 02302 10175 21038 38897 48479 333 58010 60007 23%=
41696 22997 03102 10110 21069 38004 48520 333 58001 60007 28%=
41697 22997 02304 10245 20124 40126 333 58009 60007 47%=
41700 21994 22304 10205 20155 40123 70400 82030 333 56090 58010 60007 82360 73%=
41701 21995 03106 10215 20148 39997 40139 70400 333 59005 60007 66%=
41710 22997 20502 10210 21023 40111 80001 333 56009 58003 60007 82070 21%=
41712 22997 40502 10195 21036 39202 48525 80001 333 56009 58030 60007 84070 21%=
41715 21996 00000 10250 20055 40128 70500 333 58015 60007 29%=
41716 21996 03106 10265 20094 30036 40137 70500 333 58025 60007 34%=
41718 21995 02704 10250 20120 40123 70500 333 59017 60007 44%=
41724 21996 00000 10275 20132 40139 70500 333 58022 60007 41%=
41725 22996 00504 10260 20122 40118 333 58011 60007 42%=
41726 21996 01304 10290 20153 30066 40136 70500 333 59002 60007 43%=
41738 22996 20506 10305 21011 40126 82040 333 56090 58005 60007 82460 13%=
41739 22996 00000 10230 21020 39045 48515 333 58015 60007 19%=
41742 22997 00902 10310 20022 40116 333 59027 60007 16%=
41743 21996 00502 10280 20149 70400 333 60007 45%=
41744 22996 03102 10205 21086 38784 48513 333 58018 60007 13%=
41745 21996 01804 10290 20142 70400 333 60007 40%=
41746 22996 01802 10270 20146 40121 333 58024 60007 47%=
41747 21996 01306 10280 20149 40115 70400 333 58017 60007 45% AV CLOUDY=
41748 22996 01802 10275 20190 40130 333 58012 60007 60%=
41749 22996 01806 10310 20138 40121 333 58021 60007 35%=
41757 22996 41310 10300 20084 30124 40136 84030 333 56090 58019 60007 84360 26%=
41759 21996 00904 10280 20031 40149 70500 333 58013 60007 20%=
41760 01995 02308 10290 20182 40129 70500 333 58007 60007 52%=
41764 21996 00000 10300 20141 30068 40117 70400 333 58030 60007 37%=
41765 22996 02304 10305 20141 30096 40132 333 58043 60007 37%=
41766 01996 01304 10295 20179 40133 60001 333 58031 60007 50%=
41767 22996 00000 10305 20200 3//// 4//// 333 60007 53%=
41768 22996 00000 10320 20141 30112 40119 333 58001 60007 34%=
41780 21996 02702 10310 20088 30092 40119 70500 333 58011 60007 25%=
41783 02996 02702 10310 20138 30097 40126 60002 333 59017 60007 35%=
41785 22996 00000 10290 20163 30113 40126 333 58004 60007 46%=
41786 22996 00904 10325 20086 30073 40108 333 59008 60007 23%=
41BAG 22697 62302 10045 21085 60002 84510 333 56990 60007 84640 86460 38%=
41BKI 22696 73606 10160 20081 39738 40159 83520 333 56990 58045 60007 83640 84460 60%=
41SKP 21696 80502 10130 20130 4//// 70496 84520 333 56990 5//// 60177 84640 88460 100%=
43532 21696 80000 10095 20085 39329 40150 76066 8552/ 333 5699/ 58026 60047 85640 88460 94%=
43533 21696 80000 10075 20065 39237 48491 76366 84520 333 56990 58048 60117 84640 88460 93%=
43536 21596 71403 10096 20030 38391 48478 75152 84410 333 58007 6001/ 71%=
43563 21697 80508 10094 20085 40184 70262 83520 333 56990 58051 60147 83640 85462 94%=
41530 21496 70508 10150 20092 39748 40166 70522 85600 333 56900 58051 60007 85918 85856 81825 68%=
41660 22997 13112 10110 21048 38431 48521 81030 333 56090 58038 60007 81362 28%=
41756 22596 51306 10270 20146 40127 85400 333 56900 59001 60007 85625 47%=

Data Generated from File : D:/all data handling/Rmc_lhr/2025022009.FSU.txt
20/02/2025   10:02:08
____________________________________________________________________________________________
15020 21566 83203 11021 21056 30144 40354 51010 72272 8557/ 333 55305 20889 69947 91005 90730 91108==
15090 21440 73502 11011 21046 30250 40348 52006 78587 87300 333 55304 00160 20863 30657 69927 91004 90730 91106==
15108 22160 42904 11148 21164 38109 48540 51006 82540 333 55301 20632 60007 91007 90730 91107==
15150 21566 53601 11023 21054 30125 40352 50003 72681 84330 333 55306 21054 69927 91002 90730 91104==
15170 24565 12801 11088 21129 39527 42890 50000 81100 333 55310 21409 60007 91002 90730 91102==
15280 21984 03606 11169 21197 37479 47000 52004 70240 333 55310 22082 60007 91007 90730 91108==
15310 24/70 13403 10006 21088 30250 40340 54000 81030 333 55307 00590 21260 31042 60007 91006 90730 91106==
15335 24569 73204 11001 21078 30329 40336 50001 87500 333 55307 21414 60007 91006 90730 91106==
15350 24968 03003 11010 21105 30227 40354 54001 333 55310 21117 60007 91004 90730 91105==
15360 24/70 22906 11005 21066 30310 40328 54001 82030 333 55309 21420 60007 91007 90730 91107==
15420 24963 00601 11003 21081 30236 40353 51004 333 55310 21700 60007 91002 90730 91102==
15460 27950 02402 11051 21078 30330 40356 52005 7101/ 333 55310 21640 60007 91003 90730 91104==
15470 27438 72702 11067 21076 30225 40362 51006 7101/ 87600 333 55300 20731 60007 91003 90730 91103==
15480 27958 02503 11023 21074 30322 40340 54001 7101/ 333 55310 00320 21734 31501 60007 91005 90730 91105==
15549 42564 63601 11038 21056 39905 40347 52010 86500 333 11038 21087 43024 555 585//=
15552 42960 03404 11001 21054 30288 40340 53006 333 11001 21048 46007 555 564// 92024 92427=
15640 42672 80000 11015 21029 30016 40346 52004 885// 333 11009 21060 41001 555 590//=
15655 42565 72502 11021 21054 30317 40352 52017 86530 333 11021 21056 43006 555 575// 92032 92437=
15730 41659 41401 11008 21082 39922 40339 51001 71000 83201 333 11004 21052 41998 555 557//=
16627 42565 20514 10036 21083 30322 40329 51003 81150 333 90730 91120==
16650 42560 50517 10050 21051 30309 40318 52004 83130 333 83825 83358 90730 91126==
16667 42560 30111 10064 21030 30273 40285 51002 83100 333 90730 91129==
16706 42660 40221 10066 20019 30273 40280 51010 84500==
16723 42560 23612 10080 21001 30246 40260 52008 82200 333 90730 91124==
16742 42560 30113 10092 21004 30078 40236 52007 83400 333 90730 91126==
16749 42460 13111 10100 21050 30196 40211 52011 81100 333 90730 91120==
16754 42460 63617 10100 20031 30215 40263 52007 86800 333 82818 85625 90730 91129==
16760 42460 63619 10070 21009 40256 52004 86700 333 81710 86625 90730 91131==
16765 42560 33322 10112 20001 40223 52006 83500 333 90730 91137==
17022 41570 61805 10012 21021 30132 40305 50000 72688 84250 333 84830 86359 90730 91109==
17024 41503 83609 11004 21005 30214 40295 53007 77577 8652/ 333 86625 88458 90730 91129==
17026 41560 83610 10024 20000 30248 40289 50000 77077 8652/ 333 86628 88458 90730 91118==
17031 41218 71904 10004 21006 30266 40273 52001 78588 85270 333 84705 85827 87358 90730 91110==
17034 41340 72401 10021 20005 30220 40268 58005 78582 87200 333 84709 87830 90730 91105==
17038 41356 72510 10026 21006 30203 40253 57005 78588 87200 333 86709 87825 90730 91117==
17042 41410 81002 10012 20006 30211 40252 58002 77177 8672/ 333 83712 84628 88556 90730 91105==
17050 42970 03503 10014 21050 30284 40350 50004 333 90730 91108==
17056 42970 03509 10025 21025 30323 40328 52002 333 90730 91117==
17060 41328 73515 10023 20003 30278 40320 51005 78582 87200 333 82709 87828 90730 91122==
17070 41558 70804 11033 21070 39376 40288 52005 77022 84520 333 84630 87459 90730 91110==
17074 41570 70305 11028 21049 39300 40278 54000 77011 84520 333 84627 87458 90730 91109==
17084 42570 53410 11005 21041 39316 40261 57005 85200 333 85832 90730 91115==
17085 42670 53207 10008 21062 39747 40259 57006 83550 333 83640 85360 90730 91117==
17092 41328 83501 11034 21053 38828 48455 57005 77177 887// 333 84708 88620 90730 91108==
17096 41540 70614 11070 21102 38168 48445 57007 77177 85550 333 85620 87357 90730 91122==
17098 41508 83613 11078 21101 38127 48448 57004 77177 8652/ 333 86620 88457 90730 91121==
17100 41421 83004 11002 21024 39140 40150 57006 77177 8671/ 333 84712 86623 88458 90730 91115==
17112 42670 30408 10039 21040 30318 40321 52002 83100 333 83835 90730 91116==
17115 41460 70319 10041 21036 30260 40313 50008 72682 87200 333 84711 87830 90730 91130==
17116 42665 60604 10039 21043 30178 40304 52001 84250 333 84835 86360 90730 91110==
17124 41557 63508 10003 21083 39328 40281 51001 77072 86500 333 86628 90730 91116==
17128 42570 40107 11023 21099 39121 40268 51001 84100 333 84833 90730 91119==
17135 42670 40105 10004 21062 39345 40255 57003 84500 333 84640 90730 91112==
17140 42665 30000 11042 21096 38708 48488 57002 83100 333 83840 90730 91106==
17150 41660 40214 10045 21030 30166 40294 50002 72600 84200 333 84835 90730 91124==
17160 42670 40211 11031 21097 39041 48494 51001 84500 333 84640 90730 91117==
17170 42560 71610 10063 21029 38229 48402 57009 83550 333 83630 87357 90730 91125==
17175 42665 30508 10055 21030 30290 40294 52007 83100 333 83840 90730 91116==
17184 42670 20205 10057 21047 30163 40278 51006 82100 333 82840 90730 91117==
17190 42570 70104 11018 21098 39023 48508 50001 87500 333 87630 90730 91110==
17195 42570 60504 11028 21082 38977 48486 53001 86500 333 86630 90730 91112==
17200 42660 63114 10013 21071 39156 40162 55006 84580 333 84640 86360 90730 91120==
17202 41428 83008 11007 21022 39088 40156 53001 77177 8652/ 333 84710 85630 88458 90730 91113==
17203 41510 82402 11021 21044 38808 48462 57006 77177 8552/ 333 85628 88457 90730 91107==
17210 41665 72204 10066 20039 39059 40089 57006 76066 83150 333 83835 87359==
17219 42565 20121 10060 21045 30123 40273 52006 82200 333 82830 90730 91132==
17234 42670 12002 10094 21029 30183 40253 52010 81100 333 81840 90730 91107==
17237 42670 33402 10051 21056 39730 40249 50002 83200 333 83840 90730 91107==
17240 42570 40415 10011 21079 39049 40226 55001 84200 333 84830 91026 90730 91131==
17244 41570 50115 11026 21087 39019 48502 50005 70372 85200 333 85827 90730 91126==
17248 42670 70708 11005 21063 38975 48477 51006 84520 333 84640 87460 90730 91116==
17250 42670 50307 11040 21081 38794 48479 53005 83550 333 83640 85360 90730 91119==
17260 42660 63411 10061 21024 39266 40084 53003 83130 333 83840 86359 90730 91125==
17270 41670 53505 10074 21012 39460 40108 56002 70262 83550 333 83640 85360 90730 91115==
17275 41502 81408 10040 20040 38903 48426 57005 76064 8552/ 333 85633 88458 90730 91123==
17280 41460 72611 10029 20016 39315 40108 57002 76176 85520 333 82710 85640 87460 90730 91115==
17290 42970 03309 10092 21034 30206 40239 50008 333 90730 91118==
17292 42670 23605 10035 21083 39442 40218 52016 82100 333 82835 90730 91114==
17300 42960 03320 10098 21079 30123 40195 51008 333 90730 91136==
17310 42970 01206 10138 21088 30138 40145 52013 333 90730 91115==
17330 42670 12908 10106 21058 30130 40148 52003 81100 333 81840 91020 90730 91122==
17350 42560 50212 10110 21058 30053 40131 52011 83250 333 83830 85360==
17370 42670 40000 10146 20036 30134 40138 52011 84100 333 84835==
17375 42970 00501 10143 21077 30165 40167 50000 333 90730 91112==
33088 42960 00000 11055 21093 30163 40367 52010==
33135 42660 33405 11057 21096 30188 40345 52009 82501==
33177 42960 02701 11032 21064 30117 40368 52009==
33317 42/70 53502 11058 21085 30001 40360 52010 83031==
33393 41560 63002 11019 21091 39952 40363 52009 70272 86500 333 86627==
33415 42660 23602 11021 21075 39938 40355 52007 82400==
33429 42460 23404 11038 21077 39905 40351 52007 82530==
33466 42/70 13503 11036 21098 30136 40334 52007 81030==
33506 41560 73401 11060 21087 30098 40306 53009 70282 82530==
33562 42660 73102 11037 21070 30033 40355 53008 83530==
33587 42/60 20202 11036 21111 30057 40334 52011 82050==
33658 41457 83002 11030 21050 30044 40360 52010 78588 889// 333 86712==
33663 42570 53502 11009 21070 30243 40344 52009 85500==
33664 42598 63503 11024 21091 30014 40347 52008 86200=
33678 42598 62803 11035 21091 30138 40359 52008 86200=
33679 42497 63202 11028 21081 30140 40342 52008 86500=
33711 41/60 23506 11039 21089 30094 40315 52012 70281 82030==
33745 41597 60204 11025 21086 30144 40348 52001 70282 86900=
33748 41597 60202 11022 21047 30033 40332 52002 70182 85330=
33754 42598 63404 11015 21075 30171 40324 51004 84330=
33761 41569 80306 11042 21064 30093 40329 52010 72682 883//==
33791 41211 83603 11040 21055 30176 40311 52006 77571 8772/ 333 87706==
33815 41597 73404 11022 21052 30109 40327 52009 78582 87900=
33837 41350 83203 11017 21047 30259 40313 54000 78582 86374==
33881 42598 53404 11006 21068 30128 40333 54000 83530=
33883 42598 33104 10001 21081 30151 40321 57001 83500=
33885 42998 23302 11013 21105 30207 40346 57006 82040=
33892 42598 73503 11019 21057 30115 40337 58001 883//=
33902 42/60 83001 11004 21070 30244 40306 58002 86059==
33924 41570 31801 10008 21041 30295 40308 57006 72682 83900==
33946 42982 00702 11020 21123 30081 40313 58004==
33983 41560 60206 11029 21060 30236 40300 52002 72682 86300==
34300 41410 82801 11049 21081 30112 40299 51004 78687 889//==
34336 42970 62102 11061 21128 30209 40319 52001 80005==
34344 42970 51801 11050 21121 30225 40318 54000 80009==
34356 42960 31601 11050 21144 30173 40328 54000 80001==
34357 42970 12102 11051 21144 30158 40321 52004 80001==
34398 42970 20605 11097 21157 30306 40320 54000 80001==
34415 42/70 52501 11033 21097 30201 40302 54000 85030==
34438 42960 01903 11060 21129 30117 40319 52002==
34445 42/70 62601 11088 21150 30207 40329 54001 86070==
34461 42560 30000 11035 21136 30270 40328 57003 81501==
34473 42997 20501 11088 21122 30290 40331 58001 80003=
34476 42970 20604 11091 21137 30324 40332 58002 80001==
34504 42/62 72602 11052 21093 30118 40302 54000 87030==
34535 42970 01502 11078 21141 30246 40323 58001==
34545 42570 41302 11029 21121 30203 40319 57003 84100==
34555 42570 10401 11062 21122 30238 40335 57002 81100==
34560 42560 30904 11049 21126 30123 40323 57004 83500==
34578 42960 00304 11059 21138 30314 40321 57007==
34579 42970 00104 11078 21134 30275 40321 58006==
34644 42560 30803 11028 21134 30231 40311 58005 83500==
34646 42670 20703 11047 21116 30232 40319 57002 82130==
34655 42/60 20705 11041 21148 30257 40321 57007 82030==
34662 42970 00504 11051 21147 30313 40324 57007==
34691 42/70 33604 11067 21123 30525 40512 58006 82032==
34720 42570 11202 11022 21078 30269 40311 57002 81100==
34727 42960 00903 11028 21123 30279 40310 54001==
34743 42960 50803 11040 21150 30220 40313 57004 80005==
34759 42/60 70604 11057 21164 30173 40311 58005 86031==
34772 42970 20305 11056 21203 30309 40312 58003 80005==
34785 42/70 80104 11059 21210 30320 40296 58004 86031==
34798 42960 53506 11070 21123 30445 40414 58008 80002==
34824 42960 00704 11033 21108 30301 40306 57001==
34838 41960 60504 11044 21124 30194 40295 54001 70272 80009==
34845 42970 61004 11043 21139 30187 40300 58006 80001==
34858 42/60 70802 11059 21130 30193 40306 57002 87030==
34861 42/70 60706 11066 21201 30048 40305 57003 86030==
34866 42/70 70304 11056 21195 30313 40304 58008 80070==
34880 42/60 73604 11070 21141 30317 40289 57002 87030==
34887 42/70 83604 11074 21144 30314 40290 58006 8801/==
34949 41560 60906 11102 21116 39713 40296 57002 77172 85501==
34954 42970 30603 11056 21135 30116 40300 57005 80002==
34958 42570 80601 11072 21125 30092 40303 57003 885//==
34975 42470 80203 11078 21134 30298 40294 58005 885// 333 88619==
34984 42/70 83404 11054 21105 30316 40284 58005 8002/==
35217 42960 20605 11120 21155 30264 40307 58001 80003==
35302 42970 00607 11118 21190 30297 40319 53003==
35315 42598 50509 11095 21160 30221 40281 58007 85500=
35344 41497 80505 11127 21167 30003 40309 53002 77173 8802/=
35358 42/60 80202 11071 21114 30104 40281 58002 8802/==
35368 42999 31601 11072 21120 30016 40292 52005 80002=
35386 42998 01801 11068 21119 39763 40301 53004=
35394 42970 21504 11022 21106 39604 40291 53001 80001==
35404 42998 00504 11112 21147 30300 40309 52001=
35406 42960 20204 11098 21129 30283 40285 54000 80001==
35416 41/60 80606 11080 21094 30145 40271 56002 77173 8802/==
35426 41584 80505 11098 21134 39980 40285 58001 72272 885//==
35437 41497 80808 11087 21111 39980 40308 52006 77173 8802/=
35449 42998 83504 11094 21129 30189 40298 52003 8807/=
35497 42970 01402 11030 21092 39777 40612 53005==
35498 42998 00000 11022 21042 39394 40301 57005=
35514 42998 80204 11063 21094 30505 40501 58001 8805/=
35522 41597 81704 11073 21103 30001 40262 58002 77177 8802/=
35542 41496 80504 11095 21111 30138 40293 52001 77177 8802/=
35563 42998 81302 11046 21080 39488 40273 54000 80002=
35576 41440 61603 11073 21098 39833 40298 58002 71011 86600==
35582 42998 00703 11058 21129 39681 40298 52005=
35594 42999 01303 11054 21107 39440 40297 53002=
35605 42998 83606 11091 21121 30283 40260 58002 83052=
35633 41596 80503 11079 21097 30056 40279 54000 72272 8802/=
35671 42970 40000 11065 21093 39847 40290 58001 80001==
35699 42960 03605 11049 21105 39521 40293 58004==
35700 42570 83503 11076 21098 30276 40251 58003 8457/==
35715 41396 80905 11009 21027 30244 40229 58006 77177 8802/=
35739 41599 80907 11030 21074 30107 40249 58007 70277 8802/=
35746 42/70 80605 11029 21075 30194 40263 58008 84052==
35777 42597 80503 11040 21098 39935 40288 58004 885//=
35796 42960 60704 11059 21098 39853 40301 58006 80005==
35849 42570 51003 10002 21070 30169 40256 58004 85300==
35895 42998 00202 11059 21085 39843 40301 58001=
35907 42998 73506 11055 21081 30293 40261 58004 87070=
35925 41540 80902 10014 20011 30114 40225 52003 71022 886//==
35927 41596 82302 11003 21012 30219 54000 71022 885//=
35953 41540 80000 11012 21041 30135 40267 58003 71022 886//==
35969 42584 80000 10002 21073 30106 40282 58003 885//==
35997 42998 50000 10010 21066 39840 40275 58004 83065=
36259 42984 02301 11215 21261 38336 48617 57005==
36335 42999 61102 11020 21103 39266 40296 58005 80001=
36358 42999 01502 11025 21104 39283 40309 52001=
36394 42997 21103 11041 21119 39904 40335 58006 80001=
36397 42/84 51806 11034 21127 39755 40328 58004 83071==
36403 41996 02702 11050 21123 39968 40338 58004 71000=
36418 42999 00000 11127 21189 39728 40378 52001=
36421 42999 01303 11132 21180 39783 40381 57006=
36428 42984 01801 11132 21210 39849 40380 58004==
36439 42998 00000 11042 21116 39051 48558 53001=
36498 42998 71103 11023 21106 39515 40314 52002 82031=
36501 42999 51102 11020 21133 39549 40308 52003 80002=
36535 42984 00000 11106 21161 39710 40372 58004==
36546 42999 01302 11149 21195 39810 40385 58004=
36619 42999 31306 11038 21104 80001=
36622 42998 30000 11071 21132 39505 40332 58001 82041=
36639 42984 31401 11002 21122 39697 40304 58003 80001==
36643 42999 20301 11125 21148 39678 40377 58003 80001=
36665 41996 00301 11177 21196 39602 40383 54000 71000=
36666 42999 12001 11161 21195 39863 40392 54000 80001=
36729 42998 81203 11014 21073 39816 40302 58004 80002=
36736 42999 70504 10028 21086 39757 40307 58004 84041=
36744 42998 00501 10031 21036 39825 40271 58003=
36770 42999 00601 10048 21029 39555 40270 54000=
36786 42999 50000 10053 21080 39359 40261 54000 80002=
36796 42998 00000 11052 21136 39077 48508 58006=
36803 42999 22702 11031 21085 39849 40306 51002 80001=
36806 42999 61610 11088 21185 39846 40333 52002 80002 333 91117=
36819 42998 61802 10065 20002 39661 40261 58002 80004=
36821 42984 00000 10093 21001 39783 40258 58008==
36839 42999 00701 10019 21076 39146 40269 58004=
36843 42998 01202 10062 21057 39102 40253 52002=
36846 42999 22302 10030 21118 38648 48540 58003 80001=
36859 42/84 20602 10074 21058 39542 40311 58011 82071==
36870 41940 80501 10075 21066 39255 40245 58006 70422 80001==
36874 42999 50000 10056 21039 39480 40244 58009 80006=
36877 42999 20501 10069 21044 80001=
36885 42999 32902 10048 21072 39142 40256 58005 80001=
36889 42999 00000 11072 21143 37043 47057 58003=
36894 41996 50000 10050 21004 39532 40262 58010 71022 82041=
36905 42999 71401 10059 21066 38778 48536 58008 80001=
36911 42999 62302 10086 20009 39279 40232 58012 80009=
36927 41699 61402 10046 21096 38356 48520 58008 715// 86900=
36934 42599 71503 10035 21025 38273 48400 58006 84934=
36953 42899 60000 11017 21085 38220 48508 58006 83041=
36963 42999 73202 11040 21190 37013 48/// 58006 80001=
36974 42998 60901 10016 21089 37990 48517 58012 82041=
36982 42999 73405 11037 21237 36490 47023 57011 83036=
37018 42670 60502 10002 21080 30168 40246 57008 82830==
37031 42560 80804 11049 21109 30073 40278 57005 86501==
37054 41440 80502 11066 21102 39887 40294 57002 78588 889//==
37061 42/60 70301 11070 21132 30123 40302 58003 87070==
37085 42570 83204 11066 21120 30315 40288 58009 8657/==
37171 42570 73104 10027 21050 30220 40239 58009 87500 333 87533==
37228 41/20 83101 11070 21100 39385 40263 57006 77172 8802/==
37235 41/40 80801 11064 21076 39945 40280 57006 77177 8802/==
37472 41540 83103 11042 21064 30301 40277 58006 77172 8872/==
38149 42570 80806 10045 20014 30154 40232 57007 885//==
38178 41960 01403 10045 20006 39938 40226 58006 71044==
38262 42/70 41102 10095 20041 30144 40225 57006 84030==
38264 42970 5//01 10111 20019 30130 40221 57012 80003==
38345 42998 40000 10081 21007 38823 48521 5//// 82032=
38353 42998 32601 10086 21002 39357 40244 58011 82031=
38388 42998 20903 10128 20004 30132 40201 58015 80001=
38392 42997 80905 10112 20053 30113 40215 58011 85032=
38396 42960 81104 10118 20048 30098 40221 58014 80007==
38403 42/60 81102 10088 20000 30110 40231 58006 8807/==
38413 42970 01102 10099 20043 39960 40248 58001==
38457 42960 02602 10127 21002 39643 40218 57017==
38462 42984 00000 10080 21071 38770 48514 58016==
38507 42998 73607 10094 20023 30078 40181 54000 83031=
38545 42998 21005 10133 20046 30046 40218 58010 80003=
38565 12970 00000 10128 20006 39616 40191 58015 60002==
38579 12/60 61801 10100 20036 39825 40239 57003 60002 86070==
38583 12960 02702 10115 20019 39915 40233 58016 60002==
38599 42997 00603 10113 20004 39695 40224 57015=
38611 41/40 72001 10130 20036 39673 40232 57015 71022 87060==
38613 42998 60601 10118 20002 40220 58016 80002=
38616 42597 63601 10093 21020 39229 40232 58009 86500=
38618 42960 51101 10116 20009 39542 40219 57013 80008==
38647 42997 60601 10122 20043 30113 40155 57008 80006=
38656 42997 51108 10162 20015 30070 40176 58007 85080=
38683 42960 10502 10130 20004 39945 40216 58015 80001==
38687 42997 31104 10129 20043 39986 40217 58019 80001=
38696 12960 00902 10121 20013 39360 40199 57014 60002==
38713 42997 30503 10080 21002 39060 48530 58008 83010=
38750 42997 62703 10134 20076 30211 40183 58007 86030=
38763 42998 50802 10114 20038 30067 40171 58001 80001=
38774 42998 53602 10132 20053 39973 40165 57004 80001=
38799 42997 31606 10140 20029 39987 40214 58004 80003=
38806 42997 00903 10140 20009 39946 40200 58018=
38812 42960 01302 10132 20019 39759 40203 57016==
38836 41698 70000 10103 20029 39263 40183 58016 71022 86932=
38880 42997 60803 10156 20005 39910 40158 58003 82031=
38886 42997 41405 10172 20029 39950 40170 57008 80008=
38895 42996 21204 10170 20019 39912 40192 58014 80001=
38911 42998 01404 10123 20032 39923 40214 58012=
38915 42997 01003 10151 20013 39892 40208 58027=
38927 12960 31103 10138 20040 39844 40213 57023 60002 80001==
38933 41796 70502 10111 20062 39738 40247 54000 71022 86530=
38944 42696 60202 10106 20059 39642 40171 58010 71022 85530=
38954 42899 80000 10047 21065 37841 48460 57030 86910=
38974 42998 62702 10182 20029 39837 40159 57013 80002=
38987 42996 31101 10154 21002 39446 40168 57021 80002=
40100 43/70 59909 10173 20066 30141 40157 50009 333 58///=
40180 02560 52805 10175 20106 30106 40155 52004 83830 333 70000==
40199 02/// /1702 10194 20080 30148 40173 57005 333 70000==
40265 41550 82812 10112 20078 39361 40156 52004 75065 888// 333 84820 84625=
40270 41550 72611 10090 20070 39249 40151 52001 76262 87220 333 83720 82825 85458=
40272 41530 62818 10110 20091 39320 40154 57015 76011 86200 333 86825=
40340 42660 42004 10192 20066 40175 57005 84100 333 84845=
40356 42660 22716 10137 20000 39150 48465 82200 333 59017 82840 555 04410 50119=
40357 42960 02712 10167 20040 39471 40100 333 59049=
40360 42560 52712 10181 20010 39544 40129 85200 333 59011 85830=
40361 42960 02729 10163 20010 39364 40155 333 59008=
40362 41957 03021 10196 20020 39581 40090 70700 333 59074=
40373 42960 01413 10167 20100 39684 40101 333 59091=
40375 42960 03108 10153 20010 39281 40155 333 58018=
40394 42960 03014 10154 21010 39004 48482 333 59022 555 04410 50129=
40400 42660 23014 10227 20080 30128 40156 82100 333 58017 82840=
40405 42960 03015 10199 20050 39374 40104 333 59053=
40417 42660 11110 10202 20140 30104 40119 81500 333 59058 81640=
40420 42660 71205 10204 20070 39914 40121 84570 333 59056 84640 87360=
40430 43960 02710 10223 21070 39404 40140 333 58005=
40437 42960 01506 10223 20010 39417 40111 333 59064=
40439 42660 22714 10256 20090 30122 40140 81501 333 58021 81640=
40582 41557 51517 10181 20134 40115 58019 70722 82730 333 55304 01261 10000 22006 30376 41213 51404 62382 55407 41629 82720 85358 90401 91019 91121 91217 91313=
40703 42660 81510 10090 20004 38826 40072 57011 8352/ 333 70000 83640 88458 555 10053 29055 66666 00078 10068 20050 30050 50060 90084=
40706 41462 80404 10058 20009 38578 40108 57015 71562 8432/ 333 70004 82712 82932 88456 555 10037 29071 66666 00068 10053 20052 30055 50059 90072=
40712 42560 60702 10068 21024 38594 40096 57015 84302 333 70000 81930 84640 85067 555 10031 29052 66666 00008 10010 20016 30190 50035 90052=
40713 42660 82004 10080 21044 38590 40096 57014 8152/ 333 70000 81635 88458 555 10032 29041 66666 00052 10056 20061 30063 50071 90092=
40718 41450 83007 10065 20054 30220 40191 57012 75052 8662/ 222// 0//// 20103 333 70002 86712 88457 555 10060 29093 66666 00094 10102 20104 30106 50110 90116=
40723 42960 63602 10130 21050 38932 40162 58018 81076 333 70000 81363 86266 555 10059 29028 66666 00088 10066 20048 30044 50056 90068=
40726 42660 71906 10066 21034 38589 40104 58007 83510 333 70000 83635 87458 555 10027 29049 66666 00046 10036 20040 30044 50056 90080=
40727 42665 72302 10089 21054 38417 40107 57014 82506 333 70000 82640 87270 555 10034 29036 66666 00027 10028 20032 30037 50041 90068=
40732 42360 80102 10098 20068 30191 40166 58011 8732/ 333 70000 86709 81922 88458 555 10084 29082 66666 00102 10100 20102 30105 50110 90124=
40736 42960 62901 10134 20090 30196 40170 57013 81032 333 70000 81360 85069 555 10112 29075 66666 00104 10098 20090 30094 50095 90117 77777 00/// 10032 20034 30033 50035 70/// 99///=
40738 41540 63006 10143 20083 30178 40180 58015 70521 84306 333 70000 82930 84635 85268 555 10113 29067 66666 00108 10092 20080 30090 50102 90122=
40739 42965 61803 10107 21085 38663 40155 57018 80006 333 70000 86269 555 10038 29025 66666 00104 10112 20056 30060 50068 90085=
40741 42960 21610 10195 20065 39829 40158 57016 80001 333 70000 82070 555 10129 29043 66666 00148 10113 20098 30097 50103 90114=
40743 42965 72202 10142 21061 39048 40155 57017 83076 333 70000 83460 87270 555 10063 29024 66666 00133 10113 20098 30108 50116 90124=
40745 42962 60702 10128 20026 39020 40165 58016 80006 333 70000 86270 555 10081 29050 66666 00124 10096 20066 30074 50082 90100=
40747 42660 71903 10106 21081 38578 40118 57024 82516 333 70000 82640 85459 87270 555 10038 29026 66666 00095 10047 20046 30058 50066 90088=
40754 41958 51504 10125 21119 38793 40133 57014 70522 81038 333 70000 81360 85269 555 10042 29017=
40762 42965 30000 10096 21032 38543 40177 58014 80002 333 70000 83069 555 10044 29040 66666 00105 10072 20044 30048 50064 90084=
40766 42970 71505 10121 21177 38645 40123 57017 85076 333 70000 85459 87264 555 10032 29011 66666 00092 10056 20054 30062 50074 90100=
40768 41958 73202 10012 21041 38214 40173 57012 70522 87070 333 70000 87462 555 11008 29068 66666 00010 10004 20015 30024 50030 90050=
40769 41958 70201 10079 21039 38248 40115 57015 70522 85076 333 70000 85359 84269 555 10032 29043 66666 00034 10054 20050 30054 50070 90096=
40780 42760 81503 10101 21076 38641 40143 58011 8252/ 333 70000 82656 88458 555 10036 29028 66666 00074 10060 20064 30064 50084 90098=
40782 42660 52302 10135 21047 38818 40119 57021 81135 333 70000 81840 83359 85268 555 10062 29028 66666 00106 10076 20074 30070 50100 90114=
40785 42960 00000 10136 21077 39043 40130 57024 333 70000 555 10057=
40791 42665 73401 10160 21099 39324 40142 57023 81578 333 70000 81640 87270 555 10067 29016 66666 00150 10142 20130 30140 50152 90166=
40792 42960 51503 10137 21109 38700 40146 57018 80002 333 70000 85070 555 10050 29017 66666 00130 10112 20096 30100 50124 90126=
40798 42960 12105 10113 21153 37908 40139 58018 81040 333 70000 81358 555 10026 29014 66666 00098 10049 20028 30046 50064 90080=
40800 42960 23101 10161 21114 38409 40112 57026 82020 333 70000 82560 555 10060 29014 66666 00156 10082 20084 30090 50104 90124=
40809 42662 81105 10131 21070 38487 40157 58019 81507 333 70000 88267 555 10053 29024 66666 00122 10096 20079 30094 50115 90129=
40811 41658 62003 10212 20056 30093 40119 57019 70521 84370 333 70000 81935 83640 86460 555 10134 29036 66666 00202 10176 20178 30186 50200 90212=
40812 42960 41403 10218 20000 39733 40105 57019 84030 333 70000 84360 555 10118 29023 66666 00186 10164 20154 30162 50176 90198=
40821 42664 50502 10171 21092 38726 40091 57032 82570 333 70000 82640 83358 555 10071 29016 66666 00157 10126 20119 30127 50126 90138=
40829 42960 30704 10184 21026 39610 40183 58025 80002 333 70000 83070 555 10095 29024 66666 00218 10162 20152 30152 50170 90182=
40831 42660 61404 10195 20120 30113 40121 57023 86300 333 70000 82935 84640 555 10153 29062 66666 00230 10200 20180 30186 50200 90222=
40833 42660 41603 10214 20076 30095 40127 57025 84500 333 70000 84640 555 10143 29041 66666 00230 10210 20190 30200 50202 90218=
40841 42660 70000 10133 21045 38208 40110 57020 83170 333 70000 83840 87359 555 10059 29029 66666 00102 10100 20094 30114 50128 90144=
40845 41558 71202 10178 20116 30121 40126 58022 70562 87900 333 70005 82930 87640 555 10144 29067 66666 00170 10166 20172 30178 50188 90202=
40848 41440 81103 10072 20024 38512 40169 58015 78086 8432/ 333 70002 81710 81935 83640 88460 555 10050 29071 66666 00082 10082 20088 30098 50108 90118 77777 00/// 10/// 20/// 30/// 50/// 70/// 99///=
40854 42660 61002 10200 21083 38913 40096 57032 81106 333 70000 81840 86270 555 10088 29014 66666 00216 10214 20188 30186 50190 90202=
40856 42960 31307 10159 21028 38630 40139 57029 81072 333 70000 81360 83070 555 10078 29028 66666 00200 10150 20132 30140 50150 90152=
40859 41557 80403 10086 20044 38704 40181 58005 76086 8632/ 333 70005 82720 82935 85640 88559 555 10066 29075 66666 00092 10096 20100 30118 50132 90150=
40875 42662 52006 10277 20091 30112 40124 58014 82530 333 79999 82640 83360 555 10174 29031 66666 00356 10250 20234 30228 50246 90254=
40879 42962 73203 10269 20032 39455 40119 57030 84076 333 70000 84360 85270 555 10148 29022 66666 00274 10248 20230 30234 50244 90248=
40882 42670 20903 10258 20027 30082 40117 58024 81170 333 70000 81840 555 10145 29022 66666 00250 10234 20224 30234 50230 90246=
40883 42560 42003 10260 20163 30098 40125 58018 82130 333 70000 82830 84360 555 10200 29055 66666 00270 10230 20216 30232 50240 90248=
40893 41558 21904 10250 20151 30107 40112 57020 70500 82800 333 70000 81825 555 10190 29054 66666 00280 10265 20257 30258 50268 90261=
40898 41558 41405 10269 20147 30100 40109 58038 70500 82270 222// 00238 20801 333 70000 82825 83359 555 10195 29047 66666 00376 10324 20260 30264 50268 90274=
41024 42960 03610 10284 20070 30122 40148 333 58020=
41036 42560 22815 10196 21140 38562 48512 82800 333 58007 82830 555 04410 50127=
41055 42560 22111 10225 20070 38355 48500 82400 333 59005 82630 555 04410 50099=
41061 42960 02608 10277 20060 39400 40091 333 59046=
41084 42960 00304 10251 20080 38833 48493 333 59016 555 04410 50078=
41112 42560 22015 10197 20080 37947 48508 82100 333 59002 555 04410 50080=
41114 42960 02112 10215 20020 37982 48508 333 59007 555 04410 50074=
41128 41556 22210 10330 22210 10330 38778 48491 70600 82100 333 59041 82830 555 04410 50063=
41136 42960 02413 10315 21020 39288 40079 333 59051=
41140 42560 42710 10309 20220 30121 40132 84400 333 58003 84630=
41150 41966 70808 10189 20152 40123 70262 8707/ 333 59054 87459=
41176 44/70 /0509 10222 20139 30119 40125 333 59046=
41184 42960 32806 10276 20095 40119 83030 333 59034 83360=
41194 42960 23213 10269 20030 30112 40118 82030 333 59035 82368=
41196 42960 22906 10280 20031 30083 40123 82030 333 59036 82368=
41216 42960 00405 10260 20134 30113 40117 333 59044=
41217 42960 03506 10277 20088 30082 40111 333 59043=
41244 26/// /1917 10315 20026 39689 40091 333 0E022 55300 25022 59033 70000=
41246 36/// /0810 10256 20214 30110 40112 333 0E020 55300 25022 59024=
41254 36/// /2013 10185 20010 38048 49796 333 0E009 55300 25022 59014=
41255 35/109 /2507 10296 21009 39604 40113 333 0E018 55310 23006 5////=
41257 36/// /2012 10322 20038 39624 40102 333 0E020 55300 21609 59019=
41258 36/// /1013 10250 20212 30107 40110 333 0E/// 55310 22811 59025=
41263 36/// /1907 10296 20017 39546 40092 333 0E019 55300 23136 59012=
41265 36/// /2011 10294 20028 39544 40095 333 0E021 55300 23120 59008=
41267 36/// /3408 10279 20192 30107 40119 333 0E020 59013=
41268 32960 20312 10304 20099 30062 41097 82030 333 59012 82360=
41275 36/// /2112 10330 20046 39968 49981 333 0E016 55300 23271 5////=
41288 32560 40803 10274 20215 30115 40136 82501 333 59010 82620=
41304 26/// /1520 10326 20027 39797 40102 333 0E018 55300 23338 59025 70000=
41315 36/70 /1614 10247 20097 39310 47949 333 0E019 55300 27865 59015=
41480 41557 40814 10274 20196 30132 40140 70544 84800 333 59003 84820=
41506 12440 80000 10060 20039 38502 48010 60001 8452/ 333 5688/ 58010==
41508 11410 82701 10044 20022 38658 48250 60051 72166 84720 333 56880 58015==
41515 11840 80000 10030 20018 38536 48980 60021 76066 8572/ 333 5688/ 59027==
41516 12440 71308 10120 21046 38504 48630 60001 87610 333 56880 59031==
41517 12440 81302 10065 21018 37750 48670 60001 8852/ 333 5688/ 59040==
41518 11440 81801 10100 20035 30001 48010 60001 75052 8872/ 333 5688/ 58000==
41519 12460 70000 10145 20014 38729 48720 60001 86520 333 56880 59010==
41523 11440 71301 10105 20065 39081 48950 60001 72166 84520 333 56880 58026==
41535 11440 83101 10055 20044 38710 48750 60091 76366 8852/ 333 5688/ 58021==
41536 11420 83601 10080 20070 39043 48030 60021 76066 8872/ 333 5688/ 58038==
41560 12460 50000 10080 21013 38325 48530 60001 83520 333 56880 58000==
41571 12660 70508 10140 20061 39580 40170 60031 85330 333 56880 58046==
41598 11440 80504 10130 20101 39886 40163 60011 76062 85520 333 56880 58044==
41600 11440 80901 10140 20140 30000 40161 60071 76066 8852/ 333 56880 58051==
41620 12940 03102 10135 21037 38568 48720 60001 333 59014==
41624 11420 53101 10180 20127 30000 40146 60001 70400 83520 333 56880 58004==
41630 11440 70504 10170 20120 30000 40147 60021 70496 86520 333 56880 58018==
41640 11440 80502 10150 20123 30000 40144 60031 70462 8852/ 333 5688/ 58029==
41660 22997 13112 10110 21048 38431 48521 81030 333 56090 58038 60007 81362=
41678 11440 60503 10220 20134 30000 40135 60001 70422 85570 333 56880 58000==
41696 12960 03101 10110 21069 38004 48200 60001 333 58001==
41697 12960 02302 10245 20124 30000 40126 60001 333 58009==
41700 11910 22302 10205 20155 30000 40123 60001 70400 82030 333 56080 58010==
41710 12960 20501 10210 21023 30000 40111 60001 80001 333 56008 58003==
41712 12960 40501 10195 21036 39202 48250 60001 80001 333 56008 58030==
41715 11940 00000 10250 20055 30000 40128 60001 70500 333 58015==
41718 11920 02702 10250 20120 30000 40123 60001 70500 333 59017==
41725 12940 00502 10260 20122 30000 40118 60001 333 58011==
41739 12940 00000 10230 21020 39045 48150 60001 333 58015==
41744 12940 03101 10205 21086 38784 48130 60001 333 58018==
41749 12940 01803 10310 20138 30000 40121 60001 333 58021==
41756 22596 51306 10270 20146 40127 85400 333 56900 59001 60007 85625=
41757 12940 41305 10300 20084 30124 40136 60001 84030 333 56080 58019==
41759 11940 00902 10280 20031 30000 40149 60001 70500 333 58013==
41764 11940 00000 10300 20141 30068 40117 60001 70400 333 58030==
41768 12940 00000 10320 20141 30112 40119 60001 333 58001==
41780 11940 02701 10310 20088 30092 40119 60001 70500 333 58011==
41785 12940 00000 10290 20163 30113 40126 60001 333 58004==
41859 01950 00502 10286 20150 30098 40135 70500 333 58024 70000==
41883 02450 50000 10290 20120 30114 40135 82520 333 58025 70000 82618 85458==
41891 01450 32402 10320 20110 30090 40128 70500 81530 333 58021 70000 81615 83365==
41907 01440 70000 10272 20180 30118 40133 70522 84510 333 58025 70000 84615 87458==
41923 02/56 20000 10304 20100 30119 40129 82030 333 58019 70000 82360==
41936 01405 72906 10230 20210 30128 40135 72996 84630 333 58030 70030 83708 83615 86362==
41943 01/50 52702 10325 20160 30111 40118 70522 83049 333 58009 70000 83362 83180==
41950 01440 80000 10284 20170 30129 40131 70520 8452/ 333 58020 70000 84617 88458==
41978 01950 02510 10306 20180 30110 40117 70500 333 58008 70000==
41992 01430 63302 10292 20190 30116 40118 70510 84520 333 58006 70000 84616 86460==
42027 21596 71403 10096 20030 38391 48478 75152 84410 333 58007 6001/=
42071 21596 70210 10138 20119 40140 79562 85620 333 58028 6010/ 85625 87459=
42101 32596 60913 10220 20121 40136 82210 333 58023 6992/ 82830 84458=
42111 21596 73604 10184 20085 39442 40143 70261 85530 333 58000 6004/ 83620 85830 87360=
42123 32596 61403 10238 20144 40116 84430 333 58008 84630 85360=
42131 32696 21405 10252 20153 40127 82500 333 58005=
42165 32996 03202 10278 20013 40104 333 58016=
42182 31996 30913 10264 20140 40125 70500 333 58020=
42189 21495 70000 10194 20164 40149 79596 84330 333 57990 58038 6996/ 84618 81930 87360=
42309 31596 40703 10264 20152 40144 70510 82230 333 58026=
42314 31596 50505 10254 20113 40147 70522 83530 333 58031 83620 84360=
42328 31995 03402 10280 20117 40099 70500 333 58047=
42339 31995 03203 10300 20065 40111 70500 333 58024=
42348 31996 01606 10262 20133 40117 70500 333 58009=
42361 31996 00502 10272 20184 40122 70500 333 58014=
42369 21595 70903 10255 20123 40139 70522 85460 333 58027 6990/ 85630 87350=
42379 31595 40000 10282 20106 40134 70511 81532 333 58026 81622=
42410 31595 10903 10280 20168 40138 70500 81500 333 58025 81620=
42415 32996 00000 10272 20129 40148 333 58031=
42452 31996 00503 10294 20129 39796 40101 70500 333 58003=
42492 31996 01402 10290 20161 40126 70500 333 58020=
42559 32996 33201 10320 20100 40091 83030 333 58001 83360=
42571 31996 00901 10310 20134 40108 70500 333 58009=
42591 31995 00000 10300 20207 40125 70500 333 58011=
42623 32596 32302 10262 20064 39259 40107 81130 333 58020 81820 83360=
42634 32996 30000 10328 20128 40125 80001 333 58010 83075=
42647 31996 33206 10336 20121 40117 70400 80001 333 58015 83070=
42667 32596 42908 10306 20105 39536 40105 84800 333 58016 82830 83175=
42675 32996 43202 10306 20128 40104 82061 333 58010 82360 84070=
42701 21495 61103 10260 20174 39394 40109 70511 83530 333 58019 6004/ 83618 83360=
42724 31596 40503 10312 20150 40121 70510 82530 333 58012 82620 83360=
42737 32996 32706 10330 20111 40126 80001 333 58008 83070=
42754 32996 22706 10300 20085 39487 40105 80001 333 58016 82075=
42779 32596 60000 10316 20154 39418 40091 86800 333 58013 83620 85825=
42798 21496 41104 10268 20183 40117 70596 83530 333 58025 6003/ 83618=
42809 21595 80503 10202 20193 40141 76196 8582/ 333 58038 6014/ 83620 85825 88458=
42840 32996 20202 10336 20116 40125 80001 333 58017 82075=
42867 31996 33203 10360 20099 40096 70500 83030 333 58020 83360=
42874 31996 00000 10340 20203 40096 70500 333 58016=
42886 31596 50000 10326 20192 40140 70500 83530 333 58014 83360=
42895 21496 71102 10264 20258 40126 71796 85930 333 57930 58022 6999/ 84618 81930 85360=
42909 32996 32503 10293 20202 40124 80001 222// 20000 333 58008 83070=
42971 31996 02306 10318 20182 40119 70500 333 59013=
43003 31995 13205 10336 20174 40104 70400 80001 333 58004 81075=
43014 31596 40205 10340 20175 39468 40090 70541 82530 333 58019 82620 83360=
43041 31596 52503 10336 20170 39503 40096 70500 85400 333 58025 83625 85830=
43063 32997 01801 10338 20102 39491 40092 333 58016=
43086 32597 21602 10334 20239 39925 40098 82500 333 58007=
43110 31995 03208 10332 20200 40103 70544 333 59002=
43117 32997 02702 10366 20229 40079 333 58012=
43128 32597 62004 10344 20180 39502 40085 86400 333 56500 58015 84620 86825=
43150 31596 41804 10316 20229 30061 40122 70500 81501 333 58021 81620 83075=
43185 32597 51804 10312 20220 30109 40112 85500 333 58020 85620=
43189 32597 10000 10320 20236 30114 40123 81500 333 58023=
43192 32596 42703 10322 20255 40102 83402 333 58004=
43198 32496 43208 10336 20103 39280 40071 82501 333 56709 58008 82612=
43201 32497 30501 10348 20154 39360 40055 83500 333 58005 83612=
43213 32997 09901 10364 20168 39771 40076 333 58014=
43233 32597 11105 10332 20102 39294 40081 81500 333 58009=
43237 32997 29901 10364 20136 39680 40056 80001 333 58012 82075=
43245 32997 11105 10326 20220 30085 40111 80001 333 58017=
43279 32597 21104 10320 20199 30096 40113 81501 333 58006 81620=
43284 31496 22510 10322 20245 39977 40090 70500 81501 333 58004 81615=
43295 32997 10903 10320 20148 39096 48524 80001 333 58012 81075=
43314 32997 12303 10356 20262 40094 80001 333 58001=
43321 31996 30910 10338 20104 39653 40086 70500 80001 333 58010 83070=
43329 32597 30000 10304 20228 30099 40112 82501 333 58011=
43333 31496 40502 10306 20237 40104 70521 83401 333 58008 81618 83820=
43344 31496 40505 10324 20204 30002 40103 70522 82501 333 58012 82616 82075=
43353 31496 22506 10310 20246 40095 70521 81530 333 56790 58006 81618=
43369 32597 33202 10326 20251 40103 83500 333 58003 83620=
43371 32596 22702 10326 20231 30027 40098 81501 333 58003 81620=
44212 42984 33601 11184 21235 39291 40540 57004 80004==
44213 42984 00601 11198 21231 38924 40534 52001==
44214 42970 00000 11075 21177 38350 40408 57009==
44215 42970 01502 11139 21171 38498 40476 57004==
44217 32998 20000 11154 21200 37903 40500 56003 80002 333 91202=
44218 42984 03603 11133 21177 38711 40477 57003==
44219 42999 02902 11161 21201 38729 40501 57005 333 91202=
44265 42984 41602 10015 21095 38888 40301 57005 80006==
44266 32699 50706 11109 21168 37813 40423 57001 83508 333 91207=
44404 42358 61804 10146 20017 38143 48481 84250 333 58031=
44416 42559 21703 10246 20128 39373 40147 82800 333 58034=
44424 41450 82602 10120 21023 37667 47073 71522 8562/ 333 58040=
44434 41557 60309 10210 20127 39242 48526 70344 83460 333 58002=
44438 42/0/ ///// 11//// 2//// 3//// 4////=
44449 42556 31805 10276 20195 39977 40134 81130 333 58031=
44454 42456 52808 10200 20110 38667 48503 83230 333 58023=
44462 42350 61102 10189 20089 38263 48478 86400 333 58001=
44474 41020 32305 10178 20067 38261 48500 70544 83500 333 58016=
44477 41550 32701 10220 20095 38830 48536 70544 83200 333 58029=
44478 42957 01504 10278 20194 30047 40129 80000 333 58028=
48020 42457 13601 10294 20179 81200==
48025 41430 43202 10291 20179 39993 40130 58019 70511 84800==
48048 42959 00402 10333 20234 30062 40116 333 58020==
48052 32959 01404 10370 20207 333=
48062 42558 23204 10300 30109 40115 82500 333 58011==
48064 42958 01401 10338 20225 30030 40086 333 59007==
48094 42559 33202 10360 20190 30102 40112 82340 333 58022==
48109 42460 20401 10300 20239 30117 40120 81530 333 58014==
51076 14/69 /1801 11015 21091 39420 40342 54000 60001 333 11002 21132 3/102 4/025 59005 70000 90761 91103==
51087 14/69 /2803 10005 21041 39265 40321 52002 60001 333 10038 21070 3/104 4/015 59004 70004 90761 91112==
51156 14/80 /1702 11010 21145 38745 40340 57002 60001 333 11010 21134 3/115 58011 70000 90761 91106==
51243 14/65 /2002 11043 21111 39781 40367 54000 60001 333 11040 21141 3/114 58008 70000 90761 91104==
51334 14/36 /3402 11047 21117 39934 40369 57008 60001 70500 333 11038 21159 3/109 4/012 58018 70000 90761 91103==
51379 14/24 /0701 11073 21130 39355 40373 52002 60001 70500 333 11064 21202 3/106 4/021 58009 70001 90761 91103==
51463 14/30 /3503 11074 21111 39101 40368 52005 60001 70500 333 11059 21124 3/101 4/034 58013 70000 90761 91104==
51573 14/64 /1602 10109 21139 30196 40246 57025 60001 333 10110 21009 3/107 59019 70000 90761 91104==
51644 14/60 /1902 10078 21165 38962 40244 57026 60001 333 10083 21072 3/108 59017 70000 90761 91105==
51656 14/60 /3003 10082 21128 39174 40254 57016 60001 333 10083 21070 3/112 59012 70000 90761 91105==
51709 14/59 /1701 10059 21154 38638 40235 57019 60001 333 10072 21014 3/103 58010 70000 90761 91104==
51711 14/61 /0702 10029 21147 38005 40189 57022 60001 333 10029 21108 3/115 59006 70000 90761 91105==
51716 14/58 /0402 10077 21152 38928 40241 57018 60001 333 10090 21032 3/107 58000 70000 90761 91104==
51765 14/63 /1402 10096 21150 39233 40251 57015 60001 333 10099 21088 3/114 59021 70000 90761 91104==
51811 14/61 /3301 10085 21152 38800 40235 57016 60001 333 10094 21039 3/109 58005 70000 90761 91104==
51818 14/63 /0302 10079 21180 38645 40227 57015 60001 333 10089 21045 3/110 58001 70000 90761 91106==
51886 14/80 /2302 10018 21266 37095 40238 57020 60001 333 10025 21161 3/122 59001 70000 90761 91104==
52203 14/75 /3401 10106 21142 39354 40253 57011 60001 333 10109 21068 3/112 59015 70000 90761 91105==
52602 14/80 /2402 10014 21249 37268 40278 57014 60001 333 10014 21180 3/123 58006 70000 90761 91105==
52818 14/80 /3501 10057 21311 37238 40231 57013 60001 333 10057 21133 3/120 58012 70000 90761 91105==
52908 14/80 /2907 11048 21370 35749 40268 57010 60001 333 11044 21220 3/127 58027 70000 90761 91114==
55228 14/80 /2405 11041 21137 35993 40142 57008 60001 72200 333 11001 21090 3/113 59011 70000 90761 91112==
55299 14/80 /3103 10002 21242 35826 40177 57022 60001 333 10015 21189 3/125 58004 70000 90761 91111==
55578 14/80 /1803 10072 21203 36340 40106 57034 60001 333 10086 21115 3/113 59002 70000 90761 91108==
55591 14/80 /3302 10071 21132 36501 40084 57034 60001 333 10073 21051 3/109 58004 70001 90761 91107==
55664 14/80 /2405 10036 21223 35987 40146 57023 60001 333 10038 21128 3/114 58011 70000 90761 91115==
55773 14/80 /2107 10010 21114 36006 40154 57010 60001 333 10028 21115 3/113 58025 70000 90761 91114==
56004 14/80 /2904 11020 21320 35803 40236 57018 60001 333 11017 21254 3/130 58014 70000 90761 91114==
56018 14/80 /2903 10010 21311 36167 40198 57012 60001 333 10015 21162 3/120 58022 70000 90761 91111==
56312 14/80 /2404 10104 21078 37079 40124 57031 60001 333 10110 21005 3/001 58032 70005 90761 91107==
62306 42560 63512 10158 20079 40225 52013 86800==
62309 42560 63306 10164 20072 40205 52006 86800==
62325 42560 43307 10182 20063 40197 52017 84500==
62332 42560 53016 10177 20098 40188 52011 85800==
62337 42560 32509 10170 20118 40175 52010 83500==
62366 24560 63009 10173 20104 40191 52006 70262 84250 333 69907==
62387 42560 53408 10178 20114 40204 52007 85200==
62393 42960 03608 10174 20084 40221 52002==
62405 42960 03010 10221 20052 40184 57003==
62414 42960 03609 10217 20026 40190 52002==
62419 42960 00308 10215 20006 40186 52004==
62420 42560 33605 10178 20084 40208 52006 83200==
62435 42960 00406 10210 20053 40195 52005==
62440 42/60 43212 10178 20076 40192 52012 84030==
62455 42960 03406 10176 20061 40191 52005==
62458 42960 03107 10186 20094 40188 52002==
62459 42560 13021 10199 20100 40167 54000 81100==
62465 42960 03208 10222 20061 40152 54000==
63210 32980 00312 10269 20210 40116 333 59014=
63227 32980 00712 10274 20140 40164 333 59008=
41256 329// 30410 10264 20206 30099 40116 90845 333 59025 55407 55408 55507 55508=
41316 32584 19909 10274 20194 30106 40135 81500 90845 333 59008 55407 55408 55507 55508 81625=
