SIPK OPKC 030300=
41504 22997 00000 11040 21103 37917 48590 333 21060 58028 60007 70000 58%=
41505 22696 00000 11035 21050 38/// 48/// 333 21045 58/// 60007 70000 90%=
41506 22997 03614 10055 21067 38556 48553 333 20019 59007 60007 70000 41%=
41506 22997 03614 10055 21067 38556 48553 333 20019 59007 60007 70000 41%=
41507 22997 00000 10045 20009 39275 49812 333 20035 58020 60007 70000 77%=
41508 22997 03102 11011 21040 38685 48547 333 21020 59008 60007 70000 80%=
41509 22997 00000 10010 21017 38831 48557 333 20005 58031 60007 70000 82%=
41510 22997 00000 11045 21055 37831 48561 333 21050 58003 60007 70000 89%=
41515 22997 00000 10008 21032 38605 48563 333 21005 58057 60007 70000 73%=
41516 22996 00000 11015 21063 38622 48573 333 21040 58018 60007 70000 70%=
41518 22697 31802 10017 21073 38/// 48/// 82230 333 20006 56990 5//// 60007 70000 82840 81362 50%=
41518 22697 31802 10017 21073 38/// 48/// 82230 333 20011 56990 5//// 60007 70000 82840 81362 50%=
41519 22997 00000 10060 21033 38851 48579 333 20050 58030 60007 70000 51%=
41520 22997 01802 11060 21110 37676 48350 333 21061 58026 60007 70000 64%=
41523 22697 20000 10015 21011 39128 48518 83020 333 20010 56090 58017 60007 70000 83460 82%=
41524 22997 00000 10110 21008 39388 40267 333 20060 58035 60007 70000 44%=
41525 22997 21804 10020 21032 37674 48405 80001 333 21005 56009 59014 60007 70000 82070 68%=
41528 22997 00000 10065 20031 39228 48501 333 20044 59029 60007 70000 79%=
41529 22996 60000 10070 20009 39777 40173 83031 333 20056 56099 59041 60007 70000 83360 84070 64%=
41530 01995 00000 10095 21039 39793 40171 70522 82031 333 20075 56099 59039 60007 70000 82310 85073 39%=
41534 22997 30000 10045 20006 39736 40171 83030 333 20040 56090 59037 60007 70000 83360 76%=
41535 22997 30000 10020 21020 38706 48470 80001 333 20016 56009 59027 60007 70000 83070 74%=
41536 22997 00000 10040 20003 39041 48494 333 20035 59025 60007 70000 77%=
41560 22997 01302 10015 21010 38298 48532 333 21025 58002 60007 70000 84%=
41562 22997 03102 10105 21008 39676 40151 333 20085 59035 60007 70000 45%=
41565 22996 03104 10072 21019 38662 48516 333 20050 59008 60007 70000 53%=
41567 21996 00000 10070 20021 39699 40132 70400 333 20060 59037 60007 70000 71%=
41571 21996 20504 10075 20017 39572 40176 70500 80001 333 20055 59029 60007 70000 67%=
41571 21996 20504 10075 20017 39572 40176 70500 80001 333 20055 59029 60007 70000 67%=
41572 21996 00000 10080 21005 39512 40157 70400 333 20065 59030 60007 70000 55%=
41573 22997 01302 10045 21030 37962 48496 333 21010 59018 60007 70000 58%=
41574 22997 01302 10010 21002 38372 48556 333 21010 58018 60007 70000 92600 92%=
41576 21996 00000 10055 20031 40182 71000 333 20050 59023 60007 70000 84%=
41577 21996 30000 10045 20034 39538 40180 70400 83030 333 20030 56090 59026 60007 70000 83360 92%=
41593 21996 00000 10085 20039 39923 40147 70400 333 20075 59033 60007 70000 73%=
41597 21996 00000 10090 20045 39869 40172 70400 333 20075 59025 60007 70000 73%=
41598 21995 00000 10070 20047 39869 40152 71000 333 20069 59027 60007 70000 85%=
41599 21/90 90000 10060 20060 39862 40165 74540 8//// 333 20055 56/// 59013 60007 70000 89/// 100%=
41600 21992 93102 10075 20075 39849 40156 74544 8//// 333 20060 59022 60007 70000 89/// 100%=
41620 31996 01802 10030 21058 38580 48481 70500 333 20005 59011 60007 70000 52%=
41624 21994 03102 10100 20031 39940 40147 70400 333 20095 59031 60007 70000 62%=
41625 21995 00000 10085 20039 39942 40151 70400 333 20080 59016 60007 70000 73%=
41630 21995 00000 10060 20036 40159 70400 333 20055 59032 60007 70000 85%=
41633 21996 00000 10050 20038 4//// 70400 333 20045 5//// 60007 70000 92%=
41634 22996 00000 10070 20011 3//// 4//// 333 20045 5//// 60007 70000 66%=
41635 21996 00000 10055 20031 3//// 4//// 71000 333 20052 5//// 60007 70000 84%=
41636 21996 00000 10070 20047 39965 40160 70400 333 20065 59020 60007 70000 85%=
41638 21995 00000 10075 20064 4//// 71000 333 20072 5//// 60007 70000 93%=
41639 21996 00000 10095 20063 3//// 4//// 70400 333 20075 5//// 60007 70000 80%=
41640 21/93 90000 10085 20074 39901 40159 74744 333 20075 59022 60007 70000 89/// 93%=
41641 21/91 91503 10075 20075 39881 40167 74544 333 20074 59016 60007 70000 89/// 100%=
41642 21993 00000 10060 20048 3//// 4//// 74440 333 20053 5//// 60007 70000 92%=
41643 21/91 90000 10075 20075 39869 40156 74544 333 20065 59029 60007 70000 89/// 100%=
41644 21994 00000 10085 20063 4//// 71000 333 20070 5//// 60007 70000 86%=
41646 21994 00000 10095 20074 39958 40181 71000 333 20080 59008 60007 70000 87%=
41652 21996 03102 10075 20027 39976 40162 70400 333 20065 59028 60007 70000 72%=
41660 22997 21306 10020 21084 384212 48514 82030 333 21011 56090 590239 60007 70000 82360 46%=
41661 22697 20000 11010 21048 38385 48518 82500 333 21030 56900 59017 60007 70000 82635 73%=
41669 22997 00000 10075 20040 3//// 4//// 70200 333 20070 5//// 60007 70000 79%=
41670 21996 00000 10075 20040 3//// 4//// 70400 333 20070 5//// 60007 70000 79%=
41674 21994 00000 10080 20058 3//// 4//// 71000 333 20077 5//// 60007 70000 86%=
41675 21994 00000 10080 20058 30001 40151 71000 333 20073 59032 60007 70000 86%=
41676 21995 00000 10080 20046 30023 40187 70400 333 20073 59010 60007 70000 79%=
41677 21995 00000 10080 20058 39985 40159 71000 333 20057 59009 60007 70000 86%=
41678 21995 00000 10100 20057 40164 70400 333 20085 59004 60007 70000 74%=
41679 21/91 90000 10090 20090 4//// 74544 333 20078 5//// 60007 70000 89/// 100%=
41680 21995 00000 10065 20036 39951 40161 71000 333 20060 59028 60007 70000 85%=
41685 22997 00000 10070 21019 38938 48510 333 20040 58032 60007 70000 53%=
41696 22997 00000 11010 21063 38008 48545 333 21045 59012 60007 70000 64%=
41697 22997 00000 10090 20045 39998 40161 333 20075 59011 60007 70000 73%=
41700 21994 00000 10075 20053 30015 40149 71000 333 20071 59019 60007 70000 86%=
41701 21994 00000 10065 20042 30015 40165 71000 333 20055 59020 60007 70000 85%=
41710 22997 30000 10060 21033 39359 40160 80001 333 20010 56009 59043 60007 70000 83070 51%=
41712 22697 60000 10055 21023 39213 48503 83520 333 20030 56990 59024 60007 70000 83640 84460 57%=
41715 21993 00000 10100 20079 30092 40159 70400 333 20085 58028 60007 70000 87%=
41716 21994 00000 10080 20058 30068 40177 71000 333 20069 59016 60007 70000 86%=
41718 21995 00000 10070 20047 30046 40154 71000 333 20064 59012 60007 70000 85%=
41724 21994 00000 10095 20068 30102 40185 71000 333 20080 59017 60007 70000 80%=
41725 21995 00502 10115 20062 30077 40158 70500 333 20100 59024 60007 70000 70%=
41726 21994 00000 10085 20063 30106 40181 71000 333 20075 58002 60007 70000 86%=
41738 21996 00000 10130 20068 39982 40169 70500 333 20130 59018 60007 70000 66%=
41739 22996 00504 10040 21011 39080 48512 333 20015 59003 60007 70000 69%=
41742 22997 03602 10120 20029 30051 40158 333 20080 59008 60007 70000 54%=
41743 21995 00000 10080 20045 70400 333 20060 60007 70000 73%=
41744 22996 00000 10040 21027 38787 48501 333 20020 59001 60007 70000 62%=
41745 21995 03102 10105 20062 70400 333 20085 60007 70000 75%=
41746 21995 03602 10095 20074 30105 40162 71000 333 20085 59006 60007 70000 87%=
41747 21994 00000 10075 20053 30095 40158 70400 333 20045 58001 60007 70000 86%=
41747 21994 00000 10075 20053 30095 40158 71000 333 20045 58001 60007 70000 86%=
41748 21996 03602 10100 20057 30102 40168 70500 333 20090 59015 60007 70000 74%=
41749 21995 00000 10100 20068 30127 40163 70400 333 20090 59002 60007 70000 81%=
41756 21996 00902 10180 20127 30107 40174 70504 333 20105 59010 60007 70000 71%=
41757 22996 00000 10105 21062 30152 40165 333 20095 59006 60007 70000 75%=
41759 01995 00000 10110 20079 30162 40168 60002 71011 333 58006 60007 81%=
41759 21995 00000 10110 20079 30152 40158 71011 333 20075 59012 60007 70000 81%=
41760 21996 00506 10130 20043 30135 40148 70500 333 20098 5908 60007 70000 55%=
41764 21996 00000 10150 20043 30099 40150 70400 333 20145 59018 60007 70000 49%=
41765 22996 00000 10140 20056 30122 40158 333 20130 59014 60007 70000 57%=
41766 21994 03102 10100 20079 30132 40163 74000 333 20095 58003 60007 70000 87%=
41767 22996 00000 10100 20057 3//// 4//// 333 20085 60007 70000 74%=
41768 22996 00000 10090 20032 30143 40150 333 20060 58020 60007 70000 67%=
41780 22996 03604 10180 20013 30129 40157 333 20135 59013 60007 70000 32%=
41783 22996 03602 10140 20043 30118 40149 333 20125 59002 60007 70000 52%=
41785 01995 00000 10110 20079 30143 40156 70400 333 20100 59003 60007 70000 81%=
41786 22996 36002 10080 20033 30082 40130 333 20070 59012 60007 70000 72%=
41BAG 22996 00504 11015 21069 333 21040 60007 70000 63%=
41BKI 21995 60000 10085 21004 39728 40159 70420 83031 333 20070 59031 56099 60007 70000 83360 83070 53%=
41SKP 21992 00000 10065 20065 4//// 74244 333 20058 5//// 60007 70000 100%=
43532 22697 30000 10060 20013 39372 40207 83500 333 20045 56900 59002 60007 70000 83640 72%=
43533 22997 00000 10080 20036 39250 48503 333 20055 58001 60007 70000 74%=
43536 32595 80000 10031 20005 38461 48548 84520 333 20020 58019=
43563 22997 00000 10072 20048 39458 40174 333 20055 59019 60007 70000 86%=
41517 22696 40000 11040 21084 37869 48618 81530 333 21046 56990 58039 60007 70000 81640 83360 68%=








Data Generated from File : D:/all data handling/Rmc_lhr/2025020303.FSU.txt
03/02/2025   04:12:32
____________________________________________________________________________________________
15020 27/40 /3001 10002 21001 30032 40238 54000 7616/ 333 55300 20000 60007==
15090 21250 83601 10008 20004 30135 40231 57005 72165 8662/ 333 55300 10040 20000 30000 69947 91002 90730 91102==
15108 21/00 92805 11081 21088 38046 48470 57003 74944 89/// 333 55300 20000 60007 91006 90730 91107==
15150 21458 83403 10008 20001 30007 40229 57003 71072 886// 333 55300 20000 69917 91005 90730 91105==
15170 21513 83600 11005 21009 39406 42796 57007 71072 885// 333 55300 20000 69917 91002 90730 91102==
15280 21/70 72806 11069 21083 37457 47997 57014 73633 87070 333 55300 20000 60007 91012 90730 91112==
15310 27/35 /3602 10018 20015 30114 40203 57014 7818/ 333 55300 10020 20000 30000 69907==
15335 21463 83302 10060 20047 30189 40197 56016 76122 8672/ 333 55300 20000 69917 91002 90730 91103==
15350 24/65 /0403 10032 20017 30089 40212 57005 333 55300 20000 60007==
15360 27457 82105 10068 20065 30176 40193 57022 7818/ 886// 333 55300 20000 69917 91007 90730 91108==
15420 27/60 /2202 10043 20024 30090 40204 56014 7101/ 333 55300 20000 60007==
15460 27/31 /2503 10039 20035 30181 40206 57010 7101/ 333 55300 20000 60007==
15470 27559 82302 10048 20036 30082 40211 57012 7101/ 8457/ 333 55300 20000 60007 91003 90730 91104==
15480 24462 82202 10084 20065 30177 40194 57018 886// 333 55300 10020 20000 30000 60007 91004 90730 91105==
15549 41/01 92502 10027 20025 39780 40205 57006 74554 333 10059 20025 555 59800 64299=
15552 42460 53202 10062 20053 30149 40199 57009 83530 333 10086 20061 555 594// 92032 92437=
15640 41558 80000 10072 20052 39893 40208 57013 71022 886// 333 10075 20068 555 587//=
15655 42562 82501 10082 20067 30169 40202 57014 885// 333 10088 20082 555 590// 92021 92427=
15730 41658 80000 10057 20050 39809 40211 57014 71022 8657/ 333 10083 20057 555 595//=
16627 42460 20000 10028 20018 30198 40205 57011 82100 333 90730 91104==
16650 42560 50000 10076 20054 30191 40200 57020 82105 333 82820 85068 90730 91105==
16723 42960 09902 10074 20070 30195 40209 57008 333 90730 91104==
16742 42960 09902 10128 20105 30045 40202 57011 333 90730 91106==
16749 42560 89901 10106 20094 30182 40196 57011 83208 333 83820 88268 90730 91104==
16754 42560 61805 10120 20084 30160 40210 58001 82106 333 82820 86068 90730 91108==
16760 46/// /9901 10074 20053 39795 40219 57002 333 90730 91106==
16765 46/// /3404 10129 20101 30182 40202 57005 333 90730 91107==
17022 42670 11202 10049 20049 30041 40210 57009 81100 333 81834 90730 91105==
17024 46/78 /1911 10042 20034 30122 40201 57012==
17026 46/81 /1402 10084 20063 30175 40213 57015==
17031 41215 50902 10056 20054 30210 40216 57013 74022 85200 333 84706 85830 90730 91105==
17034 42/70 41201 10071 20041 30180 40227 57018 84030 333 84360==
17038 42970 00000 10058 20029 30175 40224 57019 333 90730 91110==
17042 47/59 /1203 10036 20021 30193 40235 57021 704//==
17050 42/70 51701 10080 20052 30149 40212 57014 85030 333 85359 90730 91103==
17056 42670 62701 10084 20061 30205 40209 57013 83230 333 83835 86360 90730 91105==
17060 42360 63401 10064 20047 30171 40212 57011 86600 333 86709 90730 91104==
17070 46/70 /0000 11005 21008 39333 40217 58005==
17074 46/66 /2201 10005 21006 39269 40222 57009==
17084 42970 00000 11010 21015 39304 40221 57008 333 90730 91102==
17085 46/60 /1201 10021 21002 39727 40222 57006==
17092 41957 00903 11078 21095 38913 48530 56008 71000 333 90730 91106==
17096 41009 40000 11248 21256 38267 48550 57011 74144 84600 333 84701 90730 91103==
17098 42960 02704 11164 21179 38213 48533 57009 333 90730 91107==
17100 41940 00000 11044 21098 39238 40264 56002 70500==
17112 46/73 /0401 10058 20047 30198 40206 57011==
17115 41903 00000 10026 20026 30161 40213 57013 74444 333 90730 91103==
17116 41540 40801 10054 20054 30094 40217 57012 71000 84600 333 84720 90730 91102==
17124 41004 90000 11034 21037 39295 40236 58008 74944 333 90730 91104==
17128 42660 42403 11014 21035 39108 40224 57007 83501 333 83635 84068 90730 91106==
17135 42970 00801 10000 21004 39331 40219 55005 333 90730 91104==
17140 42965 00000 11022 21037 38721 48505 57009 333 90730 91102==
17150 41420 70000 10054 20054 30086 40211 57012 71022 87600 333 87710 90730 91104==
17160 42970 00000 11021 21069 39048 48512 55006 333 90730 91102==
17170 42560 10803 11070 21110 38357 48531 57009 81500 333 81630 90730 91106==
17175 42665 42101 10078 20071 30193 40197 57012 82130 333 82840 84360==
17184 41656 32701 10025 20023 30100 40213 57010 71000 82140 333 82840 83360 90730 91102==
17190 41930 50000 10000 20000 39015 48512 58010 71022 80008 333 85270 90730 91103==
17195 42970 00402 11053 21078 39002 48514 58005 333 90730 91105==
17200 42960 02104 11061 21080 39228 40241 55008 333 90730 91107==
17202 42970 02304 11046 21074 39171 40242 56005 333 90730 91105==
17203 42970 02701 11023 21094 38914 48560 57008 333 90730 91103==
17210 46/80 /0000 10028 21087 39169 40216 56009==
17219 41957 00000 10032 20025 30065 40211 57012 71000 333 90730 91104==
17234 42970 00602 10079 20075 30145 40213 57010 333 90730 91105==
17237 42970 00000 10063 20039 39708 40214 57016 333 90730 91102==
17240 42970 00000 10014 21008 39064 40217 57013 333 90730 91102==
17244 41958 00201 11027 21046 39021 48512 58008 71000 333 90730 91104==
17248 46/64 /0000 11014 21052 39005 40227 57009==
17250 46/65 /0303 11036 21077 38830 40244 57008==
17260 42960 03003 10005 21028 39350 40173 57009 333 90730 91105==
17270 42970 02802 10067 21054 39556 40203 57008 333 90730 91105==
17275 46/79 /0000 10066 21098 39008 40203 55005==
17280 42960 01003 11033 21073 39419 40227 55004 333 90730 91105==
17290 42970 03601 10139 20105 30176 40208 57007 333 90730 91104==
17292 41940 00000 10023 20009 39446 40209 57012 71000==
17300 42560 13607 10091 20050 30136 40208 57016 81100 333 81830 90730 91110==
17310 46/77 /0902 10136 20059 30178 40186 57017==
17330 46/// /0000 10106 20039 30183 40196 57014==
17350 42960 00306 10062 20036 30114 40193 58013==
17370 42970 30000 10117 20033 30198 40202 57013 80001 333 83070 90730 91102==
17375 46/// ///// 10106 20063 30192 40195 57013==
33088 42560 32702 11029 21040 30027 40226 53002 83500==
33135 425// 82302 11007 21049 30054 40206 57007 885// 333 55000 88633==
33177 41540 72801 11021 21027 39999 40246 53005 71022 87500==
33317 425// 53104 11021 21040 39881 40230 53005 85500 333 55001==
33393 41460 83203 11013 21027 39844 40249 53006 70272 886// 333 88710==
33415 42660 83002 11002 21020 39826 40236 53003 885//==
33429 41560 82904 11012 21023 39793 40229 57001 78588 889// 333 86921==
33466 42561 80000 11002 21026 30023 40216 57008 8435/ 333 34///==
33506 42560 72201 10000 21036 30017 40219 57010 87500 333 55024==
33562 41560 80000 10004 21016 39916 40229 57005 78582 8595/==
33587 425// 80000 10000 21027 39949 40219 57010 8555/==
33658 41448 82803 11001 21005 39931 40240 52002 78382 889// 333 55000 86710==
33663 41560 80000 10008 21003 30129 40228 57009 70282 8695/==
33664 41595 82801 11008 21008 39904 40231 57003 71082 885// 333 55000 555 21008 7997/=
33678 41595 82802 11017 21018 30031 40248 57001 77172 885// 555 21017 7992/=
33679 41497 83001 11004 21019 30036 40233 57003 78582 889// 555 21005 7997/=
33711 42660 80000 11006 21024 30002 40218 57011 885// 333 88647==
33745 41496 80000 10000 20000 30049 40249 57002 78582 889// 333 55013 555 21001 7001/=
33748 41596 80402 11004 21004 39930 40224 57006 78582 889// 555 21004 7002/=
33754 41496 80000 10000 21008 30076 40227 56007 78582 883// 333 55004 88919 555 21001 7990/=
33761 41440 80000 11005 21008 39992 40222 57010 77172 8872/==
33791 42/71 62101 11002 21008 30096 40228 56009 86030==
33815 41/92 90000 11002 21005 30008 40222 57007 78584 333 55037 93707 96045 555 21004 7007/=
33837 41258 80903 10009 20000 30155 40208 57019 76166 8872/ 333 55045==
33881 41595 83601 11001 21002 30014 40217 57006 71082 883// 555 21001 7006/=
33883 41597 83501 11002 21002 30040 40208 57012 72682 883// 555 21002 7006/=
33885 41/92 93601 10000 20000 30073 40219 57009 78584 333 55000 96045 555 21001 7008/=
33892 41597 80402 11010 21009 39994 40212 57010 78582 883// 333 55048 555 21010 7008/=
33902 41540 80000 10003 20000 30160 40221 57013 78582 889// 333 55074==
33924 22570 80903 10027 21009 30201 40214 57018 885// 333 20005 60002==
33946 22570 81602 10031 20022 39990 40215 57014 885// 333 21006 55034 60002 88623==
33983 22560 60102 11014 21022 30160 40223 57010 85530 333 21041 55017 60002==
34300 42560 53301 11010 21042 30037 40220 57008 85500==
34336 21460 70000 11007 21019 30115 40221 57008 70282 86330 333 21007 47997 69902==
34344 22/70 82001 10003 21005 30128 40218 56009 8807/ 333 20002 60002==
34356 22/70 70000 11015 21015 30073 40225 57003 87050 333 21015 55000 69902==
34357 22570 82201 10002 21024 30060 40219 57003 885// 333 20002 60002==
34398 213// 81905 11011 21021 30229 40242 57010 71022 886// 333 55000 60002==
34415 42660 70000 11012 21022 30122 40222 57010 87500==
34438 22460 81301 11019 21027 30030 40228 57009 885// 333 21022 60002==
34445 22570 81601 11023 21023 30108 40226 57006 885// 333 21036 60002==
34461 22460 80000 11032 21046 30170 40227 55003 885// 333 21034 60002==
34473 /15// 81903 10005 21004 30183 40222 57008 71022 886// 333 43997 55000 555 21004 60022 7002/=
34476 21420 81403 10002 21003 30217 40225 57008 71082 886// 333 21003 55000 60012==
34504 42565 80000 11005 21020 30045 40224 57011 8655/==
34535 22570 50000 11017 21029 30157 40231 57008 85900 333 21023 60002==
34545 22570 80000 11039 21045 30117 40232 57006 885// 333 21061 60002==
34555 22570 72401 11010 21035 30147 40241 54001 83504 333 21008 60002==
34560 41040 52202 11027 21027 30035 40232 57003 71041 85600 333 21032 85701==
34578 21/05 91701 10018 20018 30222 40229 56008 74564 89/// 333 20014 69952==
34579 21420 81502 10006 20000 30183 40227 57010 72162 8872/ 333 20001 69952==
34644 21940 00000 11031 21038 30152 40231 57008 71000 333 21043 60002==
34646 22/70 63001 11013 21024 30148 40232 57009 82031 333 21024 55000 60002==
34655 21/05 90000 11035 21040 30176 40238 55004 74344 89/// 333 21045 60002==
34662 22/70 72701 11006 21023 30220 40232 56007 80050 333 21014 60002==
34691 21505 71402 11024 21030 30457 40444 57009 74442 87500 333 55000 60002==
34720 22460 80000 11001 21011 30190 40231 56009 886// 333 21008 55024 60002==
34727 21/40 61601 11026 21032 30202 40233 56009 71011 86030 333 21038 60002==
34743 21/10 73101 11010 21013 30144 40236 57007 71022 87030 333 21016 60002==
34759 21420 81301 10025 20025 30101 40234 57007 71022 889// 333 20025 55001 69912==
34772 22560 81502 10024 20014 30230 40233 57009 885// 333 20012 60002==
34785 21440 81402 11006 21015 30265 40242 56009 71022 886// 333 21010 60002==
34798 21940 80601 11012 21022 30372 40342 58011 72844 80007 333 60002==
34824 21540 80701 10004 21009 30226 40231 57012 71022 885// 333 21019 55000 60002==
34838 21/40 80302 10016 20001 30131 40229 56011 76366 8802/ 333 20016 60032==
34845 21540 80301 10017 20011 30121 40230 57011 71082 883// 333 20017 31/// 60012==
34858 21/02 90000 10033 20033 30123 40232 57011 76164 89/// 333 20033 69902==
34861 21/05 90202 10024 20024 39986 40232 57006 75145 89/// 333 20024 55003 69932==
34866 21440 83101 10042 20041 30242 40233 57005 71022 886// 333 20042 60002==
34880 21540 81201 10004 21006 30266 40239 57008 71022 889// 333 20004 55040 69902==
34887 21/02 91102 10014 20011 30260 40237 57011 74544 89/// 333 20011 60002==
34949 22/// /1301 10022 20011 39675 40229 57012 333 20022 60002==
34954 22460 80902 10034 20021 30058 40238 56012 885// 333 20015 55014 69932==
34958 22570 80000 10000 20000 30031 40235 56011 885// 333 21012 60002==
34975 21440 81601 10039 20026 30235 40231 57011 71022 885// 333 20038 31/// 60002 88619==
34984 21/05 90702 10013 20008 30268 40237 57008 74544 89/// 333 20009 60002==
35217 414// 81805 11026 21042 30232 40273 57006 70352 886// 333 47014==
35302 115// 81806 11015 21026 30237 40258 57008 60002 71022 886// 333 42001==
35315 325// 81404 11030 21040 30223 40281 57007 885// 333 47005 555 21035 3/104 7000/=
35344 /15// 81303 11054 21068 30043 40342 58006 70272 885// 333 47031 55000 555 21055 69902 7990/=
35358 12/// 30902 11110 21130 30170 40350 57005 60002 83040 333 43022==
35368 32998 00902 11155 21182 30100 40389 57005 333 48041 55000 555 21169 7000/=
35386 31592 81902 11070 21091 39868 40412 52004 74642 885// 333 47026 555 21074 7992/=
35394 41540 81101 11058 21069 39711 40415 52006 71042 885// 333 47037==
35404 325// 81805 11008 21018 30243 40251 57010 885// 555 21020 34101 7000/=
35406 125// 81602 11020 21032 30264 40266 57006 60002 885// 333 46003 55000==
35416 125// 81407 11032 21053 30168 40291 57011 60002 885// 333 47009 55000==
35426 125// 81304 11046 21081 30016 40317 57004 60002 885// 333 47012==
35437 325// 81602 11049 21077 30087 40414 54000 885// 333 47016 55003 555 21050 7000/=
35449 329// 60504 11069 21090 30239 40347 57010 80001 333 48016 555 21092 7000/=
35497 12570 60903 11051 21061 39847 40695 53001 60002 86500 333 47056==
35498 32698 81501 11110 21135 39497 40425 52002 885// 333 47050 555 21110 7993/=
35514 31596 81404 11020 21026 30481 40477 57007 71022 885// 333 42003 555 21024 7000/=
35522 326// 81404 11025 21044 30042 40300 57003 885// 333 47005 555 21036 7000/=
35542 325// 70702 11053 21071 30187 40340 57008 87500 333 47008 55000 555 21066 7000/=
35563 32998 01802 11130 21150 39580 40399 57001 333 47026 55035 555 21132 7000/=
35576 12970 40702 11160 21184 39928 40414 53001 60002 80001 333 47028==
35582 32998 02005 11115 21150 39786 40423 53011 333 47020 555 21115 7990/=
35594 31/92 90000 11150 21167 39540 40440 52005 74944 333 47029 555 21158 7990/=
35605 32598 81105 11022 21031 30281 40259 57004 885// 555 21025 7000/=
35633 319// 61002 11045 21061 30106 40327 57008 71022 83071 333 44004 55000 555 21045 7000/=
35671 11540 40803 11124 21140 39934 40391 53001 60002 71011 82540 333 47012==
35699 12960 00203 11087 21111 39624 40415 53009 60002 333 48027==
35700 12570 81308 11020 21023 30282 40258 57006 60002 885// 333 55000==
35715 32597 81705 11022 21058 30294 40279 58014 885// 555 21029 7000/=
35739 326// 80902 11030 21081 30163 40306 58012 885// 333 48004 555 21032 7000/=
35746 12/// 50604 11069 21085 30243 40312 57008 60002 82051 333 46997 55031==
35777 32997 00503 11147 21174 30013 40387 57005 333 47011 555 21151 7000/=
35796 12960 00403 11157 21175 39955 40426 53002 60002 333 48031 55056==
35849 129// 00202 11079 21114 30215 40305 57004 60002 333 42/// 55000==
35895 31995 03603 11180 21186 39945 40429 53003 71000 333 47009 555 21185 7000/=
35907 32598 80803 10006 21011 30267 40236 57002 885// 555 21011 7000/=
35925 115// 81104 11038 21041 30180 40295 58007 60002 71012 887//==
35927 319// 01106 11039 21046 30275 57009 71011 555 21042 7000/=
35953 129// 50702 11083 21115 30169 40305 57004 60002 80001 333 42001==
35969 12984 20907 11091 21136 30149 40331 53002 60002 80001 333 46001==
35997 31996 00000 11147 21174 39930 40398 53003 71000 333 47002 555 21157 7000/=
36259 42584 50000 11325 21359 38335 48622 52012 82902 333 21340==
36335 31993 80000 11054 21066 39368 40422 52006 74244 8802/ 333 48042 555 21055 7990/=
36358 32699 80000 11056 21081 39373 40421 52009 885// 47017 555 21056 7992/=
36394 /1597 71205 11078 21092 39989 40430 52012 70232 87500 333 48017 555 21100 69932 7002/=
36397 42/84 81604 11094 21115 39837 40430 52010 8802/ 333 47009==
36403 /1998 81004 11071 21100 30053 40429 52010 70272 8007/ 333 48046 55000 555 21078 69982 7004/=
36418 /1996 72701 11129 21142 39806 40462 52010 71072 85033 333 48084 555 21134 60012 7003/=
36421 /1999 70000 11138 21154 39858 40461 52009 70272 86031 333 47121 555 21142 60012 7002/=
36428 41784 70301 11134 21161 39928 40464 52006 70272 83550 333 47062 55018==
36439 /1798 61206 11171 21180 39112 48583 52008 73632 81531 333 48037 555 21202 69922 7992/=
36498 32698 83302 11075 21088 39601 40424 52005 8553/ 333 48058 555 21109 7993/=
36501 31696 80000 11046 21052 39638 40411 52007 71022 885// 333 47005 555 21052 7002/=
36535 42684 70000 11125 21159 39796 40468 52011 87500 333 48099 55000==
36546 /1996 82101 11123 21126 39885 40458 53009 71072 8807/ 333 47048 555 21162 60012 7001/=
36619 31991 00000 11177 21181 74840 333 47024 555 21187 7000/=
36622 32998 70000 11092 21121 39588 40429 52006 87040 333 48043 555 21167 7993/=
36639 12/84 20000 11238 21274 39784 40457 53005 60002 82030 333 48083==
36643 31596 63001 11138 21150 39757 40465 52010 71022 85580 333 47016 555 21149 7000/=
36665 31696 72902 11127 21154 39676 40447 52010 71022 87900 333 47022 55064 555 21156 7000/=
36666 /2497 73202 11138 21154 39936 40464 52013 84680 333 47015 55008 555 21163 69922 7992/=
36729 31995 80000 11234 21256 39920 40456 53006 71022 80007 333 47020 555 21234 7000/=
36736 32999 03602 11194 21210 39853 40459 53008 333 48023 55043 555 21229 7000/=
36744 32998 00503 11156 21169 39915 40399 58006 333 47004 555 21158 7000/=
36770 32999 01201 11199 21203 39616 40409 54000 333 47029 555 21220 7000/=
36786 32999 00000 11149 21166 39427 40410 53003 333 47065 555 21153 7000/=
36796 32998 00000 11262 21288 39148 48542 53004 333 47079 555 21264 7000/=
36803 32999 00000 11180 21192 39949 40439 57004 333 47008 555 21188 7000/=
36806 32998 81606 11114 21192 39917 40408 52015 80009 333 47001 555 21133 7000/=
36819 31997 30701 11143 21156 39723 40378 57008 71011 80001 333 47004 55075 555 21143 7000/=
36821 11940 00702 11160 21165 39869 40398 54000 60002 71000 333 43003==
36839 32999 00501 11180 21233 39193 40417 57002 333 47016 555 21200 7000/=
36843 32998 02502 11096 21156 39144 40374 54000 333 47052 555 21109 7000/=
36846 32999 00904 11149 21226 38681 48556 57001 333 47074 555 21175 7000/=
36859 12984 00000 11144 21161 39595 40436 53002 60002 333 47006==
36870 12970 00000 11103 21113 39294 40359 53002 60002 333 47031==
36874 31/93 90000 11188 21199 39680 40539 54000 74942 333 47015 555 21190 7000/=
36877 32999 02101 11182 21191 39717 40821 57001 333 47019 555 21182 7000/=
36885 32999 01102 11105 21144 39180 40369 53001 333 47040 555 21119 7000/=
36889 32999 01802 11095 21243 37068 47090 58004 333 47015 555 21112 7000/=
36894 32999 00904 11095 21130 39594 40372 53001 333 47015 555 21123 7000/=
36905 32999 01501 11104 21143 38821 48556 53002 333 47028 55080 555 21115 7000/=
36911 12999 00000 11113 21119 39293 40325 57002 6//// 333 21126 43006 555 51060 530// 7000/=
36927 12699 10000 11053 21123 38414 48576 53005 6//// 81100 333 21070 555 51039 530// 7000/=
36934 12698 60302 11060 21104 38330 48464 53002 6//// 85932 333 2//// 555 11026 5//// 530// 7000/=
36953 32999 00000 11191 21196 38266 48508 53005 333 47021 55079 555 21243 7000/=
36963 12999 01403 11162 21281 37050 48/// 53002 6//// 333 2//// 4/007 555 11170 5//// 530// 7000/=
36974 12998 00901 11220 21232 38065 48635 53005 6//// 333 2//// 4/005 555 11143 5//// 530// 7000/=
36982 12999 20501 11172 21315 36541 47155 53004 6//// 80001 333 21253 45001 555 5//// 530// 7////=
37018 22660 82103 10086 20078 30145 40220 57009 889// 333 20078 55029 60082==
37031 22560 81501 10027 20009 30027 40226 57010 885// 333 20027 55054 69922==
37054 21940 00000 11020 21028 39844 40241 57015 71011 333 21024 60002==
37061 21/00 90000 11017 21021 30065 40240 57012 74544 89/// 333 21022 55015 60002==
37085 22540 80000 10048 20020 30269 40241 57006 885// 333 20038 30/// 60002==
37171 21540 80603 10072 20064 30211 40230 57017 78082 889// 333 20068 60042 88931==
37228 22960 01801 11016 21053 39387 40246 57012 333 21016 55066 60002==
37235 22960 01001 11012 21016 39921 40248 57007 333 21014 60002==
37472 21540 82401 10042 20026 30267 40244 57004 71022 8357/ 333 20020 30/// 55058 60002==
38149 12970 00302 11061 21076 30211 40292 57008 60002==
38178 12970 00202 11065 21085 39978 40279 57007 60002 333 55077==
38262 12920 00202 11068 21080 30199 40285 57009 60002 333 55073==
38264 12970 03501 11072 21077 30186 40285 57004 60002==
38345 12999 00901 11123 21166 38828 48508 57003 6//// 333 21136 3/116 47005 555 5//// 530// 7000/=
38353 12998 00000 11097 21123 39372 40327 57002 6//// 333 21104 3/121 47011 555 5//// 530// 7000/=
38388 32998 00201 11042 21092 30198 40272 57011 333 21044 34106 55090 555 7000/=
38392 32997 00502 11058 21065 30162 40271 57002 333 21059 55093 555 7000/=
38396 12960 00304 11048 21065 30145 40276 53001 60002 333 21049==
38403 12960 00202 11028 21099 30136 40262 57003 60002==
38413 12970 00802 11034 21101 39975 40279 57008 60002 333 55086==
38457 12960 00000 11024 21054 39650 40259 57007 60002 333 55071==
38462 12984 00000 11057 21153 38777 48505 57005 60002 333 21075==
38507 32996 00000 11009 21037 30149 40256 57007 333 21019 30104 55081 555 7000/=
38545 32998 03401 11042 21047 30073 40225 57004 333 21046 34109 55080 555 7000/=
38565 12970 00000 11053 21074 39618 40193 57003 60002 333 21070==
38579 12960 00000 11041 21050 39820 40258 57005 60002 333 55065==
38583 11/02 90000 11040 21049 39923 40260 57003 60002 74740 89///==
38599 31416 20202 11009 21025 39707 40261 54000 71000 82500 333 21034=
38611 11940 03402 11025 21054 39682 40275 57004 60002 71000 333 55078==
38613 12999 00101 11056 21094 40282 57003 6//// 333 21056 31104 4/002 555 11014 5//// 530// 7000/=
38616 12998 01801 11069 21102 39225 40293 56007 6//// 333 2//// 555 11026 5//// 530// 7000/=
38618 12960 61601 11032 21049 39550 40268 57003 60002 80005 333 55074==
38647 32997 00000 11030 21058 30196 40240 52001 333 21030 34106 555 7000/=
38656 32998 00000 11038 21075 30140 40255 57008 333 21040 30105 55090 555 7000/=
38683 11905 00000 11032 21032 39950 40239 57005 60002 74240==
38687 31995 60000 11050 21050 30005 40253 54000 71011 80001 333 21050 34106 55078 555 7000/=
38696 12970 61102 11030 21033 39360 40248 57014 60002 80005 333 55085==
38713 32999 21402 11037 21094 39050 48500 58008 80001 333 21054 55089=
38750 32997 20301 10022 21015 30288 40259 53004 82030 333 20013 30000 55013 555 7000/=
38763 32997 00000 11032 21060 30142 40252 53002 333 21003 34106 55088 555 7000/=
38774 32997 02602 11002 21023 30052 40255 58001 333 21004 30103 555 7000/=
38799 32997 00000 11052 21066 30019 40264 53001 333 21054 31104 555 7000/=
38806 32997 33601 11048 21061 39957 40231 57006 80002 333 21050 34105 555 7000/=
38812 11920 00701 11021 21042 39763 40234 57001 60002 71000==
38836 32998 00000 11014 21014 39251 40216 53005 80001 333 21017=
38880 11997 02402 11014 21020 39985 40250 53004 60002 71000 333 21014 34102 555 7000/=
38886 31996 20000 11029 21046 30015 40255 57001 71000 82080 333 21037 34108 555 7000/=
38895 32996 20000 11020 21039 39953 40256 53001 80001 333 21020 34106 555 7000/=
38911 31996 33401 11010 21032 39936 40243 54000 71000 80002 333 21014 34102 55079 555 7000/=
38915 32997 30000 10000 21024 39918 40252 53004 83050 333 20000 34104 555 7000/=
38927 11906 71101 11006 21012 39846 40235 54000 60002 74644 80001 333 55084==
38933 31994 23601 11014 21050 39720 40254 54000 71000 80001 333 21016=
38944 31996 00201 11005 21014 39629 40180 53006 71000 333 21011=
38954 32999 00000 11122 21153 38018 48630 52001 333 21126=
38974 32998 80000 10002 21035 39900 40245 54000 80008 333 20001 30100 55091 555 7000/=
38987 32496 72101 11008 21012 39496 40266 53007 87500 333 21010 34102 55083 555 7000/=
40100 43/60 79902 10129 20061 30190 40206 55016 333 58///=
40180 01959 53600 10095 20067 30134 40184 57011 70510 80006 333 70000==
40199 02/// /0104 333 70000==
40255 46/// /0000 10090 29049 3//// 4//// 5////=
40265 42960 30000 10064 21020 39410 40208 57015 80005 333 83270=
40270 41958 00000 10068 21002 39296 40197 57013 70500=
40272 41950 30508 10062 21023 39364 40220 57012 70500 80001 333 83070=
40296 46/// /0000 10138 29065 4//// 5////=
40340 41956 00105 10120 20022 30124 40189 57016 70500=
40356 42960 01206 10033 21060 39221 48522 333 59022 555 04410 50207=
40357 42960 02006 10054 21060 39562 40208 333 59022=
40360 42960 01206 10032 21060 39605 40204 333 59028=
40361 42960 01605 10028 21070 39432 40270 333 59020=
40362 42960 02205 10053 21050 39695 40220 333 59012=
40373 42960 02804 10067 21040 39800 40226 333 58007=
40375 42960 20905 10038 21100 39311 40196 80002 333 59017 82070=
40394 42960 02106 10026 21020 39073 48536 333 59006 555 04410 50227=
40400 42960 00305 10158 20030 30129 40157 333 59015=
40405 42960 02102 10037 20010 39467 40249 333 58003=
40417 42960 03008 10095 21040 30195 40211 333 58019=
40420 42960 03012 10101 21060 30001 40218 333 58021=
40430 42960 03405 10117 21050 39457 40225 333 59007=
40437 42960 02803 10069 21060 39514 40234 333 58019=
40439 42960 00000 10154 20060 30121 40139 333 59004=
40582 31957 20000 10061 21046 40219 53004 70500 80001 333 55300 00000 10192 20000 30000 40842 51033 60000 55407 40000 82070 90400 91001 91103 91201 91301=
41024 42960 00606 10259 21010 30094 40120 333 59017=
41036 42960 02004 10100 21020 38579 48528 333 59004 555 04410 50171=
41055 42960 01002 10103 21040 38383 48532 333 58011 555 04410 50169=
41061 42960 01206 10101 21070 39483 40198 333 58025=
41084 42960 00000 10117 21020 38879 48530 333 58016 555 04410 50155=
41112 42960 03005 10090 21020 37956 48531 333 58004 555 04410 50141=
41114 42960 00000 10080 21030 37995 48533 333 58005 555 04410 50135=
41128 42960 00000 10100 21040 38850 48550 333 58015 555 04410 50196=
41136 42960 00806 10127 21120 39364 40186 333 58010=
41140 41558 31303 10243 20210 30118 40123 71000 83200 333 59009 83830=
41150 42962 03109 10146 20065 40208 333 58019=
41176 44/58 /3003 10083 20054 30201 40207 333 58017=
41184 42660 22005 10111 20063 401189 333 82500 333 58016 82640=
41194 42660 41806 10163 20079 30174 40180 84500 333 58013 84645=
41196 42660 31706 10147 20075 30144 40186 83100 333 58014 83845=
41216 42760 13009 10176 20062 30190 40194 81500 333 58024 81650=
41217 42660 32910 10183 20056 30159 40189 83500 333 58024 83645=
41244 36/// /3502 10124 20050 39752 40183 333 0E017 55300 25022 58016=
41246 36/// /2105 10144 20051 30175 40178 333 0E015 55300 25022 58015=
41255 36/// /0000 10116 20043 39638 40166 333 0E014 59006=
41257 36/// /0507 10159 20049 39677 40184 333 0E016 55300 20000 58003=
41263 36/// /3003 10120 20028 39577 40159 333 0E013 55300 20000 59007=
41267 26/// /0012 10204 20158 30156 40169 333 0E019 59002 70002=
41268 36/// /0008 10195 20152 30112 40160 333 0E017 55300 25022 59004=
41275 36/// /3309 10110 20034 30023 40201 333 0E011 55300 20000 58007=
41288 32460 13215 10194 20075 30150 40172 81500 333 58003 81615=
41315 36/70 /3314 10126 20045 39346 48259 333 0E018 55300 27865 58023=
41506 12960 03607 10055 21067 38556 48530 60001 333 20018 59007 70000==
41508 12960 03101 11011 21040 38685 48470 60001 333 21020 59008 70000==
41515 12960 00000 10008 21032 38605 48630 60001 333 21006 58057 70000==
41516 12940 00000 11015 21063 38622 48730 60001 333 21040 58018 70000==
41518 12460 31801 10017 21073 30001 48010 60001 81230 333 20006 56880 58000 70000==
41519 12960 00000 10060 21033 38851 48790 60001 333 20050 58030 70000==
41523 12660 20000 10015 21011 39128 48180 60001 83020 333 20010 56080 58017 70000==
41535 12960 30000 10020 21020 38706 48700 60001 80001 333 20016 56008 59027 70000==
41536 12960 00000 10040 20003 39041 48940 60001 333 20034 59025 70000==
41560 12960 01301 10015 21010 38298 48320 60001 333 21026 58002 70000==
41571 11940 20502 10075 20017 39572 40176 60001 70500 80001 333 20054 59029 70000==
41598 11920 00000 10070 20047 39869 40152 60001 71000 333 20068 59027 70000==
41600 11902 93101 10075 20075 39849 40156 60001 74544 89/// 333 20060 59022 70000==
41620 11940 01801 10030 21058 38580 48810 60001 70500 333 20004 59011 70000==
41624 11910 03101 10100 20031 39940 40147 60001 70400 333 20094 59031 70000==
41630 11920 00000 10060 20036 30000 40159 60001 70400 333 20054 59032 70000==
41640 11/05 90000 10085 20074 39901 40159 60001 74744 89000 333 20074 59022 70000==
41660 12960 21303 10020 21084 38421 48140 60001 82030 333 21012 56080 59023 70000==
41678 11920 00000 10100 20057 30000 40164 60001 70400 333 20084 59004 70000==
41696 12960 00000 11010 21063 38008 48450 60001 333 21046 59012 70000==
41697 12960 00000 10090 20045 39998 40161 60001 333 20074 59011 70000==
41700 11910 00000 10075 20053 30015 40149 60001 71000 333 20070 59019 70000==
41710 12960 30000 10060 21033 39359 40160 60001 80001 333 20010 56008 59043 70000==
41712 12460 60000 10055 21023 39213 48030 60001 84520 333 20030 56880 59024 70000==
41715 11905 00000 10100 20079 30092 40159 60001 70400 333 20084 58028 70000==
41718 11920 00000 10070 20047 30046 40154 60001 71000 333 20064 59012 70000==
41725 11920 00501 10115 20062 30077 40158 60001 70500 333 20100 59024 70000==
41739 12940 00502 10040 21011 39080 48120 60001 333 20014 59003 70000==
41744 12940 00000 10040 21027 38787 48010 60001 333 20020 59001 70000==
41749 11920 00000 10100 20068 30127 40163 60001 70400 333 20090 59002 70000==
41756 11940 00901 10180 20127 30107 40174 60001 70504 333 20104 59010 70000==
41757 12940 00000 10105 21062 30152 40165 60001 333 20094 59006 70000==
41759 11920 00000 10110 20079 30162 40168 60001 71011 333 58006==
41764 11940 00000 10150 20043 30099 40150 60001 70400 333 20144 59018 70000==
41768 12940 00000 10090 20032 30143 40150 60001 333 20060 58020 70000==
41780 12940 03602 10180 20013 30129 40157 60001 333 20134 59013 70000==
41785 11920 00000 10110 20079 30143 40156 60001 70400 333 20100 59003 70000==
41859 01902 00000 10158 20158 30109 40148 74544 89/// 333 20145 59002 70000==
41883 01950 00000 10200 20150 30123 40144 70500 333 20150 58000 70000==
41891 01440 20000 10200 20150 30112 40152 71000 81530 333 20146 58004 70000 81616==
41907 01908 00000 10176 20170 30129 40145 70430 89/// 333 20130 58004 70000==
41923 01925 00000 10204 20190 30138 40148 71040 333 20185 58002 70000==
41936 01900 00304 10204 20200 30128 40135 74542 333 20196 59001 70000==
41943 01903 03602 10200 20190 30141 40149 74544 89/// 333 20180 58005 70000==
41950 01415 60000 10204 20200 30145 40147 72844 83510 333 20194 58002 70000 83617 86459==
41978 01301 40403 10208 20200 30139 40146 74444 83700 333 20190 58002 70000 84707==
41992 01920 00302 10235 20220 30141 40143 70500 333 20200 59001 70000==
42027 32596 72701 10034 20006 38465 48551 84520 333 20015 58007=
42071 31/90 99902 10072 20072 40162 74544 333 10196 20052 59022 555 10008=
42101 31/93 90000 10128 20121 40166 74344 333 10225 20110 59016 555 10012=
42111 31996 02301 10100 20076 39420 40142 71000 333 10250 20081 59015 555 10007=
42123 31993 00000 10048 20043 40165 74444 333 10217 20040 59021 555 10013=
42131 31/90 93401 10094 20094 40169 74544 333 10204 20082 59014 555 10013=
42165 31995 00000 10108 20075 40156 71000 333 10243 20104 59021 555 10001=
42182 31993 02703 10112 20104 40161 71144 333 10224 20102 59009 555 10007=
42189 31994 02701 10126 20095 40141 71044 333 10252 20105 59011 555 10013=
42309 31595 40000 10170 20156 40156 71010 82530 333 20092 58010 555 10076=
42314 31995 30000 10166 20135 40155 71000 83030 333 20108 58010 83360 555 10036=
42328 31995 01102 10130 20091 40136 71000 333 10248 20107 59020 555 10002=
42339 31995 03601 10146 20037 40149 70500 333 10262 20137 59021 555 10001=
42348 31995 00503 10144 20056 40157 70500 333 10250 20124 59006 555 10013=
42361 31993 00000 10130 20123 40158 74640 333 20117 59004 555 10003=
42369 31995 02704 10144 20118 40148 71000 333 10292 20115 59006 555 10001=
42379 31994 00000 10164 20120 40133 71000 333 10280 20124 59006 555 10000=
42398 31594 59902 10182 20156 40141 71044 83530 333 20136 58000 555 10000=
42410 31594 50000 10164 20150 40155 71022 82530 333 20134 58002 82620 84360 555 10004=
42415 31995 20000 10172 20141 40158 71000 82030 333 20137 58005 82360 555 10018=
42452 31594 30000 10152 20123 40148 71010 81530 333 10253 20134 59002 555 10014=
42492 31994 02001 10166 20138 40145 70500 333 20161 59002 555 10001=
42559 31996 00902 10150 20117 40143 70500 333 20134 59005 555 10000=
42571 31996 00000 10160 20135 40156 70500 333 20133 58009 555 10002=
42591 31994 00000 10174 20126 40159 70500 333 20134 58004 555 10000=
42623 31494 60000 10138 20105 39273 40160 71021 84530 333 10234 20093 58009 84618 86360 555 10002=
42634 31595 30000 10144 20066 40140 70500 83500 333 20138 59017 83620 555 10000=
42647 31595 60000 10190 20109 40133 70422 83530 333 20170 59016 83620 85358 555 10000=
42667 31995 20000 10182 20120 39540 40135 70544 82030 333 20148 59018 82360 555 10000=
42675 31996 00501 10176 20137 40145 70500 333 20137 58015 555 10000=
42701 31995 03403 10190 20101 39406 40140 70500 333 10290 20136 58006 555 10000=
42724 31492 40000 10200 20194 40145 74244 84600 333 20178 58004 82710 83618 555 10000=
42737 31895 52904 10178 20090 40141 70500 85030 333 20154 59011 85358 555 10000=
42754 31995 01402 10214 20114 39498 40135 70500 333 20172 59006 555 10000=
42779 32996 00000 10188 20123 39443 40148 333 20152 58002 555 10000=
42798 31994 00000 10200 20160 40144 71000 333 20162 58007 555 10000=
42809 31/91 90000 10216 20210 40147 74344 333 20206 58004 555 10000=
42840 31996 20000 10194 20135 40128 70500 80001 333 20172 59016 82075 555 10000=
42867 31996 00000 10234 20158 40138 70500 333 20179 59003 555 10001=
42874 31996 00000 10230 20182 40140 70500 333 20197 59002 555 10000=
42886 31995 00000 10230 20175 40145 70500 333 20176 58003 555 10000=
42895 31994 40000 10232 20223 40144 71042 82530 333 20207 58004 82620 83360 555 10000=
42909 32896 40203 10184 20119 40134 82059 222// 20000 333 20178 59010 82358 555 10000=
42971 31593 70501 10236 20218 40143 74144 85530 333 20212 59002 85620 86360 555 10000=
43003 31995 20000 10220 20145 40123 70400 80001 333 20185 59005 82075 555 10000=
43014 31994 00000 10216 20151 39478 40127 71044 333 20175 59004 555 10000=
43041 31995 00000 10216 20160 39523 40142 70500 333 20170 59003 555 10000=
43063 32997 00000 10184 20161 39506 40139 333 20160 59006 555 00000 10000=
43086 31996 00000 10228 20212 39947 40126 70500 333 10340 20180 59011 555 10000=
43110 31995 01401 10215 20171 40127 70544 333 20191 58000 555 10000=
43117 32997 00502 10226 20193 40136 333 20186 58004 555 10000=
43128 31996 09901 10240 20134 39530 40136 70500 333 10340 20183 58001 555 10000=
43150 31995 20000 10230 20192 30075 40136 70500 80001 222// 20000 333 10307 20197 59012 82075 555 10000=
43185 31595 40000 10222 20212 30128 40132 71000 81501 333 10320 20194 59005 81620 84070 555 10000=
43189 31596 10000 10228 20206 30130 40139 71010 81500 333 10321 20210 59012 555 10000=
43192 31995 00000 10224 20218 40119 70500 333 20216 58002 555 10000=
43198 31495 30000 10186 20164 39303 40138 71000 82501 333 10346 20138 58002 82612 555 10000=
43201 32997 02001 10228 20102 39383 40108 333 10335 20156 58002 555 10000=
43213 31996 00000 10202 20151 39806 40128 70500 333 10369 20182 58003 555 10000=
43233 32997 19902 10204 20182 39319 40144 80001 333 10329 20149 59001 555 10000=
43237 31996 19901 10200 20133 39715 40115 70500 80001 333 10359 20160 58003 81075 555 10000=
43245 32997 02701 10238 20210 30115 40142 333 10326 20214 58000 555 10005=
43279 31596 32902 10246 20213 30121 40139 71010 82501 333 10317 20208 59001 82620 555 10056=
43284 31194 31103 10252 20225 30006 40122 71000 82701 333 10331 20231 58001 82702 555 10036=
43295 32497 10903 10214 20167 39118 48525 80001 333 10325 20167 59006 81075 555 10005=
43310 32596 41402 10256 20233 40106 82211 333 20236 59020=
43314 32997 30000 10272 20243 40123 80008 333 10354 20256 58003 555 10000=
43321 31495 79903 10232 20195 39687 40136 71022 83541 333 10340 20220 59002 83615 86358 555 10001=
43329 32597 23402 10244 20220 30122 40136 81501 333 10306 20208 58003 555 10005=
43333 31495 20504 10278 20215 40118 70510 82500 333 20224 59018 82618 555 10074=
43344 31495 60504 10252 20222 30038 40138 71022 83531 333 10325 20220 58005 83616 83360 555 10015=
43353 31495 20905 10270 20242 40122 71021 81500 333 10326 20258 56790 58000 82620=
43369 32597 20000 10254 20248 40121 82500 333 10329 20240 58004 82620 555 10073=
43371 31596 20000 10254 20227 30048 40121 71000 82100 333 10350 20242 58003 82820 555 10049=
44212 42/84 52701 11252 21297 39291 40575 52013 82017==
44213 42984 20000 11250 21292 38916 40562 52012 80008==
44214 42970 12902 11183 21248 38351 40505 52014 80001==
44215 42970 70000 11221 21256 38492 40541 52013 80008==
44217 32998 00000 11237 21278 37896 40592 52009 333 91202=
44218 41940 22301 11208 21237 38706 40528 52013 77610 80004==
44219 32999 20000 11241 21270 38720 40552 52013 80008 333 91202=
44265 42984 30000 11230 21260 38964 40540 52011 80004==
44266 32999 01402 11178 21267 37802 40490 52014 333 91205=
44404 22958 00903 10132 21010 38122 48463 80000 333 20046 59006 60004=
44416 22960 00902 10113 20074 39360 40139 80000 333 20047 59020 60004=
44424 22960 01702 10006 21064 37697 47074 80000 333 21067 58012 60004=
44434 22456 13102 10134 20092 39231 48516 81100 333 20100 59011 60004=
44438 21916 01403 10134 20113 30007 40136 71044 80000 333 20090 59003 60004=
44449 21309 80804 10136 20133 39982 40141 74244 886// 333 20086 59002 60004=
44454 21440 21602 10100 20059 38659 48494 70544 82100 333 20043 59015 60004=
44462 21/08 30902 10098 20081 38243 48465 7404/ 83600 333 20056 59001 60004=
44474 21910 00000 10089 20062 38250 48497 71044 80000 333 20045 58005 60004=
44477 21340 11801 10132 20094 38815 48529 7104/ 81100 333 20075 58000 60004=
44478 21/01 90703 10158 20158 30057 40139 7454/ 89/// 333 20130 59004 60004=
48010 41956 01801 10165 20144 39981 40139 70244 333 58010==
48020 41908 00000 10155 20147 74544 89///==
48025 41110 52201 10161 20144 31003 40152 58008 74044 85700==
48048 42556 10401 10205 20150 30072 40130 81500 333 58003==
48052 32957 01801 10200 20168 333=
48062 41556 23602 10221 20205 30120 40126 71044 82500 333 58001==
48064 42956 11401 10188 20159 30041 40099 80001 333 58005==
48094 42958 03201 10250 20190 30111 40121 333 59002==
48109 42960 00402 10278 20220 30118 40121 333 59017==
51076 14/64 /0400 11196 21220 39503 40486 52010 60001 333 11112 21225 3/102 4/026 58022 70000 90761 91102==
51087 14/66 /0901 11184 21216 39349 40484 52011 60001 333 11126 21217 3/105 4/018 58022 70000 90761 91103==
51156 14/80 /3602 11118 21170 38799 40448 52008 60001 333 11087 21168 3/115 58027 70000 90761 91106==
51243 14/25 /0000 11111 21131 39865 40462 52010 60001 77070 333 11077 21118 3/110 4/002 58026 70000 90761 91103==
51334 14/11 /2001 11119 21136 30020 40465 52012 60001 77000 333 11056 21176 3/110 4/012 58029 70000 90761 91104==
51379 14/09 /1601 11172 21194 39431 40469 52003 60001 72800 333 11081 21177 3/106 4/023 58032 70000 90761 91103==
51463 14/36 /3001 11142 21162 39162 40459 52007 60001 71000 333 11085 21156 3/101 4/036 58026 70000 90761 91103==
51573 14/66 /2201 11023 21113 30341 40394 52015 60001 333 10052 21053 3/112 58007 70000 90761 91103==
51644 14/27 /3601 11092 21113 39064 40405 52016 60001 70500 333 10019 21136 3/108 4/003 58002 70000 90761 91102==
51656 14/57 /2900 11092 21105 39276 40408 52013 60001 333 10014 21128 3/115 58000 70000 90761 91103==
51709 14/63 /2903 11079 21180 38719 40390 52012 60001 333 10020 21094 3/112 59005 70000 90761 91105==
51711 14/72 /2701 11145 21193 38072 40373 52010 60001 333 11022 21163 3/122 59007 70000 90761 91104==
51716 14/46 /0400 11099 21130 39021 40404 52013 60001 70500 333 10033 21121 3/118 59002 70000 90761 91102==
51765 14/65 /2502 11077 21112 39339 40401 52012 60001 333 10047 21135 3/118 59002 70000 90761 91104==
51811 14/50 /2801 11094 21202 38889 40398 52013 60001 70600 333 10033 21119 3/119 59003 70000 90761 91102==
51818 14/50 /0000 11080 21192 38727 40387 52009 60001 70500 333 10028 21107 3/119 58000 70000 90761 91102==
51886 14/80 /2501 11138 21270 37162 40414 52011 60001 333 11021 21188 3/126 58015 70000 90761 91103==
52203 14/64 /1002 11062 21123 39462 40407 52015 60001 333 10013 21129 3/118 59005 70000 90761 91104==
52602 14/64 /1901 11149 21250 37324 40464 52011 60001 333 11043 21208 3/125 58019 70000 90761 91103==
52818 14/80 /1201 11071 21187 37291 40366 52016 60001 333 11020 21171 3/123 4/001 58003 70000 90761 91104==
52908 14/80 /2906 11159 21306 35778 40448 52012 60001 333 11079 21235 3/128 58033 70000 90761 91109==
55228 14/80 /0802 11116 21324 36061 40324 52018 60001 333 10004 21175 3/125 58037 70000 90761 91105==
55299 14/62 /0501 11109 21332 35881 40287 52021 60001 333 10072 21194 3/126 58065 70000 90761 91103==
55578 14/74 /1301 10050 21281 36411 40085 52026 60001 333 10171 21060 3/114 58046 70000 90761 91111==
55591 14/74 /1103 10032 21235 36538 40082 52029 60001 333 10191 21020 3/111 58059 70001 90761 91106==
55664 14/71 /2701 11061 21301 36059 40257 52016 60001 333 10115 21141 3/119 58039 70000 90761 91103==
55773 14/80 /3611 10063 21399 36030 40119 52020 60001 333 10102 21090 3/117 58023 70000 90761 91118==
56004 14/80 /3103 11152 21289 35846 40396 52014 60001 333 11040 21230 3/127 58035 70000 90761 91107==
56018 14/59 /2001 11097 21290 36212 40305 52016 60001 333 10019 21179 3/122 58046 70000 90761 91104==
56312 14/76 /2201 10045 21045 37102 40158 52019 60001 333 10122 21016 3/103 58026 70000 90761 91105==
62306 42960 22303 10133 20098 40204 52003 80002==
62332 42960 40808 10172 20110 40194 57010 80004==
62366 45960 00704 10136 20087 40181 57010==
62387 32960 03004 10093 20060 40177 57006=
62393 42960 03504 10094 20022 40191 57010==
62405 42960 00903 10137 20082 40169 57005==
62414 42960 03507 10148 20090 40157 57008==
62419 42960 00204 10150 20078 40146 57005==
62420 32960 02202 10097 20034 40182 57006=
62458 32960 00000 10114 20029 40185 52005=
41256 22660 32507 10189 20051 30160 40177 83500 90245 333 58012 55000 55407 55408 55507 55508 70002 83640=
41316 32988 10114 10209 20054 30154 40184 80001 90245 333 58001 55000 55407 55408 55507 55508 81075=
