SIPK OPKC 150300=
41504 22697 21304 11025 21082 37861 48532 82200 333 21045 56900 59005 60007 70000 82845 RH 61%=
41505 22696 50000 10005 21021 38/// 48/// 80030 333 21020 56090 58/// 60007 70000 83360 RH 83%=
41516 21996 40000 10045 21020 38535 48493 70411 84030 333 21020 56090 59029 60007 70000 84362 RH 62%=
41517 22696 40000 11010 21048 37778 48517 82530 333 21034 56990 59031 60007 70000 82640 83360 RH 73%=
41518 22697 41802 10028 21024 38/// 48/// 82230 333 20017 56990 5//// 60007 70000 82840 82362 RH 68%=
41519 22697 30000 10080 21085 38773 48508 83500 333 20075 56900 59018 60007 70000 83640 RH 41%=
41520 22697 50000 11010 21063 37606 48262 83530 333 56990 59023 60007 70000 83640 82362 RH 64%=
41520 22697 50000 11010 21063 37606 48262 83530 333 21039 56990 59023 60007 70000 83640 82362 RH 64%CORR= 
41530 21996 02704 10120 21002 39713 40134 70500 333 20100 59033 60007 70000 RH 43%=
41660 22997 11304 10050 20028 38440 48535 81030 333 20040 56090 59014 60007 70005 81360 RH 86%=
41661 22997 00000 10055 20034 38390 48520 333 20035 59017 60007 70010 RH 86%=
41685 22997 00000 10150 20022 38899 48484 333 20128 59022 60007 70000 RH 42%= 
41696 22997 30000 10095 20021 38004 48522 83020 333 20075 56090 59011 60007 70000 83460 RH 60%=
41697 22997 03112 10240 20038 39954 40109 333 20120 59041 60007 70000 RH 27%=
41710 22997 00000 10100 20008 39355 40145 333 20085 59008 60007 70000 RH 53%=
41712 22997 00502 10100 20008 39193 48495 333 20090 59012 60007 70000 RH 53%=
41715 21994 00000 10160 20104 30053 40119 70400 333 20110 59021 60007 70000 RH 69%=
41715 21994 00000 10160 20104 30053 40119 70400 333 20110 59021 60007 70000 RH 69%=
41724 21995 00908 10170 20105 30049 40128 70500 333 20135 59023 60007 70000 RH 65%=
41725 22996 00504 10170 20115 30027 40106 333 20160 59028 60007 70000 RH 70%=
41726 21995 00000 10150 20113 30077 40149 70500 333 20130 59025 60007 70000 RH 78%=
41739 22996 00504 10125 20028 39061 48511 333 20105 59011 60007 70000 RH 52%=
41742 22996 20000 10170 20115 30042 40148 82030 333 20120 56090 59037 60007 70000 82360 RH 70%=
41743 21996 03102 10170 20125 70400 333 20145 60007 70000 RH 75%=
41744 22996 30000 10125 21001 38794 48515 83020 333 20095 56090 59028 60007 70000 83460 RH 42%=
41745 21996 00502 10185 20132 70400 333 20140 60007 70000 RH 71%=
41746 01995 03604 10150 20123 30063 40120 70400 333 20130 59017 60007 70000 RH 84%=
41747 21995 00000 10150 20113 30042 40104 70400 333 20110 59033 60007 70000 RH 78%=
41748 21996 00000 10170 20125 30059 40124 70500 333 20160 59021 60007 70000 RH 75%=
41749 22996 00000 10180 20127 30073 40108 333 20145 59049 60007 70000 RH 71%=
41756 21995 32704 10225 20202 30068 40134 71004 80001 333 20105 56009 59030 60007 70000 83070 RH 87%=
41757 22996 30000 10165 20120 30139 40152 80007 333 20145 56009 59013 60007 70000 83270 RH 75%=
41759 21995 30000 10185 20160 30121 40127 71010 83030 333 20140 56090 59029 60007 70000 83360 RH 85%=
41760 21594 52702 10195 20187 30120 40133 71000 82601 333 20145 56909 59020 60007 70000 82720 83080 RH 95%=
41764 21995 02104 10200 20149 30062 40112 70400 333 20165 59026 60007 70000 RH 73%=
41765 22996 00000 10205 20164 30080 40115 333 20176 59029 60007 70000 RH 77%=
41766 21994 42306 10185 20151 30079 40109 84030 74000 333 20130 56090 59036 60007 70000 84360 RH 81%=
41767 22996 22304 10190 20182 3//// 4//// 80001 333 20140 56009 60007 70000 82070 RH 95%=
41768 22996 02702 10180 20163 30109 40116 333 20135 59028 60007 70000 RH 90%=
41780 01996 32908 10225 20194 30098 40125 70400 80001 333 20200 56009 59022 60007 70000 83070 RH 83%=
41785 22996 22304 10170 20125 30117 40130 80001 333 20145 56009 59026 60007 70000 82070 RH 75%=
41786 22996 30000 10180 20146 30083 40120 83030 333 20120 56090 59026 60007 70000 83362 RH 80%=
41BAG 22696 40502 10015 21038 84500 333 21020 56900 60007 70000 84640 RH 68%=


SIPK OPLA 150300=
=================
41506 22997 00000 10030 21006 38507 48506 333 21016 58018 60007 70000 77%=
41507 22697 32302 10080 20048 39246 49776 83500 333 20065 56900 59006 60007 70000 83640 80%=
41508 22997 00000 10000 21014 38652 48516 333 21005 59025 60007 70000 91%=
41509 22997 00000 10035 20010 38751 48486 333 20020 59029 60007 70000 RH 84%=
41510 22997 00000 11025 21050 37913 48534 333 21045 58000 60007 70000 80%=
41515 22997 00000 10014 21027 38594 48553 333 21002 58012 60007 70000 74%=
41523 22997 00000 10045 20009 39071 48475 333 20035 59027 60007 70000 77%=
41524 22997 00000 10085 20016 39342 40227 333 20077 59030 60007 70000 62%=
41525 22997 00000 10000 21050 37663 48399 333 21020 59006 60007 70000 66%=
41528 22697 30000 10060 20038 39202 48474 83500 333 20055 56900 59031 60007 70000 86%=
41529 22996 00000 10080 20033 39751 40145 333 20070 59034 60007 70000 72%=
41534 22997 00000 10060 20036 39707 40137 333 59038 60007 70000 85%=
41535 22997 30000 10035 21034 38684 48450 83020 333 20015 56090 59026 60007 70000 83460 61%=
41536 22997 00000 10060 20013 39047 48503 333 20055 59004 60007 70000 RH72%=
41560 22997 00000 10030 21020 38298 48530 333 21030 58004 60007 70000 RH70%=
41562 22997 00502 10115 20050 39688 40162 333 20085 59006 60007 70000 RH 64%=
41565 22997 03102 10067 21043 38648 48514 333 20050 58001 60007 70000 46%=
41567 21996 00000 10095 20024 39686 40113 70400 333 20070 59038 60007 70000 61%=
41571 21996 20000 10120 20007 39542 40133 70500 80001 333 20085 56009 59034 60007 70000 RH46%=
41573 22997 21302 10070 21027 37945 48473 82020 333 20005 56900 59019 60007 70000 82460 50%=
41574 22997 00000 10005 21007 38360 48543 333 21015 59013 60007 70000 91%=
41576 21996 00000 10110 20030 40143 70400 333 20083 59031 60007 70000 58%=
41577 21696 20000 10090 20023 39507 40136 70421 82500 333 20055 56900 59034 60007 70000 82640 RH 63%=
41593 21996 20000 10155 20118 39902 40120 70421 82030 333 20097 56090 59031 60007 70014 82360 79%=
41597 21996 32704 10125 20062 39840 40140 70411 83030 333 20092 56090 59032 60007 70000 83362 65%=
41598 21996 30000 10100 20057 39862 40141 70400 83030 333 20083 56090 59025 60007 70000 83360 74%=
41599 21696 50000 10125 20074 39833 40130 70422 83470 333 20073 56990 59026 60007 70000 83640 83460 71%=
41600 21996 20000 10110 20079 39836 40139 70420 82070 333 20090 56090 59012 60007 70000 82460 81%=
41624 21994 00000 10130 20068 39917 40121 70400 333 20110 59033 60007 70000 66%=
41625 21996 20502 10125 20085 39923 40128 70411 82030 333 20090 56090 59035 60007 7000 82360 77%=
41630 21696 61802 10165 20120 40122 70496 83570 333 20098 56990 59037 69907 79999 83640 85460 75%=
41633 21996 00000 10150 20113 4//// 70400 333 20113 5//// 60007 70000 78%=
41634 22997 00000 10090 20023 3//// 4//// 333 20050 5//// 60007 70000 63%=
41635 21995 00000 10140 20080 3//// 4//// 71004 333 20080 5//// 60007 70000 67%=
41636 21996 30000 10165 20109 39936 40121 70400 83030 333 20100 56090 59040 60007 79900 83360 70%=
41638 21996 00000 10150 20113 4//// 70455 333 20098 5//// 69907 79999 78%=
41639 21996 33102 10120 20068 3//// 4//// 70410 83030 333 20080 56090 5//// 60007 70000 83460 70%=
41640 21696 80000 10175 20100 39860 40110 70450 85620 333 20125 56990 59040 69907 79999 85640 88460 61%=
41641 21696 73308 10150 20092 39840 40118 70462 84470 333 20118 56990 59036 69907 79999 84640 85460 68%=
41642 21695 60000 10150 20074 3//// 4//// 70420 82530 333 20100 56990 5//// 60007 70000 82640 84360 71%=
41643 21696 70000 10130 20101 39837 40119 72162 84470 333 20063 56990 59031 69907 79999 84640 84460 83%COR=
41644 21695 50000 10120 20090 4//// 71000 82520 333 20103 56990 5//// 60007 70000 82640 83460 82%=
41646 21995 30000 10145 20097 39916 40134 70422 83070 333 20110 56090 59046 60007 70000 83460 73%=
41652 21996 03604 10145 20062 39940 40122 70400 333 20097 59035 60007 70000 58%=
41669 21996 00000 10160 20114 3//// 4//// 70400 333 20115 5//// 60007 70000 74%=
41670 21996 00000 10125 20096 3//// 4//// 70400 333 20102 5//// 60007 70000 82%=
41674 21996 00000 10160 20104 3//// 4//// 70412 333 20097 5//// 60007 70000 69%=
41675 21995 00000 10170 20105 39969 40113 70422 333 20123 59033 60007 79999 65%=
41676 21995 03102 10150 20113 39976 40135 70400 333 20118 59034 60007 70000 78%=
41677 21996 20000 10140 20102 39938 40108 70400 82030 333 20095 56090 59037 60007 70000 82362 78%=
41678 21996 20502 10135 20074 40140 70400 82030 333 20120 56090 59021 60007 70000 82460 67%=
41679 21696 73102 10160 20104 4//// 70462 83530 333 20097 56990 5//// 69907 79999 83640 84460 69%=
41680 21995 30000 10130 20068 39938 40143 70400 83030 333 20090 56090 59017 60007 70000 83362 66%=
41700 21994 00000 10145 20107 39971 40101 70400 333 20128 59031 60007 70000 78%=
41701 21994 00506 10160 20104 39968 40112 70400 333 20112 59044 60007 70000 69%=
41716 21995 00506 10160 20104 30012 40117 70400 333 20130 59033 60007 70000 69%=
41718 21995 00000 10145 20107 30006 40111 70400 333 20118 59029 60007 70000 78%=
41BKI 22996 00000 10110 20043 39698 40125 333 20090 59039 60007 70000 RH 63%=
41SKP 21696 70000 10135 20106 3//// 4//// 70462 83520 333 20083 56990 5//// 69907 79999 83640 84460 83%=
43532 22997 00000 10075 20030 39341 40169 333 20065 59014 60007 70000 73%=
43533 22997 00000 10080 20036 39230 48485 333 20058 58002 60007 70000 74%=
43563 22697 30000 10106 20015 39425 40127 83500 333 20078 56900 59033 60007 70000 83640 54%=

==================
41526 Not Received
41533 Not Received
41564 Not Received
41568 Not Received
41592 Not Received
41594 Not Received
41620 Not Received
41672 Not Received
41738 Not Received
41781 Not Received
41783 Not Received
==================

Data Generated from File : D:/all data handling/Rmc_lhr/2025021503.FSU.txt
15/02/2025   04:02:27
____________________________________________________________________________________________
15020 27/15 /3405 11027 21046 39995 40202 53020 7717/ 333 55300 20000 69957==
15090 21433 83303 10004 21007 30087 40183 53011 77172 8662/ 333 55300 10080 20000 30000 69937 91009 90730 91109==
15108 26/// /2602 11080 21087 38002 48426 57007 333 55300 20000 60027==
15150 21450 83406 10005 21016 39961 40182 53010 77177 8662/ 333 55300 20000 69947 91009 90730 91112==
15170 21550 81701 10017 20010 39342 42742 54001 78082 883// 333 55300 20000 69977 91001 90730 91104==
15280 21005 82605 11062 21069 37426 47966 57007 77174 885// 333 55300 20000 69987 91007 90730 91108==
15310 24/64 /3305 10026 21005 30065 40153 51012 333 55300 10100 20000 30000 60007==
15335 27460 83003 10030 20001 30137 40144 52012 7101/ 886// 333 55300 20000 60007 91006 90730 91106==
15350 24/68 /0405 10019 21006 30030 40153 52005 333 55300 20000 60007==
15360 27950 02903 10029 20023 30114 40131 55001 7101/ 333 55300 20000 60007 91004 90730 91105==
15420 27/56 /0702 10022 20003 30035 40150 53011 7101/ 333 55300 20001 60007==
15460 27/57 /0202 10011 21015 30124 40150 53009 7101/ 333 55300 20000 60007==
15470 27/39 72603 11001 21015 30018 40149 52002 7101/ 87070 333 55300 20000 60007 91003 90730 91104==
15480 24565 62502 10034 20007 30116 40134 57005 86500 333 55300 10170 20000 30000 60007 91003 90730 91103==
15549 42570 62501 10035 20012 39715 40136 57003 86500 333 10076 20033 555 585//=
15552 42960 82901 10057 20043 30090 40139 57007 80007 333 10078 20048 555 591// 92033 92437=
15640 42670 20000 10031 20021 39835 40153 57009 82500 333 10071 20030 555 593//=
15655 42565 52703 10057 20048 30111 40144 57007 82530 333 10083 20052 555 594// 92023 92427=
15730 42970 82901 10031 20013 39755 40158 56001 83037 333 10078 20029 555 588//=
16627 41360 70000 10088 20080 30146 40151 57010 70262 86670 333 83708 86625 86357 90730 91103==
16650 42460 60000 10084 20080 30143 40153 57008 84861 333 82816 84625 90730 91104==
16723 42560 79902 10094 20069 30173 40186 57013 85870 333 82820 84625 86359 90730 91107==
16742 42460 61408 10126 20103 30027 40183 57007 83848 333 81812 83618 86268 90730 91109==
16749 42560 61305 10124 20097 30170 40185 57009 84556 333 84620 84358 86068 90730 91113==
16754 42560 61610 10118 20094 30126 40174 57011 81156 333 81820 86068 90730 91116==
16760 47/// /1802 10085 20068 39765 40186 57009 7//4/ 333 90730 91108==
17022 42670 71706 10109 21006 30004 40170 55009 84250 333 84834 87360 90730 91110==
17024 46/82 /2016 10067 20008 30085 40163 57011==
17026 46/82 /1405 10075 20029 30145 40183 57012==
17031 42970 01708 10087 21022 30187 40193 57008 333 90730 91112==
17034 42/70 43601 10065 21046 30169 40216 57012 84030 333 84360 90730 91104==
17038 42970 00000 10054 21027 30170 40219 57010 333 90730 91107==
17042 46/65 /1007 10045 21016 30193 40235 57008==
17050 41957 00101 10063 20041 30094 40157 56004 71022 333 90730 91106==
17056 42/70 42203 10088 20057 30156 40160 55008 84030 333 84360 90730 91106==
17060 42660 62006 10101 20050 30127 40167 57008 85250 333 85840 85358 90730 91113==
17070 42665 70000 10020 21015 39307 40186 57008 84520 333 84634 87460 90730 91104==
17074 47/59 /2101 10002 21006 39247 40202 57008 704//==
17084 42670 30000 11020 21025 39304 40234 55002 83500 333 83635 90730 91102==
17085 42670 51703 10026 21022 39727 40229 55005 83550 333 83640 85360 90730 91106==
17092 42/60 20000 11087 21087 38908 48525 52007 82030 333 82360==
17096 42660 32602 11164 21184 38243 48521 53001 83500 333 83635 90730 91106==
17098 42660 22605 11147 21165 38186 48507 55000 82500 333 82635 90730 91107==
17100 41620 70000 11012 21014 39221 40249 53004 70242 84530 333 84635 87358 90730 91102==
17112 46/80 /1807 10116 20077 30148 40156 57012==
17115 42660 61303 10071 20041 30121 40172 57008 84250 333 84835 86360 90730 91108==
17116 42/60 70000 10060 20028 30056 40179 57008 83031 333 83360 86070 90730 91105==
17124 42660 50902 10022 21046 39277 40205 55003 85500 333 85640 90730 91107==
17128 42660 60202 11023 21070 39097 40221 56005 84250 333 84840 84358 90730 91104==
17135 42970 00602 11008 21022 39330 40228 56005 333 90730 91105==
17140 42665 30000 11052 21075 38714 48495 56004 83500 333 83640 90730 91103==
17150 42660 70000 10051 20049 30053 40178 57008 84130 333 84835 86360 90730 91103==
17160 42670 50000 11038 21086 39044 48501 57003 85500 333 85640 90730 91103==
17170 42660 52003 11031 21077 38342 48516 53003 83550 333 83640 85358 90730 91107==
17175 47/81 /1402 10104 20062 30157 40162 57012 723//==
17184 41557 72501 10064 20048 30073 40185 57007 78022 83252 333 83830 85359 87070==
17190 42670 60000 10033 21010 39000 48499 56003 83550 333 83635 86360 90730 91102==
17195 42/70 60704 11060 21082 39005 48510 55003 86060 333 86362 90730 91109==
17200 42960 02305 11078 21092 39249 40281 53002 333 90730 91108==
17202 42965 02506 11058 21074 39186 40270 52001 333 90730 91108==
17203 42670 20000 11053 21098 38920 48559 53005 82100 333 82840 90730 91103==
17210 46/82 /2101 10010 21040 39185 40245 50000==
17219 41665 70702 10063 20037 30044 40193 57008 72522 84250 333 84835 87360 90730 91106==
17234 42/70 50703 10082 20029 30128 40197 57009 85030 333 85360 90730 91108==
17237 42670 60000 10059 20004 39692 40203 57008 83270 333 83840 86360 80/60 90730 91102==
17240 42970 02101 10001 21027 39051 40211 57003 333 90730 91103==
17244 41/57 30000 11030 21049 39014 48502 57007 71011 83030 333 83360 90730 91104==
17248 47/59 /1301 11065 21076 38999 40257 55005 704//==
17250 46/64 /0407 11072 21105 38822 40265 55006==
17260 42960 03406 10012 21035 39370 40201 55000 333 90730 91108==
17270 42670 32701 10022 20006 39584 40246 53001 83200 333 83840 90730 91102==
17275 46/79 /0000 10009 21041 39023 40250 56002==
17280 42670 32803 11026 21043 39439 40256 52001 81530 333 81640 83360 90730 91106==
17290 42970 00704 10142 20061 30155 40187 57010 333 90730 91109==
17292 42/70 30000 10031 21005 39430 40195 57008 83030 333 83360==
17300 42560 43505 10061 20033 30140 40212 57008 83101 333 83830 84070 90730 91108==
17310 42970 00702 10108 20021 30185 40192 57011 333 90730 91104==
17330 46/// /0000 10075 21014 30200 40212 50000==
17350 42960 00000 10035 20004 30127 40207 56006==
17370 42970 00000 10081 20002 30211 40215 55007==
17375 42970 03501 10093 20033 30192 40194 57011 333 90730 91105==
33088 42560 83201 11064 21075 30004 40205 52008 885//==
33135 414// 83304 11084 21094 30003 40159 52006 71032 886// 333 55000 88714==
33177 41960 02702 11070 21083 39978 40229 52004 70281==
33317 41440 83504 11065 21077 39847 40201 52005 77177 8872/ 333 55000 88714==
33393 42/60 32702 11064 21092 39819 40231 58003 83030==
33415 41360 70000 11070 21086 39801 40220 52007 70272 85650 333 85709==
33429 41440 83307 11063 21081 39762 40205 52009 78588 889// 333 85712==
33466 41559 83405 11026 21039 39950 40143 52010 78582 889//==
33506 41410 82904 11007 21011 39900 40100 56006 78488 889// 333 55029==
33562 41560 73607 11056 21094 39878 40197 52021 70282 85530==
33587 415// 83403 11012 21029 39877 40148 53009 70282 883// 333 88922==
33658 41684 83209 11044 21092 39906 40219 52023 72682 885// 333 55034 88635==
33663 41560 83104 11028 21081 30093 40193 52029 70282 885//==
33664 42597 83305 11047 21086 39868 40199 52019 885// 333 55032 91112 555 21048 7004/=
33678 41597 82808 11025 21040 39970 40186 52010 78582 889// 555 21025 7002/=
33679 41496 83203 11006 21015 39971 40168 53011 78582 889// 555 21008 7005/=
33711 41224 83205 10002 21004 39905 40118 57001 78382 883// 333 88705==
33745 41497 83007 11028 21028 30000 40201 52020 78588 889// 333 55044 91113 555 21031 7997/=
33748 41597 83404 11012 21016 39877 40170 52011 78582 889// 555 21012 7002/=
33754 41496 83202 10002 21009 30002 40151 53007 78582 8635/ 333 55035 86918 555 20001 7001/=
33761 41/07 93403 11004 21004 39912 40140 52002 77577 89///==
33791 41238 82803 10029 20026 39983 40112 57014 76166 8772/ 333 87705==
33815 41597 83304 11001 21016 39938 40151 52011 78381 889// 555 7990/=
33837 41356 83202 10035 20015 30071 40123 56005 72582 8555/ 333 55010 85707==
33881 42597 83306 10007 21003 39957 40158 52008 883// 333 91113 555 20006 7000/=
33883 42597 83305 10012 20012 39981 40145 52011 883// 555 20012 7000/=
33885 42997 83604 10011 21012 30025 40163 52005 8805/ 333 55060 555 20011 7000/=
33892 41596 83405 10008 20002 39938 40155 53003 78582 883// 555 20007 7990/=
33902 41540 82003 10060 20051 30056 40115 57022 78082 889// 333 55036==
33924 22970 01705 10064 20046 30119 40132 57019 333 20059 60002==
33946 22/87 61806 10031 20003 39929 40153 57015 86080 333 21007 55096 60002==
33983 22/60 41806 10037 20014 30106 40167 57012 84030 333 21014 55058 60002 90730 91111==
34300 41440 82805 10003 21007 39907 40087 57013 77187 8672/==
34336 22460 82105 11053 21095 30017 40125 57028 8532/ 333 21065 47008 60002==
34344 22570 82004 11062 21095 30041 40132 55021 885// 333 21084 47010 60002 90730 91112==
34356 22970 51702 11096 21120 30008 40163 57020 80006 333 21105 43007 55088 60002==
34357 22/70 81908 11083 21113 39986 40148 57024 8805/ 333 21086 43016 60002 91014 90730 91116==
34398 22/// 42302 11099 21111 30189 40202 57006 84041 333 55000 60002==
34415 41540 82004 10004 21007 30003 40101 57029 78382 889//==
34438 22960 71705 11088 21100 39951 40152 57027 80001 333 21099 47009 60002==
34445 22970 71503 11092 21102 30043 40163 57021 80001 333 21120 43007 60002==
34461 22960 61802 11088 21108 30119 40177 56015 80006 333 21093 43002 60002==
34473 329// 21804 11101 21119 30148 40188 57011 80001 333 47003 55045 555 21102 7000/=
34476 22970 01403 11114 21128 30188 40196 57010 333 21114 43003 55016 60002==
34504 41425 82107 10025 20020 39926 40101 57025 78082 889//==
34535 22960 50301 11094 21107 30093 40169 57020 80005 333 21110 47010 60002==
34545 22560 71902 11074 21081 30064 40181 56019 87500 333 21082 43004 60002==
34555 22560 72108 11071 21083 30099 40195 58016 8553/ 333 21075 41998 60002 91010 90730 91110==
34560 41/07 92203 11087 21091 39989 40189 57009 74942 89/// 333 21097==
34578 21/05 92104 11067 21067 30204 40211 57005 74441 89/// 333 21105 60002==
34579 21540 51903 11090 21097 30164 40209 57005 71011 85500 333 21105 43002 60002==
34644 21520 81702 11073 21080 30106 40187 57016 71022 8657/ 333 21073 60002==
34646 21420 82002 11071 21076 30108 40194 57012 71022 886// 333 21073 55000 60002==
34655 22560 81704 11074 21083 30142 40205 57010 885// 333 21087 60002==
34662 22470 82102 11070 21087 30193 40205 57010 886// 333 21090 34/// 60002 88715==
34691 22/70 80000 11048 21072 30446 40433 57003 8807/ 333 55000 60002==
34720 21460 81001 11065 21073 30130 40172 58023 72842 886// 333 21076 42003 55000 60002==
34727 21440 81806 11035 21041 30139 40170 57022 71011 885// 333 21107 42997 60002==
34743 21420 80000 11072 21076 30111 40205 57011 71022 885// 333 21078 60002==
34759 21410 81801 11061 21065 30078 40216 57009 71022 885// 333 21064 55000 60002==
34772 22560 81803 11044 21060 30219 40222 57005 333 21080 60002==
34785 22460 81901 11043 21061 30252 40229 57002 886// 333 21046 60002==
34798 22/60 82602 11034 21066 30389 40359 53001 8805/ 333 60002==
34824 21540 51702 11022 21039 30176 40181 57016 71011 85100 333 21057 55023 60002==
34838 22960 01401 11051 21065 30097 40198 57015 333 21070 60002==
34845 21970 01001 11103 21116 30096 40210 57009 70241 333 21103 34/// 60002==
34858 21/05 90000 11083 21093 30104 40218 53008 74944 89/// 333 21083 60002==
34861 21/05 92303 11057 21057 39960 40214 57006 74944 89/// 333 21057 55000 60002==
34866 25971 81602 11026 21045 30229 40220 57004 885// 333 21029 60002==
34880 21440 82201 11026 21045 30256 40229 57001 77072 8672/ 333 21034 55003 69902==
34887 22570 80000 11017 21034 30255 40232 57003 885// 333 21026 69902==
34949 22/// /1402 11017 21025 39653 40214 57008 333 21060 60002==
34954 22960 30000 11090 21093 30039 40223 57004 80001 333 21094 55039 60002==
34958 22570 80000 11083 21085 30017 40228 57004 885// 333 21088 60002==
34975 21440 81501 11023 21031 30228 40224 57004 71022 885// 333 21023 34/// 60002 88619==
34984 22460 81002 11014 21027 30262 40231 57002 8667/ 333 21017 60002==
35217 425// 82303 11065 21077 30172 40214 57003 885// 333 47014==
35302 12/// 22305 11068 21080 30186 40218 57005 60002 82040 333 42001==
35315 325// 41803 11083 21106 30160 40220 57002 84500 333 47005 555 21084 3/110 7000/=
35344 329// 52801 11155 21176 39937 40245 54000 80009 333 47031 55073 555 21157 7000/=
35358 12/60 72703 11147 21167 30054 40235 57005 60002 87040 333 43022==
35368 32999 80000 11061 21092 39955 40229 57005 85046 333 48042 55000 555 21063 7000/=
35386 32998 01502 11116 21144 39714 40259 57008 333 47028 555 21116 7992/=
35394 42670 21003 11095 21125 39565 40268 57003 82500 333 47032==
35404 325// 82302 11054 21075 30208 40217 57006 885// 333 47997 555 21054 3/106 7993/=
35406 125// 82502 11060 21075 30221 40223 57003 60002 885// 333 46001 55043==
35416 41/// 81702 11075 21093 30105 40229 54000 77172 8802/ 333 47010 55054==
35426 125// 50000 11127 21162 39936 40243 57002 60002 85500 333 47011==
35437 /15// 82001 11138 21158 39923 40256 57001 77172 8802/ 333 47017 55048 555 21167 69942 7996/=
35449 319// 61001 11157 21176 30131 40243 57002 71022 80003 333 48016 555 21159 7000/=
35497 12970 00901 11123 21139 39717 40578 57009 60002 333 47051==
35498 32998 02001 11146 21155 39358 40286 57006 333 47050 555 21146 7994/=
35514 /1598 72001 11046 21055 30459 40455 53002 70282 87900 333 47004 555 21051 69952 7999/=
35522 /19// 80000 11084 21103 39974 40236 57002 70272 8802/ 333 47004 555 21104 69942 7994/=
35542 329// 72702 11163 21182 30087 40245 54000 80003 333 47008 55078 555 21172 7000/=
35563 32998 50000 11146 21166 39437 40249 57007 80002 333 47026 55000 555 21148 7000/=
35576 12570 60203 11126 21158 39771 40243 57005 60002 86500 333 48030==
35582 32998 01804 11135 21167 39629 40261 57008 333 47020 555 21156 7990/=
35594 32999 01002 11167 21185 39394 40287 57006 333 47029 555 21168 7990/=
35605 /2598 80000 11045 21068 30250 40228 53001 885// 333 47001 555 21046 69942 7002/=
35633 329// 20000 11166 21192 30024 40253 54000 80001 333 44004 55070 555 21166 7000/=
35671 11540 30502 11138 21154 39785 40238 57003 60002 71000 83500 333 43011==
35699 12960 30204 11106 21126 39481 40267 57007 60002 80003 333 48019==
35700 41470 83301 11038 21050 30258 40234 53003 77177 887// 333 45998 55000==
35715 32597 81002 11033 21068 30249 40234 58003 885// 555 21041 7990/=
35739 326// 80000 11080 21107 30099 40244 53001 885// 333 48006 555 21092 7000/=
35746 415// 83103 11066 21086 30171 40240 53006 70272 885// 333 46997 55014==
35777 31996 80000 11114 21134 39875 40240 57001 71001 8802/ 333 47011 555 21139 7000/=
35796 12960 00404 11149 21163 39810 40272 57009 60002 333 47024 55079==
35849 125// 83304 11042 21088 30147 40235 53007 60002 885// 333 41998 55003==
35895 32998 80202 11138 21144 39805 40275 54000 8801/ 333 47005 555 21155 7000/=
35907 32598 63503 11031 21051 30269 40237 53008 86500 555 21034 7000/=
35925 415// 81803 11029 21036 30124 40237 53003 71022 886// 333 47997==
35927 325// 80000 11022 21035 30231 57004 885// 555 21024 7000/=
35953 12970 20000 11051 21076 30089 40222 53004 60002 80002 333 41998==
35969 41/84 80000 11030 21069 30215 40215 52010 72272 8802/ 333 43009==
35997 31696 70201 11106 21134 39797 40249 53009 71022 82570 333 42998 555 21107 7000/=
36259 42984 31201 11262 21292 38249 48543 52009 80001 333 21295==
36335 32999 00000 11158 21182 39228 40312 57005 333 48038 555 21166 7000/=
36358 32999 00000 11146 21170 39237 40308 57003 333 47018 555 21146 7000/=
36394 32697 71403 11089 21113 39859 40297 57001 87500 333 48011 555 21117 7994/=
36397 12684 71606 11118 21152 39712 40300 53002 60002 87500 333 42005==
36403 32798 70904 11059 21112 39918 40288 57005 86530 333 44033 55000 555 21088 7003/=
36418 32999 70802 11125 21138 39679 40325 57002 88030 333 48075 555 21151 7993/=
36421 /1996 71101 11163 21178 39736 40338 57005 71022 87030 333 47104 555 21201 69922 7001/=
36428 12784 70000 11180 21206 39800 40339 56004 60002 83550 333 47053 55018==
36439 31798 21007 11146 21164 38999 48498 57006 73631 81501 333 48039 555 21168 7990/=
36498 32998 00303 11162 21175 39462 40302 57008 333 48065 555 21180 7000/=
36501 32999 00000 11126 21156 39503 40290 57002 333 42003 555 21136 7000/=
36535 12684 50000 11173 21211 39661 40338 57005 60002 82530 333 48081 55041==
36546 31996 40000 11150 21156 39760 40332 57010 71011 82041 333 47041 555 21182 7990/=
36619 32999 00401 11183 21203 333 47023 555 21203 7000/=
36622 32998 00000 11171 21181 39449 40305 57010 333 48040 555 21194 7000/=
36639 12984 02701 11200 21233 39639 40291 57002 60002 333 47064==
36643 31894 82101 11170 21180 39630 40338 53002 72811 8807/ 333 47016 555 21201 7000/=
36665 31994 00801 11150 21177 39552 40320 57001 71011 333 47022 55088 555 21152 7000/=
36666 31496 82701 11185 21199 39807 40338 57002 71011 886// 333 47017 55074 555 21251 7000/=
36729 32998 02302 11164 21178 39762 40274 57007 333 47011 555 21165 7000/=
36736 32999 03202 11158 21177 39703 40291 57008 333 48021 55076 555 21214 7000/=
36744 32998 00501 11138 21148 39783 40257 57018 333 47003 555 21142 7000/=
36770 32999 20000 11162 21166 39481 40251 57013 80003 333 47025 555 21180 7000/=
36786 32999 00000 11107 21130 39296 40248 57003 333 43043 555 21115 7000/=
36796 31/92 90000 11226 21235 39024 48445 54000 74941 333 47068 555 21227 7000/=
36803 31999 02502 11143 21163 39790 40265 58065 70240 333 47006 555 21162 7000/=
36806 32999 01614 11134 21209 39803 40301 57008 333 91018 91124 555 21166 7000/=
36819 31997 60502 11120 21132 39592 40232 57012 71041 82024 333 43003 55069 555 21120 7000/=
36821 11/40 60000 11117 21127 39726 40238 57012 60002 71011 86032 333 42001==
36839 32999 81701 11105 21144 39071 40241 57008 82041 333 43012 555 21155 7000/=
36843 32998 22406 10015 21121 39023 40184 57012 80002 333 43031 555 21070 7000/=
36846 32699 20510 11079 21139 38580 48471 57007 81502 333 47060 555 21110 7000/=
36859 12/84 20101 11068 21084 39489 40296 57004 60002 82040 333 41001==
36870 11/05 93201 11062 21073 39183 40219 57002 60002 74544 89/// 333 47026==
36874 31/93 93601 11060 21068 39413 40206 57007 74944 333 47014 555 21094 7000/=
36877 31/93 92702 11069 21078 74942 333 47018 555 21091 7000/=
36885 32999 33202 11076 21118 39063 40222 57004 82031 333 47034 555 21087 7000/=
36889 32999 21802 11085 21197 36997 47013 53003 80001 333 47010 555 21116 7000/=
36894 32999 60504 11039 21071 39464 40214 53004 83072 333 43005 555 21069 7000/=
36905 32999 71202 11039 21127 38724 48476 57003 82042 333 47023 55091 555 21068 7000/=
36911 12999 20000 11034 21041 39217 40208 57031 6//// 80001 333 21040 555 50022 530// 7000/=
36927 12699 33602 11045 21110 38329 48496 53002 6//// 82950 333 21045 555 51014 530// 7000/=
36934 12698 50301 11016 21108 38271 48400 56001 6//// 82932 333 2//// 555 11010 5//// 530// 7000/=
36953 32999 00000 11120 21147 38186 48508 57002 333 47018 55078 555 21190 7000/=
36963 12999 21603 11135 21196 36984 48/// 54000 6//// 80001 333 2//// 4/004 555 11125 5//// 530// 7000/=
36974 12998 21601 11132 21152 37973 48526 53001 6//// 82040 333 2//// 555 11068 5//// 530// 7000/=
36982 12998 80304 11176 21245 36485 47098 57002 6//// 82036 333 21223 46001 555 5//// 530// 7////=
37018 22660 21205 10060 20011 30135 40211 57010 82500 333 20058 55048 60002 90730 91110==
37031 22960 01402 11041 21051 30009 40213 57007 333 21051 55064 60002==
37054 21940 00000 11068 21078 39832 40237 57003 71000 333 21069 60002==
37061 21/00 91901 11061 21070 30050 40228 57006 74944 89/// 333 21071 55000 60002==
37085 21/02 91302 11016 21019 30258 40231 57004 74742 89/// 333 21026 34/// 60002==
37171 22540 30803 10027 20011 30206 40225 57006 83500 333 20012 69902 83620==
37228 22/60 21701 11032 21080 39365 40227 57002 82030 333 21032 55081 60002==
37235 21340 82201 11032 21039 39901 40230 57003 71022 886// 333 21033 60002==
37472 21940 60000 11038 21047 30253 40230 57004 71022 80001 333 21038 34/// 55000 60002==
38149 12570 83601 11028 21035 30169 40248 53003 60002 885//==
38178 11/00 92802 11011 21010 39900 40193 52007 60002 74544 89/// 333 55000==
38262 12540 83501 11026 21036 30154 40238 54000 60002 885// 333 55020==
38264 12670 73602 11023 21045 30146 40243 52004 60002 875// 333 4/002==
38345 12999 01001 11045 21088 38782 48471 53001 6//// 333 21061 34108 555 5//// 530// 7000/=
38353 12998 21701 11021 21060 39294 40212 53008 6//// 82030 333 21046 34104 555 5//// 530// 7000/=
38388 32598 73601 11028 21062 30154 40228 57004 87500 333 21030 34103 55031 555 7000/=
38392 32597 73604 11020 21035 30129 40236 53002 87500 333 21045 34104 55000 87633 555 7000/=
38396 12660 70000 11026 21039 30111 40241 53003 60002 875// 333 21037 87635==
38403 12660 80201 11010 21019 30110 40234 53009 60002 885//==
38413 12/70 82903 11021 21044 39938 40239 54000 60002 8802/ 333 55000==
38457 41540 80502 10010 21019 39629 40229 52009 78782 883// 333 55063==
38462 41560 80000 11019 21034 38742 48478 53004 77077 8692/ 333 21022==
38507 11696 80000 10024 20008 30122 40227 52006 60022 76166 8557/ 333 20023 31002 85636 55040 555 7002/=
38545 32598 73601 11034 21042 30054 40238 53007 82550 333 21040 34106 55073 555 7000/=
38565 12/70 50000 11030 21050 39599 40172 57001 60002 85040 333 21033==
38579 12560 80502 10010 21013 39802 40229 52004 60002 885// 333 55057==
38583 12660 83602 10023 21014 39902 40230 52008 60002 885//==
38599 31395 82805 10018 20005 39685 40233 52010 71022 886// 333 20014 88707=
38611 11/20 80801 10012 21008 39652 40234 52009 60002 71022 8807/ 333 55058==
38613 12997 60101 11006 21024 40239 52011 6//// 80002 333 21010 30101 555 10030 5//// 530// 7000/=
38616 12597 71801 11008 21020 39204 40242 51006 6//// 87500 333 2//// 555 10019 5//// 530// 7000/=
38618 12960 81301 10001 21033 39519 40225 52010 60002 80001 333 55028==
38647 32697 80903 11004 21042 30181 40225 52016 885// 333 21004 30000 555 7000/=
38656 32698 80704 11004 21035 30112 40225 53012 885// 333 21005 30102 55009 555 7000/=
38683 12660 43603 11010 21032 39937 40222 54000 60002 84500 333 84643==
38687 32997 40703 10008 21009 39978 40220 53001 84500 333 20002 30000 55073 555 7000/=
38696 12660 80701 10022 20006 39343 40211 57001 60002 885// 333 55051==
38713 32997 80501 11035 21060 39023 48470 54000 82034 333 21036 55094=
38750 32597 80901 10058 20034 30255 40226 52009 885// 333 20050 30004 55100 555 7000/=
38763 11497 80000 11014 21028 30119 40228 52013 69952 77072 8802/ 333 21014 3/000 47001 55087 88520 555 7995/=
38774 11495 83103 11003 21003 30036 40239 53026 69982 77172 8802/ 333 21005 3/001 47001 555 7998/=
38799 32597 80703 10016 21012 39980 40218 53004 885// 333 20013 31001 555 7000/=
38806 32997 60501 10022 21015 39928 40194 57008 80002 333 20016 31001 555 7000/=
38812 11940 00503 10024 20008 39737 40198 57005 60002 71000==
38836 32699 70000 10031 21010 39235 40182 58031 86902 333 20020=
38880 12497 83105 10044 20016 39953 40212 53018 60002 889// 333 20044 30003 88616 555 7000/=
38886 31996 80502 11002 21017 39978 40214 53016 71022 80008 333 21002 34102 555 7000/=
38895 32996 80602 10014 20000 39910 40207 53006 8802/ 333 21010 31102 555 7000/=
38911 32998 00201 10016 21039 39900 40202 57007 333 20014 30001 55020 555 7000/=
38915 32997 40000 10028 21005 39883 40215 53002 80001 333 20023 31101 555 7000/=
38927 41947 70504 10052 20033 39813 40192 56003 71082 87950 333 55018 85960==
38933 32797 80903 10044 20005 39706 40228 53010 885// 333 20040=
38944 32698 60000 10045 20033 39601 40141 53002 84530 333 20044=
38954 32899 40000 11062 21062 37947 48560 58008 82901 333 21065 47004=
38974 31998 80000 10020 20009 39845 40187 57015 70242 8802/ 333 21003 31001 55097 555 7000/=
38987 31/92 /2401 10027 20024 39436 40191 57003 74544 333 20027 31003 55094 555 7000/=
40100 43/80 00904 10096 20008 30185 40201 56014 333 58///=
40180 02960 00600 10061 20040 30116 40167 57012 333 70000==
40199 02/// /0404 10116 20035 30127 40152 57010 333 70000==
40265 41957 02203 10026 21038 39404 40213 57002 70500=
40270 41956 00000 10032 20007 39286 40198 57009 71000=
40272 41945 00000 10030 20004 39360 40207 57010 70500=
40340 41956 00110 10098 20022 30095 40160 57005 70500=
40356 42960 00806 10010 21080 39213 48508 333 59005 555 04410 50209=
40357 42960 00203 10039 21070 39561 40211 333 59002=
40360 42960 00000 10002 21110 39596 40202 333 59023=
40361 42960 00805 10070 21020 39415 40238 333 59019=
40362 42960 00907 10089 21030 39687 40207 333 59002=
40373 42660 40207 10116 20100 39779 40199 84500 333 59011 84635=
40375 42960 40303 10060 21040 39271 40151 84030 333 59042 84360=
40394 42660 40808 10102 20030 39038 48513 84400 333 59021 84645 555 04410 50169=
40400 42960 00503 10150 20030 30077 40105 333 59049=
40405 42660 50611 10112 20080 39424 40180 85500 333 59022 85640=
40417 42660 53407 10136 20080 30161 40176 82530 333 59011 82640 84360=
40420 41958 50105 10144 20110 39966 40178 70521 85010 333 58002 85460=
40430 42660 30410 10174 20120 39387 40131 83500 333 59040 83645=
40437 41657 50202 10137 20130 39475 40182 71000 85500 333 59006 85640=
40439 42660 20902 10205 20140 30076 40094 81530 333 59041 81640=
40582 31957 53611 10135 20041 40202 53010 70511 85030 333 55300 00000 10203 20000 30000 41056 51259 60000 55407 40000 85360 90401 91013 91115 91211 91309=
40703 42960 00000 11050 21147 38900 40202 53002 333 10028 21052 70038 555 11070 29047 66666 01024 11024 20012 30022 50050 90084=
40706 42965 30403 11055 21076 38662 40249 55000 80002 333 10018 21084 70020 83068 555 11059 29085 66666 01044 11008 20029 30041 50052 90071=
40712 42970 02503 11070 21132 38685 40242 53002 333 10008 21070 70020 555 11082 29061 66666 00007 10011 20017 30020 50036 90053=
40713 42962 00804 11051 21097 38663 40229 53002 333 10015 21052 70042 555 11062 29070 66666 00002 10027 20042 30052 50067 90094=
40718 41440 83004 10068 20053 30265 40236 52007 75022 8662/ 222// 0//// 20201 333 10090 20067 70020 86712 88457 555 10061 29090 66666 00078 10086 20086 30088 50096 90110=
40723 41215 89901 10004 21001 38942 40200 53012 77062 8752/ 333 10030 21028 70012 84704 85625 88556 555 10002 29096 66666 00000 10002 20022 30030 50046 90066=
40726 42960 00000 11042 21071 38667 40243 55002 333 10014 21048 70035 555 11049 29080 66666 00008 10010 20034 30034 50048 90078=
40727 42960 01802 11079 21106 38492 40264 55001 333 11006 21085 70076 555 11083 29081 66666 01008 10011 20022 30029 50039 90071=
40732 42560 63203 10078 20051 30251 40226 53015 86300 333 10102 20070 70002 82920 84626 555 10066 29083 66666 00074 10080 20094 30094 50102 90124=
40736 41560 70000 10089 20072 30248 40222 52020 72922 86970 333 10112 20086 70002 84722 82927 87459 555 10081 29089 66666 00076 10078 20080 30082 50090 90116=
40738 41557 82103 10067 20057 30238 40240 51027 76222 8352/ 333 10126 20063 70034 83630 88557 555 10062 29093 66666 00074 10076 20082 30084 50094 90122=
40739 42665 30203 10009 21014 38675 40196 52008 83500 333 10036 21002 70000 83635 555 10000 29085 66666 00004 10006 20032 30044 50053 90082=
40741 41540 83303 10012 21004 39843 40183 53005 71042 887// 333 10084 21005 70000 88720 555 10006 29089 66666 00037 10050 20067 30078 50087 90111=
40743 41560 70000 10041 20015 39047 40173 52012 70280 84306 333 10074 20016 70002 81930 83635 87270 555 10030 29083 66666 00052 10059 20077 30089 50101 90128=
40745 41557 63102 10022 20003 39016 40178 52008 72510 81571 333 10060 20002 79999 81630 85460 555 10014 29087 66666 00012 10022 20040 30052 50062 90100=
40747 42660 10000 11069 21096 38660 40261 52005 81500 333 10038 21071 70000 81640 555 11074 29081 66666 01018 10017 20041 30055 50063 90089=
40754 42960 12606 10003 21033 38830 40208 53003 81030 333 10049 20001 70002 81360 555 11010 29077=
40762 41557 83003 10009 20002 38531 40173 53006 76286 8532/ 333 10045 21002 70032 81930 84635 88558 555 10006 29095 66666 00008 10015 20024 30037 50054 90087=
40766 41958 02005 11044 21059 38719 40246 51003 71000 333 10058 21047 70000 555 11047 29089 66666 00012 10030 20052 30060 50084 90092=
40768 42960 01101 11109 21138 38266 40270 52005 333 10019 21113 70000 555 11113 29079 66666 01001 10000 20010 30020 50028 90054=
40769 42960 00000 11037 21051 38299 40210 52008 333 10061 21038 70000 555 11040 29090 66666 00006 10012 20028 30034 50058 90094=
40780 42960 01303 11021 21086 38695 40240 58004 333 10046 21037 70000 555 11040 29061 66666 00028 10036 20048 30056 50076 90090=
40782 42960 01302 11008 21027 38889 40220 51004 333 10102 21010 70000 555 11014 29087 66666 00034 10038 20076 30070 50096 90114=
40785 41658 82401 10021 20021 39122 40240 52015 71022 8352/ 333 10076 20011 70000 83640 88460 555 10021 29100 66666 00042 10053 20070 30080 50092 90154=
40791 42660 52501 10080 21010 39354 40179 52025 82572 333 10145 20080 70000 82640 84360 555 10044 29053 66666 00100 10108 20124 30134 50142 90159=
40792 42660 82603 10058 20035 38708 40163 52020 8252/ 333 10090 20057 70007 82635 88459 555 10048 29085=
40798 42960 30501 11048 21129 37959 40213 53005 80002 333 21048 83070 555 11068 29053 66666 00001 10015 20047 30061 50065 90079=
40800 42965 60000 10019 21079 38465 40187 53007 80006 333 10121 20019 70000 86270 555 11015 29048 66666 00020 10052 20062 30068 50092 90120=
40809 42560 60803 10038 20032 38485 40163 53004 84472 333 10113 20027 70139 84630 83359 555 10035 29096 66666 00036 10046 20069 30094 50108 90129=
40811 42960 53301 10108 20031 30164 40190 56006 80006 333 10183 20099 70000 85270 555 10075 29059 66666 00146 10164 20178 30184 50188 90206=
40812 42960 41701 10096 20080 39796 40174 57001 80001 333 10197 20096 70000 84070 555 10088 29090 66666 00104 10114 20116 30120 50172 90194=
40821 41925 82902 10041 20025 38803 40201 52012 71021 84077 333 10126 20034 70000 84359 87269 555 10034 29090 66666 00074 10087 20111 30116 50120 90134=
40829 41/00 93402 10021 20016 39613 40197 53011 74700 333 10126 20014 70006 89/// 555 10019 29096 66666 00019 10046 20088 30146 50150 90178=
40831 41958 03604 10120 20034 30191 40200 58003 70500 333 10193 20120 70000 555 10082 29055 66666 00136 10144 20170 30176 50200 90224=
40833 41656 23304 10098 20054 30160 40192 58003 70510 82500 333 10202 20098 70000 82640 555 10078 29074 66666 00136 10152 20174 30188 50196 90216=
40841 42960 41402 10022 20008 38248 40168 52010 80006 333 10115 20013 70008 84270 555 10016 29091 66666 00078 10083 20078 30086 50116 90144=
40845 42660 63408 10176 20107 30171 40176 58002 82570 333 10182 20174 70000 82640 86360 555 10139 29064 66666 00154 10164 20176 30182 50186 90202=
40848 41658 70000 10036 20022 38537 40185 53007 71022 81536 333 10124 20024 70004 81640 87270 555 10030 29091 66666 00056 10064 20088 30098 50100 90112=
40854 42660 22602 10123 20027 38930 40120 51007 82500 333 10144 20096 70000 82640 555 10079 29052 66666 00124 10138 20156 30168 50178 90198=
40856 42960 12602 10042 20006 38635 40169 52006 80001 333 10106 20036 70000 81070 555 10027 29077 66666 00062 10100 20128 30130 50134 90142=
40859 41658 73502 10070 20053 38720 40176 53007 71021 84520 333 10144 20064 70000 84640 87460 555 10062 29089 66666 00070 10098 20116 30128 50132 90150=
40875 41556 33502 10164 20141 30130 40142 50003 71000 81102 333 10245 20159 70000 81830 83070 555 10151 29086 66666 00172 10216 20236 30234 50245 90250=
40879 42965 10000 10140 20048 39485 40156 53007 80002 333 10240 20130 70000 81070 555 10096 29054 66666 00180 10196 20222 30228 50234 90242=
40882 41550 83106 10204 20178 30122 40157 53017 76021 8332/ 333 10210 20194 70002 81925 88559 555 10188 29085 66666 00254 10256 20240 30240 50232 90244=
40883 41940 40303 10176 20152 30114 40142 53001 71000 84030 333 10227 20172 70000 84359 555 10162 29086 66666 00180 10184 20210 30230 50238 90240=
40893 41958 00302 10212 20110 30127 40133 50005 70500 333 10288 20211 70000 555 10155 29052 66666 00244 10249 20263 30264 50265 90267=
40898 41957 00000 10205 20166 30128 40137 52012 70500 222// 00230 20900 333 10236 20204 70000 555 10181 29078 66666 00188 10214 20250 30256 50266 90270=
41024 42660 20000 10245 20180 30081 40107 82500 333 59026 82640=
41036 41915 01504 10149 20140 38552 48502 71000 333 59014 555 04410 50121=
41055 41959 00703 10146 20060 38354 48500 70500 333 59019 555 04410 50110=
41061 42860 21018 10186 20090 39425 40121 82030 333 59023 82358=
41084 42960 00000 10156 20070 38842 48500 333 59018 555 04410 50094=
41112 42460 31507 10147 20130 37944 48507 83600 333 59034 83715 555 04410 50089=
41114 42560 21816 10160 20100 37979 48506 82400 333 59038 82622 555 04410 50081=
41128 41940 01803 10164 20020 38805 48514 70633 333 59045 555 04410 50115=
41136 41940 02105 10148 20030 39317 40122 70500 333 59024=
41140 41559 31104 10257 20220 30114 40123 71000 83400 333 59015 83630=
41150 41962 53613 10183 20143 40168 70262 8503/ 333 59021 85364=
41176 44/56 /0110 10178 20154 30167 40173 333 59010=
41184 42560 31204 10166 20133 40158 81501 333 59021 81630=
41194 42460 71604 10206 20173 30149 40155 84630 333 59021 84715 83365=
41196 42460 51604 10195 20158 30118 40160 85630 333 59021 85712=
41216 41458 63405 10203 20184 30155 40159 70500 84630 333 59020 84711 83368=
41217 41456 63203 10194 20179 30127 40157 70510 866// 333 59012 86710=
41246 36/// /2204 10212 20102 30135 40138 333 0E021 55300 25022 59024=
41258 36/// /2505 10249 20110 30138 40142 333 0E/// 55300 20000 59011=
41263 36/// /0101 10177 20046 39571 40141 333 0E018 55300 20000 59019=
41265 36/// /3004 10171 20085 39571 40146 333 0E021 55300 20000 59015=
41267 36/// /2200 10222 20102 30138 40151 333 0E019 59005=
41268 36/// /2411 10205 20130 30101 40149 333 0E020 55300 25022 59008=
41275 36/// /1406 10164 20094 39998 40171 333 0E016 55300 20000 59023=
41288 26/// /0000 10202 20202 30138 40160 333 0E021 59016 70002=
41315 36/70 /0000 10196 20046 39326 48088 333 0E019 55300 27865 59016=
41316 32980 00102 10198 20145 30124 40154 333 59017 55000 55407 55408 55507 55508=
41396 42962 02703 10129 20078 39419 40162 333 59015=
41480 41450 40710 10247 20204 30139 40148 70644 84500 333 59006 84618=
41506 12960 00000 10030 21006 38507 48060 60001 333 21016 58018 70000==
41508 12960 00000 10000 21014 38652 48160 60001 333 21006 59025 70000==
41515 12960 00000 10014 21027 38594 48530 60001 333 21002 58012 70000==
41516 11940 40000 10045 21020 38535 48930 60001 70411 84030 333 21020 56080 59029 70000==
41517 12440 40000 11010 21048 37778 48170 60001 83530 333 21034 56880 59031 70000==
41518 12460 41801 10028 21024 30001 48010 60001 82230 333 20016 56880 58000 70000==
41519 12460 30000 10080 21085 38773 48080 60001 83500 333 20074 56800 59018 70000==
41523 12960 00000 10045 20009 39071 48750 60001 333 20034 59027 70000==
41535 12960 30000 10035 21034 38684 48500 60001 83020 333 20014 56080 59026 70000==
41536 12960 00000 10060 20013 39047 48030 60001 333 20054 59004 70000==
41560 12960 00000 10030 21020 38298 48300 60001 333 21030 58004 70000==
41571 11940 20000 10120 20007 39542 40133 60001 70500 80001 333 20084 56008 59034 70000==
41598 11940 30000 10100 20057 39862 40141 60001 70400 83030 333 20082 56080 59025 70000==
41600 11940 20000 10110 20079 39836 40139 60001 70420 82070 333 20090 56080 59012 70000==
41624 11910 00000 10130 20068 39917 40121 60001 70400 333 20110 59033 70000==
41630 11440 61801 10165 20120 30000 40122 69901 70496 85570 333 20098 56880 59037==
41640 11440 80000 10175 20100 39860 40110 69901 70450 88620 333 20124 56880 59040==
41660 12960 11302 10050 20028 38440 48350 60001 81030 333 20040 56080 59014 70050==
41678 11940 20501 10135 20074 30000 40140 60001 70400 82030 333 20120 56080 59021 70000==
41696 12960 30000 10095 20021 38004 48220 60001 83020 333 20074 56080 59011 70000==
41697 12960 03106 10240 20038 39954 40109 60001 333 20120 59041 70000==
41700 11910 00000 10145 20107 39971 40101 60001 70400 333 20128 59031 70000==
41710 12960 00000 10100 20008 39355 40145 60001 333 20084 59008 70000==
41712 12960 00501 10100 20008 39193 48950 60001 333 20090 59012 70000==
41715 11910 00000 10160 20104 30053 40119 60001 70400 333 20110 59021 70000==
41718 11920 00000 10145 20107 30006 40111 60001 70400 333 20118 59029 70000==
41725 12940 00502 10170 20115 30027 40106 60001 333 20160 59028 70000==
41739 12940 00502 10125 20028 39061 48110 60001 333 20104 59011 70000==
41744 12940 30000 10125 21001 38794 48150 60001 83020 333 20094 56080 59028 70000==
41749 12940 00000 10180 20127 30073 40108 60001 333 20144 59049 70000==
41756 11920 32702 10225 20202 30068 40134 60001 71004 80001 333 20104 56008 59030 70000==
41757 12940 30000 10165 20120 30139 40152 60001 80007 333 20144 56008 59013 70000==
41759 11920 30000 10185 20160 30121 40127 60001 71010 83030 333 20140 56080 59029 70000==
41764 11920 02102 10200 20149 30062 40112 60001 70400 333 20164 59026 70000==
41768 12940 02701 10180 20163 30109 40116 60001 333 20134 59028 70000==
41780 11940 32904 10225 20194 30098 40125 60001 70400 80001 333 20200 56008 59022 70000==
41785 12940 22302 10170 20125 30117 40130 60001 80001 333 20144 56008 59026 70000==
41859 01940 00502 10171 20120 30111 40150 70500 333 20124 58008 70000==
41883 02956 00000 10205 20120 30122 40143 333 20130 58002 70000==
41891 01950 00905 10202 20080 30111 40151 70500 333 20137 58013 70000==
41907 01935 00000 10180 20130 30127 40142 70500 333 20113 58000 70000==
41923 01945 00000 10246 20090 30137 40147 70500 333 20162 58013 70000==
41936 01905 00000 10178 20170 30127 40135 74442 333 20136 59006 70000==
41943 01940 00902 10220 20120 30138 40145 70500 333 20145 58004 70000==
41950 01940 00000 10216 20150 30143 40145 70500 333 20144 58000 70000==
41978 01935 00902 10236 20140 30135 40141 70510 333 20188 58004 70000==
41992 01925 00000 10253 20190 30139 40141 70510 333 20215 59001 70000==
42027 31595 73601 10038 21013 38401 48490 70522 84520 333 20017 59033 555 10031=
42071 31595 71605 10154 20083 40118 75021 83520 333 10224 20122 59035 83630 87459 555 10008=
42101 21595 80000 10146 20091 40131 70552 8352/ 333 10248 20110 59023 6990/ 83630 88458=
42111 31995 80000 10130 20097 39395 40108 71022 8603/ 333 10272 20103 59007 86360 88070 555 10007=
42123 32596 50000 10152 20098 40118 82530 333 10284 20145 59033 82630 85359 555 10013=
42131 31695 70000 10124 20105 40125 71022 83520 333 10262 20104 59040=
42165 32996 00000 10178 20085 40099 333 10320 20170 59046 555 10001=
42182 31996 20000 10128 20101 40124 71000 82030 333 10264 20100 59023 82360 555 10007=
42189 31994 70000 10134 20095 40124 71021 80002 333 10244 20096 58001 87070 555 10013=
42328 31995 02502 10192 20162 40090 70500 333 10328 20188 59027 555 10002=
42339 31995 12301 10186 20117 40115 70500 80001 333 10317 20163 59037 81070 555 10001=
42348 31995 20000 10182 20076 40116 70500 80001 333 10293 20152 59036 82070 555 10013=
42369 31995 02702 10154 20083 40131 70500 333 10264 20101 59006 555 10001=
42379 31995 50000 10150 20117 40134 71020 82031 333 10246 20096 58011 82360 83075 555 10000=
42398 31595 50505 10188 20144 40148 71022 82530 333 20152 58018 555 10000=
42410 31595 10000 10176 20148 40160 71000 81500 333 20144 58021 81620 555 10004=
42415 31595 70000 10178 20143 40168 71022 84530 333 20162 58020 84620 87360 555 10020=
42452 31995 00000 10202 20093 40125 70500 333 10301 20134 59026 555 10014=
42492 31996 02701 10166 20093 40136 70500 333 20137 59005 555 10001=
42571 31996 30000 10154 20078 40142 70500 82032 333 20120 59017 82360 83070=
42591 31995 10000 10174 20075 40146 70500 80001 333 20143 59009 81075 555 10000=
42701 31996 02502 10176 20044 39394 40131 70500 333 20112 59001 555 10000=
42724 31995 00000 10216 20107 40144 70500 333 20128 58001 555 10000=
42779 32996 00000 10160 20081 39442 40155 333 20116 59009 555 10000=
42798 31995 00000 10178 20080 40146 70500 333 20116 59002 555 10000=
42809 31995 00000 10222 20132 40143 70500 333 20166 59004 555 10000=
42874 31996 02302 10196 20137 40147 70500 333 20161 59017 555 10000=
42886 32996 00000 10188 20069 40163 333 20105 59007 555 10000=
42895 32996 03602 10240 20138 40144 333 20167 59004 555 10000=
42971 31996 00000 10234 20169 40147 70500 333 20171 58001 555 10000=
43003 31995 00000 10216 20148 40133 70400 333 20186 59003 555 10000=
43014 31995 00000 10200 20117 39491 40145 70544 333 20152 59014=
43041 31995 00000 10198 20094 39526 40150 70500 333 20126 59005 555 10000=
43063 32997 00000 10180 20129 39519 40156 333 20134 59013=
43086 31496 10000 10222 20207 39956 40135 70510 81600 333 10330 20145 59019 555 10000=
43128 32997 00000 10232 20125 39534 40141 333 10342 20173 59010 555 10000=
43150 31996 20202 10250 20211 30079 40140 70500 80001 222// 20000 333 10326 20227 59003 82075 555 10000=
43185 31996 03203 10246 20219 30125 40129 70500 333 10349 20218 59010 555 10000=
43189 31996 00000 10244 20213 30131 40140 70500 333 10344 20214 59006 555 10000=
43192 31995 03202 10250 20244 40127 74242 333 20240 59007 555 10000=
43198 32996 20503 10226 20152 39312 40137 80001 333 10332 20154 59004 82075 555 10000=
43201 32997 00000 10234 20097 39395 40120 333 10346 20168 58002 555 10000=
43213 31996 00000 10240 20189 39806 40125 70500 333 10374 20220 59006 555 10000=
43233 31496 39902 10204 20186 39326 40152 71000 82510 333 10343 20180 59005 555 10000=
43237 31996 10000 10216 20136 39713 40110 70500 80001 333 10366 20184 59010 81075 555 10000=
43245 32997 02002 10254 20218 30107 40134 333 10349 20230 59001 555 10005=
43279 31595 21802 10246 20222 30119 40137 71000 81501 333 10332 20213 59008 81620 555 10056=
43284 31194 30905 10252 20231 30012 40128 72844 82601 333 10325 20234 59004 82702=
43295 32997 19902 10216 20169 39124 48530 80001 333 10335 20182 59004 81075 555 10005=
43310 32496 43202 10262 20239 40118 82211 333 20224 59017=
43314 32997 20000 10274 20239 40130 80001 333 10348 20256 59001 555 10000=
43321 31995 20000 10230 20165 39690 40142 70500 80001 333 10355 20200 59003 82070 555 10001=
43329 31996 10000 10228 20210 30124 40138 71000 80001 333 10310 20196 59003 555 10005=
43333 31496 10000 10278 20192 40134 70500 81500 333 20213 59008 81618=
43344 31495 39902 10236 20221 30042 40143 71000 82501 333 10335 20200 59005 82616 555 10015=
43353 31495 01104 10266 20216 40133 70521 80000 333 10322 20254 56000 59006=
43369 32597 30000 10268 20233 40130 83500 333 10319 20248 59012 83620 555 10073=
43371 31996 10000 10248 20224 30059 40132 71000 80001 333 10333 20232 59008 81071 555 10049=
44212 42984 21702 11244 21280 39175 40439 52007 80001==
44213 42984 00000 11204 21241 38810 40404 52004==
44214 42960 03606 11129 21230 38270 40356 52004==
44215 42/70 11301 11167 21221 38407 40388 52009 81040==
44217 32998 00000 11206 21258 37831 40467 52006 333 91200=
44218 41940 02601 11130 21195 38614 40358 52011 70400==
44219 32999 01303 11217 21251 38638 40434 52010 333 91204=
44265 42984 33101 11173 21215 38883 40407 52009 80009==
44266 32999 21601 11136 21213 37748 40369 52009 80008 333 91206=
44404 22357 50902 10104 20023 38103 48447 83251 333 20060 58000 60004=
44416 22958 10902 10127 20086 39335 40100 80002 333 20065 58001 60004=
44424 22458 80902 10017 21058 37641 47013 8561/ 333 21018 59013 60004=
44434 21330 71102 10139 20119 39231 48516 71044 84650 333 20119 58024 60004=
44438 21914 10702 10142 20134 30008 40137 71044 80001 333 20109 58012 60004=
44449 21950 00804 10155 20116 39984 40143 71044 80000 333 20090 58020 60004=
44454 21445 21906 10112 20077 38654 48489 71044 82100 333 20070 58015 60004=
44462 21/30 80903 10066 20055 38240 48465 7104/ 88600 333 20060 58012 60004=
44474 21008 80000 10087 20073 38246 48497 74044 888// 333 20076 58009 60004=
44477 21440 11101 10139 20089 38812 48516 7104/ 81100 333 20074 58014 60004=
44478 21616 21005 10156 20140 30058 40140 7104/ 82030 333 20100 58016 60004=
48010 42956 03601 10175 20129 39974 40132 333 58010==
48020 42957 03601 10185 20153==
48025 41320 40000 10184 20147 31003 40144 58016 70521 84800==
48048 41950 03201 10225 20156 30065 40121 70500 333 58010==
48052 32957 00000 10229 20163 333=
48062 41440 30903 10230 20214 30118 40125 74244 83500 333 59008==
48064 42956 00401 10234 20181 30037 40095 333 59003==
48094 42958 03201 10250 20220 30123 40133 333 58001==
48109 42960 00401 10278 20220 30140 40143 333 59004==
51076 14/72 /0101 11145 21172 39403 40356 52005 60001 333 11091 21200 3/103 4/025 59019 70000 90761 91102==
51087 14/64 /0802 11163 21205 39252 40369 52001 60001 333 11063 21207 3/106 4/018 59019 70000 90761 91104==
51156 14/80 /3301 11096 21134 38707 40323 54000 60001 333 11045 21153 3/117 59022 70000 90761 91104==
51243 14/43 /1800 11148 21178 39752 40348 52003 60001 70500 333 11072 21169 3/116 59026 70000 90761 91102==
51334 14/35 /2001 11168 21190 39905 40350 52004 60001 70500 333 11093 21206 3/112 4/012 59030 90761 91102==
51379 14/63 /1502 11142 21171 39320 40347 57003 60001 333 11049 21199 3/107 4/022 59031 70000 90761 91103==
51463 14/72 /1701 11073 21137 39055 40308 54000 60001 333 11034 21103 3/101 4/036 59035 70000 90761 91104==
51573 14/59 /3201 11003 21170 30241 40293 52012 60001 333 10069 21045 3/111 59019 70000 90761 91104==
51644 14/27 /0101 11051 21108 38992 40303 52005 60001 70500 333 10046 21088 3/108 59014 70000 90761 91102==
51656 14/50 /1102 11046 21098 39201 40305 52004 60001 70500 333 10048 21095 3/113 59015 70000 90761 91103==
51709 14/50 /3002 11044 21145 38656 40290 52006 60001 70600 333 10029 21057 3/108 59018 70000 90761 91104==
51711 14/58 /2801 11080 21142 38024 40263 52006 60001 333 10026 21108 3/115 59008 70000 90761 91103==
51716 14/25 /0201 11047 21088 38953 40295 52008 60001 70500 333 10056 21071 3/112 59020 70000 90761 91102==
51765 14056 02201 11053 21121 39267 40313 52006 60001 333 10052 21099 3/114 59011 70000 90761 91103==
51811 14044 02900 11055 21150 38828 40299 52013 60001 70600 333 10053 21066 3/113 59017 70000 90761 91103==
51818 14/35 /2201 11044 21166 38671 40291 52011 60001 70600 333 10054 21080 3/114 59014 70000 90761 91103==
51886 14/67 /3301 11107 21274 37116 40319 52010 60001 333 11027 21161 3/123 59003 70000 90761 91104==
52203 14/68 /1103 11032 21162 39386 40317 52014 60001 333 10023 21104 3/116 59002 70000 90761 91106==
52602 14/77 /0802 11103 21222 37275 40325 52015 60001 333 11034 21173 3/122 59007 70000 90761 91107==
52818 14/80 /2804 11069 21228 37249 40296 52018 60001 333 11013 21132 3/119 4/001 58000 70000 90761 91107==
52908 14/78 /2705 11171 21265 35729 40345 52007 60001 333 11095 21228 3/125 58007 70000 90761 91111==
55299 14/80 /3601 11107 21311 35819 40222 52016 60001 333 11027 21167 3/120 58002 70000 90761 91104==
55591 14/77 /1102 10008 21180 36490 40075 52015 60001 72000 333 10070 21039 3/110 58012 70000 90761 91106==
56004 14/80 /2802 11152 21252 35795 40325 52007 60001 333 11096 21229 3/128 58009 70000 90761 91104==
56018 14/65 /1401 11117 21235 36173 40278 52011 60001 333 11031 21178 3/122 58025 70000 90761 91103==
62306 42960 00000 10101 20075 40179 57010==
62332 42960 00711 10148 20090 40171 57013==
62366 45960 00504 10101 20053 40161 54000==
62387 31950 03208 10056 20029 40148 57007 71000=
62393 42960 03305 10059 20003 40164 57002==
62405 42960 01604 10082 21071 40135 54000==
62414 42960 03605 10114 21074 40127 57007==
62419 42960 02604 10079 21022 40139 57002==
62420 32960 00102 10084 20042 40164 57007=
62458 32960 01302 10077 21051 40139 57008=
41256 32560 61903 10199 20099 30131 40148 81531 90245 333 59012 55002 55407 55408 55507 55508 81630 85070=

==================
42361 Not Received
42634 Not Received
42747 Not Received
42840 Not Received
42909 Not Received
42754 Not Received
42667 Not Received
42686 Not Received
42314 Not Received
42867 Not Received
43117 Not Received
43110 Not Received
43410 Not Received
43450 Not Received
==================