SMPK OPKC 081200=
41043 60002 70500 85031 333 10255 56099 59020 60007 85460 82080 RH50%=
41504 02997 30000 10060 21102 37885 48537 60002 83030 82200 333 10095 56090 58015 60007 83360 RH30%=
41505 22696 52302 10055 21032 38/// 48/// 60002 82520 333 10086 56990 58/// 82640 86460 53%=
41506 02997 03606 10130 21049 38536 48532 60002 333 10136 58007 60007 28%=
41507 02997 00000 10195 20019 39304 49815 60002 333 10200 58002 60007 31%=
41508 02697 32304 10153 21038 38655 48527 60002 83200 333 10215 56900 59016 60007 83835 26%=
41509 02997 04502 10155 21060 38770 48515 60002 333 10175 58002 60007 RH 22%=
41510 02997 32702 10085 20021 37911 48511 60002 83030 333 10135 56990 58003 60007 83360 64%=
41515 02997 00904 10116 21079 38572 48535 60002 333 10137 58028 60007 25%=
41516 02996 32304 10135 21037 38567 48525 60002 83030 333 10166 56090 59006 60007 83360 RH30%=
41517 02997 30000 10055 21088 37825 48551 60002 80020 333 10081 56090 59010 60007 82360 35% =
41518 02697 50000 10139 20007 38/// 48/// 82230 333 10150 56990 5//// 60007 82840 83362 40%=
41519 02997 30000 10150 21049 38783 48524 60002 80002 333 10170 56009 59004 60007 83070 RH26%=
41520 02697 30000 10060 21102 37642 48277 60002 83500 333 10090 56900 59012 60007 83640 30%=
41520 02697 30000 10060 21102 37642 48277 60002 83500 333 10090 56900 59012 60007 83640 30%=
41523 02997 02304 10200 21006 39076 48508 60002 333 10220 59023 60007 25%=
41524 02997 03606 10210 21071 39338 40183 60002 333 10222 59026 60007 14%=
41525 12697 31804 10070 21062 37691 48408 60002 83100 333 10095 58002 83840 39%=
41528 01997 00000 10180 20039 39202 48502 60002 333 10196 59036 60007 39%=
41529 02996 20000 10250 20070 39760 40131 60002 82030 333 10270 56090 59024 60007 82362 32%=
41530 01996 51804 10230 21045 39722 40127 60002 70511 81031 333 10245 56099 59024 60007 81360 84070 15%=
41534 02696 30000 10230 20035 39724 40130 60002 83500 333 10260 56900 59020 60007 83640 28%=
41535 02697 60000 10160 21049 38714 48487 60002 82520 333 10185 56990 59010 60007 82635 85460 RH23%=
41536 02997 30000 10200 21025 39026 48509 60002 83010 333 10225 56090 59011 60007 83360 22%=
41560 02997 00000 10090 21029 38325 48553 60002 333 10100 58001 60007 43%=
41562 02997 51302 10220 21046 39683 40139 85030 333 10230 56090 59023 60007 85360 RH 16%=
41565 02996 33102 10089 21040 38658 48524 60002 83020 333 10145 56090 58012 60007 83460 RH 39% =
41567 01996 00000 10205 20054 39706 40118 60002 70500 333 10225 58007 60007 37%=
41572 01696 62704 10210 21045 39503 40118 60002 70500 82530 333 10232 56990 59015 60007 82640 84360 RH18%=
41573 01996 61802 10110 21014 37970 48490 60002 70420 85020 333 10160 56090 59009 60007 85460 42%=
41574 02997 60000 10140 20002 38342 48519 60002 80006 333 10170 56009 59016 60007 86070 39%=
41576 01696 62702 10200 20014 40160 60002 70500 81570 333 10215 56990 59009 60007 81640 86460 29%=
41577 01696 70000 10210 21004 39529 40135 70521 83510 333 10240 56990 59013 60007 83640 85460 RH 24%=
41577 01696 70000 10210 21004 39529 40135 70521 83510 333 10240 56990 59013 60007 83640 85460 RH 24%=
41593 01996 42302 10250 20023 39917 40126 60002 70511 84070 333 10264 56090 59019 60007 84460 23%=
41597 01996 50000 10235 20099 39861 40159 60002 70522 85030 333 10245 56090 59011 60007 85362 42%=
41598 01696 80000 10205 20068 39869 40139 60002 70500 84530 333 10215 56990 59010 60007 84640 85360 41%=
41599 01696 53604 10205 20039 39854 40142 60002 70512 82570 333 10222 56990 59009 60007 82640 83460 34%=
41600 01996 40000 10215 20083 39836 40215 60002 70500 83030 333 10225 56090 59010 60007 83360 43%=
41620 32696 21302 10180 21049 38588 48493 60002 82500 333 10190 56900 59008 60007 82640 21%=
41624 02997 00904 10240 20038 39934 40131 60002 333 10255 59026 60007 27%=
41625 01996 00502 10240 20002 39925 40122 60002 70500 333 10260 59021 60007 21%=
41630 01696 60000 10220 20064 40147 60002 70520 83570 333 10245 56990 59019 60007 83640 84460 36%=
41633 02997 00000 10240 20068 4//// 60002 333 10255 5//// 60007 33%=
41634 01996 40502 10200 20012 3//// 4//// 60002 75000 82070 333 10225 56099 5//// 60007 82460 82075 28%=
41635 02997 30000 10255 20033 3//// 4//// 60002 83030 333 10260 56090 5//// 60007 83360 24%=
41636 01996 40000 10235 20059 39961 40144 60002 70522 84070 333 10250 56090 59023 60007 84462 32%=
41638 01696 52304 10235 20073 4//// 60002 70520 82530 333 10262 56990 5//// 60007 82640 83360 35%=
41639 01696 50000 10210 20032 3//// 4//// 60002 70520 82530 333 10215 56990 5//// 60007 82640 83360 31%=
41640 01996 33102 10225 20026 39892 40139 60002 70500 80009 333 10250 56009 59012 60007 83970 27%=
41641 01996 22506 10240 20020 39866 40135 60002 70500 82030 333 10250 56090 59012 60007 82360 24%=
41642 02997 33102 10220 20077 3//// 4//// 60002 80001 333 10245 56009 5//// 60007 83070 40%=
41643 01996 30000 10200 20098 39862 40137 60002 70400 83030 333 10212 56090 59013 60007 83360 52%=
41644 01996 20000 10230 20104 4//// 60002 70400 82030 333 10245 56090 5//// 60007 82360 45%=
41646 01996 00000 10240 20081 39949 40160 60002 70500 333 10255 59018 60007 36%COR AGAIN=
41646 01996 00000 10240 20081 39949 40160 60002 70500 333 10255 59018 60007 36%COR AGAIN=
41646 01996 00000 10240 20081 39949 40160 70500 333 10255 59018 60007 36%COR=
41646 01996 00000 10240 20081 39949 40160 70500 333 20255 59018 60007 36%=
41652 01696 40504 10235 20073 39966 40142 60002 70500 84500 333 10242 56900 59023 60007 84640 35%=
41660 02997 62316 10165 21083 38411 48500 60002 86030 333 10175 56090 59017 60007 86360 R17%=
41661 02697 62304 10170 20006 38367 48492 60002 82510 333 10190 56990 59014 60007 82635 84460 33%=
41669 02997 21302 10240 20068 3//// 4//// 60002 82360 333 10265 56090 5//// 60007 82360 33%=
41670 01996 20000 10240 20068 4//// 60002 70500 82030 333 10245 56090 5//// 60007 82362 33%=
41674 01996 21808 10230 20051 3//// 4//// 60002 70500 82030 333 10235 56090 5//// 60007 82360 31%=
41675 01996 52304 10240 20038 39994 40136 60002 70510 85070 333 10253 56090 59026 60007 85460 27%=
41676 01996 30000 10225 20103 30010 40168 60002 70500 83030 333 10250 56090 59020 60007 83360 48%=
41677 01996 30000 10230 20051 39965 40130 60002 70500 83030 333 10245 56090 59028 60007 83362 31%=
41678 01996 03104 10260 20086 40138 60002 70500 333 10270 59022 60007 33%=
41679 01996 33102 10230 20066 4//// 60002 70511 83030 333 10255 56090 5//// 60007 83360 35%=
41680 01996 33104 10240 20081 39943 40139 60002 70510 83070 333 10260 56090 59023 60007 83462 36%=
41685 02997 22302 10210 21101 38903 48496 60002 82020 333 10215 56090 59022 60007 82460 RH11%=
41696 02697 52306 10150 21049 37993 48501 60002 83520 333 10170 56990 58000 60007 83640 82460 RH25%=
41697 02997 00000 10260 20042 39974 40128 60002 333 10270 59038 60007 RH25%=
41697 02997 00000 10260 20042 39974 40128 60002 333 10270 59038 60007 RH25%=
41700 01996 30000 10245 20062 39998 40124 60002 70500 83030 333 10262 56090 59034 60007 83360 31%=
41700 01996 30000 10245 20062 39998 40124 60002 70500 83530 333 10262 56090 59034 60007 83360 31%=
41701 01996 20000 10255 20078 30002 40142 60002 70500 82030 333 10267 56090 59019 60007 82360 32%=
41712 12997 02306 10240 21065 39148 48485 60002 333 10250 59032 RH13%=
41716 01996 00000 10260 20006 30038 40140 60002 70510 333 10269 59028 60007 19%=
41718 01996 00000 10265 20052 30031 40132 60002 70500 333 10273 59026 60007 25%=
41724 01996 20000 10240 20053 30068 40146 60002 70500 82030 333 10245 56090 59034 60007 82360 RH30%=
41725 02996 30502 10240 20053 30051 40128 60002 83030 333 10245 56090 59037 60007 83360 RH30%=
41726 01995 30000 10190 20085 30108 40180 60002 70500 80001 333 10240 56009 59017 60007 83070 RH50%=
41738 22996 22310 10280 21061 39953 40129 60002 82040 333 10290 56090 59023 60007 82460 RH10%=
41739 02996 22308 10230 20121 39074 48543 60002 82030 333 10235 56090 59004 60007 82360 RH50%=
41742 12997 40902 10280 20012 30020 40122 60002 82031 333 10290 56099 59030 82360 82070 RH18%=
41743 21996 40504 10230 20104 60002 70500 84060 333 10240 56090 60007 84660 RH45%=
41745 01996 30502 10260 20086 60002 70400 80001 333 10275 56090 60007 83070 RH33%=
41746 21995 40502 10210 20100 30081 40134 60002 70500 84030 333 10260 56090 59031 60007 84360 RH49%=
41747 01996 00902 10230 20092 30077 40137 60002 70500 333 10245 59030 60007 RH41%=
41748 01996 01302 10245 20089 30077 40141 60002 70500 333 10250 59034 60007 RH37%=
41749 02996 41804 10280 20092 30097 40130 60002 84030 333 10285 56090 59032 60007 84360 RH31%=
41756 02996 21308 10250 20151 30074 40140 60002 80001 333 10260 56009 59020 60007 82070 RH54%=
41757 12996 02306 10255 20104 30138 40150 60002 333 10265 59021 RH39%=
41759 02996 21802 10270 20045 30128 40134 60002 82030 333 10280 56090 59023 60007 82360 RH24%=
41760 01996 72510 10240 20128 30130 40143 60002 70500 85031 333 10255 56099 59020 60007 85460 82080 RH50%=
41764 02996 01306 10290 21006 30071 40119 60002 333 10292 59028 60007 RH15%=
41765 02996 23604 10260 20099 30092 40127 60002 82030 333 10285 56090 59027 60007 82360 RH36%=
41766 02996 21802 10280 20128 30113 40142 60002 82030 333 10290 56090 59015 60007 82360 RH39%=
41767 02996 20000 10300 20098 3//// 4//// 60002 80001 333 10305 56009 60007 82070 RH29%=
41768 02696 20000 10305 20130 30114 40121 60002 82500 333 10315 56900 59023 60007 82635 RH34%=
41780 02696 32006 10290 21006 30099 40126 60002 83500 333 10310 56900 59022 60007 83630 RH15%=
41780 02996 32006 10290 21006 30099 40126 60002 80001 333 10310 56009 59022 60007 83070 RH15%COR=
41783 22996 00902 10290 20015 30095 40124 333 10300 59017 60007 RH17%=
41785 02996 40502 10290 20095 30121 40134 60002 83030 333 10300 56090 59007 60007 83360 RH30%=
41786 02996 40902 10300 20010 30079 40115 60002 82030 333 10320 56099 59020 60007 82362 82072 RH15%=
41BAG 02696 42302 10040 21072 60002 84500 333 10055 56900 60007 84640 44%=
41BKI 02996 30000 10240 20002 39717 40126 60002 83030 333 10245 56090 59022 60007 83360 21%=
41SKP 01997 00000 10210 20100 3//// 4//// 60002 333 10233 5//// 60007 49% COR=
41SKP 21997 00000 10210 20100 3//// 4//// 60002 333 10233 5//// 60007 49%=
43532 02997 00000 10210 20029 39306 40091 60002 333 10215 59020 60007 30%=
43533 02997 50000 10200 20028 39220 48504 60002 85020 333 10240 56090 58005 60007 85460 32%=
43563 02697 40000 10211 20029 39452 40133 60002 84500 333 10231 56900 59005 60007 84640 30%=
41710 12997 01302 10250 21014 39321 40070 60002 333 10260 59019 RH17%=
41744 12996 00000 10165 21001 38796 48521 60002 333 10175 59005 RH32%=
41715 01996 30000 10230 20066 30077 40141 60002 70500 83030 333 10245 56090 59033 60007 83360 RH35%=



UPPK OPKC 081200=
PPAA 58111 41780 MISDA NO ASCENT DUE TO PAF FLIGHT=
PPAA 58111 41516 55285 27503 23506 77999=
PPBB 58111 41516 90/7/ 23004 18001=
PPAA 5812/ 41764 NO ASCENT DUE TO PAF FLYING=
PPAA 5812/ 41749 MISDA DUE TO TECHNICAL FAULT=
PPAA 5812/ 41517 MISDA DUE TO LOCAL AIR MOVEMENT=
PPAA 5812/ 41739 no acent due to security risk=
PPAA 5812/ 41715 NO ASCENT DUE TO BALLOONS OUT OF STOCK=
PPAA 58111 41718 55285 25005 27005 77999=
PPAA 5812/ 41506 MISDATA DUE TO TECHNICAL PROBLEM=
PPAA 5812/ 41515 MISDA DUE TO TECHNICAL PROBLEM=
PPAA 5812/ 41598 MISDA DUE TO OVERCAST CONDITION=
PPAA 5812/ 41640 MISDA DUE TO TECHNICAL PROBLEM=
PPAA 5812/ 41646 MISDA DUE TO TECHNICAL REASON =
PPAA 58121 41600 55185 32506 77999=
PPAA 58121 41624 55285 07008 13506 77999=
PPAA 58121 41678 55285 02507 29004 77999=
PPBB 58111 41718 90/12 00000 24504 25005 9037/ 25505 26006 9125/ 21506 22011=
PPBB 58121 41600 90/12 00000 33004 34005 903// 35002=
PPBB 58121 41624 90/12 09004 09504 10006 9037/ 10007 06508 9125/ 12006 17509 =
PPBB 58121 41678 90/12 31004 33007 34008 9037/ 34008 32003 912// 30008=




Data Generated from File : D:/all data handling/Rmc_lhr/2025020812.FSU.txt
08/02/2025   13:01:21
____________________________________________________________________________________________
15020 01562 81202 11034 21081 30230 40442 58009 69901 70272 8657/ 333 55300 20426 69907 91004 90760 91104==
15090 01570 80802 11029 21080 30344 40444 58011 69901 70272 885// 333 55300 00200 20394 30392 69907 91004 90760 91105==
15108 02984 11305 11053 21154 38192 48608 57002 60001 80001 333 49082 55309 21557 60007 91007 90760 91108==
15150 04564 83503 11022 21064 30208 40436 57008 60001 885// 333 55300 20270 60007 91004 90760 91104==
15170 04967 10000 10012 21088 39567 42932 57018 60001 80001 333 41998 55310 21720 60007 91002 90760 91103==
15280 02984 11404 11078 21171 37570 47111 57003 60001 80001 333 49083 55310 22223 60007 91006 90760 91109==
15310 01562 83603 11025 21065 30330 40422 58012 69901 72687 8437/ 333 55300 00200 20404 30402 69907 91007 90760 91107==
15335 04467 80204 11020 21064 30408 40415 57009 69901 886// 333 55300 20264 60007 91008 90760 91110==
15350 04570 80405 11019 21076 30299 40427 58013 60001 8657/ 333 55300 20380 60007 91007 90760 91109==
15360 07464 80114 11011 21034 30375 40393 57012 60001 725// 886// 333 60007 91017 90760 91117==
15420 04566 80203 11021 21066 30303 40422 58010 60001 8437/ 333 55300 20296 60007 91006 90760 91106==
15460 04/68 80304 11021 21057 30386 40413 58009 60001 8802/ 333 55300 20273 60007 91008 90760 91108==
15470 04/64 80804 11018 21058 30285 40420 58010 60001 8807/ 333 55300 20232 60007 91006 90760 91107==
15480 07460 83002 11011 21037 30374 40392 58008 69901 7101/ 886// 333 55300 00100 20201 30172 60007 91007 90760 91109==
15549 11568 70205 11032 21056 39953 40396 58005 69911 70172 87500 333 11030 21042 555 581// 71200=
15552 11460 83407 11010 21032 30322 40374 58007 69911 77777 885// 222// 00068 309// 40402 333 11008 21016 555 40000 58300 69999 71200 92036 92437=
15640 12568 53412 10003 21026 30056 40385 58008 60001 85500 333 10003 21022 555 581//=
15655 12568 83414 10010 21033 30335 40370 58013 60001 885// 222// 00073 10402 333 10011 21004 91118 555 573// 92048 92447=
15730 12670 30706 10018 21050 39956 40370 58013 60001 82231 333 10021 21048 555 560//=
16627 12565 20314 10060 21044 30330 40336 57017 60001 81150 333 90730 91130==
16650 12460 70417 10052 21013 30323 40333 57016 60001 87600 333 82715 83818 86625 90730 91126==
16667 12560 33615 10080 20011 30286 40298 57017 60001 83100 333 90730 91129==
16706 12560 73620 10090 20040 30269 40275 57019 60001 87500==
16723 12560 10216 10100 20001 30238 40251 57022 60001 81200 333 90730 91122==
16742 12460 13515 10104 20007 30067 40226 57019 60001 81100 333 90730 91126==
16749 12460 12804 10120 21002 30202 40216 57016 60001 81100 333 90730 91107==
16754 11360 73217 10110 20073 30217 40265 58014 69931 70262 87600 333 82708 86625 90730 91127==
16757 12560 63320 10102 20053 30102 40239 57016 60001 86800 333 81820 86630 90730 91131==
16765 12560 33218 10126 20017 40225 57015 60001 83100 333 90730 91129==
17022 11560 70406 10031 20030 30143 40316 57010 69951 78082 85250 333 85828 87359 90760 91113==
17024 11568 72307 10035 20030 30218 40299 57013 60041 70262 85570 333 85632 87359 90760 91116==
17026 11570 72302 10050 20029 30262 40302 57011 69971 70262 85570 333 85628 87358 90760 91117==
17031 12570 73216 10057 20030 30285 40292 57010 60001 84250 333 84833 87358 90760 91122==
17034 11564 72305 10062 20025 30247 40295 57010 69941 78082 84250 333 84830 87358 90760 91110==
17038 11470 72701 10065 20035 30231 40280 57007 69961 78082 87200 333 83716 87833 90760 91115==
17042 12670 63001 10076 20033 30246 40287 57009 60001 83250 333 83835 86360 90760 91106==
17050 12670 63606 10044 21036 30300 40365 57015 60001 83570 333 83635 86358 90760 91116==
17056 12670 63616 10046 20003 30327 40332 57017 60001 83530 333 83635 86360 91026 90760 91127==
17060 11460 70115 10054 20020 30278 40320 57012 60011 78082 87200 333 84715 87830 90760 91126==
17070 12665 79901 10013 21027 39391 40295 57015 60001 84520 333 84634 87460 90760 91104==
17074 11570 81101 10016 20010 39320 40285 57015 69901 77077 8552/ 333 85627 88458 90760 91107==
17084 12670 63306 10044 21026 39341 40274 57020 60001 84550 333 84635 85360 90760 91112==
17085 12570 63203 10067 21047 39769 40272 57021 60001 83550 333 83630 86360 90760 91112==
17092 12660 60000 10021 21068 38879 48501 57013 60001 84550 333 84640 86360 90760 91106==
17096 12660 61010 11027 21065 38230 48502 56010 60001 84550 333 84635 86357 90760 91117==
17098 11560 70510 11029 21067 38198 48513 57010 69901 70272 85530 333 85625 87357 90760 91120==
17100 12670 50000 10046 21043 39221 40244 57016 60001 83530 333 83640 85360 90760 91105==
17112 11460 70311 10039 21012 30324 40327 57017 69901 70272 85570 333 82710 84630 87360 90760 91119==
17115 12460 70120 10041 20025 30268 40321 57014 60001 87200 333 84710 87830 90760 91129==
17116 12670 70105 10057 20020 30181 40307 57015 60001 84250 333 84835 86360 90760 91111==
17124 12660 53508 10035 21062 39340 40287 57017 60001 85500 333 85640 90760 91116==
17128 12670 70609 10027 21084 39140 40286 57017 60001 84150 333 84840 86360 90760 91116==
17135 12670 40203 10048 21053 39363 40263 57020 60001 84500 333 84640 90760 91109==
17140 11665 70504 11026 21061 38748 48525 57010 69901 70272 85250 333 85838 87358 90760 91111==
17150 11460 73608 10038 20029 30176 40305 57014 69921 78022 87200 333 84715 86835 90760 91120==
17160 12670 60207 10003 21067 39073 48527 57014 60001 83550 333 83640 86360 90760 91113==
17170 12560 71213 11003 21111 38307 48482 57009 60001 82550 333 82630 87357 90760 91125==
17175 12665 40408 10078 21014 30288 40292 57018 60001 82130 333 82840 84360 90760 91122==
17184 12670 20107 10085 21019 30159 40274 57021 60001 82100 333 82840 91017 90760 91119==
17190 12670 60404 10013 21075 39045 48529 57016 60001 86500 333 86635 90760 91110==
17195 11470 60000 10004 21055 39015 48522 57013 69921 70272 86500 333 82715 85630 90760 91106==
17200 12660 22705 10053 21058 39205 40213 57016 60001 82500 333 82640 90760 91118==
17202 12670 52008 10047 21008 39132 40195 57016 60001 83450 333 83635 84360 90760 91118==
17203 12670 70404 10058 21084 38866 48518 57015 60001 84250 333 84840 87360 90760 91116==
17210 12670 62701 10087 21033 39106 40146 57017 60001 83130 333 83840 86360==
17219 12565 20121 10096 21017 30113 40262 57025 60001 82100 333 82830 90760 91127==
17234 12970 00905 10122 21037 30173 40243 57029 60001 333 90760 91114==
17237 12670 13601 10092 21045 39736 40253 57025 60001 81100 333 81840 90760 91105==
17240 12970 00510 10067 21054 39058 40226 57021 60001 333 90760 91125==
17244 12660 60108 10019 21065 39046 48529 57017 60001 86500 333 86635 90760 91116==
17248 12670 72201 10006 21037 39021 48516 57014 60001 84130 333 84840 87360 90760 91107==
17250 12670 70406 10004 21062 38838 48521 57014 60001 84570 333 84640 87360 90760 91114==
17260 12660 73205 10087 21024 39328 40156 57010 60001 82550 333 82640 87359 90760 91118==
17270 12670 53304 10105 21014 39522 40176 57009 60001 83550 333 83640 85360 90760 91116==
17275 12670 40000 10041 20028 38960 48476 55007 60001 84200 333 84836 90760 91114==
17280 12660 40306 10104 21044 39363 40155 57015 60001 82550 333 82640 84360 90760 91116==
17290 12970 03505 10137 21032 30195 40227 57022 60001 333 90760 91122==
17292 12970 00702 10099 21070 39445 40212 57015 60001 333 90760 91110==
17300 12960 02704 10141 21052 30146 40218 57023 60001 333 90760 91119==
17310 12970 02403 10161 21016 30189 40196 57019 60001 333 90760 91111==
17330 12970 02807 10137 21035 30178 40196 57025 60001 333 91018 90760 91123==
17350 12960 03306 10160 21041 30101 40180 57023 60001==
17370 12/70 32701 10142 20022 30192 40196 57020 60001 83030 333 83360 90760 91106==
17375 12670 22204 10147 20014 30203 40205 57021 60001 82200 333 82835 90760 91111==
33088 32997 11503 11022 21079 30246 40449 57012 81080 555 1/008=
33135 32497 81103 11046 21082 30324 40483 58009 886// 333 88713 555 1/102=
33177 32598 61204 11026 21066 30176 40428 57011 86500 555 1/102=
33317 32598 61204 11050 21091 30088 40449 57012 82570 555 1/102=
33393 32960 51405 11006 21066 39997 40408 57012 80001=
33415 32497 71404 11044 21075 30012 40436 58010 87500 333 87616 555 1/101=
33429 /1497 61004 11041 21084 39990 40440 57012 70272 86500 333 86617 555 1/005 69901=
33466 32464 80603 11046 21078 30261 40462 57008 886// 555 1/102=
33506 32597 20505 11042 21076 30253 40463 57010 82500 555 1/000=
33562 31560 81103 11036 21072 30133 40458 57011 70272 885// 555 1/103=
33587 32597 80602 11042 21080 30170 40451 58008 885// 333 88629 555 1/101=
33658 /1470 81304 11040 21068 30116 40435 57010 70272 886// 333 88715 555 1/101 69901=
33663 /1998 81502 11028 21090 30348 40450 58007 70272 8802/ 555 1/000 69901=
33664 41598 81002 11046 21082 30101 40439 57011 70272 885//=
33678 41898 82802 11044 21086 30234 40463 57014 70282 8805/=
33679 41497 80701 11031 21070 30243 40447 58013 70282 889// 333 88916=
33711 32460 40405 11031 21074 30216 40439 58015 84600 333 84714 555 1/000=
33745 41597 81002 11046 21084 30245 40453 57007 70282 8493/ 555 12000=
33748 42597 80902 11042 21084 30128 40432 58012 883//=
33754 41498 80402 11026 21067 30280 40436 58013 70272 8737/ 333 86918=
33761 /1470 60405 11040 21067 30199 40437 57012 70272 85630 555 1/101 69901=
33791 32981 00405 11017 21075 30297 40432 57017 555 1/000=
33815 41598 80602 11035 21076 30204 40425 58013 70282 885// 555 14100=
33837 32565 50304 11009 21061 30350 40405 58019 85500 333 85621 555 1/005=
33881 41598 80202 11034 21072 30219 40428 58015 70282 883//=
33883 41598 80204 11029 21073 30245 40421 57016 70282 883// 555 14100=
33885 42598 80204 11038 21088 30284 40430 57015 885//=
33892 41998 70404 11036 21080 30191 40420 52199 70182 87030=
33902 32997 00408 10010 21097 30340 40402 57021 555 1/004=
33924 42560 80609 11014 21051 30365 40378 58014 885// 333 91015 90760 91116==
33946 41469 80713 11020 21045 30122 40355 57010 73632 886// 333 88714 91017 90760 91118==
33983 42560 70410 11014 21048 30278 40342 57012 87500 333 91015 90760 91119==
34300 32597 30502 11030 21085 30284 40473 57011 83500 555 1/101=
34336 42970 20503 11040 21086 30362 40473 57014 80001==
34344 42970 00302 11032 21076 30374 40467 57014==
34356 42960 00303 11047 21088 30303 40460 57011==
34357 42/70 23503 11050 21088 30291 40456 56012 82040==
34398 42970 00505 11012 21071 30405 40418 57013==
34415 32970 00701 11011 21077 30353 40455 57016 555 1/002=
34438 42960 00205 11046 21089 30250 40454 57015==
34445 42970 00305 11057 21083 30337 40459 57013==
34461 42460 60103 11033 21081 30393 40451 57010 86500==
34473 42997 20205 11015 21069 30393 40433 57014 80003 555 1/101=
34476 42970 00104 11018 21070 30424 40432 57015==
34504 32982 00706 11019 21091 30252 40436 57014=
34535 42970 00203 11048 21104 30374 40451 56013==
34545 42970 00305 11047 21088 30324 40442 57011==
34555 42570 20307 11030 21070 30348 40445 57014 82500==
34560 42560 30608 11025 21070 30237 40438 57011 83500 333 90760 91110==
34578 42960 00204 11016 21108 30414 40421 57016==
34579 42970 33403 11031 21077 30376 40421 57015 80002==
34644 42960 00605 10000 21093 30339 40419 57013 333 91010 90760 91111==
34646 42970 00505 11014 21069 30335 40421 57014 333 90760 91111==
34655 42960 00405 10001 21094 30359 40422 57014 333 90760 91110==
34662 42970 00204 11007 21112 30414 40426 57014==
34691 42/70 60504 11015 21084 30613 40600 57026 85032==
34720 42970 00403 11031 21091 30370 40412 56012 333 90760 91112==
34727 42960 00608 11038 21083 30369 40401 56011 333 91014 90760 91115==
34743 42960 00504 10002 21083 30319 40412 57014 333 90760 91110==
34759 42960 00405 11007 21076 30267 40404 57014 333 90760 91110==
34772 42970 00205 11010 21102 30403 40406 57014 333 90760 91111==
34785 42970 20307 11001 21143 30415 40392 56014 80001 333 90760 91111==
34798 42970 00107 11005 21179 30518 40487 58017==
34824 42960 00505 11021 21073 30372 40377 57012 333 91011 90760 91111==
34838 42960 00505 11007 21080 30276 40377 56011 333 91011 90760 91112==
34845 42970 00804 11009 21094 30279 40391 57012 333 90760 91110==
34858 42960 00603 11015 21104 30282 40395 57013==
34861 42970 00707 10026 21356 30141 40391 57012 333 91011 90760 91112==
34866 42970 00505 11006 21129 30404 40395 57014 333 90760 91110==
34880 42/60 20103 10004 21167 30405 40378 57015 82030==
34887 42970 00504 11005 21136 30404 40381 57015==
34949 42470 50608 11046 21084 39799 40375 57010 85500 333 91010 90760 91111==
34954 42570 50403 11021 21077 30204 40386 57011 85500==
34958 42570 20602 11022 21081 30175 40384 57013 82500==
34975 42970 00603 11015 21124 30386 40382 57012==
34984 42970 03604 10001 21128 30407 40375 57011==
35217 42960 00203 11058 21106 30377 40419 57011==
35302 42970 00707 11038 21107 30404 40426 57009==
35315 42998 00506 11073 21126 30343 40402 57011 555 1/107=
35344 41998 00412 11092 21122 30056 40360 58011 73633 333 91016 91117 555 1/109=
35358 41960 00509 11103 21147 30157 40337 58006 73633==
35368 41999 00506 11121 21173 30051 40334 57002 73630 555 1/113=
35386 41998 00603 11134 21169 39810 40365 57001 70232 555 1/113=
35394 42970 00704 11136 21190 39648 40369 57005==
35404 42998 10607 11023 21105 30400 40408 57016 80009 555 10001=
35406 42960 00505 11048 21115 30399 40401 57012==
35416 42970 00404 11057 21136 30252 40378 57012==
35426 42984 00207 11079 21125 30047 40353 57009==
35437 41998 00413 11078 21129 30100 40431 57014 73630 333 91018 91118 555 1/108=
35449 41998 00408 11104 21145 30197 40306 57017 73633 555 1/110=
35497 42970 00504 11091 21164 39780 40636 53002==
35498 42998 03301 11110 21172 39425 40346 52001 555 1/117=
35514 42998 00206 11048 21101 30602 40598 57011 555 1/104=
35522 42998 00804 11071 21129 30089 40353 57010 555 1/106=
35542 42998 00505 11104 21135 30160 40315 57010 555 1/111=
35563 42998 01702 11134 21201 39522 40337 57001 555 1/115=
35576 42970 00504 11125 21172 39855 40330 53002==
35582 42998 00606 11106 21177 39703 40333 53003 555 1/112=
35594 42999 00701 11131 21178 39462 40348 53002 555 1/115=
35605 42998 20208 11024 21127 30389 40367 57017 80004 555 11001=
35633 42998 00312 11102 21135 30079 40304 57011 333 91016 91118 555 1/109=
35671 42970 00405 11104 21137 39863 40313 53004==
35699 42960 00208 11071 21143 39535 40315 53004==
35700 41970 00408 11018 21122 30378 40354 57019 70700==
35715 42999 00307 11054 21135 30350 40335 57014 555 14103=
35739 42999 20207 11106 21169 30145 40292 56008 80002 555 1/111=
35746 42970 00107 11092 21142 30197 40268 57007==
35777 42997 00505 11059 21116 39926 40282 53002 555 1/108=
35796 42960 00502 11081 21132 39863 40315 53002==
35849 42970 23503 11078 21170 30166 40256 57007 80001==
35895 42998 00403 11086 21119 39852 40315 54000 555 1/110=
35907 42598 70108 11059 21094 30387 40355 57010 87500=
35925 42970 00206 11070 21103 30186 40303 57010==
35927 42998 03605 11060 21145 30305 57012=
35953 42984 30203 11051 21115 30109 40242 57004 80002==
35969 42/84 80706 11012 21101 30057 40232 53001 8807/==
35997 42998 20201 11064 21129 39842 40290 57002 82040 555 1/108=
36259 11984 00501 11286 21321 38279 48571 54000 60002 71100 333 11237==
36335 42999 00000 11086 21169 39299 40360 54000 555 1/115=
36358 42999 03601 11190 21213 39303 40402 54000 555 1/121=
36394 42997 61401 11210 21247 39947 40410 57003 84041=
36397 429// 00000 11199 21237 39791 40405 54000==
36403 41996 02001 11203 21236 30007 40402 57004 71000 555 1/127=
36418 42999 20101 11244 21269 39724 40405 57003 80001 555 1/128=
36421 429// 01101 11223 21263 39776 40396 57002 555 1/128=
36428 429// 03101 11240 21284 39853 40408 53002==
36439 429// 01701 11153 21189 39025 48521 58004 555 1/120=
36498 41998 00109 11097 21178 39504 40326 54000 70230 555 1/111=
36501 42998 20000 11194 21217 39582 40398 57002 80002 555 1/122=
36535 42984 00000 11215 21252 39707 40399 57005==
36546 429// 00000 11248 21273 39808 40407 57004 555 1/127=
36619 42999 00203 11132 21180 555 1/115=
36622 41998 03405 11202 21235 39499 40370 57004 73630 555 1/121=
36639 42984 00901 11143 21214 39671 40311 53002==
36643 429// 00401 11215 21246 39678 40403 53002 555 1/124=
36665 41996 00000 11203 21222 39599 40388 54000 71000 555 1/122=
36666 42498 10000 11244 21270 39860 40407 57001 81600=
36729 42998 02602 11082 21128 39800 40298 53002 555 1/106=
36736 42999 01901 11073 21111 39732 40303 53004 555 1/110=
36744 42998 00503 11083 21146 39828 40294 53003 555 1/112=
36770 42999 00000 11030 21082 39536 40272 53005 555 1/112=
36786 42999 00000 11048 21098 39335 40270 58001=
36796 42998 00000 11084 21144 39051 48497 54000=
36803 42999 03102 11077 21107 39829 40294 53006=
36806 42998 01508 11155 21229 39827 40327 54000 333 91116=
36819 42998 81801 11069 21097 39651 40283 53006 83024=
36821 42984 50302 11056 21107 39784 40287 53005 80002==
36839 42999 20000 11058 21121 39119 40274 53004 80001=
36843 42998 00000 11004 21068 39076 40252 53004=
36846 42999 30204 11048 21147 38622 48528 53004 80070=
36859 42/84 20000 10020 21078 39499 40279 53001 82040==
36870 42960 60201 11006 21071 39227 40245 53010 80002==
36874 42998 03601 11037 21084 39604 40406 53009=
36877 42999 00000 11017 21068 39655 40682 53008=
36885 42699 70000 11017 21058 39116 40255 53009 82531=
36889 42999 11801 11066 21191 37041 47057 53005 80001=
36894 42999 60000 11041 21085 39510 40265 53006 83042=
36905 42999 71201 11011 21101 38755 48516 53006 80002=
36911 42999 50000 10042 21040 39262 40232 53032 80001 555 12001=
36927 42699 30902 10020 21092 38352 48515 53002 83900=
36934 42698 60000 10012 21020 38269 48400 56001 82932=
36953 42699 80000 11024 21099 38202 48508 53006 8694/ 555 1/110=
36963 42798 61603 11071 21109 37028 48/// 53003 84501 555 17107=
36974 42798 60000 11030 21097 38009 48546 52003 84501 555 17108=
36982 42598 82405 11084 21148 36508 47076 53005 8357/=
37018 42/70 20305 10053 21055 30205 40282 57010 82030 333 91012 90760 91113==
37031 42960 00604 10005 21071 30157 40360 57008 333 90760 91111==
37054 42660 80703 11033 21083 39974 40379 57006 885//==
37061 42560 40603 11020 21087 30207 40384 57011 82508==
37085 42570 30404 11019 21073 30405 40377 57009 83500==
37171 42/70 82501 10085 20029 30253 40272 57009 8805/==
37228 41420 83401 11043 21058 39481 40358 57007 71072 886//==
37235 42670 82501 11028 21052 30038 40371 57007 885//==
37472 42560 83203 11003 21060 30388 40364 57010 8557/==
38149 42970 53505 11066 21149 30180 40262 57014 80002==
38178 42/70 83102 11039 21144 39886 40182 57004 8807/==
38262 42970 63204 11066 21156 30171 40257 57002 80002==
38264 42970 53104 11060 21165 30163 40262 57003 80003==
38345 42999 82701 10072 21038 38793 48492 53004 82032 555 12004=
38353 42998 62602 10055 21037 39321 40216 53009 83031=
38388 42598 63603 11048 21125 30187 40261 58003 86030 555 18003=
38392 42997 73306 11048 21132 30142 40250 58004 87030 555 14102=
38396 42/60 73006 11041 21148 30117 40248 52001 8707/==
38403 42/60 83408 11043 21180 30090 40216 58008 8802/==
38413 41340 82802 11016 21024 39916 40216 58003 76662 882//==
38457 42/60 83302 10142 21005 39564 40131 57018 8802/==
38462 42684 80000 10046 20024 38748 48496 57011 8692/==
38507 42998 03507 10012 21106 30181 40288 58002 555 10009=
38545 41595 83106 11069 21069 30041 40226 53016 77177 8802/ 555 14102=
38565 11660 80000 10058 20015 39569 40141 52009 60002 78082 8597/==
38579 12560 82802 10115 20019 39741 40150 52010 60002 8597/==
38583 12960 82701 10119 20041 39828 40142 57004 60002 83541==
38599 41996 80710 10109 21032 39615 40141 57018 70411 84032=
38611 41/40 82502 10112 20002 39614 40173 57010 70522 8807/==
38613 42998 50101 10093 21002 39282 40170 57010 80002 555 12007=
38616 42599 70901 10085 20017 39182 40182 56002 84501=
38618 42/60 80501 10118 21012 39483 40156 57011 86031==
38647 41497 80000 11018 21042 30226 40270 52005 70272 8872/ 555 1/001 42///=
38656 42698 62904 11016 21057 30154 40268 53007 85580 555 11005=
38683 41340 82306 10023 20021 39921 40203 52022 78082 847//==
38687 41397 82905 11001 21007 39983 40225 52018 70286 8802/ 555 12001 7508/ 88508=
38696 12560 82903 10078 20017 39321 40169 53016 60002 889//==
38713 42997 83603 10094 21033 38994 48470 56001 8807/=
38750 42997 83202 10048 21018 30321 40292 54000 86030 555 10009=
38763 41597 80000 11034 21059 30171 40282 52003 70272 885// 333 88620 555 1/000=
38774 42897 83403 11004 21025 30072 40275 52003 8807/ 555 12004=
38799 42597 82906 10012 20004 39992 40230 52010 885// 555 11003=
38806 41697 71802 10022 20009 39941 40207 52018 70182 87500 555 11004=
38812 41320 82006 10040 20030 39753 40212 52023 78082 889// 333 82708==
38836 41698 82508 10110 20061 39204 40119 53012 71022 889//=
38880 42396 83203 10006 20000 30005 40269 51015 886// 333 88708 555 11003=
38886 42597 73204 10023 21002 30019 40253 52001 87800 555 11005=
38895 42996 82702 10018 21004 39951 40250 52013 885// 555 12005=
38911 41698 82605 10068 21015 39886 40182 54000 72582 8597/ 555 10009=
38915 42597 82902 10052 20033 39898 40226 52013 885// 555 10007=
38927 11928 82410 10065 20009 39820 40199 52018 60002 73033 8895/ 333 86966==
38933 42798 81802 10194 20086 39638 40127 57012 8455/=
38944 42698 71802 10172 20051 39548 40060 57005 84530=
38954 42899 60000 10021 21090 37951 48540 57010 85901=
38974 42998 03202 10042 20022 39913 40254 52012 8802/ 555 12008=
38987 41496 80000 10027 20017 39500 40260 52003 72057 885// 555 12003=
40100 43/80 13208 10148 20037 30199 40215 56018 6///1 333 58///=
40180 12660 52904 10147 20027 30152 40201 57019 69911 85800 333 70000==
40199 12/// ///// 10189 20024 30167 40192 57025 60001 333 70000==
40265 31550 42807 10095 20013 39399 40208 57011 70522 84400 333 84625=
40270 31550 43212 10084 20008 39286 40204 57014 70522 84800 333 84825=
40272 31550 62912 10085 20017 39354 40205 57013 70500 86100 333 83830 83635=
40296 31760 21401 10204 20049 30669 40198 57025 70500 82200 333 82850=
40310 32960 00000 10100 20008 38970 48438 57003=
40340 32860 13319 10172 20007 30140 40205 57020 81030 333 81358=
40356 32960 02914 10092 21090 39177 48477 333 58006 555 04410 50167=
40357 22/60 23218 10118 21080 39506 40149 82030 333 59006 60005 82360==
40360 32660 23214 10134 21040 39581 40179 82400 333 58010 82640=
40362 32660 42917 10137 20000 39632 40157 84100 333 59009 84835=
40373 32960 03012 10176 21040 39729 40151 333 59004=
40375 32960 00306 10132 21020 39283 40172 333 58004=
40394 31958 00106 10144 21040 39012 48482 70600 333 59009 555 04410 50154=
40400 32960 02814 10211 20060 30119 40147 333 59011=
40405 32960 01202 10179 21020 39392 40130 333 59020=
40417 32960 03310 10207 21050 30124 40140 333 58016=
40420 32960 00107 10206 21050 39931 40138 333 58015=
40430 31950 02510 10233 21030 39386 40117 70600 333 59011=
40437 32960 01104 10198 21040 39435 40141 333 59005=
40439 32960 02612 10268 20050 30102 40120 333 59006=
40582 32960 02810 10191 21018 40144 56024 333 00026 55310 00709 10000 21899 30562 40989 51489 62462 55407 41337 90401 91011 91115 91211 91307=
40703 12660 70000 10024 21048 38922 40224 57021 60001 84510 333 70000 84635 87459 555 11002 29059=
40706 11562 70510 10002 21104 38650 40232 57022 60001 71522 83966 333 79999 82630 81940 87267 555 11030 29045=
40712 11530 83403 11006 21036 38680 40226 57009 69971 77772 8632/ 333 70009 82720 82930 83635 8845 8 555 11016 29080=
40713 12562 70910 10017 21085 38633 40186 56024 60001 81872 333 70000 81635 85459 555 11017 29047=
40718 11450 80305 10060 20017 30327 40297 57014 60121 76166 8532/ 222// 0//// 20203 333 70248 8391 2 85615 88556 555 10043 29074=
40723 11250 72803 10000 21025 38982 40254 53012 69901 77177 86520 333 70009 83705 85620 87457 555 11009 29083=
40726 11656 80000 11004 21081 38635 40204 57023 60001 70521 8351/ 333 70000 83635 88459 555 11028 29056=
40727 12665 71207 11004 21068 38443 40191 57026 60001 87520 333 70000 84640 87460 555 11025 29062=
40732 11550 83202 10052 20040 30305 40279 57009 69981 76162 8632/ 333 70057 82920 85625 88558 555 10047 29092=
40736 11558 80000 10064 20049 30306 40280 55006 60061 76166 8532/ 333 70250 84720 82922 88558 555 10058 29090=
40738 11459 82603 10065 20048 30293 40295 58003 60041 71086 8532/ 333 70045 84712 81925 88457 555 10058 29089=
40739 12665 20704 10046 21055 38681 40197 56004 60001 82500 333 70000 82635 555 10010 29048=
40741 11557 80202 10042 20026 39905 40248 52004 69961 71022 8472/ 333 70034 84725 88458 555 10035 29089=
40743 12660 33605 10073 21022 39076 40209 56005 60001 81570 333 70077 81635 555 10036 29051=
40745 11565 73203 10045 20001 39049 40221 55004 69901 70276 87400 70061 87630 555 10025 29073=
40747 11658 80403 11002 21072 38596 40180 57024 60001 77022 8432/ 333 70000 81935 83640 88459 555 11025 29059=
40754 12660 22602 10079 21095 38810 40179 56021 60001 82100 333 70000 82835 555 10021 29028=
40762 12560 43606 10024 21045 38540 40189 56005 60001 84000 333 70045 84635 555 11001 29060=
40766 11756 72803 10038 21010 38623 40125 57022 60001 71522 83320 333 79999 83950 86559 555 10019 29071=
40768 11615 80503 11042 21053 38211 40203 57021 69911 77172 8242/ 333 70001 82640 88459 555 11044 29092=
40769 12660 70604 10020 21039 38243 40156 57030 60001 85570 333 70000 85635 87459 555 11003 29065=
40780 11657 81504 10028 20000 38620 40149 57019 69921 77062 8432/ 333 70002 81935 83640 88457 555 10017 29082=
40782 11658 41707 10114 21039 38798 40105 57021 60001 70600 84300 333 70000 81940 83645 555 10053 29034=
40785 12660 60203 10090 21036 39082 40195 57020 60001 83510 333 70000 83640 86460 555 10042 29041=
40791 12562 63204 10126 21015 39347 40174 57015 60001 83670 333 70035 81730 83640 85360 555 10067 29038=
40792 12660 33004 10085 21013 38708 40172 57010 60001 83500 333 70075 83635 555 10044 29050=
40798 12660 32205 10086 21049 37892 40095 57024 60001 83100 333 70000 83835 555 10032 29038=
40800 12665 51403 10106 21021 38410 40119 57029 60001 83530 333 70000 83640 85360 555 10052 29041=
40809 11560 81902 10085 20033 38478 40143 56009 69911 70262 86370 333 70060 81720 85930 86459 555 10061 29070=
40811 12660 12703 10193 20026 30108 40134 57020 60001 81100 333 70000 81840 555 10116 29033=
40812 11610 72103 10156 20009 39745 40123 57017 60001 70644 84570 333 70000 84640 87460 555 10091 29037=
40821 11650 80000 10067 20012 38771 40182 57022 60001 70522 8452/ 333 70031 84640 88459 555 10043 29068=
40829 12658 53612 10185 20055 39569 40131 55002 60001 82270 333 70000 81835 85359 555 10120 29042=
40831 12660 12704 10193 21001 30134 40143 57027 60001 81100 333 70000 81840 555 10108 29027=
40833 11657 32704 10198 20021 30111 40143 57023 60001 70610 83500 333 70000 83640 555 10117 29031=
40841 12660 52407 10165 21034 38190 40060 57021 60001 85800 333 70000 81835 84640 555 10077 29025=
40845 12960 03106 10174 20049 30143 40148 57018 60001 333 70000 555 10114 29043=
40848 11658 31708 10144 20007 38470 40089 57019 60001 70710 83400 333 70020 83635 555 10080 29039=
40854 11658 40503 10157 20038 38929 40109 56008 60001 70510 84300 333 70000 81935 83640 555 10099 29045=
40856 12660 52105 10190 20019 38612 40096 56007 60001 84270 333 79999 81838 83840 555 10106 29032=
40859 11657 32007 10170 20033 38666 40098 57021 60001 70511 83300 333 70007 81935 555 10102 29040=
40875 11556 71302 10240 20173 30110 40121 57018 69911 70522 86330 333 81925 86630 555 10198 29066=
40879 12662 63203 10246 20061 39449 40116 57021 60001 84208 333 70000 84840 84270 555 10148 29030=
40882 11540 63107 10232 20174 30080 40115 56012 60001 70511 86300 333 70000 81920 86625 555 10196 29070=
40883 11550 12103 10243 20165 30088 40115 56018 60001 70510 81500 333 70000 81630 555 10195 29062=
40893 11550 11507 10235 20186 30113 40119 57024 60001 70500 81500 222// 00220 20402 333 70000 81630 555 10204 29074=
40898 12960 01505 10240 20165 30105 40114 56015 60001 222// 00236 20801 333 70000 555 10194 29063=
41024 22660 23113 10258 20130 30109 40135 82500 333 58004 60005 82640==
41036 22960 02815 10255 21090 38537 48487 333 59003 60005==
41055 22960 02311 10254 20010 38340 48485 333 59004 60005==
41061 22960 01112 10240 21050 39403 40101 333 58013 60005==
41084 22960 02613 10310 21020 38806 48466 333 59011 60005==
41112 22960 02017 10198 20070 37943 48508 333 58005 60005==
41114 22960 02212 10223 20040 37977 48507 333 58003 60005==
41128 21950 01208 10280 21060 38780 48489 70644 333 59001 60005==
41136 21925 00406 10261 20030 39302 40094 70600 333 58023 60005==
41140 22560 12808 10304 20200 30107 40112 81100 333 59002 60005 81830==
41150 32962 03316 10184 20067 40144 333 58028=
41176 34/63 /3506 10228 20040 30129 40135 333 58032=
41184 31556 42414 10292 20135 40113 83501 333 59013 83630=
41194 11656 12714 10245 20181 30108 40114 60001 70600 81500 333 59004 81635=
41196 12660 32613 10254 20177 30077 40117 60001 83100 333 59010 83835=
41216 31957 02811 10240 20176 30118 40122 70600 333 58012=
41217 31658 22913 10243 20177 30087 40116 70600 82500 333 58010 82635=
41256 32960 00715 10246 20172 30097 40114 333 59013 55407 55408 55507 55508=
41288 32560 11210 10256 20159 30107 40129 81500 333 5//// 81620=
41316 32588 19909 10248 20169 30097 40127 81500 333 58000 55407 55408 55507 55508 81630=
41396 12965 00903 10317 20061 39377 40070 60002 333 58010=
41480 11458 51111 10277 20202 30108 40116 60002 70544 85800 333 59002 82818 83630=
41506 12960 03603 10130 21049 38536 48320 60001 333 10136 58007==
41508 12460 32302 10153 21038 38655 48270 60001 83200 333 10214 56800 59016==
41515 12960 00902 10116 21079 38572 48350 60001 333 10136 58028==
41516 12940 32302 10135 21037 38567 48250 60001 83030 333 10166 56080 59006==
41517 12960 30000 10055 21088 37825 48510 60001 82020 333 10080 56080 59010==
41518 12460 50000 10139 20007 30001 48010 60001 83230 333 10150 56880 58000==
41519 12960 30000 10150 21049 38783 48240 60001 80002 333 10170 56008 59004==
41523 12960 02302 10200 21006 39076 48080 60001 333 10220 59023==
41535 12460 60000 10160 21049 38714 48870 60001 85520 333 10184 56880 59010==
41536 12960 30000 10200 21025 39026 48090 60001 83010 333 10224 56080 59011==
41560 12960 00000 10090 21029 38325 48530 60001 333 10100 58001==
41571 11996 62304 10210 21071 39563 40138 60001 70522 82031 333 10230 56099 59013=
41598 11440 80000 10205 20068 39869 40139 60001 70500 85530 333 10214 56880 59010==
41600 11940 40000 10215 20083 39836 40215 60001 70500 83030 333 10224 56080 59010==
41620 12440 21301 10180 21049 38588 48930 60001 82500 333 10190 56800 59008==
41624 12960 00902 10240 20038 39934 40131 60001 333 10254 59026==
41630 11440 60000 10220 20064 30000 40147 60001 70520 84570 333 10244 56880 59019==
41640 11940 33101 10225 20026 39892 40139 60001 70500 83009 333 10250 56008 59012==
41660 12960 62308 10165 21083 38411 48000 60001 86030 333 10174 56080 59017==
41678 11940 03102 10260 20086 30000 40138 60001 70500 333 10270 59022==
41696 12460 52303 10150 21049 37993 48010 60001 82520 333 10170 56880 58000==
41697 12960 00000 10260 20042 39974 40128 60001 333 10270 59038==
41700 11940 30000 10245 20062 39998 40124 60001 70500 83030 333 10262 56080 59034==
41710 12960 01301 10250 21014 39321 40070 60002 333 10260 59019==
41712 12960 02303 10240 21065 39148 48850 60002 333 10250 59032==
41715 01996 30000 10230 20066 30077 40141 60002 70500 83030 333 10245 56090 59033 60007 83360=
41718 11940 00000 10265 20052 30031 40132 60001 70500 333 10272 59026==
41725 12940 30501 10240 20053 30051 40128 60001 83030 333 10244 56080 59037==
41739 12940 22304 10230 20121 39074 48430 60001 82030 333 10234 56080 59004==
41744 12940 00000 10165 21001 38796 48210 60002 333 10174 59005==
41749 12940 41802 10280 20092 30097 40130 60001 84030 333 10284 56080 59032==
41756 12940 21304 10250 20151 30074 40140 60001 80001 333 10260 56008 59020==
41757 12940 02303 10255 20104 30138 40150 60002 333 10264 59021==
41759 12940 21801 10270 20045 30128 40134 60001 82030 333 10280 56080 59023==
41764 12940 01303 10290 21006 30071 40119 60001 333 10292 59028==
41768 12440 20000 10305 20130 30114 40121 60001 82500 333 10314 56800 59023==
41780 12440 32003 10290 21006 30099 40126 60001 83500 333 10310 56800 59022==
41785 12940 40501 10290 20095 30121 40134 60001 83030 333 10300 56080 59007==
41859 01940 00000 10211 20150 30085 40123 70500 333 10252 59001 70000==
41883 02930 00000 10215 20120 30103 40124 333 10262 59003 70000==
41891 01940 02702 10225 20100 30079 40118 70500 333 10280 59008 70000==
41907 01940 00000 10195 20130 30108 40123 70500 333 10255 59001 70000==
41923 01950 03202 10234 20030 30113 40123 70500 333 10273 59005 70000==
41943 02956 00000 10205 20130 30110 40117 333 10290 59010 70000==
41950 02950 00000 10214 20120 30121 40123 333 10270 59007 70000==
41978 01950 03209 10284 20090 30109 40116 70500 333 59009 70000==
41992 01930 00305 10250 20130 30114 40116 70500 333 10295 59007 70000==
42027 32596 81401 10112 21039 38426 48512 8542/ 333 10130 59016=
42071 31996 49902 10202 20046 40140 70500 84030 333 10226 59011 84360=
42101 32896 33203 10206 20103 40141 83030 333 10248 59013 83358=
42111 31995 10000 10214 20110 39413 40105 70522 81001 333 10251 59003=
42123 32996 23201 10228 20021 40136 82030 333 10270 59026 82360=
42131 32996 33202 10222 20055 40140 80001 333 10251 59018=
42165 32996 40000 10262 21025 39867 40120 80001 333 10288 59029 84070=
42182 31996 39902 10240 20061 40131 70500 83030 333 10261 59015 83360=
42189 31995 30000 10212 20132 40121 70500 80001 333 10223 59007 83070=
42309 31995 30000 10206 20180 40120 71000 83030 333 10254 59007=
42314 31996 10000 10206 20167 40119 71000 81030 333 10254 59005 81360=
42328 32596 50502 10276 20175 40103 82501 333 10293 59027 82630 84070=
42339 31995 30000 10278 20049 40122 70500 80001 333 10293 59027 83070=
42348 32996 52006 10236 20029 40138 82031 333 10268 59016 82360 83070=
42361 31995 50000 10238 20080 40136 70500 80001 333 10275 59010 85070=
42369 31996 32704 10225 20084 40130 70500 80001 333 10262 59005 83060=
42379 31995 22502 10214 20126 40126 70500 80001 333 10240 58004 82070=
42398 31595 39902 10220 20134 40117 70500 81530 333 10252 58006=
42410 31595 20000 10228 20170 40120 70500 81530 333 10269 59004 81620=
42415 31995 00000 10230 20161 40122 70500 333 10256 59002=
42452 31996 50902 10236 20060 40129 70510 80002 333 10260 59018=
42492 31996 02703 10216 20093 40130 70500 333 10247 58002=
42559 32996 40000 10254 20078 40116 80002 333 10294 59015 84075=
42571 31996 20000 10242 20046 40128 70500 80002 333 10269 59007 82070=
42591 32996 30000 10212 20083 40141 81031 333 10251 58000 81360 83075=
42623 31996 03201 10188 20066 39233 40102 70500 333 10254 59008=
42634 32996 30000 10316 20076 40119 80001 333 10337 59019 83070=
42647 31996 30704 10300 20104 40118 70400 80001 333 10310 59013 83070=
42667 32996 03606 10236 20040 39543 40128 333 10272 59009=
42675 32996 20502 10244 20073 40126 80001 333 10265 59016 82170=
42701 32596 13403 10228 21011 39399 40123 81030 333 10258 58008 81360=
42724 31996 00000 10228 20159 40117 70500 333 10270 59007=
42737 32996 10203 10328 20118 40113 80001 333 10349 59011 81070=
42754 32596 30206 10260 20116 39484 40110 81530 333 10294 59017 81620 83360=
42779 32996 23604 10248 20021 39430 40121 80001 333 10279 59006 82075=
42798 31996 00000 10280 20059 40111 70500 333 10304 58001=
42809 31996 03602 10232 20086 40129 70500 333 10265 58001=
42840 32996 23202 10316 20159 40108 80001 333 10346 59001 82075=
42867 31996 01102 10292 20130 40111 70500 333 10324 59004=
42874 32996 13201 10298 20141 40114 80001 333 10323 59011 81075=
42886 32996 00000 10290 20132 40114 333 10346 59008=
42895 32996 20901 10246 20149 40122 82030 333 10294 59006 82360=
42909 32996 09902 10276 20220 40111 222// 20000 333 10298 59002=
42971 31995 00000 10286 20172 40118 70500 333 10318 59012=
43003 31995 03203 10316 20172 40099 70400 333 10345 59005=
43014 31996 02502 10318 20187 39457 40083 70544 333 10335 59006=
43041 31996 00000 10304 20142 39496 40095 70500 333 10338 59008=
43063 32997 10000 10324 20202 39479 40083 80001 333 10342 59004 81070=
43086 32997 00000 10316 20175 39922 40095 333 10342 59009=
43110 31995 03206 10302 20206 40100 70544 333 10354 59003=
43117 32597 13202 10330 20216 40082 81500 333 10360 59007=
43128 32997 29901 10306 20172 39503 40094 82030 333 10330 59008 82360=
43150 31596 41402 10282 20242 30055 40116 70521 81501 333 10318 59010 81620 83075=
43185 32997 01604 10290 20222 30097 40100 333 10333 59010=
43189 32997 20000 10286 20242 30103 40112 80001 333 10317 59006=
43192 32996 02302 10310 20205 40090 333 10354 59005=
43198 32996 20705 10316 20090 39273 40070 80001 333 10328 59006 82075=
43201 32997 00503 10306 20100 39372 40077 333 10337 58002=
43213 32997 00000 10348 20130 39763 40069 333 10368 59014=
43233 32997 00508 10308 20178 39289 40082 333 10321 59006=
43237 32997 21103 10332 20104 39675 40054 80001 333 10353 59011 82075=
43245 32997 11103 10304 20231 30081 40107 80001 333 10332 59013=
43279 31596 41105 10294 20207 30095 40112 70511 82501 333 10328 59010 82620 84075=
43284 32996 02508 10304 20172 39969 40082 333 10344 59004=
43295 32997 10502 10284 20170 39091 48513 80001 333 10307 59009 81075=
43310 32496 40502 10294 20257 40096 82211 333 10298 59008=
43314 32996 12302 10330 20245 40085 80001 333 10356 59003=
43321 31996 40710 10304 20110 39653 40091 70500 80001 333 10325 59001 84070=
43329 31996 20000 10280 20233 30093 40107 70500 80001 333 10306 59007=
43333 31495 30000 10280 20229 40097 70521 81501 333 10308 59001 81618 83070=
43344 31496 30508 10310 20219 30001 40099 70520 82501 333 10321 59004 82616=
43353 31496 22305 10298 20188 40081 70521 81500 333 10316 56700 59001 81620=
43369 32597 30903 10302 20254 40087 83500 333 10327 59001 83620=
43371 32597 22701 10304 20183 30010 40082 81530 333 10364 59009 81620=
43404 22/70 70504 10276 20238 30093 40096 5/005 333 10311 20202 3/019 553// 20061 59008 60008 82818 91006==
43410 22468 20505 10279 20231 30098 40101 55005 81100 333 10299 20272 3/024 59008 60008 555 60008==
43413 22970 00605 10291 20228 30095 40100 54003 333 10313 20254 3/023 553// 20055 59007 60008 91008==
43415 22470 20502 10280 20214 30000 40108 54003 82000 333 10310 20236 3/019 59005 60008 555 60008==
43418 22470 50501 10275 20231 30063 40104 57001 85200 333 10302 20270 3/021 59006 60008 85/18 555 60008==
43421 22470 50502 10279 20211 39993 40098 5/000 81106 333 10322 20208 3/019 553// 20041 59005 60008 91005==
43422 22470 30603 10281 20207 39965 40098 51002 82000 333 10308 20238 3/019 59003 60008 555 60008==
43424 22470 20503 10300 20217 30086 40088 56005 82100 333 10326 3/020 59004 60008 555 60008==
43436 22/70 73601 10280 20243 30097 40100 55003 333 10298 20252 3/022 59008 60008 555 60008==
43441 22/70 30502 10290 20199 39950 40081 51001 333 10320 3/019 59003 60008 555 60008==
43444 22470 40902 10262 20187 39560 40094 54001 84000 333 20221 3/017 58003 60008 555 60008==
43450 21458 30205 10307 20207 30083 40095 55003 70500 81000 333 10336 20250 3/016 58006 60008 555 60008==
43466 22/70 50303 10315 20176 30070 40078 5/002 333 10345 20232 3/019 553// 20050 59005 60008 91007 555 60008==
43467 22462 50203 10326 20192 30070 40076 57007 83202 333 10342 3/020 59009 60008 555 60008==
43473 22470 30907 10139 20139 38114 48494 57001 82000 333 10177 20101 3/005 553// 20061 59003 60008 91010 555 60008==
43475 22470 70303 10290 20213 30091 40096 52001 83108 333 10324 20231 553// 20066 59005 60008 91006 555 60008==
43476 21445 60502 10188 20162 38769 48513 54000 70522 82000 333 10234 20164 58002 60008 555 60008==
43479 21460 33303 10227 20184 39258 52001 70511 83100 333 10269 20172 59001 60008 555 60008==
43486 21465 51402 10315 20153 39976 40074 55003 70510 85000 333 10353 20213 553// 20062 59004 60008 91003==
43495 22470 72503 10282 20236 30069 40082 54/// 82000 333 10321 59007 60008==
43497 22468 50302 10289 20000 30066 40083 5/003 81000 333 10333 20228 553// 20067 59001 60008 91004==
44212 42/// 31601 11275 21316 39202 40487 52003 83040 333 11174==
44213 42/// 61401 11207 21238 38834 40434 54000 86010 333 11171==
44214 42970 23603 11138 21243 38286 40382 53002 80001 333 11109==
44215 429// 70702 11186 21232 38419 40419 52003 80006 333 11124==
44217 32998 00000 11222 21275 37846 40506 54001 333 11161 91202=
44218 42/// 32902 11212 21242 38638 40450 52006 82034 333 11144==
44219 32999 33002 11196 21220 38651 40432 57001 82058 333 11181 91202=
44265 429// 00503 11160 21217 38877 40392 54000 333 11069==
44266 329// 03502 11147 21230 37747 40380 53003 333 11097 91205=
44404 22358 20903 10145 20023 38120 48461 81101 333 10209 58000 60008 70000=
44416 22960 43204 10195 20136 39347 40118 80002 333 10254 58008 60008 70000=
44424 22960 12508 10136 21053 37639 47044 80001 333 10193 58004 60008 70000=
44434 22457 31504 10190 20099 39217 48497 82150 333 10208 58018 60008 70000=
44438 21950 02503 10200 20144 30004 40133 71044 80000 333 10232 58007 60008 70000=
44449 21930 01201 10200 20176 39966 40125 70444 80000 333 10235 58006 60008 70000=
44454 21440 22212 10140 20117 38643 48479 70540 82100 333 10219 58005 60008 70000=
44462 22256 80902 10108 20077 38243 48464 88800 333 10158 58011 60008 70000=
44474 41010 41704 10114 20064 38240 48485 71044 84400 333 58009=
44477 21010 82702 10130 20120 38814 48519 74544 886// 333 10205 58024 60008 70000=
44478 21920 02802 10200 20172 30038 40120 71044 80000 333 10240 58003 60008 70000=
48010 41905 03601 10255 20179 39936 40087 70544 333 10305 58010==
48020 42940 00000 10254 20167 333 10295==
48025 12430 30000 10296 20158 39952 40090 58006 60002 83400==
48048 42960 03201 10296 20223 30096 40071 333 10333 59010==
48052 32956 00000 10340 20145 333 10351=
48062 42440 23207 10260 20215 30084 40091 82500 333 10315 58003==
48064 42950 00000 10296 20223 30011 40069 333 10330 58001==
48094 42956 00000 10290 20200 30088 40098 333 10338 59001==
48109 42440 20000 10275 20220 30107 40111 82500 333 10306 58005==
51076 14/62 /0801 11177 21209 39412 40380 57005 60001 333 11114 21197 3/103 4/025 59020 70000 90761 91102==
51087 14/71 /3001 11158 21194 39258 40370 57003 60001 333 11074 21174 3/106 4/017 59027 70000 90761 91103==
51156 14/71 /0703 11092 21166 38722 40348 52003 60001 333 11035 21151 3/117 59028 70000 90761 91106==
51243 14/42 /1001 11167 21214 39775 40383 54000 60001 70500 333 11128 21208 3/116 59022 70000 90761 91103==
51334 14/32 /3501 11151 21184 39932 40383 52006 60001 70500 333 11122 21241 3/112 4/012 59023 70000 90761 91103==
51379 14/31 /0300 11144 21176 39337 40379 57004 60001 70500 333 11055 21240 3/107 4/022 59023 70000 90761 91103==
51463 14/25 /0000 11127 21162 39078 40358 52001 60001 70500 333 11060 21147 3/101 4/036 59016 70000 90761 91103==
51573 14/61 /2501 10012 21153 30244 40296 57003 60001 333 10049 21049 3/111 59047 70000 90761 91104==
51644 14/57 /2601 11006 21122 38988 40309 57002 60001 333 10024 21119 3/107 4/001 59028 70000 90761 91107==
51656 14/56 /2303 11017 21110 39198 40313 57002 60001 70600 333 10022 21117 3/114 59033 70000 90761 91108==
51709 14/61 /1601 10024 21161 38649 40279 54000 60001 333 10039 21077 3/110 59024 70000 90761 91105==
51711 14/61 /0902 11037 21153 38023 40278 52011 60001 333 11018 21156 3/120 59013 70000 90761 91108==
51716 14038 00100 10037 21155 38943 40286 57002 60001 333 10054 21099 3/115 59025 70000 90761 91105==
51765 14/61 /2601 11005 21156 39263 40309 57005 60001 333 10036 21106 3/115 59034 70000 90761 91106==
51811 14058 01001 10042 21174 38813 40275 52006 60001 333 10058 21095 3/116 59025 70000 90761 91106==
51818 14/57 /0701 10035 21186 38655 40273 57001 60001 333 10052 21097 3/116 59023 70000 90761 91107==
51886 14/80 /3106 11008 21250 37103 40273 52003 60001 333 10020 21154 3/120 59018 70000 90761 91116==
52203 14/75 /0302 11007 21161 39380 40313 57004 60001 333 10026 21125 3/117 59045 70000 90761 91105==
52602 14/80 /3005 11051 21271 37268 40337 52002 60001 333 11006 21180 3/122 59013 70000 90761 91109==
52818 14/62 /0000 11031 21224 37243 40300 52008 60001 333 10043 21130 3/120 59018 70000 90761 91110==
52908 14/75 /3103 11125 21314 35746 40369 52001 60001 333 11061 21235 3/125 58002 70000 90761 91123==
55299 14/80 /3403 11032 21329 35832 40246 57007 60001 333 10012 21194 3/125 59001 70000 90761 91117==
55591 14/80 /3002 10099 21281 36468 49993 57013 60001 333 10135 21020 3/109 58004 70000 90761 91106==
56004 14/80 /2903 11079 21324 35804 40330 52003 60001 333 11035 21239 3/130 59002 70000 90761 91115==
56018 14/68 /2503 11006 21339 36155 40169 57003 60001 333 10009 21130 3/118 58008 70000 90761 91113==
62306 42560 63110 10148 20054 40243 57011 86800==
62309 42560 63504 10164 20030 40222 57016 86800==
62325 42560 73104 10150 20071 40220 57015 878//==
62332 42560 60106 10148 20053 40215 57017 86800==
62337 42560 43104 10150 20057 40207 57017 84500==
62366 45560 50208 10156 20013 40205 57025 84230==
62387 42560 43513 10161 20044 40209 57022 84200==
62393 42960 03514 10164 20024 40222 57022==
62405 42960 03304 10195 20017 40175 57028==
62414 42960 03406 10204 21007 40178 57028==
62419 42960 00608 10195 20042 40170 57027==
62420 42560 20105 10166 20015 40215 57023 82500==
62435 42960 03406 10180 20028 40193 57030==
62440 42560 63513 10174 20044 40212 57021 86800==
62455 42560 23404 10173 20025 40201 57024 82200==
62458 42960 03405 10187 20011 40188 57028==
62459 42560 22921 10177 20071 40167 57021 82100==
62465 42960 03208 10199 20059 40167 57029==
63210 32980 00309 10271 20210 40105 333 10274 58004=
40361 32960 02825 10117 21070 39387 40194 91148 333 59003=
