SIPK OPKC 191500=
41504 22695 50000 10060 21102 37845 48494 84500 333 10120 56900 59017 60007 84640 RH30%=
41506 22695 80000 10080 20015 38495 48495 8452/ 333 5699/ 59039 60007 84640 84460 63%=
41507 02696 82302 10170 20051 39199 49710 8352/ 333 5699/ 59064 60007 83640 85460 45%=
41508 22695 81806 10128 21027 38631 48502 84520 333 56990 59051 60007 84635 84460 RH 33%=
41509 21696 83105 10120 20035 38730 48473 75152 8451/ 333 5699/ 59040 69907 84640 88460 RH56%=
41510 22696 80000 10065 20022 37902 48507 84520 333 56990 58022 60007 84640 84460 74%=
41509 21696 83105 10120 20035 38730 48473 75152 8451/ 333 5699/ 59040 69907 84640 88460 RH56%=
41510 22696 80000 10065 20022 37902 48507 84520 333 56990 58022 60007 84640 84460 74%=
41515 22695 80506 10080 21021 38557 48519 8572/ 333 5699/ 59015 60007 82735 83650 85458 49%=
41516 22996 60000 10120 20007 38502 48461 86010 333 56090 59057 60007 86462 RH46%=
41517 21696 70000 10070 20002 37767 48485 70422 83570 333 56990 59045 60007 83640 87760 62%=
41518 22696 61802 10133 21093 38/// 48/// 83520 333 56990 5//// 60007 83640 83462 78%=
41519 22996 50000 10160 21028 38717 48462 80001 333 56009 59062 60007 85070 27 %=
41520 22695 71806 10050 21076 37602 48238 83570 333 56990 59040 60007 83640 85762 40%=
41523 22695 80000 10155 20056 39040 48466 8352/ 333 5699/ 59050 60007 83640 85460 52%=
41524 22696 80502 10165 20030 39317 40172 8352/ 333 5699/ 59048 60007 83640 85460 40%=
41525 22696 80000 10030 21020 37688 48416 8252/ 333 5699/ 58004 60007 82640 85460 70%=
41528 21696 60000 10160 20063 39184 48481 70422 83530 333 56990 59053 60007 83640 83460% 52=
41529 21696 82312 10185 20090 39741 40119 75052 8452/ 333 5699/ 59041 69907 84630 85460 RH 54%=
41534 22696 80000 10185 20078 39690 40101 8452/ 333 5699/ 59053 60007 84640 86460 50%=
41535 22696 60000 10120 20007 38682 48454 82520 333 56990 59038 60007 82635 85460 RH46%=
41536 22596 70000 10140 20035 39011 48484 83520 333 56990 59003 60007 83630 87460 49%=
41560 22696 62706 10045 21015 38312 48543 82520 333 56990 58008 60007 82530 84460 RH65%=
41562 21696 80000 10130 20111 39657 40128 76166 8452/ 333 5699/ 59027 60047 84640 84460 RH88%=
41565 22696 81306 10122 21009 38617 48487 8352/ 333 5699/ 59052 60007 83640 85460 41%=
41567 21696 80000 10185 20065 39664 40077 70502 83530 333 56990 59045 60007 83640 85460 46%=
41571 219// 73108 10175 20000 39532 40113 70522 83031 333 56099 59041 60007 RH31%=
41573 22697 71302 10070 21012 37938 48466 84570 333 56990 59038 60007 84640 86360 56%=
41574 22697 80000 10075 20021 38323 48503 8352/ 333 5699/ 59031 60007 83640 88460 69%=
41576 21696 71304 10185 20090 40125 70400 82570 333 56990 59035 60007 82640 86460 54%=
41577 21696 40000 10160 20063 39495 40109 70422 81530 333 56990 59038 60007 81640 83360 RH 52%=
41593 21996 60000 10175 20111 39895 40111 70522 86070 333 56090 59029 60007 86460 66%=
41597 21696 82302 10180 20106 40126 70422 8352/ 333 5699/ 59032 60007 83640 88460 62%=
41599 21696 80504 10190 20096 39827 40115 70422 83420 333 56990 59029 60007 83640 86260 55%=
41600 21696 82704 10185 20123 39815 40109 70422 84430 333 56990 59027 60007 84640 86460 67%=
41620 01696 60000 10080 20048 38568 48471 70361 84510 333 56990 59032 60037 84640 82460 80%=
41624 21695 83102 10165 20109 40114 70420 83520 333 56990 59038 60007 83637 85460 70%=
41625 21695 80502 10160 20104 40104 70420 83520 333 56990 59039 60007 83637 85460 69%=
41630 21696 70000 10160 20114 40126 76062 83520 333 56990 59024 69927 83640 86460 74%=
41633 22996 30000 10150 20113 4//// 83030 333 56090 5//// 60007 83361 78%=
41634 22696 80000 10170 20051 3//// 4//// 85640 333 56990 5//// 60007 85640 88460 45%=
41635 21696 42702 10160 20104 3//// 4//// 70422 81540 333 56990 5//// 60007 81640 83462 69%=
41636 21996 80000 10160 20133 39943 40136 70400 88020 333 56090 59015 69997 88462 84%=
41638 21696 50000 10155 20137 4//// 70462 82570 333 56990 5//// 69947 82640 83460 89%=
41639 21696 80000 10170 20105 4//// 70420 8452/ 333 56990 5//// 60007 84640 85460 65%=
41640 21695 83104 10190 20118 39868 40116 72050 85620 333 56990 59028 69907 85640 88460 63%=
41641 83318 10190 20118 39838 40111 76062 8552/ 333 5699/ 59034 69907 85640 88460 63%=
41642 21696 83108 10195 20114 3//// 4//// 83530 333 56990 5//// 60007 84640 87460 RH59%=
41643 21695 70000 10190 20128 39834 40110 70422 83470 333 56990 59028 60007 83640 85460 67%=
41644 21696 82302 10170 20125 4//// 70422 8452/ 333 5699/ 5//// 60007 84640 86460 RH 75%=
41646 21695 70000 10180 20127 40145 70400 83470 333 56990 59023 69907 83640 86460 71%=
41652 21996 43102 10150 20132 39943 40125 70420 82530 333 56990 59032 60007 82640 82460 89%=
41661 22696 53104 10105 21022 38351 48480 84520 333 56990 59033 60007 84635 84460 41%=
41669 21696 70000 10170 20135 3//// 4//// 70400 83530 333 56990 5//// 60007 83640 85362 80%=
41670 21996 30000 10160 20104 4//// 70400 83030 333 56090 5//// 60007 83360 69%=
41674 21995 40904 10150 20132 3//// 4//// 71021 84070 333 56090 5//// 60007 84462 89%=
41675 21695 60000 10155 20137 39965 40111 71052 82570 333 56990 59035 69907 82640 84460 89%=
41676 21996 40000 10160 20133 39976 40136 70400 84030 333 56090 59030 60007 84360 84%=
41677 21696 50000 10150 20132 39943 40112 70400 82530 333 56990 59024 60007 82640 83362 89%=
41678 21696 83106 10155 20155 40121 72166 8552/ 333 5699/ 59026 60057 85640 88460 100%=
41679 21696 82302 10195 20124 4//// 70422 8352/ 333 5699/ 5//// 60007 83640 86460 64%=
41680 21695 80000 10160 20133 40113 71000 84530 333 56990 59028 60007 84640 85362 84%=
41685 22697 42302 10125 20097 38881 48463 82520 333 56990 59047 60007 82635 82460 RH.83%=
41696 22696 83104 10080 20015 37995 48516 85520 333 56990 59018 60007 85640 83460 RH63%=
41697 22696 40000 10190 20156 40116 84500 333 56900 59022 60007 84640 RH81%=
41700 21995 20000 10150 20132 40107 71000 82030 333 56090 59029 60007 82360 89%=
41701 21995 60000 10150 20141 39975 40120 71052 83520 333 56990 59029 60017 83640 84460 94%=
41710 22996 03102 10190 21026 40105 333 58014 60007 R.H.23%=
41712 22996 02306 10190 20054 39183 48506 333 58008 60007 RH41%=
41715 21995 20000 10210 20142 40108 70500 80001 333 56009 59027 60007 82070 RH65%=
41716 21996 00505 10180 20136 30016 40120 70400 333 59027 60007 76%=
41718 21995 00502 10180 20146 40110 71020 333 59024 60007 80%=
41724 21995 00504 10200 20149 40120 70500 333 59024 60007 RH73%=
41725 21996 00506 10210 20142 40101 70500 333 59028 60007 RH65%=
41726 21995 00504 10245 20124 30058 40129 70500 333 59013 60007 RH47%=
41738 22996 02318 10280 20104 39949 40125 333 59020 60007 RH33%=
41738 22996 02318 10280 20104 39949 40125 333 59020 60007 RH33%=
41739 21996 03108 10210 20058 39023 48491 70500 333 59012 60007 RH37%=
41742 22696 32702 10270 20081 40097 83500 333 56900 59028 60007 83635 RH31%=
41743 21996 30506 10260 20154 70400 80001 333 56009 60007 83170 RH52%=
41744 22696 70000 10185 20001 38763 48491 83520 333 56990 59012 60007 83630 84460 RH 29%=
41745 21996 23102 10250 20176 70400 82030 333 56090 60007 82360 RH61%=
41746 22996 03606 10210 20160 40090 333 59040 60007 RH73%=
41747 21996 00508 10200 20109 40092 70400 333 59037 60007 RH56%=
41748 22996 00506 10225 20177 40111 333 59026 60007 RH74%=
41749 22996 02704 10250 20170 40086 333 59045 60007 RH61%=
41756 21996 32308 10245 20182 40118 70504 80001 333 56009 59026 60007 83070 RH68%=
41757 22996 02710 10250 20166 30103 40115 333 59021 60007 RH58%=
41759 21695 62306 10250 20205 40112 70633 82510 333 56990 59031 60007 82640 84460 RH76%=
41764 22996 02010 10270 20136 30041 40090 333 59034 60007 RH44%=
41765 22996 02308 10290 20095 30054 40089 333 59040 60007 RH30%=
41766 22996 23004 10275 20109 40095 333 59037 60007 RH36%=
41768 22996 02304 10275 20190 30089 40096 333 59033 60007 RH60%=
41767 22996 00000 10260 20173 3//// 4//// 333 60007 RH59%=
41780 22996 32308 10255 20167 30076 40103 80001 333 56009 59028 60007 83070 RH58%=
41783 22996 02704 10260 20178 30073 40102 333 59025 60007 RH 59%=
41785 22996 42304 10260 20164 30093 40106 333 59033 60007 RH 55%=
41786 22996 02308 10295 20115 30063 40099 333 59018 60007 RH 33%=
41BKI 21696 81810 10195 20079 39668 40081 76062 83520 333 56990 59072 69907 83640 85460 RH47%=
41SKP 22697 82302 10175 20131 4//// 8352/ 333 5699/ 5//// 60007 83640 88460 75%=
43532 21696 70000 10175 20045 39281 40074 70402 83520 333 56990 59057 60007 83640 85460 42%=
43533 22697 80000 10190 20026 39172 48459 8352/ 333 5699/ 59041 60007 83640 88460 34%=
43563 22697 60000 10189 20067 40101 82530 333 56990 59035 60007 82640 84360 45%=
41660 026// 63120 10090 21013 38401 48492 83430 333 56990 59050 60007 83840 83360 RH 48%=
41598 21696 80000 10190 20096 39844 40115 70422 84520 333 56990 59030 60007 84640 88460 55%=




Data Generated from File : D:/all data handling/Rmc_lhr/2025021915.FSU.txt
19/02/2025   16:07:56
____________________________________________________________________________________________
15020 24570 62803 10011 21125 30113 40320 54001 84840 333 55303 20451 60007 91006 90730 91108==
15090 24570 63002 10008 21129 30225 40322 55002 86400 333 55307 00330 20769 30393 60007 91005 90730 91105==
15108 22160 82901 11144 21160 38092 48524 52004 8457/ 333 55300 20287 60007 91002 90730 91102==
15150 24570 73302 11001 21107 30101 40325 54001 84470 333 55301 20330 60007 91003 90730 91104==
15170 24570 72604 11036 21124 39492 42866 53002 87300 333 55300 20317 60007 91005 90730 91108==
15280 21005 82706 11187 21209 37465 47983 52003 74144 885// 333 55308 20685 60007 91009 90730 91109==
15310 24570 43102 10012 21102 30227 40317 54000 83830 333 55304 00100 20475 30295 60007 91004 90730 91106==
15335 24570 63102 10014 21090 30309 40316 54001 83530 333 55306 20659 60007 91005 90730 91106==
15350 24566 32302 11017 21074 30205 40332 50001 83500 333 55303 20525 60007 91003 90730 91103==
15360 24/70 50604 11005 21075 30295 40313 52002 83081 333 55308 20816 60007 91005 90730 91106==
15420 24567 32302 10009 21065 30212 40329 54000 83200 333 55310 20925 60007 91004 90730 91104==
15460 24964 03102 11008 21074 30303 40329 52003 333 55310 20976 60007 91003 90730 91103==
15470 24/61 12502 11023 21050 30203 40337 52002 81040 333 55310 20831 60007 91003 90730 91103==
15480 24570 30602 10011 21090 30298 40316 52005 83200 333 55307 00030 20810 30510 60007 91005 90730 91106==
15549 42568 43602 11040 21049 39882 40323 52005 82530 333 11025 21056 43027 555 593//=
15552 42570 40202 11003 21069 30262 40313 52012 82530 333 10020 21016 46007 555 561// 92034 92438=
15640 42674 53207 11006 21034 39985 40313 52011 84530 333 10012 21026 46004 555 581//=
15655 42968 63408 10001 21041 30275 40310 52012 86030 333 10007 21018 47009 555 570// 92045 92447=
15730 42670 60507 10003 21084 39888 40302 53008 85831 333 10023 21017 41998 555 552//=
16627 42565 40216 10038 21031 30273 40279 51011 81150 333 81825 84356 90730 91128==
16650 42460 70419 10054 21030 30259 40269 53008 85650 333 82712 84625 90730 91129==
16667 42560 53216 10080 20017 30230 40242 52010 83130 333 83825 83359 90730 91125==
16706 42560 63614 10114 20038 30210 40216 52006 83850 333 81820 83630 86358==
16723 42560 43510 10112 20051 30193 40206 52008 82230 333 82825 84358 90730 91119==
16742 42560 43505 10122 20043 30030 40186 50001 81150 333 81820 84358 90730 91116==
16749 42460 33012 10152 20051 30150 40165 58009 82150 333 82818 83358 90730 91120==
16754 41440 73315 10140 20102 30153 40200 52002 76162 85650 333 82710 85625 87358 90730 91126==
16760 42560 60205 10112 20070 40201 53002 86800 333 83820 84625 90730 91114==
16765 42560 63317 10140 20052 40184 53003 84570 333 84625 86357 90730 91124==
17022 42670 70415 10035 21030 30084 40256 52020 84250 333 84834 87360 90730 91124==
17024 42670 60702 10035 21018 30173 40253 52010 84550 333 84635 86360 90730 91107==
17026 42570 73607 10031 21032 30228 40268 52007 85570 333 85630 87458 90730 91113==
17031 42670 70206 10037 21025 30249 40256 52005 87200 333 87836 90730 91113==
17034 41558 72302 10014 20005 30217 40265 52008 78388 84270 333 84830 87358 90730 91110==
17038 41465 72913 10034 20013 30198 40248 52011 76166 87500 333 85711 87625 90730 91120==
17042 41560 81102 10036 20021 30206 40247 52004 76166 8552/ 333 85630 88458 90730 91108==
17050 41670 63606 10007 21030 30246 40312 52013 72277 83570 333 83635 86358 90730 91113==
17056 41565 80109 10022 20000 30277 40282 52017 77022 8452/ 333 84628 88458 90730 91122==
17060 41228 73610 10007 21001 30220 40262 52013 78688 87200 333 83706 87820 83915 90730 91122==
17070 41550 81301 11004 21015 39326 40224 52013 77077 8552/ 333 85630 88458 90730 91111==
17074 42570 60404 11012 21017 39269 40239 53008 85550 333 85630 86360 90730 91113==
17084 42670 70507 11016 21033 39297 40239 53008 83570 333 83635 87360 90730 91114==
17085 42670 60204 10015 21048 39729 40238 53005 84550 333 84640 86360 90730 91115==
17092 41360 82609 10009 20000 38808 48440 55003 77066 8652/ 333 82708 86632 88457 90730 91114==
17096 41545 72810 10001 21015 38170 48439 56003 77122 85550 333 85625 87357 90730 91121==
17098 41660 72110 10006 21024 38130 48441 53002 72222 85530 333 85635 87357 90730 91130==
17100 41657 70000 10077 20002 39130 40130 55007 70522 83530 333 83637 87357 90730 91103==
17112 42570 70211 10028 21015 30272 40275 52015 85570 333 85630 87360 90730 91118==
17115 42660 73411 10039 21005 30209 40262 52010 84250 333 84835 87360 90730 91124==
17116 41570 73203 10047 20012 30125 40250 52014 72782 86950 333 85830 86359 81925 90730 91115==
17124 42660 62909 10017 21043 39275 40217 53005 86500 333 86635 90730 91118==
17128 41430 80608 11002 21027 39075 40204 53002 77072 8652/ 333 83711 85625 88458 90730 91114==
17135 41670 60508 10015 20010 39301 40199 53003 70172 83550 333 83635 86360 90730 91115==
17140 41657 80502 11047 21049 38686 48469 52005 77122 8552/ 333 85635 88458 90730 91106==
17150 42560 63409 10040 21009 30124 40252 52013 86200 333 84720 86835 90730 91122==
17160 41665 80508 10002 21036 39002 48467 52005 77022 8552/ 333 85638 88459 90730 91111==
17170 42660 61507 10040 21041 38291 48464 58003 83550 333 83635 86357 90730 91111==
17175 42665 20405 10071 21005 30231 40235 52013 82100 333 82840 90730 91114==
17184 42670 43608 10058 21006 30118 40233 52018 82230 333 82835 84360 90730 91117==
17190 41670 43205 10028 21048 38981 48477 53005 70271 84500 333 84635 90730 91113==
17195 41359 80501 10007 21005 38950 48468 52007 77177 8652/ 333 85707 86620 88457 90730 91113==
17200 42560 72108 10088 20019 39137 40125 56007 84550 333 81720 84635 87359 90730 91120==
17202 42670 70505 10070 20017 39088 40129 57010 84550 333 84635 87360 90730 91118==
17203 41662 80000 10021 20011 38843 48496 57005 76166 8352/ 333 83635 88459 90730 91104==
17210 41670 60000 10066 20031 39118 40156 57010 70262 83130 333 83840 86360 90730 91108==
17219 42565 50313 10092 20004 30070 40218 52008 81130 333 81830 84358 90730 91122==
17234 42670 53404 10130 21014 30130 40199 53007 82230 333 82840 85360 90730 91108==
17237 42670 53103 10098 20001 39689 40198 52003 82230 333 82835 85360 90730 91109==
17240 42570 33009 10077 21029 39012 40160 53005 83200 333 83830 90730 91125==
17244 41570 63609 10034 21013 38975 48470 55000 70272 86500 333 82720 86635 90730 91122==
17248 41550 80403 10027 20001 38954 48463 52006 76062 8552/ 333 85630 88459 90730 91110==
17250 41630 80506 10014 20001 38769 48461 52001 77062 8552/ 333 85636 88459 90730 91115==
17260 42560 71405 10105 20037 39285 40099 55007 85550 333 85625 87357 90730 91111==
17270 42670 61103 10117 20030 39490 40135 56007 84260 333 84840 86360 90730 91109==
17275 46/72 /1209 10070 20000 38957 40148 57010==
17280 42660 81107 10105 20028 39353 40140 57007 84520 333 84640 88460 90730 91109==
17290 42/70 33308 10139 20000 30153 40185 55000 83030 333 83360 90730 91118==
17292 42570 23002 10094 21029 39409 40172 53005 82100 333 82830 90730 91107==
17300 42560 43414 10165 21009 30075 40146 53007 84100 333 84830 90730 91126==
17310 42670 52503 10180 20083 30109 40116 56005 83250 333 83835 85360 90730 91112==
17330 41670 70000 10129 20109 30106 40124 50001 70282 85270 333 85838 87358 90730 91108==
17350 42560 73408 10140 20075 30031 40109 56010 84250 333 84830 87358==
17370 42670 40000 10168 20071 30116 40120 56005 82230 333 82835 84360==
17375 42670 30000 10163 20093 30128 40130 57002 83200 333 83835 90730 91105==
33088 41540 82902 11021 21048 30097 40297 53003 77372 8672/==
33135 41440 82705 11013 21043 30114 40267 53002 78581 8632/ 333 86911==
33177 42570 72803 11007 21048 30067 40314 52004 87500==
33317 42560 72804 11026 21064 39950 40303 53004 85530 333 85620==
33393 42560 63002 11009 21075 39911 40319 53001 86300 333 84930==
33415 42660 72806 11012 21059 39898 40312 53003 87300==
33429 41560 63104 11022 21067 39864 40305 54000 78582 85330 333 84929==
33466 42570 73202 11014 21078 30092 40287 53001 85330 333 34///==
33506 42/60 32002 11042 21101 30080 40286 55002 82031==
33562 41419 83203 11022 21051 39993 40312 53003 78682 8695/==
33587 42570 83202 11014 21105 30021 40295 57002 87501 333 87629==
33658 42682 63004 10001 21116 30010 40321 52001 85530 333 85642==
33663 42570 63002 10012 21092 30208 40307 54000 83530==
33664 42598 63102 11003 21114 39981 40310 57001 86200=
33678 42898 62805 11010 21132 30103 40322 54000 86030=
33679 42497 63201 11007 21097 30116 40316 57001 83531=
33711 42660 32403 11026 21105 30075 40295 54000 83500 333 83641==
33745 42597 63004 11007 21128 30116 40321 57010 85930=
33748 42597 43303 11011 21120 30018 40315 57002 82330=
33754 42698 73002 11006 21101 30152 40305 56003 83130=
33761 42570 12702 11015 21113 30070 40303 57002 81400==
33791 42982 02702 11022 21100 30170 40304 55000==
33815 42598 63203 11008 21132 30095 40312 53002 86230=
33837 42/82 60000 11019 21093 30255 40309 54000 82034==
33881 42598 23403 11004 21147 30112 40317 53002 82500=
33883 42598 53103 11004 21138 30134 40304 52001 85800=
33885 42598 23304 11009 21145 30183 40323 57004 82500=
33892 42598 63302 11028 21106 30088 40308 52004 86300=
33902 42960 03102 11025 21105 30247 40310 53005==
33924 22570 60203 11021 21107 30291 40304 52007 86900 333 69922==
33946 21681 50605 11032 21094 30063 40296 53008 78582 85300 333 69922 85635==
33983 21460 80106 11032 21064 30212 40276 53006 72682 8733/ 333 69932 90730 91110==
34300 42/60 52302 11048 21112 30098 40285 56002 85030==
34336 22970 02801 11074 21125 30193 40303 52001 333 11041 60002==
34344 22970 02201 11076 21118 30209 40303 53002 333 11029 60002==
34356 22970 00000 11100 21153 30154 40312 53001 333 11034 60002==
34357 22970 02002 11076 21149 30139 40304 54001 333 11034 60002==
34398 229// 00801 11115 21159 30303 40317 57001 333 11071 60002==
34415 42970 22301 11052 21149 30194 40296 53003 80001==
34438 22960 01301 11092 21150 30102 40306 53002 333 11026 60002==
34445 22970 10000 11115 21158 30186 40309 55000 80001 333 11034 60002==
34461 22960 00000 11058 21133 30250 40308 54001 333 11017 60002==
34473 329// 01301 11095 21136 30275 40316 57002 333 11073=
34476 22970 00702 11115 21144 30307 40315 56003 333 11064 60002==
34504 42975 02801 11036 21122 30114 40297 53002==
34535 22970 03501 11059 21127 30225 40301 53001 333 11043 60002==
34545 22/70 20802 11045 21137 30181 40298 52003 80031 333 11017 60002==
34555 22/70 10902 11051 21112 30215 40311 55001 81030 333 11028 60002==
34560 42660 20903 11067 21140 30105 40306 52001 82500 333 11028==
34578 22960 00503 11070 21131 30301 40308 52003 333 11031 60002==
34579 22970 03602 11092 21137 30264 40310 53001 333 11050 60002==
34644 22560 51002 11031 21174 30206 40287 52009 85500 333 11011 60002==
34646 22/70 60903 11031 21107 30207 40292 52003 86030 333 11016 60002==
34655 22/60 60602 11041 21148 30235 40299 53004 86030 333 11014 60002==
34662 22970 10502 11055 21163 30292 40304 55001 80001 333 11020 60002==
34691 22/70 30502 11079 21172 30524 40511 53003 83030 333 11042 60002==
34720 22670 70302 11033 21100 30245 40286 53005 87500 333 11021 60002==
34727 22560 70603 11035 21079 30254 40286 53006 87500 333 11028 60002==
34743 22/60 70802 11037 21163 30199 40292 52005 83039 333 11015 60002==
34759 22560 70703 11043 21142 30154 40291 53007 86534 333 11025 60002==
34772 22960 00304 11058 21161 30295 40298 53003 333 11034 60002==
34785 22/60 80503 11061 21174 30316 40292 53005 8805/ 333 11049 60002==
34798 22/60 83605 11080 21131 30450 40419 53003 8805/ 333 11073 60002==
34824 21540 80303 11034 21052 30273 40278 52006 78588 883// 333 11028 69912==
34838 21460 80603 11044 21069 30166 40267 52008 77177 8672/ 333 11033 60012==
34845 22570 81203 11051 21103 30167 40280 53008 8257/ 333 11036 69902==
34858 22/60 81302 11060 21121 30171 40285 52006 8801/ 333 11037 69902==
34861 22/60 70904 11056 21159 30031 40287 52007 87030 333 11036 60002==
34866 22/60 20603 11052 21165 30295 40286 53003 80070 333 11026 60002==
34880 21560 70403 11074 21119 30313 40286 52007 72687 83931 333 11066 69902==
34887 22/70 70204 11072 21106 30307 40283 53006 86071 333 11051 69902==
34949 22/// /0807 11092 21103 39694 40275 52009 333 11077 69972 90730 91110==
34954 22570 80703 11076 21110 30098 40282 52009 86501 333 11043 69932==
34958 22570 60702 11091 21116 30075 40288 52011 86500 333 11060 60022==
34975 22/70 60502 11087 21110 30285 40281 53004 80032 333 11063 60012==
34984 21/60 73604 11069 21096 30311 40279 53006 70282 80071 333 11055 60012==
35217 129// 20303 11188 21214 30275 40319 57003 60002 80003 333 11130==
35302 129// 00704 11136 21171 30299 40321 57001 60002 333 11096==
35315 325// 60205 11140 21201 30240 40303 57005 86500 333 11116=
35344 319// 80405 11153 21202 30008 40317 53002 70232 8805/ 333 11119=
35358 12/// 50203 11087 21120 30100 40278 53002 60002 85030 333 11043==
35368 329// 51402 11112 21147 39992 40272 52001 85040 333 11056=
35386 325// 61202 11080 21130 39744 40283 57003 82570 333 11064=
35394 12970 60902 11051 21118 39597 40290 57001 60002 80004 333 11024==
35404 329// 10604 11116 21151 30299 40308 57004 80001 333 11086=
35406 129// 60304 11111 21155 30295 40297 57004 60002 80003 333 11084==
35416 41/// 80303 11113 21149 30159 40287 57006 77172 8802/ 333 11103==
35426 41/// 80403 11127 21151 39983 40292 57005 77177 8802/ 333 11103==
35437 /15// 80407 11104 21129 39978 40308 54000 77173 8802/ 333 11088 555 69932=
35449 329// 73604 11088 21112 30176 40284 53007 80006 333 11057=
35497 129// 50902 11060 21103 39762 40606 53003 60002 80001 333 11027==
35498 329// 30000 11102 21130 39389 40304 52002 80001 333 11032=
35514 32998 70204 11112 21132 30521 40517 57001 87050 333 11102=
35522 /14// 80705 11098 21129 30012 40276 57006 77177 8802/ 333 11088 555 60012=
35542 325// 83603 11093 21114 30138 40292 53008 885// 333 11061=
35563 32998 00000 11120 21149 39472 40278 53002 333 11088=
35576 129// 00903 11096 21126 39809 40277 57004 60002 333 11068==
35582 329// 60704 11093 21137 39661 40285 53002 80003 333 11053=
35594 329// 21102 11122 21148 39425 40304 53002 80001 333 11060=
35605 32598 80208 11092 21117 30297 40274 57002 885// 333 11079=
35633 315// 80405 11070 21091 30057 40279 53003 71022 885// 333 11053=
35671 12570 20802 11065 21093 39821 40263 53008 60002 82500 333 11033==
35699 119// 30908 11006 21122 39508 40267 53003 60002 73631 80004 333 10013==
35700 41/10 80205 11090 21106 30287 40262 57004 77577 8802/ 333 11073==
35715 /1396 80505 11050 21071 30261 40246 57003 77177 8802/ 333 11043 555 60022=
35739 326// 80904 11026 21067 30114 40256 58001 885// 333 11013=
35746 415// 80205 11027 21050 30196 40264 52007 77072 885// 333 11015==
35777 329// 80000 11051 21096 39904 40257 52003 8802/ 333 11023=
35796 12960 60504 11069 21098 39834 40282 53005 60002 80001 333 11029==
35849 415// 80403 11010 21060 30168 40255 52005 77172 885// 333 10014==
35895 32997 50203 11079 21093 39818 40278 53005 82042 333 11055=
35907 /1597 80307 11049 21070 30278 40246 57012 77172 8802/ 333 11034 555 69932=
35925 12/// 80906 10004 21005 30117 40229 54000 60002 8802/ 333 10013==
35927 315// 80502 10010 21004 30218 57001 71022 886// 333 10014=
35953 125// 83402 11017 21034 30116 40247 52006 60002 885// 333 11005==
35969 125// 80000 10001 21054 30072 40247 52009 60002 885// 333 10038==
35997 319// 30000 11045 21084 39816 40259 53005 71011 80006 333 11013=
36259 42984 00000 11291 21319 38334 48619 52002==
36335 329// 60000 11084 21124 39261 40316 53003 80003 333 10011=
36358 329// 50000 11159 21183 39269 40350 53002 80002 333 11019=
36394 329// 01303 11158 21173 39901 40352 53003 333 11064=
36397 129// 02006 11131 21174 39751 40346 58001 60002 333 11085==
36403 319// 02001 11129 21162 39961 40342 57001 71000 333 11084=
36418 329// 00401 11201 21217 39722 40391 58003 333 11108=
36421 329// 00000 11246 21265 39775 40400 57002 333 11154=
36428 129// 03301 11220 21248 39842 40392 58005 60002 333 11141==
36439 329// 01305 11080 21148 39040 48543 58006 333 11030=
36498 329// 00204 11117 21156 39492 40319 58002 333 11035=
36501 329// 00000 11100 21131 39536 40318 54000 333 11052=
36535 129// 03001 11248 21282 39711 40413 53003 60002 333 11096==
36546 329// 03202 11222 21240 39807 40399 54000 333 11130=
36619 329// 00602 11105 21141 333 11029=
36622 329// 00504 11069 21119 39482 40306 53004 333 11036=
36639 129// 00801 11167 21209 39677 40323 53011 60002 333 10025==
36643 329// 00000 11195 21206 39674 40392 53001 333 11103=
36665 329// 01401 11154 21188 39595 40368 57004 333 11130=
36666 329// 02402 11237 21255 39851 40395 57005 333 11135=
36729 32998 00301 11084 21103 39790 40288 53009 333 11010=
36736 329// 03602 11072 21110 39738 40309 53012 333 10040=
36744 329// 00501 11073 21094 39804 40267 53008 333 11026=
36770 329// 52901 11060 21068 39526 40269 57001 80001 333 10020=
36786 32999 30000 11061 21087 39330 40269 53001 80002 333 10026=
36796 329// 30000 11148 21194 39051 48484 52006 80001 333 11066=
36803 32999 02502 11077 21107 39817 40281 53004 333 10005=
36806 329// 01710 11112 21191 39826 40317 53006 333 11074 91117=
36819 319// 60902 11025 21047 39628 40247 53001 71022 82024 333 10017=
36821 129// 40000 11037 21062 39766 40264 53007 60002 80002 333 10027==
36839 32998 51101 11067 21120 39121 40280 53006 80001 333 10004=
36843 329// 32501 11041 21092 39071 40264 53001 83040 333 10064=
36846 329// 70902 11083 21162 38622 48541 51002 80002 333 10025=
36859 129// 70000 11006 21036 39515 40304 53009 60002 80005 333 10098==
36870 129// 20201 10025 21068 39231 40238 53005 60002 80001 333 10048==
36874 326// 21802 11057 21079 39457 40253 53006 82500 333 11005=
36877 329// 20000 11034 21058 80001 333 10044=
36885 329// 31402 11056 21113 39117 40274 53004 80001 333 10042=
36889 329// 01802 11110 21211 37040 47057 52005 333 11028=
36894 319// 50000 11012 21044 39511 40256 53005 71022 82071 333 10047=
36905 329// 51601 11025 21092 38757 48516 52003 80002 333 10027=
36911 129// 00000 10020 21030 39270 40246 53015 6//// 333 10126 555 530//=
36927 12697 20502 11013 21103 38352 48515 53007 6//// 82900 333 10040 555 530//=
36934 12597 70401 11010 21053 38297 48429 53005 6//// 82932 333 1//// 555 530//=
36953 328// 40000 11108 21131 38207 48508 52011 83041 333 11015=
36963 129// 21103 11103 21228 37012 48/// 53003 6//// 80001 333 11042 555 530//=
36974 129// 00901 11060 21123 37984 48522 53007 6//// 333 10030 555 530//=
36982 129// 83601 11129 21267 36500 47074 53006 6//// 80006 333 11037 555 530//=
37018 22660 70602 11003 21048 30159 40237 52011 87900 333 10012 60002==
37031 21/60 80902 11049 21084 30055 40260 52012 77172 8802/ 333 11022 69902==
37054 21460 80604 11076 21097 39867 40274 53007 70282 886// 333 11048 60032==
37061 21/40 80603 11084 21103 30107 40287 53010 71022 86031 333 11059 69982==
37085 21540 80105 11063 21075 30304 40277 52006 77177 8872/ 333 11043 60032==
37171 22560 80201 10030 21018 30213 40232 53003 8695/ 333 10036 69902 86933==
37228 21/40 80201 11054 21074 39373 40244 52003 77172 8802/ 333 11033 69962==
37235 21/40 80802 11055 21062 39928 40261 52005 77077 8802/ 333 11031 60022==
37472 21540 83102 11015 21025 30283 40260 52018 77176 8872/ 333 10010 60052==
38149 12970 40803 10011 21015 30154 40233 57003 60002 80002 333 10062==
38178 11/// 80000 11009 21034 39917 40210 58001 60002 71022 8802/ 333 10016==
38262 125// 80801 11004 21013 30147 40231 53004 60002 885// 333 10014==
38264 11120 80403 10004 21002 30131 40227 52001 60002 71022 886// 333 10027 88703==
38345 12998 30901 10013 21042 38818 48513 52007 6//// 83030 333 10093 555 530//=
38353 129// 21302 10029 21040 39346 40252 53012 6//// 80001 333 10113 555 530//=
38388 12598 72301 10095 21009 30149 40220 53002 6//// 87500 333 10115 555 530//=
38392 12697 70402 10074 20023 30113 40216 53005 6//// 87500 333 10099 555 530//=
38396 12660 70000 10076 20021 30099 40224 53004 60002 875// 333 10096 87647==
38403 129// 00701 10063 21018 30091 40212 53006 60002 333 10104==
38413 42/// 71503 10049 20013 39916 40208 57007 87030 333 10082==
38457 41560 82102 10095 20030 39636 40217 52010 76062 8852/ 333 10124==
38462 12/// 30000 10024 21080 38766 48505 53015 60002 82051 333 10100==
38507 12996 23403 10074 20027 30086 40189 57004 6//// 80001 333 10115 555 530//=
38545 12998 50000 10064 20025 30052 40228 53006 6//// 85070 333 10114 555 530//=
38565 129// 00000 10052 20017 39625 40199 53013 60002 333 10093==
38579 125// 30000 10058 20024 39809 40228 52011 60002 82970 333 10130==
38583 12660 83204 10093 20027 39904 40224 53012 60002 885// 333 10134==
38599 32997 82406 10084 20024 39690 40225 52015 83031 333 10130=
38611 11940 53501 10082 21009 39646 40214 52017 60002 71022 80001 333 10144==
38613 129// 00201 10051 21011 40226 51024 6//// 333 10136 555 530//=
38616 125// 11602 10030 21025 39206 40231 52017 6//// 81500 333 10120 555 530//=
38618 129// 51001 10058 20004 39522 40213 52016 60002 80001 333 10129==
38647 12997 21004 10107 20009 30126 40168 57002 6//// 80001 333 10160 555 530//=
38656 12998 00902 10110 20000 30098 40206 57006 6//// 333 10147 555 530//=
38683 12660 60000 10083 20046 39955 40234 53008 60002 865// 333 10110 86637==
38687 12997 53602 10088 20034 39995 40230 53002 6//// 80001 333 10120 555 530//=
38696 429// 42001 10044 20016 39370 40234 53006 80005 333 10094==
38713 215// 82001 10040 21009 39060 48520 52010 76162 885// 333 10091 69942=
38750 12997 60502 10147 21014 30195 40167 58020 6//// 86030 333 10183 555 530//=
38763 12997 21005 10110 20025 30074 40178 57008 6//// 80001 333 10144 555 530//=
38774 12997 21301 10112 20038 30003 40196 57005 6//// 80004 333 10142 555 530//=
38799 32997 01402 10090 20064 30008 40240 53003 333 10144=
38806 12997 03601 10086 20048 39957 40217 53002 6//// 333 10128 555 530//=
38812 11740 43601 10072 20023 39771 40226 53006 60002 71011 82330 333 10122==
38836 326// 72502 10084 20036 39237 40165 52013 86932 333 10128=
38880 12997 41102 10104 20019 39939 40192 56006 60002 80001 333 10144 555 530//=
38886 12997 01302 10120 20023 39982 40207 57006 6//// 333 10159 555 530//=
38895 32996 21001 10108 20041 39941 40228 53003 80001 333 10156=
38911 32997 53302 10100 20030 39936 40229 53010 80002 333 10130=
38915 12997 50000 10108 20041 39910 40231 58002 60022 85050 333 10130 555 530//=
38927 42960 72306 10097 20056 39836 40209 51006 87930 333 10123 85960==
38933 327// 81402 10109 20059 39689 40196 54000 84582 333 10145=
38944 326// 80901 10097 20070 39605 40133 58002 885// 333 10122=
38954 328// 80000 10015 21090 37928 48520 53012 86910 333 10046=
38974 12998 00000 10124 20034 39880 40211 57002 69902 333 10164 555 530//=
38987 32996 00000 10068 20050 39484 40229 54000 333 10102=
40100 43/82 82508 10170 20116 30138 40154 53003 333 58///=
40180 02560 73004 10173 20110 30098 40147 52007 8580/ 333 70000==
40199 02/// /3305 10232 20031 30106 40130 52003 333 70000==
40270 41540 62909 10132 20064 39247 40144 52002 70522 84234 333 84830 84360=
40272 41950 02712 10150 20047 39310 40136 57025 70500=
40340 41958 13407 10230 20017 30073 40137 54000 70500 81001 333 81070=
40356 42560 73210 10160 20000 39136 48450 83570 333 59061 83630 85360 555 04410 50108=
40357 42560 41510 10194 20020 39464 40098 84500 333 59085 84630=
40360 42660 43112 10184 21050 39529 40118 84400 333 59047 84640=
40361 42560 13007 10221 20050 39326 40097 81100 333 59077 81830=
40362 42660 51417 10194 20010 39606 40122 85500 333 59072 85635=
40373 41560 51810 10188 21010 39737 40158 79510 87900 333 59049 82925 85635=
40375 42960 03508 10210 21110 39225 40098 333 59045=
40394 42660 52110 10174 20100 38982 48464 85500 333 59059 85640 555 04410 50102=
40400 42960 02915 10231 20080 30093 40121 333 59017=
40405 42660 31209 10185 20080 39377 40110 83500 333 59061 83640=
40417 42960 03606 10186 20080 30132 40147 333 59047=
40420 42960 40307 10215 20050 39934 40140 81032 333 59041 81360 83070=
40430 42660 22412 10261 20080 39366 40087 82400 333 59035 82640=
40437 42660 51306 10195 20010 39442 40146 85500 333 59043 85640=
40439 42660 32718 10266 20090 30085 40103 81501 333 59013 81640=
40582 32960 21206 10191 21025 40147 56012 80001 333 55302 00000 10321 20043 30014 41015 51367 60056 55407 40029 82070 90401 91007 91109 91205 91303=
40703 42660 52706 10080 21016 38870 40133 53005 85300 333 10122 20030 70000 81935 84640 555 10041 29051 66666 00090 10090 20060 30042 50056 90082=
40706 42562 82504 10075 21040 38622 40172 53001 8332/ 333 10104 21026 70000 82630 82932 88458 555 10031 29044 66666 00093 10081 20052 30047 50056 90070=
40712 42660 61602 10051 21023 38641 40161 57007 83506 333 10071 20042 70000 83640 86267 555 10022 29059 66666 00007 10011 20016 30019 50035 90052=
40713 42660 82202 10069 21028 38633 40159 53001 82437 333 10099 20000 70000 82635 84358 88265 555 10031 29050 66666 00073 10058 20055 30060 50070 90092=
40718 42460 80704 10107 20088 30188 40159 53003 8532/ 222// 0//// 20301 333 10114 20084 70000 82915 85620 88458 555 10098 29088 66666 00142 10126 20118 30106 50108 90116=
40723 42960 01603 10086 21072 38945 40202 55004 333 10130 21052 70000 555 10030 29032 66666 00072 10078 20054 30046 50054 90068=
40726 42660 51804 10070 21046 38638 40173 54000 85500 333 10110 20012 70000 85635 555 10026 29043 66666 00062 10060 20060 30046 50055 90079=
40727 42660 72502 10056 21023 38467 40192 53001 83506 333 10094 21038 70000 83640 87270 555 10025 29057 66666 00037 10045 20035 30034 50039 90069=
40732 41957 61701 10106 20070 30171 40146 55001 70521 80006 333 10129 20080 70000 86267 555 10089 29078 66666 00120 10120 20108 30102 50106 90122=
40736 42960 30601 10107 20079 30180 40154 55006 80001 333 10157 20050 70000 83069 555 10094 29083 66666 00102 10100 20086 30088 50094 90117=
40738 42960 20000 10102 20038 30213 40215 55002 80002 333 10186 20008 70000 82069 555 10074 29064 66666 00130 10128 20106 30094 50102 90122=
40739 42965 32302 10076 21053 38684 40199 54000 80002 333 10116 21018 70000 83069 555 10028 29040 66666 00094 10098 20084 30070 50066 90084=
40741 42960 01206 10121 20028 39876 40212 54000 333 10160 20056 70000 555 10080 29053 66666 00130 10131 20114 30101 50099 90113=
40743 42965 10000 10116 21063 39064 40188 56004 80001 333 10150 20023 70000 81070 555 10049 29028 66666 00140 10141 20121 30107 50113 90124=
40745 42960 01205 10083 20023 39048 40207 53003 333 10122 20034 70023 555 10057 29066 66666 00094 10104 20092 30089 50079 90100=
40747 42970 51502 10088 21087 38620 40193 55003 83078 333 10126 21058 70000 83360 85270 555 10027 29028 66666 00099 10089 20065 30055 50065 90088=
40754 42962 32202 10110 21147 38820 40180 53002 81075 333 10140 20012 70000 81362 83268 555 10030 29015=
40762 42665 20000 10058 21025 38556 40207 51001 82400 333 10110 21013 70000 82635 555 10025 29055 66666 00066 10082 20074 30058 50064 90084=
40766 42760 71302 10101 21128 38672 40177 56006 81426 333 10133 70000 81650 84459 87268 555 10027 29019 66666 00110 10104 20070 30068 50076 90096=
40768 41957 83501 11013 21038 38254 40252 54000 71022 83077 333 10025 21100 70000 83459 88268 555 11021 29083 66666 00034 10012 20029 30025 50028 90050=
40769 42660 72702 10077 21023 38281 40176 55001 82506 333 10113 21028 70000 82635 87268 555 10036 29049 66666 00086 10084 20072 30060 50068 90096=
40780 42960 62201 10087 21035 38672 40193 58005 80006 333 10144 21008 70000 86270 555 10039 29042 66666 00100 10090 20070 30070 50080 90096=
40782 42970 62103 10094 21073 38858 40187 55000 80006 333 10154 21018 70000 86270 555 10034 29030 66666 00114 10110 20088 30072 50096 90114=
40785 42960 30000 10126 21080 39075 40180 53001 80002 333 10170 20006 70000 83070 555 10051 29023 66666 00156 10152 20130 30106 50108 90154=
40791 42968 01401 10146 21096 39358 40185 55001 333 10202 20068 70000 555 10060 29018 66666 00180 10182 20166 30150 50150 90162=
40792 42962 23002 10090 21090 38724 40193 51002 80002 333 10132 20024 70000 82070 555 10028 29027 66666 00148 10152 20142 30108 50126 90126=
40798 42960 02803 10044 21165 37945 40233 55002 333 10118 210118 70000 555 11018 29020 66666 00099 10101 20064 30047 50064 90081=
40800 42965 21201 10095 21137 38444 40176 56008 80002 333 10158 21006 70000 82070 555 10021 29018 66666 00102 10136 20114 30094 50104 90124=
40809 42965 00303 10081 21129 38512 40204 52006 333 10133 20012 70000 555 10015 29021 66666 00130 10140 20133 30110 50112 90129=
40811 42960 10101 10199 20014 30122 40148 55004 80001 333 10243 20085 70000 81070 555 10115 29029 66666 00212 10208 20192 30192 50198 90212=
40812 42960 02602 10184 20020 39761 40139 55001 333 10235 20077 70000 555 10108 29033 66666 00206 10204 20194 30186 50174 90198=
40821 42960 10902 10143 21139 38780 40180 56005 80002 333 10164 20016 70000 81070 555 10049 29013 66666 00185 10176 20142 30129 50128 90139=
40829 42960 00103 10144 21026 39613 40186 52016 333 10208 20113 70001 555 10075 29031 66666 00202 10202 20176 30172 50166 90178=
40831 42960 00602 10202 20033 30141 40149 56011 333 10242 20061 70000 555 10122 29033 66666 00254 10254 20202 30192 50202 90222=
40833 42960 02903 10209 20013 30120 40152 56006 333 10250 20061 70000 555 10119 29027 66666 00260 10254 20220 30192 50202 90218=
40841 42960 00202 10100 21068 38240 40169 56004 333 10140 20017 70000 555 10036 29028 66666 00150 10152 20126 30118 50128 90146=
40845 42960 03004 10173 20115 30144 40149 57010 333 10198 20136 70000 555 10142 29069 66666 00206 10208 20190 30184 50186 90202=
40848 42960 00000 10096 21012 38512 40175 55003 333 10146 20006 70000 555 10050 29047 66666 00122 10124 20112 30100 50106 90116=
40854 42960 03402 10153 21052 38960 40153 53004 333 10210 20127 70000 555 10071 29024 66666 00150 10162 20196 30194 50198 90202=
40856 42960 00103 10140 21117 38647 40158 52012 333 10188 20097 70000 555 10050 29016 66666 00120 10180 20154 30146 50144 90146=
40859 42960 00000 10130 21026 38695 40165 55002 333 10174 20026 70000 555 10064 29034 66666 00126 10148 20128 30120 50130 90150=
40875 42960 02503 10232 20144 30114 40126 53002 333 10279 20150 70000 555 10180 29058 66666 00254 10282 20256 30238 50245 90254=
40879 42962 02803 10229 21053 39472 40142 53010 333 10268 20157 70000 555 10110 29015 66666 00302 10300 20260 30244 50242 90248=
40882 42970 02502 10198 20135 30092 40127 56003 333 10254 20184 70000 555 10162 29067 66666 00256 10260 20238 30236 50228 90248=
40883 42960 00000 10206 20125 30100 40128 54000 333 10260 20165 70000 555 10160 29060 66666 00250 10220 20240 30230 50240 90250=
40893 41957 02906 10242 20180 30105 40111 53003 70500 333 10277 20219 70000 555 10203 29069 66666 00299 10293 20266 30269 50267 90273=
40898 41958 01104 10246 20181 30101 40110 53018 70500 222// 00238 20801 333 10270 20227 70000 555 10205 29067 66666 00280 10302 20286 30270 50268 90272=
41024 42960 23110 10267 20160 30088 40114 82030 333 59004 82360=
41036 42560 42714 10220 20120 38541 48491 84800 333 59017 84830 555 04410 50103=
41055 42560 22014 10218 20050 38350 48496 82400 333 59013 82630 555 04410 50110=
41061 42960 01308 10235 20050 39410 40111 333 59016=
41084 42560 30506 10268 20060 38822 48481 83200 333 59018 83830 555 04410 50069=
41112 42560 21810 10185 20090 37945 48510 82400 333 59008 82620 555 04410 50094=
41114 42560 22114 10199 20050 37980 48511 82400 333 59009 82622 555 04410 50095=
41128 41957 00910 10260 20060 38790 48498 70600 333 59010 555 04410 50105=
41136 41958 00505 10254 20070 39304 40111 70600 333 59008=
41140 42960 02505 10281 20220 30097 40102 333 59014=
41150 42966 13309 10187 20109 40148 81030 333 59043 81364=
41170 43962 10209 10203 20129 30127 40140 81030 333 59037 81362=
41176 44/70 /0509 10200 20125 30134 40140 333 59033=
41184 42960 22604 10218 20109 40138 80001 333 59025 82070=
41194 42960 23204 10233 20112 30126 40132 80001 333 59023 82075=
41196 42960 12704 10227 20121 30097 40138 80001 333 59023 81075=
41216 42960 03604 10219 20156 30134 40138 333 59023=
41217 42960 23407 10226 20143 30105 40134 80001 333 59023 82075=
41246 36/// /1005 10239 20189 30128 40130 333 0E021 55300 25022 59030=
41253 36/// /0004 10252 20035 39763 40121 333 0E019 55300 25022 59030=
41254 36/// /2008 10152 21013 38053 49823 333 0E009 55300 25022 59024=
41263 36/// /2207 10285 20009 39542 40090 333 0E020 55300 20202 59028=
41265 36/// /2209 10288 20001 39541 40093 333 0E020 55300 20259 59025=
41267 36/// /3304 10245 20197 30121 40134 333 0E025 59020=
41268 36/// /0607 10244 20172 30078 40125 333 0E022 55300 25022 59018=
41288 36/// /1507 10272 20135 30113 40135 333 0E022 59021=
41315 36/70 /0000 10216 20143 39322 48062 333 0E018 55300 27865 59009=
41316 32982 11805 10251 20202 30112 40142 80001 333 59011 55335 55407 55408 55507 55508 81075=
41480 41557 10911 10263 20206 30116 40125 70544 81100 333 59017 81820=
41506 12420 80000 10080 20015 38495 48950 60001 8452/ 333 5688/ 59039==
41508 12420 81803 10128 21027 38631 48020 60001 84520 333 56880 59051==
41515 12420 80503 10080 21021 38557 48190 60001 8572/ 333 5688/ 59015==
41516 12940 60000 10120 20007 38502 48610 60001 86010 333 56080 59057==
41517 11940 70000 10070 20002 37767 48850 60001 70422 87570 333 56880 59045==
41518 12440 61801 10133 21093 30001 48010 60001 83520 333 56880 58000==
41519 12940 50000 10160 21028 38717 48620 60001 80001 333 56008 59062==
41523 12420 80000 10155 20056 39040 48660 60001 8552/ 333 5688/ 59050==
41535 12440 60000 10120 20007 38682 48540 60001 85520 333 56880 59038==
41536 12440 70000 10140 20035 39011 48840 60001 87520 333 56880 59003==
41560 12440 62703 10045 21015 38312 48430 60001 84520 333 56880 58008==
41571 11900 73104 10175 20000 39532 40113 60001 70522 83031 333 56088 59041==
41598 21696 80000 10190 20096 39844 40115 70422 84520 333 56990 59030 60007 84640 88460=
41600 11440 82702 10185 20123 39815 40109 60001 70422 86430 333 56880 59027==
41620 11440 60000 10080 20048 38568 48710 60031 70361 82510 333 56880 59032==
41624 11420 83101 10165 20109 30000 40114 60001 70420 85520 333 56880 59038==
41630 11440 70000 10160 20114 30000 40126 69921 76062 86520 333 56880 59024==
41640 11420 83102 10190 20118 39868 40116 69901 72050 88620 333 56880 59028==
41660 026// 63120 10090 21013 38401 48492 83430 333 56990 59050 60007 83840 83360=
41678 11440 83103 10155 20155 30000 40121 60051 72166 8852/ 333 5688/ 59026==
41696 12440 83102 10080 20015 37995 48160 60001 83520 333 56880 59018==
41697 12440 40000 10190 20156 30000 40116 60001 84500 333 56800 59022==
41700 11920 20000 10150 20132 30000 40107 60001 71000 82030 333 56080 59029==
41710 12940 03101 10190 21026 30000 40105 60001 333 58014==
41712 12940 02303 10190 20054 39183 48060 60001 333 58008==
41715 11920 20000 10210 20142 30000 40108 60001 70500 80001 333 56008 59027==
41718 11920 00501 10180 20146 30000 40110 60001 71020 333 59024==
41725 11940 00503 10210 20142 30000 40101 60001 70500 333 59028==
41739 11940 03104 10210 20058 39023 48910 60001 70500 333 59012==
41744 12440 70000 10185 20001 38763 48910 60001 84520 333 56880 59012==
41749 12940 02702 10250 20170 30000 40086 60001 333 59045==
41756 11940 32304 10245 20182 30000 40118 60001 70504 80001 333 56008 59026==
41757 12940 02705 10250 20166 30103 40115 60001 333 59021==
41759 11420 62303 10250 20205 30000 40112 60001 70633 84510 333 56880 59031==
41764 12940 02005 10270 20136 30041 40090 60001 333 59034==
41768 12940 02302 10275 20190 30089 40096 60001 333 59033==
41780 12940 32304 10255 20167 30076 40103 60001 80001 333 56008 59028==
41785 12940 42302 10260 20164 30093 40106 60001 333 59033==
41859 01930 00000 10200 20170 30099 40137 70500 333 59003 70000==
41883 02930 00000 10214 20170 30112 40133 333 59002 70000==
41891 01930 02702 10215 20160 30096 40135 70500 333 58000 70000==
41907 01940 00000 10193 20170 30111 40126 70500 333 59007 70000==
41923 01940 00000 10232 20160 30122 40132 70500 333 59003 70000==
41936 41912 00000 10206 20200 30117 40124 70544 333 59002==
41943 01940 00000 10205 20190 30123 40130 70510 333 59002 70000==
41950 01945 00000 10219 20200 30127 40129 70520 333 59003 70000==
41978 01435 32403 10234 20200 30125 40131 70511 83500 333 59006 70000 83616==
41992 01925 00000 10237 20220 30130 40132 70500 333 59009 70000==
42027 32596 80000 10105 20003 38376 48463 8552/ 333 59050=
42071 31595 72703 10182 20121 40121 70522 84520 333 59024 84630 86459=
42101 32696 20000 10182 20133 40133 82500 333 59018 82635=
42111 31994 73201 10172 20127 39412 40112 71022 84031 333 59021 84360 87070=
42123 21595 80501 10158 20144 40116 79596 8592/ 333 59027 6002/ 84630 81935 88458=
42131 32696 80000 10206 20137 40131 8453/ 333 59024=
42165 22696 60904 10194 20153 40105 84520 333 59024 6001/ 84635 86460=
42182 31695 70000 10198 20127 40122 70522 83530 333 59018 83635 86360=
42189 31995 50000 10176 20126 40124 70522 83031 333 59011 83360 85070=
42309 21494 60000 10146 20142 40159 71022 83570 333 58005 6003/=
42314 31595 50000 10182 20125 40153 70522 82530 333 58000 82620 85360=
42328 22996 40504 10236 20168 40067 84030 333 59040 6990/ 84360=
42339 31695 10000 10230 20117 40091 70500 81500 333 59033 81635=
42348 21595 83211 10196 20133 39681 40127 72996 8532/ 333 59014 6992/ 84630 81935 88459=
42361 31595 40000 10210 20153 40122 70510 84500 333 59020 84625=
42369 31596 50000 10206 20129 40125 70511 82530 333 59014 82620 85360=
42379 31995 20000 10186 20141 40127 70520 82030 333 58000 82360=
42410 31595 20000 10188 20158 40149 71000 81530 333 58003 81620=
42415 32996 00000 10208 20139 40156 333 58000=
42452 31996 00000 10240 20158 40101 70500 333 59022=
42492 31995 00000 10220 20164 40127 70500 333 59004=
42559 32996 30000 10224 20142 40103 83030 333 59016 83360=
42571 31996 43201 10228 20123 40116 70500 84030 333 59015 84360=
42591 31996 00000 10200 20153 40136 70500 333 59005=
42634 32996 02303 10264 20140 40122 333 59018=
42647 31996 02503 10284 20137 40109 70400 333 59015=
42667 32996 00502 10242 20160 39530 40113 333 59012=
42675 31996 20202 10220 20161 40111 70500 82040 333 59011 82360=
42701 31995 20000 10222 20162 39388 40111 70522 82030 333 59011 82360=
42724 31995 00000 10222 20200 40129 71000 333 59002=
42737 32996 02505 10280 20113 40121 333 59014=
42754 31996 00000 10234 20139 39478 40109 70500 333 59012=
42779 32596 30000 10244 20140 39419 40108 83500 333 59015 83620=
42798 31595 51104 10264 20164 40114 70521 83530 333 59006 83620 85360=
42809 21995 20000 10232 20201 40128 70511 82030 333 59002 6990/ 82360=
42840 32996 00000 10274 20201 40115 333 59010=
42867 31996 03201 10250 20162 40103 70500 333 59012=
42874 31996 00000 10272 20205 40100 70500 333 59015=
42886 31595 50000 10256 20150 40110 70500 83530 333 59013 83620 83360=
42895 21496 70000 10254 20239 40130 70262 84530 333 59011 6991/ 84618 86360=
42909 32996 09901 10250 20207 40124 333 59006=
42971 31595 51403 10266 20234 40137 71022 83330 333 57911 58004 82620 81930 84360=
43003 31995 03603 10280 20176 40108 70400 333 59010=
43014 31996 03402 10254 20124 39463 40101 70544 333 59010=
43041 31996 01802 10264 20157 39496 40104 70500 333 59017=
43063 32996 00000 10260 20124 39492 40110 333 59005=
43086 32996 00000 10280 20242 39918 40094 333 59017=
43110 31995 00000 10262 20225 40118 70544 333 59011=
43117 32996 00000 10300 20197 40091 333 59012=
43128 31996 21404 10288 20199 39503 40098 70511 82030 333 59018 82360=
43150 31996 32304 10264 20222 30062 40123 70500 80001 333 59017 83075=
43185 32596 21603 10258 20222 30109 40113 82500 333 59017 82620=
43189 32596 10000 10264 20219 30117 40126 81500 333 59013=
43192 32996 00000 10280 20252 40109 333 59012=
43201 32996 00000 10278 20123 39364 40076 333 59018=
43213 32996 00000 10298 20175 39772 40084 333 59014=
43233 32596 10703 10276 20087 39303 40106 81500 333 59012=
43237 32996 29902 10296 20131 39682 40067 80001 333 59019 82075=
43245 32996 11102 10266 20230 30093 40119 80001 333 59013=
43279 31996 21404 10254 20215 30108 40126 70500 80001 333 59012 82075=
43284 32496 33404 10278 20240 39993 40108 82501 333 59013 82615=
43295 32996 10902 10264 20153 39105 48523 80001 333 59015 81075=
43314 32596 50000 10300 20261 40106 83531 333 59016=
43321 31496 41603 10304 20120 39661 40099 70500 81501 333 59022 81615 83070=
43329 32996 10902 10266 20221 30104 40118 80001 333 59018=
43333 31495 20502 10270 20229 40121 70500 82500 333 59015 82618=
43344 31496 41104 10284 20231 30015 40114 70511 82501 333 59020 82616 84075=
43353 31495 13403 10288 20221 40114 70511 81500 333 56600 59012 81620=
43369 32596 20000 10274 20239 40112 82500 333 59010 82620=
43371 31996 10000 10274 20224 30042 40114 70500 80001 333 59010 81071=
43404 22970 20501 10238 20232 30109 40112 5/027 333 553// 20000 59017 60008 91001==
43410 22/70 10605 10276 20220 30112 40115 51024 333 59018 60008 91007 555 60008==
43413 22970 00405 10278 20230 30112 40117 56028 333 553// 20000 59018 60008 91007==
43415 22470 20401 10254 20218 30006 40114 52019 82000 333 59014 60008 555 60008==
43418 22470 30501 10264 20213 30069 40110 52015 83100 333 59023 60008 83/18 555 60008==
43421 22470 10601 10263 20223 30007 40113 52030 81000 333 553// 20000 59018 60008 91002==
43422 22/69 10602 10253 20217 39976 40110 52027 333 59020 60008 555 60008==
43424 22970 03601 10265 20233 30103 40105 52024 333 59018 60008 555 60008==
43436 22470 40501 10282 20234 30098 40101 52014 84000 333 59027 60008 555 60008==
43441 22470 22701 10273 20223 39969 40101 52032 82000 333 59012 60008 555 60008==
43444 22470 12701 10260 20217 39574 40104 53028 81000 333 59015 60008 555 60008==
43450 21959 00701 10259 20225 30100 40112 52020 70500 333 59011 60008 555 60008==
43466 22/70 20101 10281 20203 30104 40112 57029 333 59013 60008 91002 555 60008==
43467 22970 00000 10282 20226 30101 40107 51020 333 59018 60008 555 60008==
43473 22468 22901 10138 20138 38134 48502 52017 81000 333 553// 20000 59013 60008 91002 555 60008==
43475 22470 40502 10277 20216 30108 40113 52027 81101 333 553// 20000 59016 60008 91004 555 60008==
43476 21460 30000 10190 20164 38780 48523 5/021 70511 81000 333 59014 60008 555 60008==
43479 22470 12002 10212 20181 39270 52025 81100 333 59015 60008 555 60008==
43486 21460 53301 10269 20216 30009 40109 51033 70511 82006 333 553// 20000 59013 60008 91002==
43495 22468 83003 10285 20242 30096 40109 5/250 88000 333 59140 60008 555 60008==
43497 22470 20401 10272 20000 30090 40107 5/028 82000 333 553// 20006 59015 60008 91004==
44212 429// 01601 11304 21346 39292 40606 57001==
44213 429// 00000 11284 21316 38924 40596 57002==
44214 42670 83201 11188 21218 38358 40520 52002 88500==
44215 429// 02401 11227 21253 38505 40562 57001==
44217 415// 82702 11139 21178 37892 40469 54002 72272 8802/ 333 91204=
44218 416// 42201 11200 21226 38720 40539 54000 77622 82504==
44219 32999 00903 11224 21245 38733 40554 57001 333 91203=
44265 42/// 80602 11044 21089 38898 40346 57005 8802/==
44266 329// 23502 11168 21206 37822 40506 52001 80008 333 91204=
44454 42457 42205 10145 20075 38666 48502 82130 333 58005=
48064 42940 01401 10270 20211 30019 40076 333 59003==
48094 42950 00000 10250 20210 30110 40120 333 59010==
62306 42560 53009 10182 20116 40187 52006 83260==
62309 32560 33207 10195 20113 40171 52007 83200=
62325 32560 33304 10184 20116 40166 52003 83200=
62332 32560 53310 10179 20123 40166 52008 85800=
62337 42560 23008 10177 20132 40154 52006 82500==
62366 45560 33208 10199 20079 40156 52004 83200==
62387 32960 03606 10218 20062 40161 54000=
62393 42960 00111 10210 20032 40184 52004==
62405 42960 03210 10246 21044 40144 52008==
62414 42960 03408 10263 21075 40141 57001==
62419 42960 03310 10266 21051 40135 57004==
62420 32560 23305 10220 20032 40163 52002 82500=
62432 32960 03314 10254 20021 40167 57008=
62435 32960 03305 10256 20002 40145 57004=
62440 42960 03613 10196 20072 40159 54000==
62455 32960 03006 10207 20089 40149 52003=
62458 32960 03111 10222 20056 40140 57004=
62459 32960 03217 10226 20026 40127 52006=
62465 42960 03507 10228 20091 40110 52007==
63330 42580 21206 10226 20119 37789 40256 82100 333 59007 82824 555 10274=
63332 42580 42702 10268 20180 38206 40049 84200 333 59001 84825 555 10310=
63333 42980 00000 10274 20065 38154 40163 333 59013=
63334 42580 52404 10250 20020 37624 4//// 84500 333 59004 84625 555 10270=
63340 42580 43602 10260 20089 37935 40154 84200 333 58000 84825 555 10295=
63402 42580 30000 10298 20089 83200 333 83828 555 10328=
63403 41560 42203 10230 20163 70599 84900 333 84823 81924 555 10285=
63450 42580 21106 10248 21087 37734 40248 82100 333 59004 82830=
63453 41975 00204 10350 2//// 39026 40247 70500 333 59019 555 10368=
63460 42580 20000 10298 20089 82500 333 82624 555 10330=
63471 42980 00803 10310 20081 38837 40058 333 59010=
63474 42980 00902 10226 20012 37593 4//// 333 59006=
63478 42980 01404 10378 20202 39745 40062 333 5//// 555 10416=
63500 42980 10902 10320 20116 81030 81360 555 10349=
63533 42980 00803 10304 20025 38488 4//// 333 59006 555 10320=
41256 329// 30302 10244 20175 30115 40132 91445 333 59028 55037 55407 55408 55507 55508=
