SIPK OPKC 101500=
41504 22595 81302 10030 21069 37848 48504 85710 333 56990 59014 60007 82730 83640 88460 RH48%=
41506 21695 81802 10055 20045 38526 48524 76065 8452/ 333 5699/ 58002 69927 84640 86460 RH 93%=
41507 22696 60000 10120 20092 39259 49782 83520 333 56990 58018 60007 83640 83460 83%=
41508 21595 80000 10062 20049 38679 48545 76066 8572/ 333 5699/ 58011 60027 82720 83635 85460 93%=
41509 21496 80000 10070 20048 38773 48509 76066 8672/ 333 5699/ 58009 60027 82720 84635 86458 RH 86%=
41510 21695 80000 10010 21002 37909 48528 77177 8352/ 333 56990 59013 60017 83635 84560 92% 03 hour snow fall is 0.5inches=
41515 21695 80000 10057 20020 38574 48535 72162 8672/ 333 5699/ 59012 60017 82730 84640 85458 78%=
41516 22496 82708 10100 20008 38541 48499 84610 333 56990 59015 60007 81720 83640 88460 RH53%=
41517 21496 80000 10050 21024 37785 48509 70422 8562/ 333 5699/ 59024 60007 82718 83635 88460 59%=
41518 22696 81802 10117 21026 38/// 48/// 8352/ 333 5699/ 5//// 60007 83640 88461 36%=
41519 22696 73104 10135 21058 38755 48497 83520 333 56990 58002 60007 83640 85462 RH26%=
41520 22595 80902 10010 21015 37622 48272 72272 8662/ 333 47001 5699/ 59012 60017 83720 83640 88462 83%=
41523 22695 80000 10115 20035 39100 48514 8352/ 333 5699/ 58020 60007 83640 85460 60%=
41524 21696 80000 10110 20091 39384 40263 76062 8552/ 333 5699/ 58035 85635 83460 88%=
41525 22696 81306 10010 21015 37659 48392 8252/ 333 5699/ 59018 60007 83640 85460 83%=
41528 21696 80000 10125 20066 39236 48521 70422 8552/ 333 5699/ 58024 60007 85640 88460 67%=
41530 219// 30506 10140 20040 39747 40179 70500 83030 333 56090 58029 83360 52%=
41534 22696 53102 10155 20087 39743 40160 82520 333 56990 58027 60007 82640 83462 64%=
41535 22696 50000 10100 20022 38719 48487 83520 333 56990 58006 60007 83635 84460 RH58%=
41536 22596 73602 10130 20048 39045 48514 83520 333 56990 58016 60007 83630 87460 57%=
41560 22996 01306 10040 21008 38314 48545 333 58014 60007 RH71%=
41562 22696 50000 10150 20081 39666 40133 82530 333 56990 59010 60007 82640 83360 RH63%=
41565 22696 73104 10083 21030 38654 48520 83520 333 56990 58010 60007 83640 84460 44%=
41567 21996 00000 10170 20070 39702 40120 70400 333 59012 60007 52%=
41571 219// 20000 10160 20023 39572 40159 70500 81031 333 56099 58010 60007 RH40%=
41572 21696 42306 10130 20007 39511 40145 70522 82530 333 56990 58011 60007 82640 84360 RH43%=
41573 22697 51304 10070 20002 37969 48508 82520 333 56990 59004 60007 82640 83640 62%=
41574 22697 20000 10090 20001 38342 48521 82500 333 56900 58001 60007 82640 54%=
41576 21996 00000 10155 20087 40164 70400 333 58015 60007 64%=
41577 21996 00000 10135 20060 39534 40162 70411 333 56000 58007 60007 RH 62%=
41593 21996 00000 10180 20106 39923 40139 70400 333 58009 60007 62%=
41597 21996 30000 10170 20115 40163 70422 83030 333 56090 58018 60007 83362 70%=
41598 21995 20000 10160 20104 39868 40142 70400 82070 333 56090 58019 60007 82460 69%=
41599 21995 00000 10170 20115 39859 40150 333 58014 60007 70%=
41600 21996 20000 10180 20095 40142 70400 82030 333 56090 58014 60007 82360 58%=
41620 32696 20904 10130 20021 38575 48479 82500 333 56900 58007 60007 82640 48%=
41624 21996 00000 10210 20122 40128 70400 83020 333 56090 58001 60007 83460 57%=
41625 21696 60000 10190 20096 39924 40123 70400 83530 333 56990 58004 60007 83640 83360 55%=
41630 21996 00000 10180 20095 40147 70400 333 58004 60007 58%=
41633 22997 30000 10200 20120 4//// 83030 333 56090 5//// 60007 83360 60%=
41634 22997 20000 10155 20030 3//// 4//// 80001 333 56009 5//// 60007 82075 43%=
41635 21996 40000 10190 20118 3//// 4//// 70400 84030 333 56090 5//// 60007 84362 63%=
41636 21996 00000 10170 20115 39958 40143 70400 333 59044 60007 70%=
41638 21996 00000 10180 20106 4//// 70400 333 5//// 60007 62%=
41639 21996 00000 10170 20082 4//// 70400 333 5//// 60007 56%=
41640 21996 00000 10170 20105 39895 40146 70400 333 58008 60007 65%=
41641 21996 00000 10180 20106 39874 40149 70400 333 58013 60007 62%=
41642 21996 03102 10165 20105 4//// 70400 333 5//// 60007 70%=
41643 21995 00000 10160 20114 39862 40141 70400 333 58011 60007 74%=
41644 21996 00000 10170 20115 4//// 70400 333 5//// 60007 70%=
41646 21996 00000 10190 20108 39941 40156 70400 333 58001 60007 59%=
41652 21996 03602 10190 20096 40135 70400 333 59005 60007 55%=
41660 229// 52308 10120 20001 38426 48516 85030 333 56090 58024 60007 85358 RH37%=
41661 22696 10000 10130 20002 38359 48486 82100 333 56001 59001 60007 RH41%=
41669 21996 30000 10210 20122 3//// 4//// 70422 83030 333 56090 5//// 60007 83360 57%=
41670 21996 00000 10185 20095 4//// 70400 333 5//// 60007 58%=
41674 21996 00000 10190 20118 3//// 4//// 70400 333 5//// 60007 63%=
41675 21996 00000 10200 20098 39982 40125 70400 333 59004 60007 52%=
41676 21995 00000 10200 20120 39988 40144 70400 333 59012 60007 60%=
41677 21996 00000 10170 20115 39947 40115 70400 333 59004 60007 70%=
41678 21996 00000 10230 20079 40131 70500 333 59011 60007 38%=
41679 21996 00000 10170 20135 4//// 70400 333 5//// 60007 80%=
41680 21996 00000 10190 20138 40127 70400 333 59010 60007 72%=
41685 22997 00000 10160 20037 38901 48487 333 58000 60007 RH44%=
41696 22696 20000 10090 20001 38000 48519 82500 333 56900 58003 60007 82640 RH54%=
41697 22996 00000 10220 20049 40120 333 59011 60007 RH33%=
41700 21995 00000 10205 20136 40121 70400 333 59002 60007 65%=
41701 21996 00000 10220 20134 40135 70400 333 59040 60007 58%=
41710 22996 03106 10170 21009 40115 333 58045 60007 RH30%=
41712 22996 02302 10190 20010 39164 48489 333 58019 60007 RH30%=
41715 21996 20000 10200 20120 40114 70500 80001 333 56009 59021 60007 82070 RH60%=
41716 21996 00000 10200 20061 40128 70500 333 59000 60007 40%=
41718 21995 00000 10195 20114 40122 70400 333 58002 60007 59%=
41724 21995 00000 10210 20122 40133 70500 333 59006 60007 RH57%=
41725 21996 00000 10220 20134 40115 70500 333 59010 60007 RH58%=
41726 21995 00000 10210 20142 30070 40141 70500 333 59014 60007 RH65%=
41738 22696 22308 10240 20117 39967 40146 82500 333 56900 58012 60007 82630 RH46%=
41739 22996 02306 10195 20019 39041 48505 333 59016 60007 RH31%=
41742 22996 21804 10225 20084 40129 80001 333 56009 59002 60007 82070 RH41%=
41743 21996 00000 10230 20146 70400 333 60007 RH59%=
41744 22996 00000 10190 21026 38769 48498 333 58000 60007 RH23%=
41745 21996 01302 10235 20111 70400 333 60007 RH45%=
41746 22996 21802 10210 20142 40117 80001 333 56009 59015 60007 82070 RH65%=
41747 21996 00000 10200 20130 40104 70400 333 59013 60007 RH64%=
41748 21996 03102 10220 20124 40123 70500 333 59010 60007 RH54%=
41749 22996 00000 10220 20134 40119 333 59003 60007 RH58%=
41756 21996 42704 10230 20165 40147 70504 80001 333 56009 58013 60007 84070 RH67%=
41757 22996 02308 10230 20165 30139 40152 333 58013 60007 RH67%=
41759 21996 02304 10235 20162 40137 70500 333 58006 60007 RH62%=
41764 22996 02114 10240 20094 30072 40121 333 59004 60007 RH39%=
41765 22996 02306 10245 20155 30096 40131 333 58001 60007 RH57%=
41766 21996 02304 10230 20104 40137 70400 333 59002 60007 RH45%=
41767 22996 00000 10215 20138 3//// 4//// 333 60007 RH62%=
41768 22996 02304 10230 20146 30121 40128 333 58007 60007 RH59%=
41780 21996 02304 10230 20174 30109 40136 70500 333 58007 60007 RH71%=
41783 22996 02304 10220 20172 30096 40126 333 58007 60007 RH74%=
41785 22996 02304 10240 20068 30126 40139 333 58010 60007 RH33%=
41786 22996 00000 10250 20055 30085 40121 333 59010 60007 RH29%=
41BKI 22696 43604 10160 20057 39733 40154 82520 333 56990 58024 60007 82640 82460 RH 50%=
41SKP 21996 00000 10165 20120 4//// 70400 333 5//// 60007 75%=
43532 21696 80000 10130 20060 39353 40165 70402 8552/ 333 5699/ 58036 60007 85640 88460 62%=
43533 22997 63104 10140 20048 39223 48493 86020 333 56090 58000 60007 86460 54%=
43563 22997 00000 10178 20077 40142 333 58015 60007 51%=

Data Generated from File : D:/all data handling/Rmc_lhr/2025021015.FSU.txt
10/02/2025   16:06:24
____________________________________________________________________________________________
15020 27458 80201 11052 21079 30144 40356 54001 7101/ 886// 333 55300 20220 60007 91002 90730 91104==
15090 27459 70402 11051 21084 30256 40355 57004 7101/ 87500 333 55300 00070 20210 30203 60007 91003 90730 91105==
15108 22984 01101 11074 21180 38123 48544 52002 333 55310 20759 60007 91002 90730 91103==
15150 27957 03404 11042 21068 30120 40348 55001 7101/ 333 55310 20691 60007 91006 90730 91106==
15170 24970 02901 10038 21137 39485 42865 55005 333 55310 20791 60007 91001 90730 91102==
15280 22984 03604 11125 21261 37500 47029 57002 333 55308 20945 60007 91005 90730 91105==
15310 24464 23602 11026 21077 30242 40334 56005 82600 333 55306 00010 20489 30199 60007 91005 90730 91105==
15335 24566 70203 11023 21078 30325 40332 56004 87500 333 55300 20252 60007 91005 90730 91105==
15350 24964 00604 11006 21075 30208 40335 56006 333 55307 20507 60007 91006 90730 91107==
15360 24/65 73407 11023 21061 30303 40321 52002 87070 333 55300 20098 60007 91009 90730 91110==
15420 24967 00702 10020 21080 30206 40322 56005 333 55310 20782 60007 91004 90730 91104==
15460 24/63 30202 11018 21069 30304 40331 56004 83070 333 55309 20742 60007 91003 90730 91107==
15470 24968 01002 10024 21076 30186 40318 56008 333 55310 20887 60007 91004 90730 91104==
15480 24470 41801 11011 21068 30302 40321 56006 84600 333 55307 00100 20563 30458 60007 91003 90730 91104==
15549 42970 00203 11006 21045 39874 40309 56001 333 10008 21088 555 572//=
15552 42970 03402 10014 21051 30255 40306 57003 333 10043 21031 555 558// 92034 92438=
15640 42776 20000 10046 21011 39974 40295 57003 81130 333 10063 21041 555 567//=
15655 42568 10708 10034 21024 30266 40300 57003 81500 333 10048 21011 555 566// 92035 92437=
15730 42970 11103 10042 21086 39878 40285 57011 81030 333 10054 21078 555 539//=
16627 42565 10508 10072 21049 30271 40278 58007 81100 333 90730 91115==
16650 42460 50311 10070 21044 30270 40279 56001 85600 333 81712 85625 90730 91122==
16667 42560 30110 10078 20002 30247 40259 56008 83100 333 90730 91127==
16706 42560 50115 10090 20016 30230 40237 56001 85500==
16723 42560 13610 10104 21013 30202 40215 54000 81200 333 90730 91120==
16742 42460 13412 10096 21004 30043 40202 52001 81100 333 90730 91124==
16749 42460 12407 10130 20026 30170 40185 54000 81100 333 90730 91110==
16754 42460 63415 10106 20022 30186 40235 52001 86800 333 82818 86625 90730 91128==
16760 41460 70110 10072 20022 40235 53001 75052 87600 333 82710 86625 90730 91123==
16765 42560 43218 10112 20006 40199 50004 84800 333 83820 84625 90730 91133==
17022 41570 71603 10026 20004 30104 40276 52004 70282 85270 333 85833 87359 90730 91106==
17024 42570 62605 10038 20008 30179 40260 52005 82450 333 82632 86360 90730 91110==
17026 42570 53206 10045 20001 30234 40274 52010 84550 333 84633 84359 90730 91113==
17031 41356 73209 10046 20026 30258 40265 52009 78088 85270 333 83708 85827 87358 90730 91118==
17034 41670 72303 10063 20036 30218 40266 52008 72522 83250 333 83835 87360 90730 91113==
17038 42570 53204 10076 20026 30207 40256 52008 85200 333 85826 90730 91108==
17042 42670 41101 10061 20037 30224 40265 52010 82130 333 82835 84360 90730 91105==
17050 42670 23603 10072 21056 30231 40296 55003 82500 333 82635 90730 91108==
17056 42670 60308 10046 21003 30286 40291 53002 83530 333 83635 86360 90730 91118==
17060 41556 70315 10037 20009 30245 40287 52007 78088 85270 333 85825 87358 90730 91123==
17070 41550 82203 10000 21033 39353 40256 53004 77022 8552/ 333 85630 88458 90730 91108==
17074 41560 72403 10005 20000 39284 40250 52006 77077 85550 333 85630 87359 90730 91106==
17084 42670 70603 10015 21002 39310 40246 52007 84570 333 84635 87360 90730 91109==
17085 42670 70305 10033 21008 39740 40247 52010 85570 333 85640 87360 90730 91112==
17092 42970 00000 11046 21083 38888 48500 53005 333 90730 91105==
17096 42660 40706 11096 21121 38243 48523 52008 82540 333 82635 84357 90730 91113==
17098 42660 32804 11081 21115 38201 48522 52009 81540 333 81640 83358 90730 91111==
17100 42970 00000 10018 21095 39231 40270 52006 333 90730 91104==
17112 42670 50704 10066 21025 30269 40272 55002 85500 333 85635 90730 91115==
17115 42460 70118 10038 20015 30227 40280 52003 87200 333 84710 87830 90730 91130==
17116 42570 60408 10048 21016 30148 40274 52009 84250 333 84833 86359 90730 91117==
17124 42660 63209 10006 21054 39307 40258 52006 86500 333 86640 90730 91118==
17128 42660 70306 10019 21088 39103 40242 52005 84150 333 84840 86360 90730 91111==
17135 42670 60304 10024 21010 39330 40233 53006 84550 333 84635 86360 90730 91109==
17140 41665 50602 11023 21052 38710 48491 52006 70172 83550 333 83640 85360 90730 91108==
17150 42560 53614 10041 20011 30136 40264 53002 85100 333 82720 85835 90730 91121==
17160 42/70 50603 10000 21072 39035 48493 53003 85030 333 85360 90730 91108==
17170 42560 30303 11023 21106 38336 48512 52007 83500 333 83630 90730 91110==
17175 42665 30607 10069 21017 30249 40253 53001 83100 333 83840 90730 91117==
17184 42670 13605 10067 21024 30122 40237 53003 81100 333 81840 90730 91115==
17190 42670 60103 10000 21094 39015 48502 53007 86500 333 86635 90730 91108==
17195 42570 70405 11015 21044 38986 48493 52006 85570 333 85630 87359 90730 91107==
17200 42560 62003 10014 21029 39220 40248 53003 84550 333 81720 84635 86359 90730 91107==
17202 42670 62103 10029 21001 39160 40231 52004 84550 333 84635 86360 90730 91106==
17203 42670 50000 10029 21074 38898 48543 52006 84520 333 84640 85460 90730 91105==
17210 42670 23001 10062 21065 39161 40214 52006 82100 333 82840==
17219 42965 00114 10085 21034 30080 40229 55002 333 90730 91123==
17234 42970 03503 10119 21057 30141 40210 56004 333 90730 91109==
17237 42670 20000 10073 21055 39706 40223 55002 82100 333 82835 90730 91106==
17240 42570 30504 10036 21076 39038 40211 52006 83500 333 83630 90730 91116==
17244 42670 50210 10004 21043 39012 48497 53004 85500 333 85635 90730 91115==
17248 41650 83101 11004 21020 38992 48490 52006 77077 8452/ 333 84635 88458 90730 91105==
17250 42670 60303 11008 21065 38809 48494 52006 83550 333 83640 86360 90730 91111==
17260 41457 80210 10051 20030 39342 40174 52005 76062 8551/ 333 83714 85625 88458 90730 91114==
17270 41670 70302 10057 20025 39556 40217 53005 72122 85520 333 85640 87460 90730 91108==
17275 42670 60000 10025 21008 39005 48514 52005 84150 333 84835 86359 90730 91109==
17280 42660 71204 10048 20024 39417 40225 53006 84550 333 84635 87359 90730 91112==
17290 42970 03307 10126 21033 30169 40201 53003 333 90730 91114==
17292 42/70 20301 10077 21065 39419 40189 53005 82030 333 82360 90730 91107==
17300 42560 20103 10126 21026 30117 40189 55001 82100 333 82830 90730 91113==
17310 42670 72106 10134 20045 30169 40176 52006 84270 333 84835 87360 90730 91109==
17330 41670 60000 10098 20062 30174 40192 52007 72582 83250 333 83840 86360 90730 91109==
17350 41660 83410 10115 20019 30101 40180 51004 72582 85230 333 85835 88358==
17370 42670 70000 10139 20006 30175 40179 55001 83230 333 83835 87360 90730 91147==
17375 41558 72501 10096 20056 30185 40187 52013 78022 85270 333 85830 87359 90730 91107==
33088 42960 00102 11033 21097 30164 40366 57003==
33135 42460 80203 11063 21082 30213 40371 57003 886// 333 88710==
33177 42970 00603 10002 21082 30105 40352 57001==
33317 42460 70802 11081 21092 30003 40365 57002 87500 333 87616==
33393 42960 00702 10012 21089 39932 40338 54000==
33415 42960 00000 11037 21073 39932 40352 53001==
33429 41360 70702 11065 21085 39907 40357 54000 70272 87500 333 85708==
33466 42/68 20103 11027 21068 30152 40350 53001 82031 333 34///==
33506 42/60 20102 11080 21102 30144 40355 53005 82030==
33562 42560 30102 11048 21084 30041 40364 56003 83500==
33587 42960 00102 11021 21075 30066 40342 57002==
33658 41356 81103 11062 21071 30037 40357 52002 71022 886// 333 88707==
33663 42570 50501 11041 21071 30252 40354 57001 82530==
33664 42598 63601 11056 21079 30015 40352 57001 83101=
33678 42898 22801 11052 21092 30145 40365 57003 82030=
33679 42997 30502 11041 21087 30174 40376 52003 82031=
33711 42960 00203 11035 21083 30115 40336 53004==
33745 42997 23602 11056 21086 30155 40358 57004 80001=
33748 42997 30102 11054 21087 30043 40345 57002 83030=
33754 42998 03402 11031 21077 30185 40340 56002=
33761 42970 00203 11018 21075 30100 40334 57001==
33791 42972 00304 11022 21086 30196 40330 53002==
33815 42998 23403 11038 21088 30118 40338 57002 80001=
33837 42564 23603 11007 21071 30264 40318 56001 82501 333 82630==
33881 42997 03302 11043 21076 30130 40338 57003=
33883 42998 03603 11036 21086 30161 40333 57001=
33885 42997 23604 11050 21093 30202 40344 54000 80001=
33892 42998 03603 11045 21087 30108 40331 54000=
33902 42960 50302 11026 21079 30257 40320 54000 80001==
33924 22570 70405 11021 21053 30290 40303 52004 86509 333 60002==
33946 22678 80807 11029 21048 30063 40295 53007 885// 333 69902 88636 91011 90730 91111==
33983 22560 70407 11012 21035 30218 40281 53008 84530 333 60002 91012 90730 91112==
34300 42960 00702 11072 21123 30169 40359 53004==
34336 22960 00202 11092 21127 30254 40366 52007 333 11057 69942==
34344 22970 50000 11099 21119 30268 40363 52004 80001 333 11053 69922==
34356 22970 60502 11085 21115 30197 40354 54000 80006 333 11059 60002==
34357 22/70 33402 11085 21117 30187 40353 55001 82031 333 11054 60002==
34398 22/// 71102 11036 21097 30319 40332 53001 87041 333 11009 60002==
34415 42970 00702 11040 21090 30241 40343 53004==
34438 22/60 20401 11110 21132 30147 40354 53003 82040 333 11051 69902==
34445 22970 70202 11098 21122 30233 40356 52002 80001 333 11065 69922==
34461 22/60 80202 11062 21104 30288 40347 54001 83031 333 11025 60002==
34473 329// 60702 11037 21091 30291 40331 57002 80001 333 11012=
34476 22970 70602 11046 21098 30322 40330 56003 80004 333 11025 60002==
34504 42965 00303 11042 21089 30152 40336 52003==
34535 22970 00301 11070 21101 30269 40346 52004 333 11040 69902==
34545 22970 20203 11074 21107 30226 40345 53007 80001 333 11036 69902==
34555 22970 30205 11051 21082 30250 40346 53003 80001 333 11023 60002==
34560 42/60 70505 11053 21090 30137 40338 52001 87030 333 11023==
34578 22/60 80203 11056 21077 30320 40327 52004 85085 333 11028 60002==
34579 22570 23203 11080 21103 30278 40324 57001 82500 333 11043 60002==
34644 22560 30502 11031 21085 30243 40324 52005 82502 333 10008 60002==
34646 22970 20502 11029 21071 30243 40329 52001 80001 333 11016 60002==
34655 22960 00201 11033 21085 30269 40332 52005 333 11008 60002==
34662 22970 80102 11036 21082 30319 40331 53003 80001 333 11014 60002==
34691 22/70 30702 11045 21121 30539 40526 53005 83030 333 11008 60002==
34720 22970 00303 11050 21074 30278 40320 52005 333 11023 60002 90730 91110==
34727 22460 80605 11031 21053 30285 40317 53010 885// 333 11024 60002 90730 91112==
34743 22960 00502 11025 21090 30233 40326 52006 333 10006 60002==
34759 22960 20401 11039 21078 30187 40324 53009 80001 333 11005 60002==
34772 22/60 30302 11037 21085 30320 40323 53009 8303/ 333 11013 60002==
34785 22960 20000 11054 21102 30340 40316 52010 80001 333 11013 60002==
34798 22960 30703 11048 21101 30460 40429 53009 80001 333 11010 60002==
34824 22960 00503 11032 21062 30296 40301 52007 333 11018 60002 90730 91110==
34838 22960 60503 10003 21067 30194 40294 52009 80001 333 10020 60002==
34845 22970 20903 11018 21069 30195 40307 53009 80001 333 10015 60002 90730 91110==
34858 22960 30000 11024 21082 30203 40315 52009 80005 333 10007 60002==
34861 22/60 30703 11048 21110 30064 40320 52009 82031 333 11025 60002==
34866 22960 20302 11037 21088 30328 40320 53008 80001 333 11015 60002==
34880 22560 23501 11026 21092 30336 40309 52008 82930 333 11006 60002==
34887 22970 60502 11032 21105 30331 40308 57007 80006 333 11001 60002==
34949 22970 20905 11048 21086 39734 40307 52012 80001 333 11004 60002==
34954 22970 60601 11008 21077 30125 40305 52009 80001 333 10021 60002==
34958 22970 00602 11021 21074 30102 40309 52012 333 10021 60002==
34975 22970 01301 11040 21080 30318 40314 53013 333 11018 60002==
34984 22/70 62001 11030 21077 30342 40310 53010 80071 333 11006 60002==
35217 125// 70903 11048 21092 30304 40346 57004 60002 87500 333 11030==
35302 12/// 61104 11043 21095 30319 40341 57002 60002 86030 333 11033==
35315 325// 70903 11053 21117 30285 40344 57004 87500 333 11032=
35344 329// 00504 11100 21122 30077 40382 56002 333 11066=
35358 129// 00502 11117 21152 30190 40371 53003 60002 333 11081==
35368 329// 03603 11092 21137 30106 40387 53002 333 11055=
35386 329// 02101 11148 21175 39837 40397 57002 333 11110=
35394 11/60 61901 11110 21129 39670 40385 54000 60002 70422 82032 333 11063==
35404 326// 81304 11040 21103 30321 40330 57001 8657/ 333 11040=
35406 41/// 81203 11062 21077 30333 40335 54000 70272 8802/ 333 11050==
35416 125// 60402 11057 21125 30218 40343 53003 60002 83530 333 11024==
35426 129// 40603 11074 21123 30049 40354 53001 60002 80001 333 11029==
35437 329// 30805 11081 21133 30128 40460 53004 80002 333 11045=
35449 329// 00405 11098 21140 30261 40370 53002 333 11078=
35497 129// 20000 11138 21148 39834 40711 52002 60002 80001 333 11063==
35498 329// 00000 11182 21201 39471 40425 52004 333 11095=
35514 32998 20702 11070 21091 30559 40555 57001 80001 333 11054=
35522 326// 51303 11067 21124 30078 40340 53001 85500 333 11043=
35542 329// 00204 11107 21132 30211 40368 53002 333 11075=
35563 32998 02601 11104 21171 39584 40395 53002 333 11052=
35576 129// 60502 11138 21156 39916 40397 53002 60002 80004 333 11091==
35582 329// 50503 11170 21209 39763 40413 52004 80003 333 11094=
35594 329// 21902 11160 21181 39512 40413 52003 80001 333 11113=
35605 /2598 20000 11063 21082 30346 40324 53005 82500 333 11031 555 69902=
35633 329// 00504 11096 21127 30121 40347 53001 333 11052=
35671 12970 00501 11071 21109 39931 40379 53005 60002 333 11036==
35699 129// 00501 11102 21135 39593 40387 54000 60002 333 11047==
35700 42570 80904 11034 21059 30345 40321 53006 885// 333 11030==
35715 /2597 61003 11042 21076 30336 40321 53002 86500 333 11027 555 69902=
35739 329// 20502 11086 21140 30166 40312 56003 80001 333 11060=
35746 129// 20407 11027 21072 30244 40312 57005 60002 80002 333 11001==
35777 329// 00505 11078 21109 30007 40369 53004 333 11031=
35796 12960 00403 11141 21159 39926 40392 54000 60002 333 11081==
35849 129// 00404 11030 21102 30205 40294 53003 60002 333 10030==
35895 32997 03603 11114 21130 39916 40387 52003 333 11074=
35907 32598 70502 11042 21080 30336 40304 53009 87500 333 11029=
35925 12/// 80702 11044 21066 30193 40308 53006 60002 8802/ 333 11026==
35927 /25// 80000 11030 21043 30303 53007 885// 333 11022 555 69902=
35953 129// 00415 11036 21084 30159 40292 53001 60002 333 11012 91018 90730 91120==
35969 129// 00704 11036 21102 30143 40322 53012 60002 333 10017==
35997 329// 00502 11081 21132 39905 40359 53009 333 11038=
36259 42584 60602 11192 21231 38253 48541 52016 86902==
36335 329// 20000 11088 21118 39312 40375 57004 80001 333 11073=
36358 329// 51402 11106 21143 39309 40371 57004 80002 333 11102=
36394 /29// 31403 11146 21161 39938 40389 53001 82041 333 11071 555 69922=
36397 11/// 32302 11173 21185 39787 40394 57001 60002 71011 83070 333 11072==
36403 /19// 80904 11101 21129 30002 40381 52001 77177 8807/ 333 11079 555 69922=
36418 329// 33106 11151 21187 39745 40402 52004 80003 333 11102=
36421 329// 11101 11264 21283 39813 40445 52002 81030 333 11175=
36428 129// 12701 11250 21286 39874 40433 58001 60002 80001 333 11151==
36439 317// 71206 11155 21174 39059 48546 52006 73632 82530 333 11125=
36498 329// 00203 11159 21177 39552 40398 53001 333 11091=
36501 329// 00000 11165 21202 39579 40385 57004 333 11061=
36535 12/// 60000 11200 21236 39736 40426 52010 60002 82031 333 11070==
36546 329// 30402 11226 21258 39823 40417 57006 80001 333 11097=
36619 329// 00901 11167 21201 333 11128=
36622 /29// 00000 11165 21204 39537 40399 53004 333 11098 555 69902=
36639 129// 00601 11232 21272 39740 40408 54000 60002 333 11076==
36643 329// 02002 11198 21214 39691 40412 58003 333 11058=
36665 329// 02001 11134 21174 39623 40392 52005 333 11070=
36666 329// 00901 11202 21223 39872 40410 52004 333 11078=
36729 32998 00000 11170 21182 39875 40395 52001 333 11112=
36736 329// 73202 11151 21176 39802 40395 52002 80005 333 11063=
36744 329// 00603 11123 21144 39895 40372 53006 333 11048=
36770 329// 00000 11180 21180 39598 40384 52003 333 11053=
36786 32999 00000 11103 21140 39400 40362 52002 333 11035=
36796 329// 00000 11174 21212 39109 48529 52006 333 11080=
36803 32999 03102 11133 21154 39909 40387 52002 333 11083=
36806 329// 01503 11094 21176 39894 40385 52014 333 11031=
36819 329// 00901 11102 21127 39710 40354 54000 333 11059=
36821 119// 00000 11114 21127 39846 40363 52004 60002 71000 333 11023==
36839 32998 00801 11155 21201 39173 40381 52004 333 11053=
36843 329// 02401 11122 21142 39125 40365 52005 333 11020=
36846 329// 00701 11107 21170 38663 48542 52006 333 11050=
36859 12984 00000 11064 21091 39580 40393 52016 60002 333 10002==
36870 129// 00201 11061 21103 39285 40332 52002 60002 333 10008==
36874 329// 01801 11160 21188 39669 40517 52004 333 11055=
36877 329// 00000 11113 21119 39720 40794 52005 333 11012=
36885 329// 00000 11078 21126 39168 40342 52003 333 10026=
36889 329// 01804 11094 21231 37058 47079 52005 333 11027=
36894 329// 00000 11085 21108 39578 40352 52008 333 11010=
36905 319// 00000 11095 21133 38807 48556 52010 74000 333 10025=
36911 129// 20000 11004 21010 39292 40282 52013 6//// 80008 333 10066 555 530//=
36927 12997 00502 10016 21070 38361 48525 52013 6//// 333 10056 555 530//=
36934 12697 21401 10000 21044 38297 48429 52010 6//// 82502 333 1//// 555 530//=
36953 32999 00000 11034 21062 38186 48508 58002 333 47019 55085 555 21072 7000/=
36963 129// 01101 11075 21203 37032 48/// 52011 6//// 333 11020 555 530//=
36974 129// 00502 11068 21115 38004 48544 52015 6//// 333 10020 555 530//=
36982 129// 00301 11172 21224 36514 47120 52012 6//// 333 11065 555 530//=
37018 22660 60602 10069 20020 30178 40254 52008 83830 333 10090 69922==
37031 22960 21003 10008 21084 30081 40283 52014 80001 333 10060 60002==
37054 22/60 20602 11034 21089 39908 40311 53011 80031 333 11005 60002==
37061 22960 30703 11017 21083 30137 40314 53013 80001 333 10009 60002==
37085 22940 61002 11033 21071 30343 40316 53015 80001 333 11007 60002==
37171 22670 11501 10076 20009 30234 40253 53009 81500 333 10098 60002==
37228 22460 72902 11038 21067 39427 40297 52014 86570 333 11013 60002==
37235 22/60 20902 11027 21067 39976 40307 52014 8004/ 333 11006 60002==
37472 22560 80201 11012 21059 30334 40311 52013 8457/ 333 10003 60002==
38149 41/20 80000 11038 21046 30211 40292 53003 77177 8802/ 333 11002==
38178 12/// 80000 11068 21141 39943 40245 53011 60002 8807/ 333 11044==
38262 41/// 80201 11042 21044 30197 40283 54000 77177 8802/ 333 11021==
38264 41/40 82701 11045 21058 30195 40292 52009 77177 8802/ 333 11028==
38345 11/93 92601 11021 21021 38823 48510 58001 6//// 745// 333 11010 555 530//=
38353 129// 31801 10008 21018 39364 40278 52005 6//// 82050 333 10063 555 530//=
38388 12598 72902 11021 21088 30230 40303 53012 6//// 87500 333 11014 555 530//=
38392 11596 83602 11037 21048 30186 40294 53012 69972 770// 8802/ 333 11024 45025 88524 555 530//=
38396 42560 72202 11037 21062 30167 40298 53011 875// 333 11036 87620==
38403 11/// 82302 11053 21074 30157 40285 52007 60002 70277 8802/ 333 11052==
38413 12/// 82802 11052 21073 39976 40282 52022 60002 8802/ 333 11034==
38457 41240 82102 10011 20000 39679 40282 52020 71022 886// 333 10032==
38462 415// 82503 11009 21028 38779 48514 52018 77177 887// 333 10079==
38507 12696 73604 10011 21041 30181 40288 53004 6//// 83530 333 10032 555 530//=
38545 12998 72101 11066 21086 30120 40306 52012 6//// 87050 333 11037 555 530//=
38565 426// 81202 11001 21028 39656 40232 52025 885// 333 10012==
38579 41/// 82303 10008 20003 39848 40278 52018 77172 8802/ 333 10037==
38583 12660 82901 10019 21009 39956 40286 52018 60002 885// 333 10025==
38599 32797 82507 10026 21003 39726 40274 52015 8555/ 333 10035 85639=
38611 11/40 80000 10032 20006 39685 40266 52031 60002 71022 8807/ 333 10065==
38613 129// 80101 10041 20018 40258 52030 6//// 8802/ 333 10047 555 530//=
38616 125// 70901 10028 20023 39238 40266 52028 6//// 87500 333 10041 555 530//=
38618 12/// 83101 10045 20006 39557 40254 52026 60002 8807/ 333 10075==
38647 11597 80901 10003 21011 30234 40278 52009 69902 702// 885// 333 10014 555 530//=
38656 12698 71602 11002 21033 30183 40297 53004 6//// 87500 333 10010 555 530//=
38683 12460 82303 11031 21059 30027 40318 52023 60002 885// 333 11025 88614==
38687 12597 82504 11032 21063 30072 40319 52014 69902 885// 333 11028 88621 555 530//=
38696 415// 83202 11024 21027 39410 40301 52022 77077 886// 333 11006==
38713 214// 83201 11017 21022 39083 48530 52013 77175 8802/ 333 10002 69962 93401=
38750 12997 30503 10046 20018 30324 40295 53008 6//// 83030 333 10060 555 530//=
38763 11596 80802 10010 21001 30161 40270 57005 69932 723// 8802/ 333 10026 88523 555 530//=
38774 12895 81303 10000 20015 30104 40308 53001 69952 8807/ 333 10000 555 530//=
38799 32597 80000 11018 21026 30081 40324 52008 885// 333 11014=
38806 32697 72702 11026 21039 30034 40307 52021 87500 333 11012=
38812 42360 82402 11021 21033 39840 40315 52020 883// 333 11016 82708==
38836 215// 82502 11012 21015 39293 40262 53011 78582 889// 333 10033 60062=
38880 11297 80804 11004 21005 30028 40294 53006 69902 702// 886// 333 10006 88705 555 530//=
38886 12597 80801 10006 21017 30061 40298 54000 69902 885// 333 10014 555 530//=
38895 12696 81901 11012 21032 30018 40322 52010 69922 885// 333 10004=
38911 12997 83102 11018 21066 30004 40312 52010 69922 8807/ 333 11008=
38915 12597 82802 10000 21021 39977 40315 53014 60022 885// 333 10000=
38927 41460 82504 11002 21017 39915 40307 52018 72682 889// 333 10003 86710==
38933 217// 81802 10014 21024 39761 40292 52009 70276 885// 333 10049 60072=
38944 215// 81302 10015 20010 39671 40222 52019 70282 889// 333 10038 60022=
38954 328// 70000 10002 21087 37927 48520 54000 85901 333 10035=
38974 12998 70902 11004 21019 40299 5//// 69972 87070 333 10012 555 530//=
38987 32496 80301 11020 21029 39537 40314 53014 885// 333 11004=
40100 43/80 89904 10119 20078 30175 40191 53017 333 58///=
40180 02/// /2002 10132 20095 30124 40174 52002 333 70000==
40199 02/// /3504 333 70000==
40265 41550 70000 10085 20057 39386 40194 52006 76052 87800 333 83825 84630=
40270 41540 72509 10083 20039 39270 40182 52007 70522 87800 333 85825 83630=
40272 41550 62612 10100 20039 39333 40177 57010 70722 86800 333 83830 84635=
40340 41657 33409 10188 21003 40173 52005 70500 83100 333 83840=
40356 42660 52606 10116 21040 39182 48479 85200 333 58000 85840 555 04410 50177=
40357 42960 00805 10136 21060 39528 40177 333 59002=
40360 42660 50806 10144 21030 39565 40164 85400 333 59002 85640=
40361 42960 00706 10150 21060 39381 40178 333 59009=
40362 42960 30912 10145 21020 39654 40179 83030 333 59009 83359=
40373 42660 60910 10160 21040 39762 40188 86500 333 58001 86635=
40375 42960 03306 10160 21070 39255 40139 333 58006=
40394 42960 00606 10158 21050 39010 48494 333 59007 555 04410 50142=
40400 42960 33015 10208 20060 30107 40135 80002 333 59016 83070=
40405 42660 50109 10186 21020 39388 40124 85500 333 59036 85640=
40417 42960 50606 10174 20060 30172 40188 80009 333 58014 85170=
40420 42960 31003 10182 20030 39968 40178 80002 333 58009 83070=
40430 42960 12709 10263 21030 39370 40093 80002 333 59023 81070=
40437 41958 41208 10198 20000 39449 40157 70600 84020 333 59017 84458=
40439 42660 52721 10250 20070 30083 40101 81531 333 59022 81640=
40582 32960 40508 10151 20044 40187 50001 80030 333 55300 00000 10258 20015 30004 41047 51316 60019 55407 40011 84360 90400 91005 91111 91205 91303=
40703 42960 02703 11016 21099 38944 40278 53004 333 10016 21106 70000 555 11038 29053 66666 01002 11008 20010 30030 50058 90080=
40706 42565 42502 11018 21116 38673 40285 52009 84300 333 10010 21095 70000 83630 81932 555 11045 29047 66666 00039 10040 20029 30037 50056 90076=
40712 42970 02703 11058 21115 38701 40295 52007 333 11006 21114 70000 555 11070 29064 66666 00009 10012 20018 30021 50036 90054=
40713 42660 62702 11018 21087 38674 40262 53007 81408 333 10021 21084 70000 81640 86269 555 11038 29060 66666 00040 10031 20040 30054 50072 90097=
40718 42460 41301 10050 20020 30312 40282 53008 83534 222// 0//// 20301 333 10094 20025 70054 83615 84066 555 10038 29081 66666 00088 10078 20074 30070 50090 90118=
40723 41559 62704 11033 21063 39000 40299 52010 70522 85570 333 11012 21064 70002 85630 85458 555 11041 29080 66666 00012 10022 20030 30032 50048 90070=
40726 42660 21902 11038 21100 38676 40285 53004 82500 333 10012 21106 70000 82640 555 11054 29062 66666 00010 10012 20032 30032 50048 90082=
40727 41560 80000 11043 21074 38495 40283 52008 70287 883// 333 11008 21093 70004 82930 87635 555 11051 29079 66666 01006 10011 20021 30030 50041 90073=
40732 42560 60000 10062 20011 30287 40262 54000 86300 333 10082 20040 70000 82922 84627 555 10042 29070 66666 00090 10092 20088 30088 50104 90126=
40736 42560 22301 10065 20022 30305 40279 53010 81670 333 10088 20033 70014 81722 555 10048 29074 66666 00082 10083 20080 30083 50094 90118=
40737 42560 72103 10056 20033 30241 40271 53010 84570 333 10089 20024 70004 84625 87459 555 10046 29085 66666 00082 10084 20080 30082 50094 90126=
40738 41560 80000 10066 20027 30290 40292 52007 76022 8432/ 333 10087 20002 79999 81930 84635 88458 555 10050 29076 66666 00078 10082 20076 30078 50098 90124=
40739 42665 30000 11008 21080 38712 40276 53006 83500 333 10018 21070 70000 83635 555 11030 29058 66666 00026 10030 20036 30036 50049 90087=
40741 41557 70803 11003 21021 39958 40310 52012 71022 84720 333 10013 21032 70014 84725 87459 555 11009 29088 66666 00036 10047 20057 30069 50090 90117=
40743 42670 21102 11010 21054 39113 40283 52007 82500 333 10020 21036 70002 82635 555 11024 29072 66666 00031 10040 20056 30078 50111 90132=
40745 42560 21602 11037 21054 39086 40296 51010 82600 333 70038 82720 555 11041 29088 66666 00010 10018 20034 30052 50068 90105=
40747 42660 31903 11007 21059 38649 40256 52007 83500 333 10021 21055 79999 83640 555 11024 29068 66666 00037 10049 20041 30045 50062 90092=
40754 41658 22505 10017 21073 38854 40255 53009 70510 81401 333 10042 21034 70000 81640 555 11013 29051=
40762 41640 53002 11046 21072 38572 40271 51011 71077 83406 333 10007 21047 70027 83635 85269 555 11052 29082 66666 00008 10016 20024 30040 50062 90092=
40766 42960 30000 10008 21035 38702 40235 53006 83070 333 10027 21032 70000 83360 555 11008 29073 66666 00024 10036 20040 30046 50070 90102=
40768 41658 10000 11115 21135 38266 40340 52004 71000 81400 333 11021 21169 70000 81640 555 11116 29085 66666 01001 11002 20010 30023 50034 90058=
40769 41940 10000 11052 21081 38300 40273 52010 71000 80001 333 11006 21082 70000 555 11059 29080 66666 00016 10018 20028 30032 50058 90100=
40780 42660 20901 10017 21019 38689 40246 50008 82500 333 10071 21050 70000 82635 555 10003 29077 66666 00052 10048 20044 30044 50078 90100=
40782 42670 52703 10060 21026 38872 40214 52013 85300 333 10093 21032 70000 82935 83640 555 10027 29054 66666 00094 10092 20084 30074 50096 90116=
40785 42660 70101 10046 21019 39131 40262 52019 83510 333 10072 21001 70000 83640 87460 555 10021 29063 66666 00084 10093 20080 30070 50092 90160=
40791 42968 03402 10073 21072 39397 40247 53007 333 10101 20006 70000 555 10024 29035 66666 00114 10124 20124 30130 50132 90160=
40792 42962 03003 10014 21070 38744 40255 52009 333 10050 21034 70000 555 11015 29054 66666 00082 10096 20100 30082 50116 90126=
40798 42960 00401 10005 21145 37941 40243 52010 333 10063 555 11038 21118 70000 29031 66666 00057 10066 20048 30041 50061 90080=
40800 42960 01201 10048 21080 38449 40219 53002 333 10095 21056 70000 555 10004 29039 66666 00062 10098 20084 30074 50094 90122=
40809 42965 03604 10030 21059 38505 40226 52014 333 10081 21031 70000 555 11003 29052 66666 00092 10107 20097 30091 50109 90129=
40811 42960 42902 10154 20035 30164 40191 53008 80004 333 10187 20046 70000 84070 555 10100 29045 66666 00180 10188 20172 30172 50186 90208=
40812 42960 02502 10126 20010 39801 40187 52011 333 10171 20042 70000 555 10076 29045 66666 00160 10164 20162 30160 50168 90196=
40818 42970 03603 10041 21128 37971 40228 52019 333 10093 21092 70000 555 11014 29028 66666 00082 10101 20088 30069 50067 90068=
40821 42960 13301 10061 21055 38804 40229 53006 81070 333 10090 20013 70000 81360 555 10019 29043 66666 00120 10120 20105 30101 50110 90139=
40829 42960 03510 10080 21012 39635 40226 53019 333 10148 20024 70000 555 10044 29052 66666 00138 10142 20146 30146 50156 90176=
40831 42660 50403 10160 20039 30186 40194 51003 85500 333 10202 20056 70000 85640 555 10104 29044 66666 00204 10206 20186 30184 50200 90226=
40833 42960 43002 10159 20010 30167 40200 52006 80001 333 10196 20043 70000 84070 555 10095 29037 66666 00220 10224 20202 30186 50196 90216=
40841 42960 23405 10057 21066 38239 40211 52018 80001 333 10100 21061 70000 82070 555 10012 29041 66666 00110 10120 20096 30098 50116 90144=
40845 42660 73107 10155 20080 30187 40192 53004 81576 333 10166 20136 70000 81640 83360 87268 555 10118 29061 66666 00184 10190 20180 30180 50186 90202=
40848 42960 33302 10114 21089 38519 40197 52012 83030 333 10140 21052 70000 83360 555 10040 29023 66666 00110 10106 20104 30102 50100 90122=
40854 42960 00302 10080 21023 38977 40207 52015 333 10108 20043 70000 555 10039 29048 66666 00164 10190 20180 30172 50180 90200=
40856 41940 30205 10084 21018 38656 40196 53024 70600 80002 333 10158 20057 70000 83070 555 10042 29048 66666 00150 10166 20148 30128 50128 90136=
40859 42660 51303 10118 21145 38699 40193 53006 82532 333 10156 21036 70000 82635 84360 555 10034 29014 66666 00126 10146 20124 30116 50128 90149=
40875 42960 52503 10208 20096 30150 40161 52011 80005 333 10242 70000 85270 555 10148 29049 66666 00240 10260 20240 30224 50236 90246=
40879 42960 20000 10179 20014 39490 40172 53011 80002 333 10218 20114 70000 82070 555 10103 29033 66666 00240 10244 20218 30208 50208 90236=
40882 42960 73206 10192 20091 30128 40163 53010 80006 333 10216 20172 70000 87267 555 10139 29052 66666 00232 10234 20224 30228 50224 90244=
40883 41957 03204 10224 20071 30138 40165 53009 70500 80000 333 10246 20196 70000 555 10145 29037 66666 00260 10256 20238 30230 50230 90244=
40893 41957 03207 10224 20089 30144 40150 52018 70500 333 10257 10210 70000 555 10152 29042 66666 00281 10278 20252 30256 50253 90260=
40898 41958 01106 10233 20153 30133 40142 53023 70500 222// 00232 10801 333 10251 20202 70000 555 10185 29061 66666 00240 10266 20260 30262 50262 90268=
41024 42660 53317 10248 20140 30081 40107 82530 333 59018 82640 83360=
41036 42560 52209 10226 20070 38536 48486 81130 333 59016 81830 84358 555 04410 50101=
41055 42960 01608 10214 20040 38348 48494 333 58000 555 04410 50110=
41061 42960 01314 10240 20050 39408 40111 333 59015=
41084 42960 00000 10281 21030 38815 48472 333 59016 555 04410 50065=
41112 42960 02008 10167 20090 37934 48504 333 59006 555 04410 50105=
41114 42560 12117 10185 20090 37971 48507 81400 333 59003 81622 555 04410 50110=
41128 42960 01208 10240 20060 38792 48498 333 59003 555 04410 50116=
41136 42960 00810 10269 20070 39307 40113 333 58003=
41140 42960 02906 10284 20210 30095 40103 333 59004=
41150 42970 43604 10173 20085 40187 80001 333 58013 84075=
41176 44/70 /0505 10184 20095 30171 40177 333 58008=
41184 42960 32805 10191 20099 40179 80001 333 58028 83070=
41194 42960 52707 10205 20107 30162 40168 82031 333 58020 82368 84075=
41196 42960 52707 10203 20094 30133 40175 82031 333 58022 82368 84075=
41216 42960 43306 10194 20123 30172 40176 82031 333 58017 82368 83075=
41217 42960 43407 10195 20116 30140 40170 80001 333 58014 84075=
41254 36/// /1805 10141 20002 38056 49832 333 0E004 55300 25022 58014=
41256 32960 23204 10231 20131 30146 40163 80001 333 58030 55006 55407 55408 55507 55508 82075=
41258 36/// /3106 10237 20144 30153 40157 333 0E/// 55302 20148 58030=
41262 36/// /3112 10243 20031 39956 40151 333 0E016 55300 20254 58028=
41263 36/// /2615 10243 21011 39555 40112 333 0E017 55300 20218 58017=
41267 36/// /3309 10236 20185 30147 40160 333 0E020 58028=
41275 36/// /3210 10256 20065 39996 40164 333 0E016 55300 20205 58023=
41288 36/// /1410 10246 20198 30130 40151 333 0E022 58015=
41315 36/70 /0000 10195 20154 39328 48113 333 0E021 55300 27865 58019=
41396 42965 00506 10282 20063 39392 40094 333 58018=
41480 42560 21012 10265 20200 30113 40122 82501 333 58006 82620=
41506 11420 81801 10055 20045 38526 48240 69921 76065 8652/ 333 5688/ 58002==
41508 11420 80000 10062 20049 38679 48450 60021 76066 8572/ 333 5688/ 58011==
41515 11420 80000 10057 20020 38574 48350 60011 72162 8572/ 333 5688/ 59012==
41516 12440 82704 10100 20008 38541 48990 60001 88610 333 56880 59015==
41517 11440 80000 10050 21024 37785 48090 60001 70422 8862/ 333 5688/ 59024==
41518 12440 81801 10117 21026 30001 48010 60001 8852/ 333 5688/ 58000==
41519 12440 73102 10135 21058 38755 48970 60001 85520 333 56880 58002==
41523 12420 80000 10115 20035 39100 48140 60001 8552/ 333 5688/ 58020==
41535 12440 50000 10100 20022 38719 48870 60001 84520 333 56880 58006==
41536 12440 73601 10130 20048 39045 48140 60001 87520 333 56880 58016==
41560 12940 01303 10040 21008 38314 48450 60001 333 58014==
41571 11900 20000 10160 20023 39572 40159 60001 70500 81031 333 56088 58010==
41598 11920 20000 10160 20104 39868 40142 60001 70400 82070 333 56080 58019==
41600 11940 20000 10180 20095 30000 40142 60001 70400 82030 333 56080 58014==
41620 12440 20902 10130 20021 38575 48790 60001 82500 333 56800 58007==
41624 11940 00000 10210 20122 30000 40128 60001 70400 83020 333 56080 58001==
41630 11940 00000 10180 20095 30000 40147 60001 70400 333 58004==
41640 11940 00000 10170 20105 39895 40146 60001 70400 333 58008==
41660 12900 52304 10120 20001 38426 48160 60001 85030 333 56080 58024==
41678 11940 00000 10230 20079 30000 40131 60001 70500 333 59011==
41696 12440 20000 10090 20001 38000 48190 60001 82500 333 56800 58003==
41697 12940 00000 10220 20049 30000 40120 60001 333 59011==
41700 11920 00000 10205 20136 30000 40121 60001 70400 333 59002==
41710 12940 03103 10170 21009 30000 40115 60001 333 58045==
41712 12940 02301 10190 20010 39164 48890 60001 333 58019==
41715 11940 20000 10200 20120 30000 40114 60001 70500 80001 333 56008 59021==
41718 11920 00000 10195 20114 30000 40122 60001 70400 333 58002==
41725 11940 00000 10220 20134 30000 40115 60001 70500 333 59010==
41739 12940 02303 10195 20019 39041 48050 60001 333 59016==
41744 12940 00000 10190 21026 38769 48980 60001 333 58000==
41749 12940 00000 10220 20134 30000 40119 60001 333 59003==
41756 11940 42702 10230 20165 30000 40147 60001 70504 80001 333 56008 58013==
41757 12940 02304 10230 20165 30139 40152 60001 333 58013==
41759 11940 02302 10235 20162 30000 40137 60001 70500 333 58006==
41764 12940 02107 10240 20094 30072 40121 60001 333 59004==
41768 12940 02302 10230 20146 30121 40128 60001 333 58007==
41780 11940 02302 10230 20174 30109 40136 60001 70500 333 58007==
41785 12940 02302 10240 20068 30126 40139 60001 333 58010==
41859 01930 00000 10180 20160 30091 40129 70500 333 59002 70000==
41883 02930 00000 10188 20160 30108 40129 333 59001 70000==
41891 01930 00902 10190 20150 30094 40134 70500 333 58003 70000==
41907 01940 00000 10165 20150 30110 40125 70500 333 59005 70000==
41923 01940 00000 10203 20140 30123 40133 70500 333 59003 70000==
41936 01916 00000 10180 20150 30114 40122 70500 333 59010 70000==
41943 01930 01803 10190 20150 30126 40134 70500 333 59001 70000==
41950 01945 00000 10178 20160 30133 40135 70500 333 58000 70000==
41978 01940 00000 10236 20160 30132 40138 70500 333 58006 70000==
41992 01925 00000 10210 20160 30136 40138 70500 333 58006 70000==
42027 32996 33601 10066 20032 38432 48519 83500 333 58013=
42071 31995 09902 10144 20114 40151 71000 333 58011=
42101 32996 01401 10166 20130 40153 333 58006=
42111 31994 02301 10152 20117 39420 40127 71000 333 58001=
42123 32996 00000 10190 20126 40134 333 59003=
42131 32996 00901 10164 20112 40149 333 58004=
42165 22996 00000 10208 20082 40119 333 59001 6990/=
42182 31996 20000 10162 20130 40141 71000 82030 333 58005 82360=
42189 31995 00000 10172 20133 40132 71010 333 58004=
42309 31494 73401 10192 20182 40121 71022 84570 333 58001=
42314 21495 79902 10196 20166 40120 71062 83530 333 58004 6990/ 83618 87360=
42328 32996 42002 10220 20039 40105 80001 333 58007 84070=
42339 31995 00000 10196 20075 40130 70500 333 58004=
42348 31995 30000 10204 20061 40141 70500 80001 333 59008 83070=
42361 31995 00000 10182 20136 40139 71021 333 58007=
42369 31996 02702 10189 20123 40136 70500 333 58003=
42379 31995 00000 10168 20136 40127 70500 333 58000=
42410 31595 60000 10184 20154 40133 71022 82530 333 58007 82620 85360=
42415 31595 60000 10212 20176 40131 71011 82530 333 59001 82620 85360=
42452 31995 10000 10212 20148 40131 70500 80001 333 58006=
42492 31995 00000 10184 20146 40130 70500 333 59003=
42559 32996 20000 10220 20134 40125 80002 333 58005 82075=
42571 31996 00000 10214 20130 40135 70500 333 58002=
42591 31996 00000 10182 20125 40141 70500 333 59001=
42623 31495 12703 10170 20106 39253 40130 70500 81500 333 58005 81618=
42634 32996 00000 10242 20086 40143 333 58015=
42647 31996 00000 10234 20130 40138 70400 333 58014=
42667 32996 03402 10210 20137 39553 40144 333 58008=
42675 31996 00000 10206 20167 40135 70500 333 58002=
42701 31996 00000 10198 20098 39397 40132 70500 333 59002=
42724 31995 00000 10180 20167 40131 71000 333 59001=
42737 32996 03205 10248 20057 40142 333 58015=
42754 31996 00505 10228 20124 39501 40135 70500 333 58012=
42779 32996 20000 10240 20135 39439 40132 82030 333 58001 82360=
42798 31995 00000 10222 20119 40124 70500 333 58001=
42809 31995 02002 10242 20199 40129 70500 333 59002=
42840 32996 00000 10248 20163 40134 333 58018=
42867 31996 21401 10250 20170 40129 70500 82030 333 58003 82360=
42874 31996 00000 10256 20187 40131 70500 333 58003=
42886 31995 00000 10236 20107 40130 70500 333 59005=
42895 31995 22301 10244 20226 40137 70500 82030 333 58000 82360=
42909 32996 00000 10236 20179 40143 333 58018=
42971 31995 01406 10254 20221 40145 70500 333 58002=
43003 31995 03606 10280 20131 40130 70400 333 58019=
43014 31995 02702 10266 20194 39480 40118 70544 333 58012=
43041 31996 00000 10234 20131 39522 40137 70500 333 58009=
43063 32996 02704 10262 20114 39509 40125 333 58014=
43110 31995 00000 10270 20223 40133 70544 333 58012=
43117 32996 00000 10288 20210 40118 333 58011=
43128 31996 11404 10272 20163 39532 40131 70510 80001 333 58008 81070=
43150 31996 32302 10260 20215 30086 40147 70500 80001 333 58006 83075=
43185 31996 01602 10250 20220 30131 40135 70500 333 58009=
43192 32996 03202 10284 20238 40121 333 58014=
43201 32496 20000 10246 20130 39393 40115 82500 333 58003 82612=
43213 32996 00902 10290 20127 39802 40115 333 58011=
43233 32996 00903 10246 20118 39325 40139 333 58014=
43237 32996 11102 10274 20140 39712 40101 80001 333 58012 81075=
43245 32596 20902 10276 20223 30112 40139 81501 333 58008=
43279 31596 20504 10256 20201 30127 40145 70500 81500 333 58005 81620=
43284 31996 00000 10278 20199 30003 40118 70500 333 58009=
43295 32996 10502 10240 20161 39124 48534 80001 333 58012 81075=
43314 32996 10000 10294 20236 40119 80001 333 58011=
43321 31996 49902 10270 20143 39679 40124 70500 80001 333 58010 84070=
43333 31495 50502 10274 20224 40125 70522 83401 333 56109 58003 82618 84070=
43344 31996 20508 10264 20186 30029 40128 70500 80001 333 58009 82075=
43353 31496 22903 10290 20217 40115 70521 81530 333 56790 58009 81620=
43369 32596 50000 10284 20250 40119 84530 333 58012 84620=
43371 31996 10000 10276 20244 30048 40120 71000 80001 333 58015 81071=
44212 42/// 61901 11264 21302 39154 40426 52012 86070==
44213 429// 21901 11160 21228 38789 40350 52011 80008==
44214 42/70 23403 11180 21258 38286 40422 52019 82040==
44215 42/// 62606 11151 21239 38403 40369 52016 81048==
44217 32998 00000 11229 21297 37839 40504 51021 333 91202=
44218 429// 02202 11201 21257 38618 40418 52016==
44219 32999 00202 11257 21284 38632 40458 52018 333 91203=
44265 429// 02001 11203 21233 38897 40443 51027==
44266 329// 03403 11216 21276 37738 40455 52012 333 91206=
44454 42456 22204 10137 20095 38652 48488 82100 333 59005=
48064 42940 00401 10262 20215 30000 40057 333 59024==
48094 42950 00000 10240 20210 30115 40125 333 58005==
51076 14/64 /0802 11197 21221 39458 40437 52018 60001 333 11151 21216 3/103 4/026 58108 70004 90761 91104==
51087 14/62 /1002 11225 21251 39307 40446 52014 60001 333 11153 21227 3/106 4/019 58114 70007 90761 91104==
51156 14/58 /2801 11164 21189 38752 40405 52012 60001 333 11077 21164 3/118 58101 70000 90761 91117==
51243 14/20 /0201 11173 21205 39818 40427 52012 60001 705// 333 11130 21203 3/114 58110 70000 90761 91105==
51463 14/72 /1503 11112 21168 39124 40399 52008 60001 333 11064 21172 3/101 4/036 58117 70000 90761 91106==
51573 14/61 /0501 10006 21146 30219 40271 52032 60001 333 10065 21062 3/105 58031 70000 90761 91106==
51644 14/56 /0601 11022 21093 38964 40270 52032 60001 705// 333 10046 21092 3/105 58016 70000 90761 91105==
51656 14/58 /0802 11034 21114 39177 40286 52025 60001 333 10040 21112 3/109 58023 70000 90761 91106==
51709 14/57 /1503 10051 21115 38588 40189 52033 60001 705// 333 10126 21063 3/105 59037 70000 90761 91104==
51716 14/50 /0603 10035 21113 38889 40208 52040 60001 706// 333 10100 21074 3/106 59024 70000 90761 91107==
51765 14/61 /0601 11036 21144 39238 40283 52023 60001 333 10055 21096 3/109 58020 70000 90761 91105==
51811 14/57 /0801 10052 21154 38742 40180 52026 60001 705// 333 10122 21066 3/105 59040 70000 90761 91103==
51886 14/80 /3002 11031 21235 37052 40182 52012 60001 333 10014 21147 3/110 59037 70000 90761 91108==
52203 14/65 /0807 11030 21156 39357 40280 52026 60001 333 10022 21112 3/106 58027 70000 90761 91113==
52602 14/79 /2507 11075 21200 37211 40227 52011 60001 333 10008 21195 3/109 59035 70000 90761 91110==
52818 14/39 /2101 11050 21216 37177 40145 52005 60001 705// 333 10040 21131 3/108 59050 70000 90761 91106==
55228 14/80 /3201 11074 21209 36012 40256 52011 60001 333 11018 21141 3/112 59011 70000 90761 91115==
55299 14/80 /2903 11060 21292 35821 40157 52016 60001 333 10000 21153 3/109 59017 70000 90761 91121==
55578 14/80 /2504 10042 21218 36327 40001 52022 60001 333 10099 21044 3/000 58000 70000 90761 91117==
55591 14/80 /0503 10062 21257 36461 49988 52027 60001 333 10124 21024 3/002 59011 70000 90761 91117==
55664 14/80 /2709 11026 21182 35989 40141 52018 60001 333 10044 21121 3/107 59009 70000 90761 91120==
55773 14/80 /1002 11066 21112 35992 40215 52011 60001 333 10027 21120 3/111 59004 70000 90761 91116==
56004 14/80 /2804 11137 21253 35786 40285 52014 60001 333 11052 21231 3/118 59028 70000 90761 91120==
56312 14/80 /1102 10043 21072 37066 40128 52016 60001 333 10107 21045 3/004 59023 70000 90761 91112==
62306 32560 63210 10146 20069 40208 52001 86800=
62309 32560 33310 10162 20042 40189 54000 83500=
62332 32560 43009 10158 20073 40179 52002 84800=
62337 32560 43007 10153 20101 40175 52001 84800=
62366 38560 53409 10167 20053 40177 52003 83230=
62393 32960 03614 10162 20030 40200 57002=
62405 32960 03406 10213 21005 40151 57005=
62414 32960 43511 10206 21013 40144 57002 80004=
62419 32960 33510 10228 20000 40134 57001 83030=
62420 32560 33103 10180 20015 40184 57004 83400=
62435 32960 03507 10193 20017 40165 57003=
62440 32560 23012 10164 20074 40182 52004 82200=
62455 32960 02907 10177 20053 40174 57001=
62458 32960 03110 10173 20049 40174 54000=
62459 31956 03119 10180 20065 40153 52004 70700=
41316 32986 01603 10244 20182 30123 40153 91445 333 58018 55277 55407 55408 55507 55508=
