SIPK OPKC 031500=
41504 22995 03104 10010 21125 37865 48527 333 59017 60007 RH36%=
41506 22995 00000 10060 21010 38581 48577 333 58025 60007 61%=
41507 22996 00906 10170 20051 39240 49753 333 59038 60007 45%=
41508 22996 02702 10083 21070 10083 21070 38630 48500 59054 60007 33%=
41509 22996 00000 10090 21006 38757 48496 333 59035 60007 RH 51%=
41510 02996 00000 10010 21015 37891 48507 333 59042 60007 83%=
41515 22995 00502 10070 21076 38565 48526 333 58007 35%=
41516 22996 10000 10050 21030 38541 48498 81030 333 56090 59050 60007 81360 RH56%=
41517 21696 30000 10010 21080 37807 48541 70411 83500 333 56900 59031 60007 83635 51%=
41518 22696 40000 10067 21036 38/// 48/// 82520 333 56990 5//// 60007 82640 82462 47%=
41519 22696 33102 10105 21016 38794 48531 83500 333 56900 59007 60007 83640 RH43%=
41520 22695 21802 10010 21125 37625 48275 82500 333 56900 59037 60007 82640 36%=
41523 22996 00000 10120 21026 39053 48471 333 59055 60007 36%=
41524 22996 00502 10165 21061 39342 40202 333 59012 60007 21%=
41525 22996 00904 10025 21058 37661 48388 333 59029 60007 54%=
41528 21996 00000 10140 20061 39194 48485 70400 333 59044 60007 59%=
41529 02996 00000 10140 20013 39735 40120 333 59060 60007 42%=
41530 219// 01804 10160 21025 39704 40119 70500 333 59046 60007 28%=
41534 22996 00000 10140 20056 39702 40120 333 59048 60007 RH 57%=
41535 22996 00000 10095 20001 38691 48460 333 59032 60007 52%=
41536 22996 00000 10110 20007 39011 48479 333 59042 60007 49%=
41560 22996 00000 10060 21010 38325 48555 333 58015 60007 RH61%=
41562 22996 00000 10145 20035 39646 40112 333 59054 60007 RH48%=
41565 22995 03102 10072 21019 38646 48512 333 59014 60007 RH 53%=
41567 21996 00000 10160 20028 39674 40092 70500 333 59045 60007 41%=
41571 219// 01306 10140 20007 39548 40136 70500 333 59032 60007 RH40%=
41573 22997 01302 10075 20005 37937 48483 333 59051 60007 57%=
41574 22997 00000 10100 20015 38321 48500 333 59036 60007 55%=
41576 21996 00000 10145 20062 40156 70400 333 59024 60007 58%=
41577 21996 00000 10145 20043 39522 40141 70400 333 56000 59022 60007 RH 50%=
41593 21996 00000 10160 20057 39912 40129 70400 333 59026 60007 50%=
41597 21996 00000 10140 20068 40151 70400 333 59033 60007 62%=
41598 21996 00000 10145 20074 39850 40124 70400 333 59019 60007 63%=
41599 21995 01306 10155 20075 39847 40141 70400 333 59019 60007 59%=
41600 21996 00000 10130 20111 40133 70400 333 59019 60007 88%=
41620 32996 02302 10090 20110 38533 48437 333 59037 60007 23%=
41624 21995 02702 10170 20070 40116 70400 333 59042 60007 52%=
41625 21996 00502 10165 20088 40111 70400 333 59040 60007 60%=
41630 21996 00000 10160 20081 40142 70400 333 59022 60007 60%=
41633 21996 00000 10165 20099 4//// 70400 333 5//// 60007 65%=
41634 22996 00000 10145 20043 3//// 4//// 333 5//// 60007 50%=
41635 21996 00000 10150 20081 3//// 4//// 70400 333 5//// 60007 63%=
41636 21996 00000 10160 20057 39966 40153 70400 333 59015 60007 50%=
41638 21996 00000 10170 20094 4//// 70400 333 5//// 60007 61%=
41639 21996 00504 10150 20081 4//// 70400 333 5//// 60007 63%=
41640 21996 00000 10160 20081 39892 40144 70400 333 59012 60007 60%=
41641 21996 01804 10165 20076 39869 40145 70400 333 59010 60007 56%=
41642 21996 00000 10135 20096 4//// 70400 333 5//// 60007 77%=
41643 21995 00000 10140 20112 39847 40128 71000 333 59030 60007 83%=
41644 21996 00000 10160 20124 4//// 70400 333 5//// 60007 79%=
41646 21995 00000 10150 20092 39940 40159 70400 333 59023 60007 68%=
41652 21996 03604 10150 20028 39950 40132 70500 333 59049 60007 44%=
41660 226// 21306 10040 21022 38422 48514 81530 333 56990 59004 60007 81640 RH64%=
41661 22996 20000 10040 21022 38371 48502 82030 333 56090 59014 60007 82360 64%=
41669 22996 00000 10165 20076 3//// 4//// 333 5//// 60007 56%=
41670 21996 00000 10160 20081 4//// 70400 333 5//// 60007 60%=
41674 21995 01304 10160 20069 3//// 4//// 70400 333 5//// 60007 55%=
41675 21996 01806 10180 20071 39980 40124 70500 333 59040 60007 49%=
41676 21996 00000 10175 20077 39980 40137 70400 333 59049 60007 52%=
41677 21996 00000 10140 20091 39948 40118 70400 333 59036 60007 72%=
41678 21996 00000 10200 20074 40138 70500 333 59023 60007 44%=
41679 21996 00000 10135 20106 4//// 70400 333 5//// 60007 83%=
41680 21996 00000 10150 20081 40139 70400 333 59024 60007 63%=
41685 22997 02302 10105 21034 38892 48471 333 59035 60007 RH38%=
41696 22696 40000 10040 21037 37998 48526 82520 333 56990 59011 60007 82640 82460 RH57%=
41697 22996 00000 10180 20029 40125 333 59027 60007 RH36%=
41700 21995 00000 10170 20094 40120 70400 333 59032 60007 61%=
41701 21996 00000 10160 20075 40136 70400 333 59037 60007 59%=
41710 22996 03106 10150 21133 40121 333 59011 60007 RH13%=
41712 22996 00000 10140 21010 39179 48493 333 59020 60007 RH36%=
41715 21996 00000 10195 20091 40132 70500 333 59036 60007 RH51%=
41716 21996 00000 10160 20057 40142 70500 333 59032 60007 50%=
41718 21995 00000 10165 20088 40133 70400 333 59030 60007 60%=
41724 21995 00000 10170 20070 40145 70500 333 59032 60007 RH52%=
41725 22996 00000 10180 20071 40128 333 59033 60007 RH49%=
41726 21995 00000 10155 20063 30090 40162 70500 333 59015 60007 RH54%=
41738 22996 02708 10210 21003 40143 333 59021 60007 Rh24%=
41739 22996 03604 10140 20022 39060 48514 333 59008 60007 RH45%=
41742 22996 02306 10195 20067 40138 333 59009 60007 RH43%=
41743 21996 00000 10190 20085 70400 333 60007 RH 50%=
41744 22996 20000 10110 20007 38773 48494 82020 333 56090 59016 60007 82460 RH 49%=
41745 21996 00000 10195 20079 70400 333 60007 RH 47%=
41746 22996 00000 10170 20082 40134 333 59027 60007 RH56%=
41747 21996 00000 10145 20074 40123 70400 333 59031 60007 RH63%=
41748 21996 21802 10195 20079 40137 70500 333 59036 60007 RH47%=
41749 21996 01306 10180 20095 40139 70400 333 59019 60007 RH58%=
41756 21996 02712 10205 20095 40147 70504 333 59012 60007 RH49%=
41757 22996 02304 10210 20100 30138 40151 333 59004 60007 RH49%=
41759 22996 02304 10210 20100 40144 333 59029 60007 RH49%=
41764 22996 00000 10195 20038 30089 40140 333 59009 60007 RH35%=
41765 22996 00000 10205 20081 30112 40148 333 59005 60007 RH45%=
41766 21995 00502 10180 20083 40147 70400 333 59014 60007 RH53%=
41767 22996 00000 10170 20094 3//// 4//// 333 60007 RH61%=
41768 22996 03102 10190 20118 30133 40140 333 58000 60007 RH63%=
41780 22996 02508 10220 20090 30112 40139 333 59012 60007 RH43%=
41783 22996 02702 10205 20093 30101 40131 333 58010 60007 RH 49%=
41785 22996 00000 10180 20117 30126 40139 333 59011 60007 RH 66%=
41786 22996 03102 10210 20048 30084 40120 333 59002 60007 RH 34%=
41BKI 22996 00000 10160 20028 39692 40111 333 59061 60007 RH41%=
41SKP 21996 02302 10155 20087 4//// 70400 333 5//// 60007 64%=
43532 21996 00000 10160 20063 39290 40089 70400 333 59059 60007 52%=
43533 22997 00000 10155 20043 39209 48485 333 59026 60007 47%=
43563 22997 00000 10150 20084 40132 333 59020 60007 65%=


Data Generated from File : D:/all data handling/Rmc_lhr/2025020315.FSU.txt
03/02/2025   16:07:30
____________________________________________________________________________________________
15020 21570 53104 10012 21054 30057 40262 53008 70281 84360 333 55302 20304 69907 91007 90730 91111==
15090 21570 63303 10020 21039 30161 40257 52011 70182 85530 333 55300 10020 20197 30194 69907 91006 90730 91109==
15108 21210 63005 11104 21114 38063 48491 53004 70242 86500 333 55305 20513 60007 91007 90730 91107==
15150 24570 53405 10025 21049 30038 40259 53008 84830 333 55306 20538 60007 91007 90730 91109==
15170 24570 32702 11008 21069 39438 42823 53005 83300 333 55302 20260 60007 91003 90730 91106==
15280 22184 43507 11150 21168 37450 47975 53003 82530 333 55306 20529 60007 91012 90730 91114==
15310 24569 43403 10033 21023 30153 40242 53007 84800 333 55302 10080 20237 30166 60007 91006 90730 91107==
15335 24570 73504 10035 21021 30229 40236 52010 87500 333 55300 20193 60007 91007 90730 91109==
15350 24570 60503 10036 21026 30128 40251 53013 86500 333 55301 20253 60007 91006 90730 91110==
15360 24/70 73410 10034 21005 30204 40222 52015 87070 333 55302 20337 60007 91013 90730 91114==
15420 24570 80703 10038 21007 30129 40243 53010 885// 333 55300 20115 60007 91005 90730 91106==
15460 24/70 70403 10036 20005 30220 40245 52011 87070 333 55300 20225 60007 91005 90730 91106==
15470 24566 70906 10025 20006 30113 40243 51023 83370 333 55300 20060 60007 91008 90730 91110==
15480 24470 83002 10038 20002 30215 40233 53014 8672/ 333 55300 00030 20113 30099 69917 91007 90730 91108==
15549 41530 80504 10002 21001 39799 40229 52003 75175 886// 333 10040 20002 555 59801 69999=
15552 42570 80202 10037 20005 30175 40225 53016 8652/ 333 10071 20036 555 580// 92024 92428=
15640 42570 73612 10074 20049 39892 40207 53002 87500 333 10098 20043 555 584//=
15655 41568 83610 10065 20034 30187 40221 52008 76162 8802/ 333 10092 20065 555 58100 67199 92025 92427=
15730 42670 80904 10096 20040 39798 40194 53003 86577 333 10122 20053 555 568//=
16627 42460 70000 10114 20086 30187 40193 58003 87600 333 81715 87630 90730 91105==
16650 42560 50406 10122 20086 30182 40191 55001 81130 333 81820 84358 90730 91112==
16667 42560 40000 10144 20076 30183 40194 57002 84500 333 90730 91108==
16706 42560 23606 10150 20113 30173 40179 57007 82200==
16723 42560 10405 10154 20117 30171 40185 57004 81100 333 90730 91107==
16742 42460 20104 10152 20094 30025 40179 57006 82100 333 90730 91112==
16749 42460 22510 10166 20098 30160 40175 57007 82130 333 90730 91112==
16754 42560 20705 10168 20125 30133 40180 57004 82100 333 90730 91110==
16760 42560 33505 10154 20083 40179 57003 83200 333 90730 91111==
16765 42560 33006 10168 20098 40181 57003 83140 333 90730 91112==
17022 41450 72703 10077 20076 30038 40207 52014 76022 86510 333 84715 86630 87460 90730 91110==
17024 42370 72921 10091 20072 30097 40176 50002 85770 333 83708 85632 87360 90730 91127==
17026 42470 43006 10095 20074 30145 40184 53006 82605 333 82719 84270 90730 91111==
17031 42670 20501 10096 20064 30164 40170 53006 82100 333 82836 90730 91113==
17034 42/70 30000 10098 20055 30130 40177 55001 83030 333 83360==
17038 42970 01106 10091 20061 30122 40171 56005 333 90730 91110==
17042 42970 00000 10064 20046 30141 40181 53001 333 90730 91104==
17050 42665 80502 10102 20050 30149 40212 53004 8452/ 333 84635 88460 90730 91107==
17056 42665 73304 10102 20067 30202 40206 53005 84230 333 84835 87360 90730 91110==
17060 42560 70110 10101 20048 30167 40208 52008 87200 333 87822 90730 91116==
17070 42965 42204 10083 20021 39304 40185 52011 80008 333 84270 90730 91112==
17074 42570 52803 10109 20034 39224 40161 55003 83550 333 83630 85359 90730 91110==
17084 42970 03101 10093 20019 39260 40177 57005 333 90730 91108==
17085 42670 10000 10106 20009 39670 40165 56008 81100 333 81840 90730 91105==
17092 42960 01406 10007 21078 38867 48489 55005 333 90730 91108==
17096 41956 01104 11120 21128 38237 48522 52002 71000 333 90730 91105==
17098 42960 00904 11044 21089 38185 48507 55000 333 90730 91111==
17100 41/30 50000 10031 21083 39196 40226 55004 70500 82038 333 82357 85267 90730 91104==
17112 41558 40201 10132 20081 30187 40189 58001 71022 83250 333 83830 84360 90730 91108==
17115 42460 50115 10094 20071 30150 40202 52005 85200 333 82711 84835 90730 91120==
17116 41558 73306 10093 20073 30081 40204 52012 71011 85270 333 82720 83835 87359 90730 91110==
17124 42960 03205 10101 20013 39261 40193 55003 333 90730 91113==
17128 42660 22606 10093 21019 39070 40182 55004 82100 333 82840 90730 91117==
17135 42670 23203 10120 20021 39282 40164 55009 82100 333 82840 90730 91105==
17140 42965 02601 10065 21014 38689 48475 55004 333 90730 91111==
17150 41430 70000 10118 20083 30059 40184 57006 71022 87100 333 83715 85835 90730 91103==
17160 42/70 22402 10092 21025 39007 48476 56006 82030 333 82360 90730 91113==
17170 42560 11002 11006 21052 38331 48506 55000 81500 333 81630 90730 91107==
17175 42665 50000 10137 20099 30175 40179 57006 83130 333 83840 85360 90730 91104==
17184 42670 41101 10142 20075 30071 40184 57003 84200 333 84840 90730 91104==
17190 42670 32703 10112 21050 38980 48482 56004 83100 333 83840 90730 91107==
17195 42970 03102 10099 21034 38955 48474 57008 333 90730 91115==
17200 42960 00203 10088 21041 39185 40194 57006 333 90730 91107==
17202 42970 00903 10083 21056 39130 40195 56006 333 90730 91109==
17203 42670 31801 10064 21085 38877 48526 55001 83100 333 83840 90730 91105==
17210 42970 30401 10103 21077 39142 40183 56003 80001 333 83070 90730 91107==
17219 42665 33607 10140 20085 30042 40188 57006 83100 333 83840 90730 91110==
17234 42670 32101 10162 20084 30120 40188 57007 83200 333 83840 90730 91108==
17237 42970 00000 10140 20059 39680 40185 55002 333 90730 91104==
17240 42970 03104 10147 21003 39021 40163 56006 333 90730 91111==
17244 42970 01004 10106 21011 38986 48482 57008 333 90730 91110==
17248 42970 00000 10105 21041 38970 48479 57003 333 90730 91107==
17250 42970 02203 10092 21053 38794 48485 56004 333 90730 91112==
17260 42960 31903 10123 21019 39324 40147 55000 80001 333 83068 90730 91111==
17270 42670 32002 10140 21048 39526 40173 57002 81130 333 81840 83360 90730 91106==
17275 42970 30000 10094 21064 38988 48509 56002 80001 333 83070==
17280 42960 00504 10110 21064 39385 40189 56004 333 90730 91108==
17290 42970 03305 10172 20069 30151 40183 57009 333 90730 91109==
17292 42570 20000 10128 20047 39421 40183 55002 82100 333 82830 90730 91108==
17300 42960 01705 10159 20116 30103 40174 56005 333 90730 91112==
17310 42670 22502 10179 20108 30151 40158 58005 82200 333 82835 90730 91107==
17330 42/70 30000 10163 20105 30150 40168 58002 83030 333 83360 90730 91106==
17350 42960 02205 10163 20070 30077 40156 55003==
17370 42670 30000 10159 20041 30165 40169 56005 81130 333 81835 83360 90730 91105==
17375 42970 00000 10171 20103 30155 40157 55007 333 90730 91109==
33088 42597 82905 10004 21037 30040 40237 53008 885// 555 1/000=
33135 415// 82804 11001 21024 30049 40201 53004 78582 8595/ 333 85930==
33177 42598 73103 10003 21053 30023 40268 53006 87500 555 1/000=
33317 42560 63005 11010 21069 39896 40245 53005 85530 333 85620==
33393 42560 63303 11007 21067 39873 40279 53005 86500 333 86629==
33415 42698 73005 11009 21065 39854 40266 53010 87500 555 1/101=
33429 41597 83006 11009 21069 39816 40253 53006 70282 8655/ 333 86632 555 1/101=
33466 42598 43002 10008 21057 30020 40212 53003 83530 555 11001=
33506 41560 72802 10002 21021 30000 40201 50001 70282 86570==
33562 41560 53104 10004 21066 39929 40243 52003 70282 85500 555 1/101=
33587 41/60 33402 10000 21041 39952 40222 53009 70281 83030==
33658 42684 63205 10008 21061 39957 40266 52005 86500 333 86643==
33663 42560 63203 10025 21065 30146 40244 53005 85930==
33664 42598 73104 10003 21051 39925 40251 52006 87500=
33678 42898 62805 10003 21067 30042 40257 52007 86030=
33679 42497 73202 10010 21050 30048 40245 53010 87500=
33711 41217 83103 10009 21008 39988 40203 53003 78482 883// 333 88704==
33745 41497 73304 10006 21045 30063 40256 52011 72622 87900=
33748 41597 53404 10008 21012 39948 40241 53006 72682 85300=
33754 42998 73202 10016 21066 30080 40231 53002 87030=
33761 42470 83303 10009 21041 39994 40223 53008 883// 555 1/000=
33791 42583 53502 10011 21019 30071 40202 55000 83530 333 83620==
33815 41598 73205 10014 21027 30022 40235 53007 72622 85930=
33837 41477 73203 10019 21007 30163 40216 53010 72772 85301 333 85917==
33881 41598 63403 10010 21016 30043 40245 53012 72622 86300=
33883 42598 63204 10017 21024 30070 40235 52013 86500 333 91113=
33885 42597 53405 10013 21030 30112 40249 52007 85300=
33892 42598 53203 10000 21041 30026 40248 53013 85300=
33902 41596 83606 10010 20005 30139 40200 53007 72682 885// 555 1/001=
33924 21460 83606 10026 20008 30172 40185 52018 76162 8672/ 333 60112 91010 90730 91111==
33946 21772 80906 10011 20008 39930 40156 57011 72586 883// 333 60082 88650==
33983 21460 80805 10036 20029 30090 40151 57025 78082 889// 333 60022==
34300 41560 82802 10010 21048 30021 40202 53004 72622 889//==
34336 22460 62902 10003 21066 30105 40211 54000 86300 333 10033 60002==
34344 22570 73101 10015 21039 30118 40208 54001 87500 333 10043 60002==
34356 22/70 80000 10010 21029 30064 40215 53002 8807/ 333 10031 60002==
34357 22470 80000 10009 21043 30050 40208 52002 8435/ 333 10033 60002==
34398 412// 81603 11004 21016 30225 40238 53003 77772 886// 333 11004==
34415 42997 70000 10021 21051 30098 40196 56006 86031 555 1/002=
34438 22460 80000 10013 21026 30012 40206 57003 8734/ 333 10024 60002==
34445 22570 80000 10001 21041 30094 40211 54001 8657/ 333 10033 69902==
34461 22460 80000 10014 21024 30161 40217 53002 885// 333 10041 60002==
34473 325// 51403 10013 21004 30182 40221 53004 82431 333 10037=
34476 21520 71103 10015 20005 30215 40223 53004 71022 82934 333 10050 60002==
34504 41482 80202 10008 21031 30019 40197 53001 72682 8565/==
34535 21540 81001 10000 21007 30132 40206 57007 71082 8597/ 333 10010 60022==
34545 22570 80202 10007 21012 30094 40207 57005 883// 333 10035 60002==
34555 22570 80201 10017 21028 30125 40218 58003 885// 333 10037 60002==
34560 42660 70403 10019 21023 30020 40213 57002 87500 333 10047==
34578 22/60 80701 10037 20007 30211 40218 52001 8808/ 333 10054 60002==
34579 21540 80902 10027 20017 30179 40223 52003 71022 885// 333 10047 60002==
34644 22560 50902 10024 21019 30118 40196 57008 85500 333 10046 60002==
34646 22470 80701 10013 21003 30120 40203 57005 8357/ 333 10035 60002==
34655 22560 81003 10034 20007 30147 40208 57003 885// 333 10043 60002==
34662 22/70 70601 10037 21022 30204 40216 54001 80070 333 10060 60002==
34691 22570 80000 10005 21009 30448 40435 54000 8655/ 333 10013 60002==
34720 21420 80402 10007 21003 30148 40189 58013 77176 887// 333 10017 69992==
34727 21420 80802 10003 21001 30156 40186 57012 78688 883// 333 10019 60032==
34743 21520 80703 10024 20020 30109 40200 57008 71082 8395/ 333 10033 69902==
34759 21440 81003 10049 20049 30069 40200 57006 71022 889// 333 10050 60012==
34772 22560 81102 10038 20026 30219 40222 53001 885// 333 10045 69902==
34785 22560 80902 10017 20000 30250 40227 57002 8457/ 333 10036 60002==
34798 22/60 81005 10024 21015 30359 40329 53003 8802/ 333 10051 60002==
34824 21540 80902 10029 20009 30177 40182 57010 71022 884// 333 10036 60002==
34838 21340 80102 10022 20011 30087 40185 57007 71022 886// 333 10041 69932==
34845 21540 81002 10049 20040 30079 40187 51005 71022 885// 333 10058 60022==
34858 21510 80000 10056 20056 30088 40196 56005 71022 8657/ 333 10064 60022==
34861 21/05 91304 10041 20041 39959 40203 57003 78048 89/// 333 10041 60022==
34866 22460 61102 10047 20035 30216 40207 57004 85970 333 10061 69902==
34880 22660 70000 10050 20012 30250 40224 52001 87500 333 10055 60002==
34887 22570 81402 10046 20016 30242 40219 57004 85531 333 10052 60002==
34949 22670 71004 10045 20011 39641 40188 57003 84501 333 10092 60002==
34954 22560 81102 10069 20017 30017 40190 57004 82501 333 10115 69902==
34958 22570 60000 10061 20024 39998 40197 57002 86500 333 10085 60002==
34975 22470 81502 10063 20027 30214 40210 53001 885// 333 10083 60002 88619==
34984 21440 81003 10037 20025 30251 40220 57001 71022 886// 333 10046 60002==
35217 425// 81603 11018 21036 30224 40265 53003 885// 333 11005==
35302 115// 81806 11011 21028 30231 40252 53001 60002 71022 886// 333 11004==
35315 325// 81305 11010 21026 30212 40270 53005 885// 333 11003=
35344 329// 00803 11098 21119 30027 40330 53004 333 11033=
35358 12/// 60902 11096 21132 30165 40344 57004 60002 86040 333 11054==
35368 319// 51106 11077 21112 30090 40370 53004 73632 80004 333 11045=
35386 329// 01202 11082 21109 39870 40417 53002 333 11052=
35394 42970 01103 11067 21095 39715 40421 52001 333 11032==
35404 325// 81803 11007 21019 30234 40242 54000 885// 333 11003=
35406 125// 81403 11012 21019 30253 40255 53001 60002 885// 333 11008==
35416 125// 81304 11027 21054 30156 40279 51005 60002 885// 333 11010==
35426 126// 40802 11077 21117 30000 40303 57001 60002 84500 333 11023==
35437 329// 31201 11091 21120 30059 40390 57002 80003 333 11024=
35449 329// 30703 11091 21126 30216 40324 53001 80003 333 11062=
35497 129// 00903 11086 21101 39845 40705 58006 60002 333 11029==
35498 329// 01301 11110 21130 39498 40427 57005 333 11060=
35514 32598 81403 11008 21021 30473 40469 53003 885// 333 11008=
35522 /26// 61103 11051 21084 30026 40285 57002 86500 333 11025 555 69902=
35542 329// 00904 11101 21121 30164 40319 54000 333 11053=
35563 32998 01902 11128 21152 39575 40375 53003 333 11084=
35576 129// 00704 11124 21145 39919 40397 53004 60002 333 11073==
35582 326// 60504 11070 21112 39775 40401 57005 86500 333 11062=
35594 319// 81007 11050 21070 39528 40391 57005 73632 8802/ 333 11045=
35605 32598 81105 10005 21015 30268 40246 53004 885// 333 10013=
35633 319// 00603 11102 21122 30080 40305 54000 71000 333 11032=
35671 12970 00905 11079 21119 39920 40369 53002 60002 333 11066==
35699 119// 00510 11046 21084 39600 40377 57009 60002 73833 333 11018 91016==
35700 12570 81202 10010 21013 30272 40248 53004 60002 885// 333 10018==
35715 32597 81705 10001 21033 30276 40261 53005 885// 333 10011=
35739 329// 30901 11072 21116 30139 40284 58001 80003 333 11030=
35746 129// 30705 11022 21069 30216 40284 57004 60002 80001 333 11011==
35777 329// 00507 11080 21112 39990 40351 57005 333 11045=
35796 12960 00604 11083 21093 39928 40384 57005 60002 333 11038==
35849 129// 00000 11024 21088 30183 40270 57004 60002 333 10011==
35895 32997 00106 11080 21094 39913 40377 57003 333 11069=
35907 /2598 80803 10021 20002 30253 40222 57001 886// 333 10047 555 69902=
35925 125// 81403 11019 21038 30155 40269 53001 60002 887// 333 11004==
35927 329// 61106 11014 21043 30253 57001 86040 333 10002=
35953 129// 00807 11038 21083 30140 40273 57003 60002 333 10002==
35969 129// 00707 11056 21133 30109 40288 57004 60002 333 11005==
35997 329// 00501 11077 21122 39892 40345 57004 333 11035=
36259 42584 31101 11321 21353 38367 48649 52009 81902==
36335 329// 00000 11090 21113 39378 40449 52004 333 11048=
36358 326// 80705 11054 21079 39385 40434 54000 885// 333 11030=
36394 326// 51403 11151 21158 30013 40468 52002 85500 333 11050=
36397 12/// 31604 11114 21149 39861 40460 52003 60002 83070 333 11062==
36403 329// 01101 11141 21169 30075 40463 52001 333 11049=
36418 329// 20000 11179 21193 39814 40483 54000 80003 333 11098=
36421 329// 00901 11228 21248 39875 40502 52003 333 11101=
36428 129// 03102 11220 21248 39938 40493 58001 60002 333 11096==
36439 319// 01208 11159 21178 39126 48601 58001 73630 333 11105=
36498 319// 00409 11069 21097 39588 40408 57005 73630 333 11021 91115=
36501 326// 70000 11058 21088 39656 40435 54000 87500 333 11028=
36535 129// 20000 11245 21283 39803 40509 58002 60002 80001 333 11098==
36546 319// 00101 11220 21232 39899 40496 54000 71000 333 11103=
36619 329// 00502 11172 21197 333 11118=
36622 329// 00503 11115 21137 39590 40439 58005 333 11044=
36639 129// 00401 11212 21245 39773 40438 58003 60002 333 11094==
36643 329// 02401 11187 21202 39765 40488 58004 333 11097=
36665 329// 02302 11151 21181 39691 40471 58002 333 11110=
36666 324// 22302 11210 21226 39949 40493 54000 82600 333 11085=
36729 31998 00906 11110 21135 39882 40390 57010 73630 333 11100=
36736 329// 03202 11189 21204 39842 40446 58002 333 11074=
36744 329// 00504 11095 21125 39881 40352 57011 333 11043=
36770 329// 00401 11184 21184 39581 40367 57010 333 11058=
36786 32999 02701 11117 21146 39391 40357 57014 333 10005=
36796 329// 00000 11200 21238 39110 48523 57010 333 11128=
36803 31999 01105 11096 21117 39913 40385 58016 70230 333 11083=
36806 329// 01710 11116 21195 39908 40405 57008 333 11075 91117=
36819 319// 00901 11110 21129 39696 40341 57014 71011 333 11046=
36821 119// 00501 11093 21113 39829 40342 57010 60002 71000 333 11013==
36839 32998 02901 11156 21212 39158 40365 57008 333 11051=
36843 329// 02501 11087 21138 39109 40329 57011 333 10035=
36846 329// 00202 11112 21185 38653 48532 57009 333 11018=
36859 129// 00000 11094 21123 39557 40378 57005 60002 333 10020==
36870 12/// 50000 11085 21108 39260 40314 57009 60002 85070 333 11005==
36874 329// 01802 11180 21202 39642 40495 57007 333 11095=
36877 329// 02402 11147 21158 39685 40770 57008 333 11048=
36885 329// 01402 11101 21114 39148 40330 57009 333 10000=
36889 329// 01802 11068 21217 37050 47068 57005 333 11034=
36894 329// 00000 11075 21123 39556 40324 57006 333 11007=
36905 329// 01101 11072 21108 38797 48556 57005 333 11015=
36911 129// 00000 11062 21106 39260 40268 57003 6//// 333 10011 555 530//=
36927 12697 70502 11007 21092 38383 48544 54000 6//// 87900 333 10024 555 530//=
36934 12597 42802 11032 21087 38301 48429 54000 6//// 83930 333 1//// 555 530//=
36953 329// 00000 11186 21208 38249 48508 54000 333 11066=
36963 129// 01102 11108 21250 37028 48/// 54000 6//// 333 11040 555 530//=
36974 129// 00901 11156 21183 38020 48579 53001 6//// 333 11060 555 530//=
36982 129// 00703 11167 21302 36522 47130 53001 6//// 333 11063 555 530//=
37018 21560 80000 10083 20075 30099 40174 57011 70282 889// 333 10091 60042==
37031 22560 83502 10078 20045 39987 40181 57003 8653/ 333 10104 69932==
37054 22660 80603 10058 20021 39808 40192 54001 885// 333 10096 60002==
37061 22/60 71002 10067 20028 30032 40201 53001 87030 333 10086 60002==
37085 22540 80905 10057 20012 30243 40216 53004 885// 333 10083 60002==
37171 22/40 83002 10090 20064 30196 40214 53029 86031 333 10113 69952==
37228 22/60 23101 10042 20001 39344 40180 57001 82070 333 10093 60002==
37235 22560 60802 10052 20028 39880 40198 52001 8357/ 333 10070 60002==
37472 21540 61303 10062 20038 30233 40211 57001 71022 82571 333 10072 60002==
38149 12970 00102 11001 21065 30176 40255 57003 60002 333 10051==
38178 129// 03502 10010 21050 39937 40232 57001 60002 333 10068==
38262 129// 00302 11008 21062 30176 40260 53011 60002 333 10059==
38264 12970 03603 11006 21051 30152 40249 52001 60002 333 10049==
38345 12998 00000 11109 21137 38800 48483 57005 6//// 333 10021 555 530//=
38353 129// 00000 11059 21074 39338 40274 57004 6//// 333 10025 555 530//=
38388 12998 00000 10012 21059 30156 40229 57005 6//// 333 10074 555 530//=
38392 12997 00103 10013 21046 30133 40238 53002 6//// 333 10075 555 530//=
38396 12960 20402 10014 21052 30112 40240 53001 60002 80001 333 10074==
38403 129// 03603 10046 21102 30098 40220 57001 60002 333 10098==
38413 129// 01403 10029 21051 39925 40220 53013 60002 333 10074==
38457 12960 32601 10047 21026 39616 40207 57002 60002 80001 333 10103==
38462 129// 20502 11007 21106 38745 48487 53002 60002 80001 333 10106==
38507 12996 42302 10061 20024 30128 40232 53002 6//// 84030 333 10106 555 530//=
38545 12998 23302 10022 21061 30045 40224 53001 6//// 82080 333 10100 555 530//=
38565 129// 00000 11006 21048 39596 40170 53005 60002 333 10089==
38579 129// 00000 10018 21004 39786 40212 53004 60002 333 10086==
38583 12960 32902 10023 21017 39885 40212 54000 60002 80001 333 10085==
38599 31995 32405 10009 21025 39665 40213 53002 71011 80001 333 10080=
38611 11920 33502 10020 21020 39631 40211 54000 60002 71000 80001 333 10084==
38613 129// 00101 10003 21030 40213 56001 6//// 333 10070 555 530//=
38616 125// 00901 11010 21053 39190 40228 54000 6//// 333 10055 555 530//=
38618 129// 00000 10001 21020 39500 40205 57001 60002 333 10081==
38647 12997 01601 10062 21016 30176 40219 52001 6//// 333 10105 555 530//=
38656 12998 00000 10052 21049 30125 40236 53001 6//// 333 10097 555 530//=
38683 11920 60000 10031 21010 39934 40215 53005 60002 71022 80001 333 10089==
38687 12997 73202 10052 21045 39983 40221 53005 6//// 80001 333 10103 555 530//=
38696 129// 00901 10034 20002 39342 40206 53011 60002 333 10108==
38713 329// 81801 11015 21067 39025 48480 54000 80004 333 10076=
38750 12997 02701 10080 20030 30264 40235 57008 6//// 333 10126 555 530//=
38763 12997 30000 10055 21006 30123 40229 53002 6//// 83030 333 10094 555 530//=
38774 12995 02901 10072 21002 30039 40236 53005 6//// 333 10106 555 530//=
38799 32997 02901 10053 21015 39997 40231 53004 333 10109=
38806 32997 30000 10040 21022 39942 40206 53005 80002 333 10094=
38812 11940 52001 10045 21016 39754 40213 53016 60002 70522 80001 333 10095==
38836 319// 02203 10046 20046 39227 40167 52017 71000 333 10124=
38880 12797 50102 10062 21023 39973 40231 52009 60002 83530 333 10108 555 530//=
38886 12997 00201 10055 21009 30001 40232 53015 6//// 333 10136 555 530//=
38895 32996 20000 10054 21004 39941 40234 53006 80001 333 10124=
38911 32997 53202 10068 21005 39925 40222 53005 80002 333 10101=
38915 32997 60000 10069 21004 39899 40225 57004 86070 333 10100=
38927 11958 72305 10063 21008 39830 40209 51009 60002 70522 80001 333 10088==
38933 329// 11402 10066 20008 39690 40207 53017 80001 333 10113=
38944 319// 00901 10051 20021 39599 40137 53021 71000 333 10106=
38954 329// 00000 11043 21133 37955 48550 53007 333 11015=
38974 12998 03201 10068 21002 39887 40225 53005 6//// 333 10116 555 530//=
38987 32996 00000 10036 20010 39477 40232 53008 333 10084=
40100 43/70 73606 10168 20098 30171 40187 53011 333 58///=
40180 01959 73003 10177 20110 30116 40165 52005 70522 85056 333 70000==
40199 02/// /0203 333 70000==
40265 41950 83104 10161 20001 39381 40175 52001 70522 81031 333 82360 87070=
40270 41950 70000 10165 21001 39271 40169 52003 70522 87038 333 82362 85168=
40272 41950 32810 10162 20003 39338 40169 57029 70500 83030 333 83360=
40340 41956 43312 10242 20019 30092 40156 57006 70500 84000 333 84070=
40356 42960 52008 10170 21100 39188 48493 85020 333 59043 85460 555 04410 50169=
40357 42960 60000 10170 21080 39536 40179 86020 333 59035 86460=
40360 42960 51208 10205 21080 39559 40150 83036 333 59055 83360 85270=
40361 42960 50000 10185 21100 39398 40187 85010 333 59041 85460=
40362 42960 40000 10181 21050 39663 40184 84030 333 59036 84359=
40373 42960 03004 10178 21050 39775 40199 333 59016=
40375 41959 40000 10222 21130 39271 40148 70400 80002 333 59037 84070=
40394 42960 02106 10188 21110 39044 48513 333 59031 555 04410 50184=
40400 42960 43010 10239 20120 30109 40137 80002 333 59030 84070=
40405 42960 01703 10174 21070 39441 40184 333 59027=
40417 42960 03405 10184 20020 30176 40193 333 59005=
40420 42960 03106 10179 21080 39985 40195 333 59003=
40430 42960 30807 10255 21050 39415 40143 80001 333 59028 83070=
40437 42960 20503 10162 21090 39492 40212 80001 333 59012 82068=
40439 42960 42709 10278 20110 30100 40118 80001 333 59023 84070=
40582 32960 62804 10190 21027 40187 53002 86030 333 55300 00000 10226 20014 30005 41049 51283 60019 55407 40009 86360 90401 91003 91113 91207 91305=
40703 42960 30000 10064 21095 38905 40202 56005 80005 333 10100 21074 70000 83269 555 10012 29031 66666 00076 10074 20036 30034 50060 90090=
40706 41658 43002 10026 21113 38647 40224 54000 70510 81401 333 10082 21049 70000 81635 84069 555 11017 29035 66666 00075 10068 20041 30042 50055 90075=
40712 41656 30701 10015 21086 38671 40216 55002 70500 81502 333 10086 21051 70000 81640 83068 555 11016 29047 66666 01001 10009 20015 30019 50036 90055=
40713 41956 50302 10042 21083 38645 40196 58003 70511 80002 333 10103 21044 70000 85069 555 11002 29040 66666 00068 10048 20049 30058 50073 90098=
40718 42960 01302 10101 20059 30240 40211 56004 222// 0//// 20000 333 10142 20065 70000 555 10082 29075 66666 00124 10110 20102 30098 50112 90130=
40723 41558 12502 10004 21035 38965 40245 53001 70500 81500 333 10046 21068 70000 555 11010 29075 66666 00020 10030 20030 30034 50052 90072=
40726 42960 00000 10050 21063 38645 40208 56002 333 10104 21064 70000 555 10010 29044 66666 00024 10026 20034 30034 50050 90086=
40727 42960 23302 10061 21090 38471 40224 53002 80001 333 10112 21113 70000 82070 555 10010 29033 66666 00029 10033 20025 30030 50042 90075=
40732 42560 21801 10096 20056 30226 40202 58006 82500 333 10138 20068 70000 82630 555 10078 29076 66666 00104 10106 20098 30098 50110 90128=
40736 42960 00801 10093 20049 30243 40217 58002 333 10138 20035 70000 555 10074 29074 66666 00092 10094 20082 30086 50098 90122=
40738 41958 22902 10068 20019 30234 40236 53004 70500 80001 333 10137 21006 70000 82070 555 10048 29071 66666 00100 10102 20090 30088 50100 90126=
40739 42965 02701 10040 21102 38679 40203 53004 333 10106 21003 70000 555 11007 29035 66666 00074 10078 20070 30060 50062 90087=
40741 42960 00000 10083 21015 39885 40228 52008 333 10116 21012 70000 555 10045 29050 66666 00093 10099 20090 30085 50092 90117=
40743 42965 00000 10066 21081 39055 40191 53004 333 10130 20016 70000 555 10017 29034 66666 00123 10128 20108 30103 50118 90134=
40745 42960 41503 10040 21018 39049 40232 52015 80002 333 10083 21028 70000 555 10018 29066 66666 00082 10084 20064 30058 50072 90100=
40747 42960 31502 10087 21143 38622 40198 52001 80001 333 10127 21073 70000 83070 555 10017 29018 66666 00087 10084 20062 30055 50068 90094=
40754 42963 23004 10093 21138 38811 40171 58001 81071 333 10117 20024 70000 81360 555 10022 29018=
40762 42665 10000 10040 21108 38539 40208 52010 81100 333 10089 21055 70000 81835 555 11006 29033 66666 00054 10070 20064 30052 50066 90092=
40766 42970 40000 10107 21239 38689 40205 53002 80003 333 10136 21062 70000 84070 555 10019 29007 66666 00094 10090 20064 30056 50074 90102=
40768 42960 00502 10014 21060 38246 40223 55001 333 10101 21078 70000 555 11013 29058 66666 00062 10052 20042 30036 50036 90058=
40769 42960 01901 10063 21077 38278 40189 55001 333 10108 21051 70000 555 10013 29036 66666 00060 10060 20050 30044 50063 90104=
40780 42960 43201 10055 21074 38692 40235 52010 80001 333 10143 21027 70000 84070 555 10011 29039 66666 00088 10084 20070 30064 50080 90100=
40782 42970 12603 10075 21081 38866 40204 52006 80001 333 10144 21029 70000 81070 555 10021 29032 66666 00098 10098 20080 30068 50096 90116=
40785 42960 00000 10079 21082 39082 40200 52010 333 10166 21016 70000 555 10024 29031 66666 00128 10124 20104 30086 50100 90160=
40791 42962 03102 10122 21116 39352 40189 53008 333 10168 20023 70000 555 10044 29018 66666 00144 10146 20134 30126 50133 90163=
40792 42965 03102 10059 21113 38711 40201 52010 333 10106 21036 70000 555 10005 29028 66666 00102 10108 20098 30080 50114 90126=
40798 42960 02604 10016 21137 37943 40240 50003 333 10097 555 11030 29031 66666 00066 10075 20053 30042 50059 90080=
40800 42960 01601 10065 21094 38446 40207 55001 333 10141 21050 70000 555 10011 29031 66666 00064 10094 20080 30066 50088 90120=
40809 42962 03403 10047 21164 38481 40205 53014 333 10108 21067 70000 555 11014 29020 66666 00102 10111 20091 30083 50101 90130=
40811 41958 23001 10177 21010 30149 40175 53005 70500 80001 333 10222 20084 70000 82070 555 10098 29028 66666 00182 10188 20174 30174 50168 90210=
40812 42960 00000 10144 21012 39792 40174 52011 333 10204 20069 70000 555 10079 29034 66666 00176 10168 20164 30152 50160 90194=
40821 42962 00000 10085 21139 38788 40211 52006 333 10131 21018 70000 555 10017 29019 66666 00126 10122 20102 30096 50106 90134=
40829 42960 00803 10102 21074 39602 40189 52012 333 10180 20024 70000 555 10041 29028 66666 00136 10146 20126 30124 50140 90176=
40831 42960 43103 10179 21002 30177 40186 55001 84030 333 10210 20058 70000 84360 555 10101 29029 66666 00226 10236 20194 30190 50200 90216=
40833 42960 63302 10180 21010 30152 40185 53003 80006 333 10222 20058 70000 86270 555 10099 29027 66666 00222 10220 20190 30170 50196 90216=
40841 42965 03404 10044 21121 38237 40216 53009 333 10099 21065 70000 555 11010 29029 66666 00096 10098 20076 30082 50110 90146=
40845 42960 03004 10170 20072 30184 40189 53007 333 10190 20160 70000 555 10121 29052 66666 00184 10188 20180 30178 50188 90202=
40848 41958 10000 10096 21039 38513 40182 53006 70500 81001 333 10130 21017 70000 81070 555 10042 29038 66666 00112 10116 20100 30090 50102 90124=
40854 42960 00202 10112 21087 38951 40169 52014 333 10154 20055 70000 555 10042 29024 66666 00168 10186 20166 30152 50164 90198=
40856 42962 03603 10090 21113 38637 40197 52018 333 10141 21020 70000 555 10023 29022 66666 00118 10136 20116 30102 50110 90138=
40859 42960 10000 10100 21050 38694 40187 53002 80001 333 10146 21022 70000 81070 555 10042 29034 66666 00134 10140 20108 30110 50124 90151=
40875 42960 02405 10198 20108 30145 40157 52007 333 10224 20101 70000 555 10149 29056 66666 00215 10239 20214 30201 50220 90245=
40879 42960 02402 10162 21064 39479 40166 53011 333 10198 20085 70000 555 10075 29020 66666 00220 10228 20206 30198 50200 90234=
40882 42960 02805 10200 20078 30131 40166 52012 333 10236 20162 70000 555 10137 29045 66666 00224 10226 20212 30210 50212 90244=
40883 41958 02805 10209 20054 30133 40161 53009 70500 333 10250 20102 70000 555 10132 29036 66666 00232 10232 20212 30208 50226 90246=
40893 41957 03108 10205 20055 30143 40149 53007 70500 333 10223 20152 70000 555 10131 29037 66666 00227 10229 20224 30227 50242 90230=
40898 42960 00607 10214 20075 30136 40145 53020 222// 00232 20802 333 10230 20168 70000 555 10142 29041 66666 00230 10256 20254 30254 50248 90264=
41024 42960 32806 10290 20090 30089 40115 80002 333 59006 83070=
41036 42960 03408 10234 20020 38563 48512 333 59017 555 04410 50139=
41055 42960 00809 10206 21050 38366 48514 333 59013 555 04410 50146=
41061 42960 41110 10192 21080 39468 40184 84010 333 58008 84460=
41084 42960 20910 10239 21070 38857 48509 82020 333 59013 82460 555 04410 50127=
41112 42560 32006 10170 20110 37949 48521 83400 333 59003 83620 555 04410 50130=
41114 42560 20710 10203 21110 37983 48520 82400 333 59007 82622 555 04410 50118=
41128 42560 20908 10208 21070 38836 48536 82400 333 58006 82630 555 04410 50181=
41136 42960 00405 10215 21090 39361 40184 333 58011=
41140 42560 32208 10273 20220 30115 40123 83400 333 58003 83630=
41150 42964 03408 10186 20098 40191 333 59005=
41176 44/69 /2401 10194 20101 30182 40188 333 59006=
41184 42960 03003 10188 20060 40170 333 59008=
41194 42960 02708 10217 20045 30164 40170 333 59003=
41196 42960 02606 10207 20055 30133 40174 333 59004=
41216 42660 12809 10199 20146 30173 40177 81500 333 59004 81630=
41217 42960 02908 10202 20093 30143 40173 333 59005=
41244 36/// /3106 10194 20043 39731 40150 333 0E017 55300 25022 59009=
41246 36/// /0706 10218 20101 30156 40158 333 0E015 55300 25022 58000=
41254 36/// /1403 10085 21042 38037 49845 333 0E001 55300 25022 58005=
41256 22960 02704 10208 20082 30145 40162 333 58018 55003 55407 55408 55507 55508 70002=
41257 36/// /0606 10192 20016 39664 40164 333 0E016 55300 20082 58015=
41258 36/// /2807 10220 20108 30152 40155 333 0E/// 55306 20197 58016=
41263 36/// /2512 10207 21040 39559 40124 333 0E013 55300 20227 58000=
41265 36/// /2208 10223 20002 39556 40121 333 0E016 55300 20194 58000=
41267 26/// /3408 10221 20132 30148 40161 333 0E020 58006 70002=
41268 36/// /0306 10213 20113 30106 40154 333 0E019 55300 25022 58007=
41275 36/// /3112 10214 21022 30006 40177 333 0E011 55300 20132 58005=
41288 36/// /1208 10231 20099 30138 40160 333 0E019 58003=
41315 36/70 /3514 10182 21035 39337 48184 333 0E017 55300 27865 58018=
41506 12920 00000 10060 21010 38581 48770 60001 333 58025==
41508 42940 02701 20000 30000 333 58000==
41515 42920 00501 10070 21076 38565 48260 333 58007==
41516 12940 10000 10050 21030 38541 48980 60001 81030 333 56080 59050==
41517 11440 00000 10010 21080 37807 48410 60001 70411 83500 333 56800 59031==
41518 12440 40000 10067 21036 30001 48010 60001 82520 333 56880 58000==
41519 12440 33101 10105 21016 38794 48310 60001 83500 333 56800 59007==
41523 12940 00000 10120 21026 39053 48710 60001 333 59055==
41535 12940 00000 10095 20001 38691 48600 60001 333 59032==
41536 12940 00000 10110 20007 39011 48790 60001 333 59042==
41560 12940 00000 10060 21010 38325 48550 60001 333 58015==
41571 11900 01303 10140 20007 39548 40136 60001 70500 333 59032==
41598 11940 00000 10145 20074 39850 40124 60001 70400 333 59019==
41600 11940 00000 10130 20111 30000 40133 60001 70400 333 59019==
41620 12940 02301 10090 20110 38533 48370 60001 333 59037==
41624 11920 02701 10170 20070 30000 40116 60001 70400 333 59042==
41630 11940 00000 10160 20081 30000 40142 60001 70400 333 59022==
41640 11940 00000 10160 20081 39892 40144 60001 70400 333 59012==
41660 12400 21303 10040 21022 38422 48140 60001 81530 333 56880 59004==
41678 11940 00000 10200 20074 30000 40138 60001 70500 333 59023==
41696 12440 40000 10040 21037 37998 48260 60001 82520 333 56880 59011==
41697 12940 00000 10180 20029 30000 40125 60001 333 59027==
41700 11920 00000 10170 20094 30000 40120 60001 70400 333 59032==
41710 12940 03103 10150 21133 30000 40121 60001 333 59011==
41712 12940 00000 10140 21010 39179 48930 60001 333 59020==
41715 11940 00000 10195 20091 30000 40132 60001 70500 333 59036==
41718 11920 00000 10165 20088 30000 40133 60001 70400 333 59030==
41725 12940 00000 10180 20071 30000 40128 60001 333 59033==
41739 12940 03602 10140 20022 39060 48140 60001 333 59008==
41744 12940 20000 10110 20007 38773 48940 60001 82020 333 56080 59016==
41749 11940 01303 10180 20095 30000 40139 60001 70400 333 59019==
41756 11940 02706 10205 20095 30000 40147 60001 70504 333 59012==
41757 12940 02302 10210 20100 30138 40151 60001 333 59004==
41759 12940 02302 10210 20100 30000 40144 60001 333 59029==
41764 12940 00000 10195 20038 30089 40140 60001 333 59009==
41768 12940 03101 10190 20118 30133 40140 60001 333 58000==
41780 12940 02504 10220 20090 30112 40139 60001 333 59012==
41785 12940 00000 10180 20117 30126 40139 60001 333 59011==
42027 31994 01802 10041 20009 38409 48497 71000 333 59051=
42071 31995 01602 10134 20077 40149 70500 333 59010=
42101 31994 00000 10130 20123 40168 71000 333 58001=
42111 31994 00000 10126 20096 39432 40148 71000 333 58004=
42123 32996 00000 10146 20096 40145 333 59019=
42131 31995 00502 10142 20104 40150 71000 333 59016=
42165 31995 00000 10160 20067 40133 70500 333 59018=
42182 31995 20000 10150 20121 40150 71000 82030 333 59005 82360=
42189 31995 00000 10152 20119 40146 70500 333 58008=
42309 31995 30000 10160 20157 40154 71021 83030 333 58019=
42314 31595 30000 10194 20157 40148 71000 82530 333 58017 82620 83360=
42328 31995 03602 10164 20095 40118 70500 333 59016=
42339 31895 20000 10200 20104 40128 70500 80030 333 59016 82360=
42348 21595 60709 10212 20097 40131 72162 82530 333 59015 6990/ 82625 85360=
42361 31995 00000 10180 20138 40148 70500 333 58004=
42369 31995 00000 10190 20126 40145 70500 333 58011=
42379 31995 00000 10164 20128 40135 70500 333 58013=
42410 31594 40000 10178 20161 40150 71011 81530 333 58018 81620 83360=
42415 31995 00000 10184 20153 40154 71000 333 58019=
42452 31595 40000 10204 20161 40126 71022 82530 333 59010=
42492 31995 00000 10190 20134 40148 70500 333 58024=
42559 32996 01401 10208 20154 40124 333 59004=
42571 31996 00000 10218 20131 40144 70500 333 58015=
42591 31995 00000 10184 20131 40156 70500 333 58023=
42623 31495 30000 10142 20102 39267 40151 71000 83500 333 58015 83618=
42634 32996 00000 10220 20046 40141 333 58002=
42647 31896 63405 10254 20118 40131 70422 86030 333 58002 86358=
42667 32996 00202 10230 20176 39544 40131 333 58002=
42675 31996 00000 10216 20174 40124 70500 333 59004=
42701 31996 00000 10204 20130 39405 40134 70500 333 58016=
42724 31996 00000 10180 20160 40141 71000 333 58021=
42737 32596 52905 10226 20097 40137 82530 333 58004 82620 85358=
42754 31996 00000 10244 20151 39487 40116 70500 333 59006=
42779 32996 00000 10240 20165 39445 40138 333 58015=
42798 31995 02902 10228 20151 40132 70500 333 58017=
42809 31995 00000 10223 20157 40140 70500 333 58020=
42840 32996 00000 10236 20141 40129 333 58006=
42867 31996 00000 10248 20178 40127 70500 333 58010=
42874 31996 00000 10272 20192 40125 70500 333 58009=
42886 31995 00000 10244 20194 40132 70500 333 58013=
42895 31995 22301 10240 20222 40144 70500 82030 333 58020 82360=
42909 32896 20000 10232 20178 40133 82030 333 58002 82358=
42971 31994 01102 10256 20226 40142 71000 333 58022=
43003 31995 03203 10252 20153 40131 70400 333 58017=
43014 31995 00000 10246 20168 39473 40115 70544 333 58009=
43041 31996 00000 10258 20172 39517 40128 70500 333 58013=
43063 32996 02701 10246 20150 39504 40125 333 58010=
43086 31996 20000 10266 20236 39939 40116 70511 82030 333 58010=
43110 31995 03602 10250 20211 40132 70544 333 58016=
43117 32996 11802 10284 20174 40113 80001 333 58014=
43128 31996 00000 10274 20165 39527 40125 70500 333 58010=
43150 31996 22504 10256 20142 30068 40129 70500 80001 333 58004 82075=
43185 32596 30000 10254 20227 30121 40125 83500 333 58008 83620=
43189 32596 20000 10256 20207 30123 40132 81501 333 58002=
43192 32996 00000 10272 20240 40115 333 58010=
43201 32996 00000 10226 20086 39381 40107 333 58013=
43213 32996 00000 10274 20131 39798 40112 333 58018=
43233 32996 20000 10242 20113 39315 40129 80001 333 58010=
43237 32996 00703 10278 20048 39705 40093 333 58015=
43245 32996 01103 10264 20216 30108 40135 333 58013=
43279 32596 21102 10246 20213 30121 40139 81501 333 58012 81620=
43284 32996 59902 10278 20237 30002 40117 82030 333 58013 82359 83075=
43295 32996 10902 10228 20143 39120 48529 80001 333 58017 81075=
43314 32596 20000 10300 20252 40116 82500 333 58013=
43329 32996 00000 10250 20223 30115 40129 333 58012=
43333 31495 40000 10258 20222 40112 70510 83401 333 59003 82618=
43344 31996 20705 10270 20210 30027 40126 70500 80001 333 58013 82075=
43353 31496 49902 10282 20242 40117 71021 81530 333 56790 58015 81620 83359=
43369 32596 50502 10286 20261 40113 83530 333 58007 83620 85358=
43371 32496 20000 10278 20237 30047 40119 81501 333 58014 81614=
44212 429// 31702 11306 21351 39316 40634 52004 80007==
44213 429// 00000 11317 21355 38941 40641 52005==
44214 42970 03205 11185 21246 38375 40540 52008==
44215 429// 02401 11220 21257 38518 40572 52007==
44217 32998 00000 11259 21300 37921 40652 52007 333 91200=
44218 41/// 40000 11240 21270 38733 40588 52004 77621 84030==
44219 32999 00102 11290 21318 38747 40626 52005 333 91203=
44265 429// 00801 11266 21296 38971 40573 51001==
44266 329// 03304 11201 21245 37825 40551 52006 333 91205=
44434 42157 13404 10150 20112 39221 48504 81100 333 58005=
44454 42457 21402 10132 20078 38665 48500 82100 333 58016=
48064 42940 01401 10270 20226 30003 40060 333 59002==
48094 42950 00000 10250 20220 30095 40105 333 58006==
51076 14/60 /0300 11218 21239 39514 40503 57002 60001 333 11118 21227 3/102 4/026 58019 70000 90761 91102==
51087 14/67 /1301 11209 21234 39359 40502 54000 60001 333 11105 21217 3/105 4/018 58019 70000 90761 91103==
51156 14/80 /3602 11146 21179 38815 40467 52003 60001 333 11065 21168 3/113 58025 70000 90761 91106==
51243 14/57 /0101 11109 21132 39881 40478 52008 60001 710// 333 11087 21118 3/108 58027 70000 90761 91104==
51463 14/01 /1400 11156 21177 39169 40473 54000 60001 745// 333 11098 21156 3/101 4/036 58010 70000 90761 91103==
51573 14/58 /3602 11024 21124 30316 40368 57001 60001 333 10051 21053 3/107 59004 70000 90761 91104==
51644 14/44 /0000 11075 21120 39047 40389 52007 60001 705// 333 10015 21136 3/108 4/003 59009 70000 90761 91104==
51656 14/59 /1002 11050 21104 39258 40384 52001 60001 333 10019 21128 3/111 59008 70000 90761 91105==
51709 14/62 /0201 11039 21178 38702 40366 52006 60001 333 10027 21094 3/108 59021 70000 90761 91105==
51716 14/22 /0201 11052 21135 38998 40375 52004 60001 705// 333 10040 21121 3/112 59019 70000 90761 91103==
51765 14/63 /0000 11074 21134 39314 40377 57003 60001 333 10037 21135 3/112 59009 70000 90761 91104==
51811 14/26 /0000 11039 21186 38865 40365 52001 60001 706// 333 10041 21119 3/112 59022 70000 90761 91104==
51886 14/80 /1901 11087 21271 37142 40378 57001 60001 333 11026 21188 3/114 58001 70000 90761 91105==
52203 14/64 /0901 11071 21120 39448 40390 57001 60001 333 10018 21129 3/112 58001 70000 90761 91105==
52602 14/80 /2200 11139 21274 37312 40446 52003 60001 333 11023 21208 3/119 58001 70000 90761 91105==
52818 14/59 /2001 11097 21202 37278 40358 57001 60001 333 10006 21171 3/115 59002 70000 90761 91105==
55228 04980 /0901 11066 21323 36051 40306 52011 60002 700// 333 10040 21175 3/115 58023 60001 70000 90720 91115=
55299 14/63 /1201 11086 21348 35887 40317 52013 60001 333 10053 21194 3/120 58052 70000 90761 91120==
55578 04957 /2901 11029 21233 36387 40147 52019 60002 700// 333 10151 21060 3/108 54412 58038 60001 70000 90720 91105=
55591 14/59 /1201 10031 21256 36528 40107 52021 60001 333 10176 21020 3/108 58070 70000 90761 91106==
55664 04964 /0102 11011 21289 36043 40237 52023 60002 700// 333 10122 21141 3/110 54415 58022 60001 70000 90720 91112=
55773 04970 /3301 11029 21173 36037 40098 52019 60002 700// 333 10141 21090 3/112 54405 58030 60001 70000 90720 91119=
56004 14/76 /2605 11114 21344 35852 40364 52017 60001 333 11006 21230 3/118 58034 70000 90761 91119==
56312 04980 /1602 10057 21034 37097 40148 52046 60002 700// 333 10170 21016 3/002 58022 60001 70000 90720 91110=
62306 32560 63606 10177 20115 40185 57001 83204=
62309 32560 40205 10184 20122 40170 52001 84500=
62332 32960 60408 10184 20129 40171 57009 80004=
62337 32960 43509 10180 20134 40164 52002 80004=
62366 34858 63409 10207 20096 40159 52001 70522 86038=
62387 31930 63306 10213 20084 40156 57002 70500 80005=
62393 32960 53302 10221 20024 40173 57009 85020=
62405 32960 03003 10238 20038 40141 57002=
62414 32960 03408 10272 20026 40133 57002=
62419 32960 00305 10273 20055 40113 57004=
62420 32960 63602 10221 20022 40156 57001 80004=
62435 32960 73503 10256 20002 40137 57005 8702/=
62440 32960 00212 10196 20090 40153 57008=
62455 32960 03004 10211 20085 40150 57012=
62458 32960 03002 10192 20125 40155 57002=
62459 32960 32906 10204 20152 40148 57003 80002=
62465 32960 43404 10221 20134 40143 52001 80001=
41316 32984 30211 10254 21012 30141 40171 80001 91445 333 58007 55230 55407 55408 55507 55508 83075=
