SMPK OPKC 090600=
41504 02997 62304 10030 21089 37899 48557 60001 86030 333 56090 59014 60007 86360 RH41%=
41505 22697 52304 10050 21024 38/// 48/// 60002 82530 333 56990 58/// 82640 83360 59%=
41506 02697 63604 10110 21048 38559 48556 83520 333 56990 59016 60007 83640 84460 RH 32%=
41507 02697 30000 10110 20007 39292 49818 60001 83100 333 56900 58000 60007 83840 49%=
41508 02697 51802 10139 21010 38684 48555 60001 82120 333 56990 59006 60007 82835 83460 36%=
41509 02997 60000 10120 21017 38802 48541 60001 82031 333 56099 59006 60007 82360 84068 RH 40%=
41510 02997 40000 10070 20015 37931 48537 60001 84030 333 56090 59008 60007 84360 68%=
41515 02697 60000 10062 21051 38595 48555 60001 82520 333 56990 59002 60007 82650 83460 45%=
41516 02996 51302 10130 21069 38596 48553 60001 85031 333 56099 59022 60007 81363 84075 RH24%=
41517 02697 50000 10065 21092 37846 48570 60001 83530 333 56990 59022 60007 83640 84360 32%=
41518 02697 53602 10106 21044 38/// 48/// 60001 82230 333 56990 5//// 60007 82840 83362 34%=
41519 02997 30000 10130 21069 38815 48554 60001 80002 333 56009 59004 60007 83070 RH24%=
41520 02697 31804 10050 21098 37654 48293 60001 82230 333 56990 59019 60007 82840 81362 33%=
41523 02997 30000 10140 20022 39110 48527 60001 80001 333 56009 59006 60007 83070 45%=
41524 02997 31302 10190 21048 39386 40240 60001 83020 333 56090 59007 60007 83460 19%=
41525 22697 62704 10080 21013 37689 48403 60001 82520 333 56990 59004 82640 84460 52%=
41528 01997 00000 10135 20028 39239 48527 60001 333 59007 60007 48%=
41529 02996 22302 10215 20041 39798 40175 60001 82030 333 56090 59007 60007 82362 32%=
41530 01996 40904 10210 21024 39756 40165 60001 70522 82031 333 56099 59012 60007 82362 21%=
41534 02997 10000 10200 20031 39748 40159 60001 81030 333 56090 59018 70000 81360 33%=
41535 02697 23102 10150 21028 38734 48506 60001 82500 333 56900 59002 60007 82635 RH29%=
41536 02997 50000 10150 21010 39059 48531 60001 85020 333 56090 59004 60007 85460 33%=
41560 02997 00000 10045 21015 38310 48541 60001 333 59011 60007 RH65%=
41562 02997 00502 10200 21048 39699 40159 60001 333 59015 60007 RH 18%=
41565 02996 33104 10111 21044 38643 48511 60001 83020 333 56090 59006 60007 83460 RH 34% =
41567 01996 00000 10150 20043 39705 40126 60001 70400 333 59002 60007 49%=
41571 11996 32304 10200 21025 39588 40166 60001 70511 80001 333 56009 59009 RH22%=
41572 01696 13110 10200 21025 39534 40154 60001 70500 81030 333 59004 60007 81360 RH22%=
41573 02997 11302 10150 20018 37990 48505 60001 81020 333 56090 59005 60007 81460 41%=
41574 02697 22302 10160 21012 38360 48536 60001 82500 333 56900 59011 60007 82640 31%=
41576 01995 00000 10180 20013 40178 60001 70500 333 59010 60007 32%=
41577 01696 12302 10210 21004 39552 40160 60001 70500 81500 333 56900 59008 60007 81640 RH 24%=
41593 01996 01802 10200 20074 39948 40163 60001 70510 333 59007 60007 44%=
41597 02997 02302 10180 20058 40186 60001 333 59003 60007 45%=
41598 01996 23102 10145 20074 39905 40181 60001 70400 82030 333 56090 59002 60007 82360 63%=
41599 01995 01304 10165 20076 39879 40173 60001 70400 333 59006 60007 56%=
41600 01996 00000 10175 20054 39872 40167 60001 70500 333 59003 60007 48% =
41620 32696 22304 10130 21069 38606 48509 60001 82500 333 56900 59002 60007 82640 24%=
41624 01996 00000 10195 20053 39962 40162 60001 70400 333 59011 60007 39%=
41625 01996 00000 10195 20067 39950 40150 60001 70500 333 59008 60007 43%=
41630 01995 03604 10200 20086 40167 60001 70500 333 59013 60007 48%=
41633 02997 00000 10205 20039 4//// 60001 333 5//// 60007 34%=
41634 02997 02302 10200 21025 3//// 4//// 60001 333 5//// 60007 22%=
41635 01996 00000 10180 20083 3//// 4//// 60001 70400 333 5//// 60007 53%=
41636 01996 00000 10205 20039 39993 40178 60001 70500 333 59005 60007 34%=
41638 01996 00000 10200 20074 4//// 60001 70500 333 5//// 60007 44%=
41639 01996 03102 10170 20057 3//// 4//// 60001 70500 333 5//// 60007 47%=
41640 01996 02702 10205 20054 39917 40167 60001 70500 333 59009 60007 37%=
41641 01995 03307 10200 20086 39891 40166 60001 70500 333 59010 60007 48%=
41642 01996 03102 10195 20114 3//// 4//// 60001 70400 333 5//// 60007 59%=
41643 01995 03602 10175 20111 39883 40161 60001 70400 333 59007 60007 66%=
41644 01996 00000 10150 20081 4//// 60001 70400 333 5//// 60007 63%=
41646 01995 00000 10200 20098 39966 40181 60001 70400 333 59004 60007 52%=
41652 01996 00504 10195 20091 39994 40173 60001 70400 333 59007 60007 51%=
41660 02997 52308 10110 21069 38436 48526 60001 85030 333 56009 59009 60007 85360 29%=
41661 02697 70000 10130 21031 38382 48509 60001 83520 333 56990 59019 60007 83635 84460 33%=
41669 01996 20000 10195 20103 3//// 4//// 60001 70400 82030 333 56090 5//// 60007 82360 55%=
41670 01996 20000 10170 20057 4//// 60001 70500 82030 333 56090 5//// 60007 82362 47%=
41674 01995 30000 10180 20095 3//// 4//// 60001 70400 83070 333 56090 5//// 60007 83460 58%=
41675 01994 30000 10200 20086 30023 40166 60001 70500 83070 333 56090 59010 60007 83460 48%=
41676 01995 20000 10180 20106 30025 40185 60001 70400 82030 333 56090 59013 60007 82360 62%=
41677 01996 31802 10190 20085 39986 40153 60001 70400 83030 333 56090 59012 60007 83362 50%=
41678 01996 30000 10200 20066 40172 60001 70500 83020 333 56090 59022 60007 83460 48%=
41679 01996 03102 10200 20074 4//// 60001 70500 333 5//// 60007 44%=
41680 01995 20000 10210 20088 39971 40171 60001 70500 82030 333 56090 59009 60007 82362 45%=
41685 02997 00000 10185 21087 38931 48519 60001 333 59004 60007 RH15%=
41696 02997 02302 10125 21031 38006 48517 60001 333 58005 60007 Rh35%=
41697 02997 00000 10200 20031 40164 60001 333 59001 60007 RH33%=
41700 01995 11804 10210 20100 40156 60001 70500 81030 333 56090 59009 60007 81360 49%=
41701 01995 21804 10220 20090 30031 40173 60001 70500 82030 333 56090 59010 60007 82360 43%=
41710 12997 00000 10180 20065 39345 40112 60001 333 59014 47%=
41712 12997 00000 10180 21008 39176 48499 60001 333 59023 RH28%=
41715 01996 00502 10200 20086 30099 40164 60001 70500 333 59014 60007 RH48%=
41716 01995 00000 10210 20075 30066 40170 60001 70500 333 59013 60007 42%=
41718 01995 00000 10200 20098 30057 40160 60001 70400 333 59013 60007 52%=
41724 01995 00000 10200 20109 30099 40178 60001 70500 333 59015 60007 RH56%=
41725 02996 00000 10200 20086 30075 40154 60001 333 59011 60007 RH48%=
41726 01995 00504 10220 20102 30101 40172 60001 70500 333 59014 60007 RH47%=
41738 02996 00904 10210 20015 39983 40165 60001 333 59022 60007 RH27%=
41739 02996 00504 10170 20098 39091 48548 60001 333 59008 60007 RH62%=
41742 12997 22702 10250 20004 40165 60001 82030 333 56090 59015 82360 RH 20%=
41743 01996 00000 10200 20096 60002 70400 333 60007 55%=
41744 12996 00000 10175 21038 38796 48522 60001 333 59016 RH 23%=
41745 01996 03106 10200 20098 60001 70400 333 60007 RH52%=
41746 02996 03604 10190 20108 30109 40163 60001 333 59021 60007 RH59%=
41747 01995 00000 10200 20086 40153 60001 70500 333 59018 60007 RH48%=
41748 01996 03102 10185 20090 40171 60001 70500 333 59014 60007 RH54%=
41749 01995 03106 10215 20106 30128 40162 60001 70400 333 59029 60007 RH50%=
41756 01996 23602 10230 20136 30094 40160 60001 70504 80001 333 56009 59022 60007 82070 RH56%=
41757 12996 40000 10230 20126 30163 40176 60001 80001 333 59004 60007 84070 RH52%=
41759 02996 33602 10230 20104 30151 40157 60001 83030 333 56090 59019 60007 83360 RH45%=
41760 01996 23606 10220 20090 30147 40160 60001 70500 80001 333 56009 59021 60007 82080 RH 43%=
41764 01995 03610 10225 20043 30109 40160 60001 70400 333 59016 60007 RH30%=
41765 02996 03604 10230 20079 30131 40167 60001 333 59011 60007 RH38%=
41766 01996 03102 10205 20104 40166 60001 333 59015 60007 52%=
41767 02996 00000 10210 20100 3//// 4//// 60001 333 60007 RH49%=
41768 02996 00000 10220 20064 30144 40151 60001 333 59022 60007 RH36%=
41780 01996 00202 10245 20030 30133 40160 70500 333 59016 60007 RH25%=
41783 02996 00502 10230 20079 30118 40147 60001 333 59019 60007 RH 38%=
41785 02996 00502 10210 20100 30147 40160 60001 333 59019 60007 RH49%=
41786 02996 40904 10230 20019 30115 40152 60001 82030 333 56099 59015 60007 82362 82072 RH25%=
41BAG 02697 20502 10030 21051 60001 82500 333 56900 60007 82640 55%=
41BKI 02996 21802 10220 20034 39748 40160 60001 82030 333 56090 59015 60007 82360 RH 29%=
41SKP 01996 00000 10175 20100 3//// 4//// 60001 70400 333 5//// 60007 61%=
43532 02996 00000 10140 20035 39343 40151 60001 333 59033 60007 49%=
43533 02997 00000 10155 20043 39240 48513 60001 333 59002 60007 47%=
43536 31595 30201 10118 21023 38454 48540 70522 83500 333 59012 RH 47%=
43563 02997 00000 10172 20038 39470 40161 60001 333 59003 60007 41%=


UPPK OPKC 090600=
PPAA 59051 41780 MISDA NO ASCENT DUE TO RED BALLOON SHORTAGE=
PPAA 5906/ 41515 MISDA DUE TO Cloudy Weather=
PPAA 5906/ 41516 MISDA DUE TO AIR MOVEMENT=
PPAA 5906/ 41598 MISDA DUE TO TECHNICAL PROBLEM=
PPAA 5906/ 41640 MISDA DUE TO TECNICAL PROBLEM=
PPAA 5906/ 41646 MISDA DUE TO TECHNICAL REASON =
PPAA 5906/ 41678 MISDA DUE TO TECHNICAL PROBLEM=
PPAA 5906/ 41715 NO ASCENT DUE TO BALLOONS OUT OF STOCK=
PPAA 5906/ 41718 MISDA DUE TO TECHNICAL PROBLEM=
PPAA 5906/ 41739 no acent due to security risk=
PPAA 5906/ 41764 NO ASCENT DUE TO PAF FLYING=
PPAA 6006/ 41749 MISDA DUE TO TECHNICAL FAULT=


Data Generated from File : D:/all data handling/Rmc_lhr/2025020906.FSU.txt
09/02/2025   07:04:30
____________________________________________________________________________________________
15020 04567 81103 11053 21085 30207 40420 55002 60002 885// 333 11042 21053 34105 55300 20001 60007 91004 90760 91106==
15090 04464 80302 11056 21081 30322 40422 57004 60002 886// 333 11031 21057 34105 55300 10060 20000 30000 60007 91004 90760 91104==
15108 02984 01109 11083 21176 38164 48584 57002 60002 333 11075 21101 49082 55300 20007 60007 70000 91010 90760 91111==
15150 04567 83102 11054 21092 30189 40420 54001 60002 8457/ 333 11039 21054 34105 55300 20003 60007 70000 91003 90760 91104==
15170 04965 02801 11149 21166 39560 42911 54000 60002 333 11035 21149 3/111 41998 55300 20003 60007 70000 91001 90760 91102==
15280 02984 00806 11097 21251 37548 47083 54001 60002 333 11087 21105 49082 55300 20003 60007 70000 91007 90760 91107==
15310 07958 00103 11072 21085 30303 40396 54001 60002 7101/ 333 11027 21072 34108 55300 10250 20002 30002 60007 91007 90760 91107==
15335 04561 73503 11063 21087 30381 40389 52004 60002 82570 333 11028 21064 34107 55300 20009 60007 91006 90760 91107==
15350 04962 03402 11072 21098 30275 40406 54000 60002 333 11029 21072 34106 55300 20004 60007 70000 91002 90760 91103==
15360 07458 80112 11020 21033 30345 40363 53003 60002 7101/ 886// 333 10024 21020 60007 70000 91015 90760 91115==
15420 02564 83101 11033 21067 30278 40397 57002 60002 8557/ 333 11021 21035 34104 55300 20000 60007 70000 91001 90760 91102==
15460 04565 60105 11040 21073 30361 40388 53002 60002 86500 333 11021 21040 30105 55300 20005 60007 70000 91009 90760 91110==
15470 04567 80902 11032 21074 30264 40399 57003 60002 8457/ 333 11021 21033 30104 55300 20001 60007 70000 91002 90760 91103==
15480 04462 82501 11033 21055 30348 40367 53006 60002 886// 333 11008 21035 34104 55300 10110 20004 30004 60007 91006 90760 91108==
15549 12562 73603 11055 21065 39937 40383 57003 60002 87500 333 11043 21058 70001 555 34105 592//=
15552 12460 83406 11022 21052 30294 40346 54000 69902 885// 222// 00066 10402 333 11015 21024 55000 70001 555 30102 577// 92036 92437=
15640 12668 53414 11033 21044 30030 40363 57002 60002 85500 333 11015 21035 55017 70000 555 34106 592//=
15655 11568 83210 11013 21059 30309 40344 57001 69902 70272 885// 222// 00067 10403 333 11007 21016 70000 91116 555 34/// 40000 568// 70600 92047 92447=
15730 12970 83603 11035 21059 39944 40366 53003 60002 8807/ 333 11003 21036 55073 70000 555 31/// 583//=
16627 12560 73606 10016 21047 30325 40331 51005 60002 87800 333 20010 30/// 55056 70000 82825 86635 90730 91116==
16650 12460 70416 10046 21027 30307 40316 52004 60002 87600 333 20040 30/// 55018 70000 83715 87625 90730 91130==
16667 12560 60116 10060 20004 30269 40280 53003 60002 86800 333 20054 30/// 55074 70000 82820 85625 90730 91132==
16706 11560 70220 10080 20023 30250 40256 54000 69922 70262 87500 333 20080 31/// 55040 70002==
16723 12560 30311 10074 21003 30219 40234 57003 60002 83200 333 20064 30/// 70000 90730 91121==
16742 12460 13514 10084 20027 30058 40216 52012 60002 81100 333 20082 30/// 70000 90730 91121==
16749 12960 09901 10076 20034 30182 40196 53004 60002 333 20042 30/// 55091 70000 90730 91104==
16754 11460 63415 10104 20056 30193 40242 52002 69982 76162 86600 333 20096 31/// 55000 70012 82710 86625 90730 91130==
16757 12560 73321 10106 20073 30080 40215 52007 60002 84520 333 20090 30/// 55000 70000 84625 87458 90730 91137==
16760 11460 70112 10064 20039 40243 52003 60052 72162 87800 333 20058 32/// 55001 70088 82818 86625 90730 91121==
16765 12560 53218 10112 20024 40204 58013 60002 85800 333 20110 30/// 70000 85825 85630 90730 91126==
17022 11567 71504 10015 20015 30116 40289 53002 60012 78082 85270 333 20012 32000 55000 20377 70019 85830 87358 90760 91108==
17024 11550 82010 10013 20011 30190 40271 53004 60022 76162 8652/ 333 20013 32000 55000 70070 86630 88558 90760 91116==
17026 11570 82905 10049 20035 30227 40267 57003 60062 70262 8452/ 333 20033 32000 55000 20247 70075 84630 88459 90760 91111==
17031 11456 73110 10051 20033 30258 40265 53001 69922 78022 87200 333 20035 32002 70012 84712 87827 90760 91116==
17034 11670 72201 10058 20022 30223 40270 51003 60012 72582 83250 333 20049 32004 55000 70024 83835 87360 90760 91109==
17038 11470 72206 10063 20015 30205 40254 51001 60022 70282 87200 333 20052 32/// 70028 82718 87835 90760 91120==
17042 12670 60000 10056 20032 30226 40267 53003 60002 83250 333 20041 30004 55000 83835 86360 90760 91108==
17050 12670 63505 10000 21061 30288 40354 52002 60002 83570 333 21003 30102 55020 83635 86358 90760 91114==
17056 12670 73313 10003 21037 30320 40325 57005 60002 84530 333 20001 30000 55024 20745 84635 87360 90760 91124==
17060 11460 73514 10035 20016 30261 40303 53002 60032 78082 87200 333 20027 32002 70058 83712 87825 90760 91125==
17070 12565 81601 11015 21044 39375 40280 53002 60002 8552/ 333 20172 3/103 45998 85630 88460 90760 91104==
17074 11570 82302 11008 21013 39301 40268 53001 69902 77022 8552/ 333 21009 34104 55000 20276 85623 88457 90760 91105==
17084 12670 72001 10000 21005 39325 40260 51001 60002 84540 333 21004 31102 55011 24145 84635 87360 90760 91103==
17085 12670 60000 10022 21008 39754 40260 53001 60002 84570 333 20015 32001 55016 84635 86360 90760 91103==
17092 11656 20000 11099 21099 38887 48502 51006 60002 71000 82500 333 21140 3/115 47010 55051 21461 82645 90760 91105==
17096 12660 50202 11088 21101 38235 48510 52007 60002 83540 333 21129 3/112 43007 55071 20398 83635 85358 90760 91111==
17098 12660 60607 11066 21112 38197 48514 50006 60002 84530 333 21096 30110 84635 86357 90760 91109==
17100 12670 30000 11010 21055 39236 40269 52012 60002 81530 333 21041 30106 55018 20842 81640 83358 90760 91103==
17112 12665 70305 10016 21019 30314 40317 53001 60002 85570 333 20013 31001 55000 20155 85635 87360 90760 91119==
17115 11460 73617 10020 21002 30257 40310 53004 69962 70282 87200 333 20019 32001 55000 20272 70012 84715 86830 90760 91128==
17116 12462 70401 10036 20009 30169 40295 53004 60002 86270 333 20032 31003 55000 20473 83717 85830 87359 90760 91110==
17124 12660 73206 11006 21060 39325 40276 53005 60002 87500 333 20528 34102 87635 90760 91114==
17128 11560 70508 11013 21045 39125 40264 53003 69902 78522 85270 333 21015 34102 55036 20364 85830 87360 90760 91113==
17135 12670 80204 10010 21027 39351 40254 53004 60002 8452/ 333 20008 30101 55033 23203 84640 88460 90760 91108==
17140 11550 80802 11036 21052 38724 48504 53003 69932 77172 8652/ 333 21039 3/104 47009 70003 86630 88458 90760 91109==
17150 11458 73511 10014 20009 30160 40289 53004 60042 78582 87200 333 20013 32001 55006 20452 70056 84715 86835 90760 91122==
17160 11663 80405 11011 21062 39051 48508 53003 69902 77072 8552/ 333 21015 3/103 45997 55023 20942 85636 88458 90760 91111==
17170 12560 10808 11037 21136 38325 48500 52009 60002 81500 333 21083 30/// 81630 90760 91119==
17175 12665 61002 10036 21021 30281 40285 52006 60002 83250 333 20036 30002 55063 21269 83840 85360 90760 91110==
17184 12670 43505 10032 21011 30154 40269 52007 60002 83240 333 20030 30002 55096 21499 83840 84360 90760 91113==
17190 12670 73401 11013 21060 39028 48514 52006 60002 84550 333 21015 34103 55008 84635 87359 90760 91106==
17195 12570 70504 11028 21059 38997 48505 52004 60002 87500 333 21033 3/104 47012 55035 20850 70002 87630 90760 91109==
17200 12960 02105 11052 21070 39221 40251 52010 60002 333 21095 45001 90760 91107==
17202 12970 02305 11019 21049 39157 40234 52012 60002 333 21049 34/// 90760 91110==
17203 12970 00000 11010 21104 38890 48536 52009 60002 333 21040 34105 55048 20976 90760 91104==
17210 11670 30000 10016 21081 39147 40202 52015 69912 70161 83100 333 20005 34102 55019 70001 83840 90760 91105==
17219 12565 10114 10044 21016 30110 40260 53007 60002 81500 333 20037 30002 55087 21436 81630 90760 91127==
17234 12970 00702 10051 21037 30169 40239 52005 60002 333 20030 31101 55068 21348 90760 91105==
17237 12670 63001 10027 21042 39734 40252 52006 60002 84270 333 20008 34102 55073 84835 86360 90760 91103==
17240 12570 60205 10016 21053 39053 40229 52002 60002 83250 333 20006 34104 55093 21503 83830 86360 90760 91115==
17244 11640 73505 11013 21037 39027 48511 52005 69902 77022 85550 333 21013 41998 85635 87359 90760 91109==
17248 12565 80000 11017 21042 39000 48498 52005 60002 8552/ 333 21020 3/102 45003 55000 85630 88459 90760 91104==
17250 12570 80503 11024 21054 38817 48501 51004 60002 8452/ 333 21028 3/103 47003 55001 20636 84630 88459 90760 91110==
17260 12960 03302 10010 21049 39340 40178 52013 60002 333 21025 34104 90760 91107==
17270 12970 02901 10061 21053 39544 40202 52013 60002 333 20040 31000 90760 91110==
17275 12670 40000 10023 21017 38983 48495 52016 60002 81130 333 20004 30000 55052 81840 84360 90760 91114==
17280 12960 02403 10018 21025 39400 40205 52014 60002 333 21031 30107 55058 21197 90760 91108==
17290 12970 00308 10075 21053 30182 40215 53005 60002 333 20071 30003 55086 90760 91119==
17292 12970 00401 10027 21067 39437 40211 51001 60002 333 20009 34101 55023 20620 90760 91109==
17300 12960 03110 10068 21033 30140 40213 53003 60002 333 20056 30004 90760 91115==
17310 12970 00604 10107 21050 30174 40181 53002 60002 333 20099 31006 55000 90760 91112==
17330 12670 62905 10082 21042 30186 40204 52006 60002 83250 333 20081 30007 83840 86360 91017 90760 91122==
17350 12560 50103 10060 21038 30107 40187 54000 60002 82160 333 20030 30/// 82830 85358==
17370 12670 50000 10103 21012 30191 40195 52005 60002 83130 333 20079 31003 55053 83835 85360==
17375 12670 20102 10080 21026 30191 40193 53004 60002 82200 333 20067 30002 55074 21511 82835 90760 91104==
33088 32597 81504 11070 21089 30223 40429 54000 885// 333 21070 555 14105=
33135 31495 80902 11079 21093 30295 40455 57002 71022 886// 333 21079 88710 555 14105=
33177 32598 81104 11058 21078 30150 40404 53001 885// 333 21059 555 1/106=
33317 32597 81104 11086 21097 30064 40429 57002 885// 333 21086 88620 555 14105=
33393 32360 81405 11064 21081 39975 40394 53002 886// 333 21064 88708=
33415 32497 81404 11071 21084 39987 40415 53001 886// 333 21072 41998 88711 555 11106=
33429 32397 81503 11085 21095 39968 40425 57002 886// 333 21086 88706 555 14105=
33466 31558 80703 11075 21088 30237 40440 53002 71022 885// 333 21075 46997 555 1/106=
33506 32597 80604 11068 21084 30222 40433 56003 885// 333 21079 46001 555 16104=
33562 32660 80402 11080 21094 30110 40440 56006 885// 333 21081 47997 555 17108=
33587 32997 80702 11076 21094 30146 40430 57002 8805/ 333 21076 555 14106 34106=
33658 32472 81205 11059 21082 30094 40415 57001 886// 333 21060 88713 555 14105=
33663 32997 81302 11062 21089 30325 40428 57003 8805/ 333 21062 555 14102=
33664 32998 81102 11075 21089 30079 40420 57003 8805/ 333 21075 555 80013=
33678 32897 80802 11082 21102 30211 40440 57007 8805/ 333 21082 555 80013=
33679 32497 80302 11070 21087 30225 40431 57005 885// 333 21071 88618=
33711 32360 80306 11082 21096 30195 40422 57001 886// 333 21082 88709 555 14107=
33745 32597 80203 11065 21069 30229 40438 57003 8593/ 333 21067 555 80012=
33748 32597 80902 11071 21080 30105 40411 57005 883// 333 21072 555 80012=
33754 32998 60302 11066 21082 30265 40424 58007 86030 333 21068=
33761 31459 80405 11085 21089 30180 40422 52003 71011 886// 333 21102 555 14107=
33791 32361 80405 11070 21083 30277 40415 52004 886// 333 21085 42998 88708 555 12108=
33815 32597 70402 11075 21092 30180 40404 57006 87500 333 21075=
33837 32460 60305 11051 21075 30333 40388 53003 85601 333 21055 85711 555 14104=
33881 32597 60203 11073 21091 30197 40409 57001 86300 333 21080 555 80009=
33883 32998 23604 11081 21081 30222 40398 54000 80002 333 21081 555 80010=
33885 31596 53403 11084 21096 30264 40410 54000 71011 85500 333 21090 555 80010=
33892 31996 20204 11089 21098 30180 40411 58001 71000 82030 333 21092 46002 555 80020=
33902 32997 00406 11075 21097 30327 40391 53004 333 21080 555 14107=
33924 12560 80508 11031 21055 30339 40352 52005 60002 8357/ 333 21033 91013 90760 91113==
33946 12476 60611 11030 21043 30097 40330 53003 60002 86600 333 21032 47004 86716 91014 90760 91117==
33983 12/60 20411 11023 21067 30259 40323 57001 60002 81031 333 21032 42001 91017 90760 91118==
34300 32597 70603 11078 21100 30251 40443 58005 83530 333 21078 47003 555 17106=
34336 42970 00402 11125 21146 30325 40439 57005 333 21146==
34344 42970 02801 11142 21147 30335 40432 57007 333 21151==
34356 42960 00303 11131 21153 30261 40423 57003 333 21150==
34357 42970 02701 11134 21154 30250 40420 57005 333 21152==
34398 12970 00606 11086 21105 30368 40382 53002 60002 333 21105==
34415 11466 80703 11087 21098 30325 40430 57005 69902 77771 887// 333 21104 555 14107=
34438 42960 00203 11125 21139 30211 40421 57004==
34445 42570 62703 11126 21135 30296 40420 57006 82501==
34461 42/60 20303 11096 21125 30354 40414 54000 82030 333 21098==
34473 32997 00306 11093 21118 30354 40396 53002 333 21101=
34476 41940 00103 11097 21114 30384 40392 54000 71000 333 21105==
34504 31450 80504 11090 21101 30228 40417 57003 71022 885// 333 21090 46002=
34535 41440 83602 11100 21112 30334 40412 57006 77072 886//==
34545 41570 70304 11107 21120 30286 40407 57003 78522 87300 333 21109==
34555 41440 80407 11067 21081 30307 40405 57005 71022 886// 333 90760 91110==
34560 41340 80506 11085 21099 30196 40401 57001 71072 886// 333 21089 88707==
34578 41/40 50104 11083 21093 30374 40381 57002 71022 85030 333 21093==
34579 42970 03502 11084 21112 30331 40377 57004 333 21110==
34644 41540 80504 11072 21085 30309 40391 57003 71011 8657/ 333 21076==
34646 42570 70605 11052 21071 30300 40387 57002 87500 333 21053==
34655 42560 80304 11072 21088 30326 40390 57003 885// 333 21073==
34662 42470 70103 11082 21098 30380 40392 54001 87500 333 21084 87619==
34691 12970 03604 11086 21114 30577 40564 57005 60002 333 21099==
34720 42560 70303 11096 21114 30346 40389 54001 87600 333 21096==
34727 41440 80705 11056 21073 30348 40380 52004 71011 885// 333 21066 91010 90760 91112==
34743 42460 80503 11066 21081 30288 40383 57004 885//==
34759 41540 80304 11077 21082 30238 40378 54000 71022 885// 333 21077==
34772 42970 00104 11072 21093 30364 40367 57005 333 21088==
34785 42970 00205 11078 21105 30376 40352 57002 333 21105==
34798 12960 00204 11082 21114 30485 40454 54000 60002 333 21103==
34824 41940 80504 11067 21087 30359 40365 52004 71011 80001 333 21072 90760 91110==
34838 42/// /0504 11068 21089 30259 40362 52003 333 21073==
34845 42570 80803 11061 21072 30253 40368 53002 885//==
34858 41/20 80000 11069 21072 30255 40370 53002 71011 8801/ 333 90760 91153==
34861 41340 80505 11069 21424 30109 40368 54000 71022 886//==
34866 42970 00304 11071 21092 30373 40364 54000 333 21086==
34880 42660 10102 11076 21108 30372 40344 57001 81100 333 21094==
34887 42570 53602 11078 21100 30372 40348 53001 85500 333 21098==
34949 42/// /0704 11094 21108 39775 40360 52002 333 21139==
34954 42360 80403 11083 21088 30181 40367 52003 886// 333 21112==
34958 42570 80000 11079 21082 30153 40367 52004 885// 333 21134==
34975 42970 00403 11075 21096 30355 40351 53002 333 21091==
34984 42960 03503 11070 21097 30376 40344 53001 333 21096==
35217 12960 00504 11105 21144 30338 40381 53004 60002 333 21130==
35302 12970 00407 11078 21124 30364 40386 53001 60002 333 21107==
35315 32998 00406 11090 21141 30306 40366 53008 333 21131=
35344 31999 00406 11139 21177 30081 40391 52014 70230 333 21159=
35358 12960 00505 11134 21169 30177 40359 58008 60002 333 21170==
35368 32999 00203 11097 21143 30076 40358 52007 333 21180=
35386 32998 00000 11180 21215 39814 40380 52007 333 21248=
35394 11960 20000 11085 21173 39639 40345 54000 60002 70400 80001 333 21224==
35404 32998 00706 11083 21111 30360 40369 53001 333 21099=
35406 12/60 30605 11089 21109 30355 40357 53001 60002 83030 333 21110==
35416 12/70 20405 11098 21140 30225 40353 52007 60002 82030 333 21122==
35426 12984 03405 11105 21156 30053 40362 53022 60002 333 21122==
35437 31998 20612 11094 21129 30116 40449 52027 73630 80003 333 21122 91016 91118=
35449 32998 00406 11147 21183 30237 40348 52014 333 21156=
35497 12970 03602 11061 21129 39791 40638 52005 60002 333 21186==
35498 32998 00000 11181 21231 39429 40378 52003 333 21260=
35514 32998 20707 11082 21128 30566 40562 53008 82030 333 21114=
35522 32998 30303 11112 21169 30078 40346 52010 83030 333 21120=
35542 32998 00506 11132 21172 30193 40351 52009 333 21152=
35563 32998 00000 11086 21174 39553 40355 52012 333 21175=
35576 12970 10404 11125 21187 39879 40356 52014 60002 80001 333 21213==
35582 32998 00902 11145 21206 39721 40362 52004 333 21180=
35594 32999 00000 11180 21228 39470 40375 52002 333 21260=
35605 32998 60508 11088 21122 30354 40331 53001 83081 333 21111=
35633 32998 50307 11131 21161 30112 40340 52015 80003 333 21156=
35671 12/70 20403 11110 21157 39897 40350 52014 60002 82040 333 21197==
35699 12960 00505 11049 21159 39537 40310 52005 60002 333 21114==
35700 12970 30803 11091 21116 30351 40326 53004 60002 80005 333 21113==
35715 32999 01105 11108 21152 30342 40326 53014 333 21127=
35739 32999 30502 11122 21184 30161 40309 52015 80002 333 21162=
35746 12/70 80406 11076 21126 30225 40294 52012 60002 86052 333 21133==
35777 32997 60207 11114 21149 39976 40341 52015 80004 333 21153=
35796 12960 20504 11111 21162 39869 40327 52005 60002 80001 333 21176==
35849 11560 80502 11073 21103 30188 40277 52012 60002 77172 8872/ 333 21134==
35895 32998 53603 11126 21164 39869 40339 52003 80002 333 21179=
35907 32598 70506 11056 21094 30358 40326 53009 87500 333 21064=
35925 12970 00702 11121 21148 30199 40318 52017 60002 333 21149==
35927 32998 01102 11103 21139 30314 52022 333 21136=
35953 11/40 80704 11046 21085 30143 40277 52019 60012 77176 8802/ 333 21060==
35969 11/60 81104 11042 21080 30124 40302 52030 60012 77076 8802/ 333 21060==
35997 32998 40201 11136 21179 39866 40327 52008 83036 333 21166=
36259 42584 80000 11232 21260 38185 48483 57030 84902==
36335 32999 00000 11105 21174 39280 40347 58003 333 21218=
36358 32999 00000 11139 21163 39270 40342 57004 333 21240=
36394 32997 61404 11201 21231 39883 40341 57016 82049 333 21266=
36397 12984 30000 11173 21220 39735 40338 57008 69902 80001 333 21265==
36403 31996 70000 11198 21225 39942 40333 57014 71022 87040 333 21288=
36418 32999 60901 11207 21231 39690 40359 57005 80003 333 21305=
36421 32999 70802 11229 21270 39734 40352 57014 85032 333 21336=
36428 12/84 71601 11220 21258 39815 40363 57011 60002 82049 333 21321==
36439 32798 73202 11120 21160 38980 48485 57012 82530 333 21187=
36498 32998 03402 11085 21153 39486 40302 58001 333 21170=
36501 32999 00000 11124 21174 39526 40315 57008 333 21241=
36535 12984 33102 11225 21265 39670 40362 57011 60002 80001 333 21335==
36546 32999 00000 11231 21271 39775 40368 57002 333 21326=
36619 32999 00000 11157 21210 333 21228=
36622 32998 00000 11151 21199 39475 40326 58010 333 21235=
36639 12984 21301 11101 21201 39665 40294 58002 60002 80001 333 21253==
36643 32999 12201 11174 21197 39630 40339 58020 80002 333 21260=
36665 31996 01402 11177 21200 39551 40327 57010 71000 333 21251=
36666 32498 73401 11227 21248 39820 40361 57011 82601 333 21328=
36729 32998 02402 11108 21137 39802 40305 53003 333 21220=
36736 32999 01201 11060 21162 39728 40296 58002 333 21197=
36744 32998 30502 11125 21159 39844 40319 52003 80001 333 21203=
36770 32999 00000 11050 21116 39543 40285 52002 333 21205=
36786 32999 00000 10007 21095 39339 40254 52004 333 21137=
36796 32998 00000 11147 21208 39057 48492 52002 333 21233=
36803 32999 02509 11131 21151 39827 40301 58007 333 21173=
36806 32998 01606 11143 21222 39817 40314 58014 333 21239=
36819 32998 80000 11092 21126 39666 40304 52011 82024 333 21164=
36821 12984 32101 11104 21148 39794 40308 52001 60002 80002 333 21183==
36839 32999 20401 11044 21139 39129 40279 52002 80001 333 21149=
36843 32998 00301 10057 21087 39081 40231 52003 333 21040=
36846 32999 20802 11027 21141 38629 48518 52003 80002 333 21130=
36859 12984 00000 10038 21058 39512 40289 58004 60002 333 21104==
36870 11940 20000 11003 21051 39234 40251 52005 60002 71000 80001 333 21064==
36874 32698 21801 11058 21114 39617 40427 52008 82500 333 21158=
36877 32999 23301 11001 21055 39669 40691 52007 80001 333 21123=
36885 32999 22702 11021 21068 39123 40265 52003 80001 333 21077=
36889 32999 00000 11020 21108 37053 47070 52004 333 21077=
36894 32996 00000 11025 21068 39524 40275 58002 333 21107=
36905 32999 31101 10026 21074 38760 48516 52001 80002 333 21050=
36911 42999 52702 10024 21022 39272 40247 52003 80005 333 21020=
36927 42699 41402 10031 21061 38367 48535 52001 82950 333 21034=
36934 42598 81403 10030 21021 38281 48410 51005 82532 333 21044=
36953 32999 60000 11002 21080 38203 48508 58003 80004 333 21135=
36963 42999 51403 11044 21124 37036 48/// 52004 80001 333 21118=
36974 42998 30000 11004 21075 38018 48554 58004 80001 333 21140=
36982 42999 31501 11061 21181 36523 47085 54000 80001 333 21189=
37018 42/70 10405 11004 21090 30183 40261 52001 81040 333 21013 91011 90760 91111==
37031 42960 20603 11068 21121 30139 40347 52001 80009 333 21088==
37054 42660 80702 11074 21106 39950 40360 51006 885// 333 21102==
37061 42460 10202 11070 21091 30184 40365 53005 81600==
37085 42970 03603 11064 21091 30377 40349 53005 333 21089==
37171 42770 70804 10041 21011 30234 40253 53001 87500==
37228 41420 82801 11063 21077 39455 40336 57005 71022 886//==
37235 42670 83301 11055 21085 30013 40349 52007 885// 333 21085==
37472 42970 33204 11033 21075 30364 40340 52005 80001==
38149 42970 03002 11109 21145 30226 40308 52020 333 21181==
38178 12/70 82404 11075 21130 39955 40357 52024 60102 8802/ 333 21081==
38262 12970 02902 11104 21136 30207 40295 52006 60002 333 21155==
38264 42970 0//01 11092 21142 30206 40305 52012 333 21151==
38345 41696 80000 10012 21011 38842 48531 52019 71022 885// 333 20001=
38353 42998 52702 10023 21048 39354 40262 52022 80001 333 21019=
38388 72998 00000 11090 21145 30206 40282 53004 333 21134 6////=
38392 72997 23001 11074 21133 30188 40297 52010 80001 333 21147 6////=
38396 42960 32802 11063 21144 30167 40299 52007 80001 333 21128==
38403 12960 02001 11082 21119 30140 40269 52014 60032 333 21100==
38413 12/70 32604 11052 21069 30003 40310 52015 60012 83030 333 21081==
38457 11340 82401 10035 20020 39676 40273 54000 60042 71076 8872/ 333 20023==
38462 41540 80000 10036 20023 38796 48532 52011 77077 887// 333 21010==
38507 72698 70306 11026 21078 30184 40292 53004 84501 333 21060 6//// 555 51001=
38545 22998 01201 11106 21115 30114 40303 52004 333 21129 60030=
38565 12660 81102 10016 21019 39651 40227 52009 60002 885// 333 20002==
38579 11520 83502 10020 20012 39850 40278 52013 60012 71022 885// 333 20040==
38583 11560 83404 10034 20016 39949 40277 52006 60022 70388 8872/ 333 20030==
38599 32998 82411 10054 20013 39718 40260 50003 81631 333 20041=
38611 41/20 71102 10065 20019 39683 40246 52019 71022 87040 333 20029==
38613 42996 82901 10046 20013 40260 51018 8802/ 333 20004=
38616 42597 72701 10050 20020 39231 40249 52011 87500 333 20020=
38618 12/60 80802 10076 20017 39554 40242 52021 60002 83072 333 20014==
38647 32597 80503 11033 21057 30231 40276 52008 885// 333 21046=
38656 72998 00902 11028 21094 30189 40304 52015 333 21056 6////=
38683 11440 80000 11028 21051 30008 40298 52001 69902 71011 885// 333 21046 88611==
38687 32497 80501 11018 21064 30055 40300 52004 885// 333 21040 88616=
38696 11560 80201 11004 21007 39395 40277 52001 69902 72844 886// 333 21012==
38713 31496 83601 10012 21008 39077 48530 52019 71042 886// 333 20000=
38750 32597 80701 10023 21010 30311 40282 57004 885// 333 21021=
38763 21497 80902 11030 21040 30165 40276 57004 70272 8802/ 333 21037 60990 88520=
38774 31495 81201 11023 21032 30089 40294 53009 71022 886// 333 21030=
38799 32597 60702 11009 21041 30052 40293 57008 86500 333 21024=
38806 32697 70501 11012 21038 30004 40275 54000 87500 333 21016=
38812 11120 80103 11002 21005 39805 40274 58008 60022 71022 883// 333 21022 82703==
38836 31696 82701 10026 20023 39284 40237 58001 78582 889// 333 20002=
38880 21297 81004 11024 21034 30017 40284 51006 8802/ 333 21020 88506 69902=
38886 31596 80702 10000 21006 30051 40288 53009 77122 887// 333 21005=
38895 32596 70402 11002 21032 39985 40287 54000 87500 333 21018=
38911 32998 80303 10008 21042 39973 40278 57001 8807/ 333 20002=
38915 22597 80000 10034 21001 39941 40273 57016 885// 333 20016 69900=
38927 11356 80803 10050 20025 39880 40262 58007 60022 71082 885// 333 20033 87709==
38933 11596 81802 10054 20014 39771 40294 52009 60070 76066 8802/ 333 20046=
38944 31696 80202 10047 20030 39657 40198 54000 70522 885// 333 20039=
38954 32999 20000 10001 21071 37967 48560 54000 80001 333 21048=
38974 71497 83401 10006 21005 39940 40289 53003 77172 8872/ 333 20007 6//// 88513=
38987 31495 80103 10002 21001 39488 40254 53004 77177 8802/ 333 20014=
40100 43970 70903 10117 20047 30188 40204 53001 6///1 333 58///=
40180 11660 70501 10090 20065 30153 40203 52010 69922 76162 8700/ 333 10110 20085 70003==
40199 12/// /0203 10112 20017 30178 40204 52011 60002 333 10147 20074 70000==
40255 36/// /0000 10058 29075 3//// 4//// 5////=
40265 31550 51505 10038 20024 39409 40225 52009 71021 82440 333 20010 31101 82625 84360=
40270 31840 52403 10050 20005 39290 40209 52006 70400 85030 333 20020 30103 85358=
40272 31530 30000 10030 20015 39360 40221 57007 70500 83200 333 20015 32001 83830=
40296 31858 10000 10120 20048 30678 40199 5//// 70500 81050 333 20110 30010 81358=
40340 31950 00402 10086 21001 40210 52006 70500 333 20068 30005=
40356 42960 01204 10014 21020 39210 48499 333 21018 58014 555 04410 50220=
40357 42960 02805 10041 21030 39556 40212 333 20017 58028=
40360 42960 00000 10022 21020 39605 40216 333 21003 58003=
40361 42960 01703 10037 21060 39425 40260 333 20000 58014=
40362 42960 03006 10049 21020 39687 40219 333 20014 58022=
40373 42960 00000 10096 21050 39787 40213 333 20046 58020=
40375 42960 20000 10054 21030 39296 40192 82030 333 20013 59011 82360=
40394 42960 02502 10056 21060 39060 48522 333 20012 58019==
40400 42960 21003 10160 20040 30139 40167 80001 333 20122 59006 82070=
40405 42960 00305 10089 21040 39454 40221 333 20056 58018=
40417 42960 03106 10132 20000 30180 40196 333 20078 58017=
40420 42960 33308 10154 21030 39983 40195 80001 333 20090 58010 83070==
40430 42960 30406 10136 21020 39444 40206 80001 333 20115 58019 83070=
40437 42960 00208 10108 21040 39492 40207 333 20080 58009=
40439 42960 23502 10152 20090 30141 40159 80001 333 20120 58004 82070=
40582 32960 03408 10121 20020 40208 51017 333 55310 00385 10002 21190 30380 40923 51268 61570 55407 40810 90400 91011 91111 91209 91305=
40703 12660 40000 11051 21095 38948 40265 52013 60001 84500 333 3/109 47004 5//// 70000 84640 9076 8 93100 555 11061 29071=
40706 12565 70702 11042 21131 38669 40274 52005 60001 81476 333 34109 70000 81630 83458 85268 555 11063 29050=
40712 11665 42703 11060 21118 38698 40264 52009 69901 70187 81502 333 3/111 43024 5//// 70009 8163 5 84067 90768 93100 555 11072 29064=
40713 12664 40808 11023 21118 38662 40232 52016 60001 82501 333 34104 70000 82635 83067 555 11048 29048=
40718 11440 83205 10032 20023 30332 40302 52010 60131 76166 8762/ 222// 0//// 20203 333 32000 50021 70436 87715 88556 555 10029 29094=
40723 11458 70000 11007 21046 38971 40248 54000 69901 77022 82570 333 31104 70001 82625 87356 555 11020 29075=
40726 11558 60000 11046 21108 38672 40260 52016 69921 70587 85370 333 3/108 47008 5//// 70004 8293 0 83635 90768 93101 555 11061 29062=
40727 11656 83404 11055 21084 38481 40252 52016 69961 72272 8852/ 333 3/103 47006 70043 83640 884 60 90768 93106 555 11061 29080=
40732 11560 83303 10046 20020 30308 40282 52011 69921 70262 8632/ 333 32003 50081 70096 82920 85625 88458 555 10036 29084=
40736 11459 80302 10050 20036 30300 40274 52018 60051 76062 8632/ 333 31004 50151 70261 86715 81922 88558 555 10044 29091=
40737 11456 82602 10041 20035 30250 40279 52010 60031 76166 8652/ 333 32000 50001 70159 86617 8855 7 555 10039 29096=
40738 11440 80000 10037 20022 30286 40288 52010 69931 76052 8652/ 333 32101 50081 70033 83715 85625 88556 555 10031 29090=
40739 11515 80902 11018 21033 38949 40229 51008 60003 77372 8572/ 333 3/105 41001 5//// 70000 85725 88557 90768 93100 555 11022 29090=
40741 11556 83602 10008 21007 39923 40270 58002 60001 77022 8472/ 333 31001 70006 84720 88557 555 10003 29089=
40743 11410 80000 10003 21009 39043 40189 50001 69901 7//72 8472/ 333 3/102 45001 5//// 79999 84715 88560 90768 93100 555 11002 29092=
40745 11215 81404 11008 21009 39053 40236 58002 60011 77375 8672/ 333 3/102 42997 70012 86704 88556 90768 93100 555 11008 29099=
40747 11560 29901 11016 21100 38632 40229 52022 69921 70172 82700 333 3/104 47001 70006 82730 90768 93101 555 11040 29053=
40754 11420 72605 11019 21032 38815 40195 52018 60011 71077 85770 333 3/102 45001 5//// 70012 82715 84640 87459 555 11023 29091 90768 93101=
40762 11510 80605 11023 21029 38509 40171 58002 60031 77782 8532/ 333 3/102 47002 70030 81930 8563 5 88559 90768 93102 555 11024 29096=
40766 12460 81501 11019 21039 38680 40215 52018 69911 8472/ 333 33104 5//// 70153 84710 88457 555 11025 29086=
40768 11657 50201 11048 21062 38234 40224 52023 60041 72274 81470 333 3/110 47004 5//// 70134 8164 0 84459 90768 93116 555 11050 29090=
40769 11/12 93401 11015 21021 38258 40177 52021 60081 77077 333 3/103 49021 5//// 70185 89/// 9076 8 93121 555 11016 29096=
40780 12960 01202 11035 21043 38664 40222 52019 60001 333 3/112 43010 5//// 70150 90768 93110 555 11036 29094=
40782 11460 21202 10009 21009 38857 40190 52018 69921 70172 81600 333 3/103 41999 5///1 70030 8171 5 90768 93100 555 10002 29088=
40785 11530 80000 10009 20009 39094 40218 52018 60111 75177 8862/ 333 3/000 48008 5//// 70118 82720 83635 88558 90768 93108 555 10009 29100=
40791 12665 13401 10085 20017 39295 40123 51009 60001 81500 333 30002 5//// 79999 81640 555 10056 29062=
40792 11558 72902 10049 20029 38652 40116 50002 69961 72162 84320 333 31001 5//// 70011 82930 8463 5 86458 555 10040 29087=
40798 12660 22106 10008 21082 37910 40137 52020 60001 82500 333 30104 5//// 70000 82635 555 11023 29051=
40800 12670 12905 10068 21091 38415 40142 52020 60001 81500 333 30102 5//// 70000 81640 555 10014 29031=
40809 11560 71409 10081 20054 38432 40089 50003 69921 70262 84370 333 31003 70013 81930 83835 85458 555 10068 29083=
40811 11958 03002 10110 20055 30169 40196 52021 60001 70500 333 30001 50301 70000 555 10085 29069=
40812 12960 01802 10110 20051 39790 40171 52018 60001 333 30014 50141 70000 555 10760 29061=
40818 12665 22507 10028 21122 37937 40136 52014 60001 82100 333 30102 5///1 70000 82835 91011 555 11020 29032=
40821 11657 12902 10051 21003 38741 40145 52022 60001 70510 81100 333 30000 5//// 70000 81840 555 10029 29068=
40829 12960 03507 10118 20040 39578 40152 50002 60001 333 30007 50611 70000 555 10082 29059=
40831 11957 03003 10111 20038 30201 40209 52027 60001 70500 333 30004 50471 70000 555 10079 29061=
40833 12960 03201 10145 20000 30166 40199 53015 60001 333 30003 50381 70000 555 10084 29037=
40841 12665 12408 10112 21048 38193 40092 51009 60001 81100 333 30002 5//// 70001 81840 555 10047 29032=
40845 12660 20203 10164 20051 30192 40197 52023 60003 82500 333 30008 50381 70000 82640 555 10110 29047=
40848 12660 12608 10060 21053 38502 40146 51024 60001 81100 333 30106 50371 70000 81840 555 10018 29044=
40851 12960 02207 10108 21075 38223 40093 51009 60001 333 30003 5//// 70000 91012 555 10039 29027=
40854 12660 10102 10186 20024 38900 40078 52007 60001 81100 333 30004 50401 70000 81840 555 10107 29034=
40856 11660 22308 10150 20075 38613 40112 52002 60011 70162 82100 333 31003 50461 70011 82835 555 10110 29061=
40859 12960 01705 10102 21031 38682 40138 53012 60001 333 31002 50421 70000 555 10048 29039=
40875 11530 72705 10213 20158 30134 40145 52023 60001 70521 85570 333 30018 50141 70001 85630 85359 555 10180 29071=
40879 12662 60000 10209 20097 39475 40141 51012 60001 81170 333 30010 50601 70000 81840 86360 555 10147 29049=
40882 11957 63107 10198 20106 30122 40157 51025 60001 70522 80006 333 30016 50641 70000 86270 555 10148 29055=
40883 11956 32202 10228 20133 30121 40148 53014 60001 70500 83030 333 30018 50381 70000 83360 555 10173 29055=
40893 11556 51205 10225 20179 30137 40143 52016 60001 70500 81510 222// 00210 20401 333 30021 50481 70000 81630 85459 555 10196 29075=
40898 11958 00000 10248 20165 30138 40147 50006 60001 70500 222// 00232 20900 333 30013 50611 70000 555 10197 29060=
41024 42960 00210 10216 20130 30132 40158 333 20180 59003==
41036 42960 00000 10148 20090 38568 48517 333 20090 58006==
41055 42960 00904 10148 20030 38371 48519 333 20112 58006==
41061 42960 01112 10171 21060 39453 40162 333 20117 59006==
41084 41958 00302 10172 21030 38864 48519 70600 333 20111 58008==
41112 42960 02012 10172 21020 37952 48520 333 20108 59001==
41114 42960 01709 10186 21070 37991 48525 333 20096 59003==
41128 41925 01203 10174 20010 38826 48531 70600 333 20110 59010==
41136 41957 00510 10185 20060 39340 40153 70500 333 20140 59007==
41140 41960 00000 10286 20190 30136 40142 70240 333 20221 59001==
41150 42970 23413 10190 20052 40191 80001 333 20163 30016 58017 82075=
41170 42960 63512 10192 20064 30171 40185 80001 333 20162 58017 86072=
41176 44/70 /3609 10187 20070 30179 40185 333 20137 58017=
41184 42657 62808 10230 20151 40162 70600 82530 333 58010 82640 84362=
41194 11557 72811 10215 20140 30156 40162 60001 70622 8253/ 333 20207 58010 82625 85358=
41196 12560 52810 10212 20138 30125 40167 60001 81530 333 20204 58010 81625 85358=
41216 42560 63210 10206 20143 30168 40172 86500 333 20192 58016 83625 84656=
41217 42560 53212 10207 20140 30137 40167 8453/ 333 20193 30017 58015 84625=
41396 42965 00704 10229 20106 39419 40136 333 20128 3//// 59010=
41480 42560 71206 10261 20197 30142 40150 87500 333 20242 30/// 59009 87620=
41859 01940 02702 10241 20140 30104 40142 70500 333 59019 70000==
41883 02956 02702 10234 20110 30127 40148 333 59015 70000==
41891 01950 00902 10249 20140 30099 40138 70500 333 59009 70000==
41907 01940 02704 10235 20090 30130 40145 70500 333 59015 70000==
41923 02956 02704 10252 20070 30135 40145 333 59013 70000==
41936 01916 02906 10258 20110 30137 40144 70511 333 59013 70000==
41943 01950 02903 10270 20080 30132 40139 70540 333 59010 70000==
41950 02956 00000 10256 20080 30144 40146 333 59010 70000==
41978 01940 00907 10250 20110 30137 40143 70500 333 58001 70000==
41992 01930 00334 10276 20070 30136 40138 70500 333 59001 70000==
42027 31595 30201 10118 21023 38454 48540 70522 83500 333 59012=
42071 31996 09902 10200 20086 40168 70500 333 59010=
42101 32996 03203 10200 20117 40169 333 59011=
42111 31995 10000 10230 20087 39439 40130 70500 80001 333 58003 81070=
42123 32996 20501 10210 20069 40165 82030 333 59011 82360=
42131 31995 03201 10224 20085 40164 70500 333 59014=
42165 32996 30000 10236 20042 40151 83030 333 59015 83360=
42182 31996 20000 10224 20085 40158 70500 82030 333 59012 82360=
42189 31595 73601 10206 20108 40156 70500 86530 333 59001 86625 87360=
42309 31596 12003 10248 20152 40127 70500 81100 333 59039=
42314 31996 19902 10242 20149 40124 70540 81030 333 59028 81360=
42328 32996 50000 10266 20174 40126 85030 333 59017 85360=
42339 31595 11401 10244 20044 40150 70500 81500 333 59021 81630=
42348 31996 11606 10238 21007 40175 70500 81030 333 59010 81360=
42361 31995 00000 10238 20069 40164 70500 333 59009=
42369 31996 02304 10248 20085 40154 70500 333 59007=
42379 31995 00000 10226 20124 40144 70500 333 59017=
42410 31595 11403 10240 20154 40136 70500 81500 333 59021 81620=
42415 32996 00000 10234 20173 40139 333 59021=
42452 31996 00902 10244 20062 40148 70500 333 59022=
42492 31996 02702 10230 20103 40150 70500 333 59020=
42559 32996 00902 10254 20049 40140 333 59015=
42571 31996 03201 10240 20049 40151 70500 333 59015=
42591 31996 00000 10250 20093 40160 70500 333 59017=
42623 31996 00902 10220 20072 39254 40116 70500 333 59014=
42634 32996 00502 10280 20059 40151 333 59014=
42647 31996 00902 10278 20115 40147 70400 333 59020=
42667 32996 01403 10278 20110 39566 40144 333 59016=
42675 31996 03403 10250 20072 40149 70500 333 59018=
42701 32996 02702 10242 20042 39411 40131 333 59011=
42724 31495 22701 10246 20097 40138 70500 82500 333 59014 82618=
42737 32996 00502 10300 20109 40144 333 59009=
42754 32996 01403 10300 20133 39506 40125 333 59015=
42779 32996 00000 10268 20122 39454 40142 333 59014=
42798 31996 03202 10270 20011 40142 70500 333 59009=
42809 31995 00000 10255 20088 40147 70500 333 59015=
42840 31995 00202 10276 20171 40143 70500 333 59005=
42867 31996 00902 10290 20082 40147 70500 333 59011=
42874 31996 00000 10292 20085 40147 70500 333 59009=
42886 32996 03604 10292 20013 40149 333 59007=
42895 32996 03201 10280 20148 40149 333 59009=
42909 32996 02704 10284 20199 40144 222// 20000 333 59005=
42971 31595 10901 10290 20188 40152 70500 81500 333 59007 81620=
43003 31995 00000 10326 20148 40131 70400 333 59006=
43014 31995 01805 10310 20192 39490 40119 70544 333 59010=
43041 31996 00000 10288 20115 39529 40134 70500 333 59008=
43063 32997 00901 10304 20158 39514 40123 333 59011=
43086 31996 00000 10310 20231 39958 40133 70500 333 59007=
43110 31995 01603 10338 20139 40133 70544 333 59007=
43117 32997 01402 10318 20231 40121 333 59009=
43128 32997 11405 10300 20164 39522 40116 80001 333 59019 81070=
43150 31593 40903 10302 20242 30089 40151 70510 84500 333 59001 84620 84075=
43185 31596 40501 10316 20241 30133 40136 70500 82530 333 59002 82620 83360=
43189 32597 50000 10302 20229 30140 40149 82531 333 58000=
43192 31996 00000 10324 20182 40126 70500 333 59007=
43198 32996 21410 10304 20125 39307 40108 80001 333 59007 82075=
43201 32997 00503 10308 20126 39398 40105 333 59001=
43213 32997 01402 10314 20195 39804 40114 333 59006=
43233 32997 20914 10290 20199 39324 40125 80001 333 59009=
43237 31996 01105 10324 20145 39713 40095 70500 333 59010=
43245 32597 21803 10304 20231 30113 40140 81401 333 59009=
43279 31595 40904 10306 20221 30128 40146 71020 84500 333 59004 84620=
43284 32996 00703 10314 20173 30004 40117 333 59006=
43295 32997 10502 10274 20176 39121 48540 80001 333 59012 81075=
43314 32997 12304 10326 20237 40121 80001 333 59009=
43321 31496 40708 10292 20148 39686 40126 70500 81501 333 59009 81615 83070=
43329 32597 20902 10304 20231 30126 40139 81031 333 59007=
43333 31495 40503 10304 20225 40114 70521 83401 333 56109 59001 81618 83820=
43344 31495 50506 10304 20235 30036 40134 71022 83501 333 59014 83616 83075=
43353 31496 21606 10312 20184 40120 70521 81500 333 56700 59008 81620=
43369 32597 20502 10302 20236 40124 82500 333 59007 82620=
43371 32596 23201 10326 20177 30047 40118 81501 333 59009 81620=
43404 22469 50504 10301 20235 30122 40125 52002 82000 333 553// 20416 59007 60008 91007 555 60008==
43410 21468 10706 10283 20231 30127 40130 50001 70521 81200 333 59007 60008 555 60008==
43413 22970 00304 10297 20239 30123 40128 54006 333 553// 20531 59010 60008 91006==
43418 22470 20502 10300 20224 30083 40124 52001 82100 333 59010 60008 70000 82/18 555 60008==
43421 22470 50503 10297 20201 30018 40122 5/006 83106 333 553// 20366 59009 60008 91007==
43422 22470 30602 10292 20213 39988 40120 56004 83000 333 59009 60008 555 60008==
43424 22470 40504 10300 20217 30118 40120 56003 84100 333 59007 60008 555 60008==
43436 22470 10505 10292 20228 30116 40119 54004 81000 333 59013 60008 70000 555 60008==
43441 22470 30902 10301 20193 39976 40107 58008 82106 333 59007 60008 555 60008==
43444 22470 41603 10276 20199 39581 40112 58001 83000 333 59008 60008 70000 555 60008==
43450 21457 13606 10312 20204 30105 40117 58005 70500 81100 333 59011 60008 555 60008==
43466 22/60 10403 10317 20167 30100 40108 57009 333 553// 20514 59012 60008 81/18 91006 555 60008==
43467 21/58 30404 10313 20177 30103 40109 57007 70500 333 59012 60008 70000 81/18 555 60008==
43473 22470 10908 10173 20117 38129 48503 52002 81000 333 553// 20587 59010 60008 91012 555 60008==
43475 22470 70504 10305 20208 30111 40116 57008 84108 333 553// 20456 59011 60008 91008 555 60008==
43476 21460 43601 10200 20158 38786 48530 5/003 70511 84000 333 59009 60008 555 60008==
43479 21460 63202 10240 20183 39277 57007 70511 86200 333 59010 60008 555 60008==
43486 21460 10501 10317 20180 30006 40104 57014 70500 81000 333 553// 20558 59012 60008 91002==
43495 21468 12303 10281 20219 30096 40109 57006 70500 81000 333 59007 60008 555 60008==
43497 22470 30206 10307 20000 30087 40104 5/011 83000 333 553// 20551 59010 60008 91009==
44212 42/70 63502 11211 21248 39111 40349 57019 86010==
44213 42/84 61601 11221 21250 38743 40336 57022 86010==
44214 42670 72706 11116 21243 38200 40256 57035 87500==
44215 42670 70902 11170 21218 38336 40303 57027 86530==
44217 32998 61802 11169 21245 37785 40362 57019 83047 333 91204=
44218 42984 63503 11188 21225 38558 40335 58019 80006==
44219 32999 41005 11157 21206 38585 40324 58027 80008 333 91205=
44265 42/84 21501 11107 21200 38854 40332 58009 82041==
44266 32999 41402 11118 21233 37695 40278 57020 80008 333 91202=
44404 42358 20903 10190 20021 38146 48476 81150 333 58006=
44416 41940 02803 10203 20124 39371 40147 70540 80000 333 58004=
44424 42460 11702 10166 21015 37673 47086 81100 333 58004=
44434 41350 41505 10202 20118 39240 48521 70544 82800 333 59006=
44438 41925 02404 10216 20143 30025 40154 70544 80000 333 59008=
44449 41925 01802 10219 20159 39987 40146 70544 80000 333 59018=
44454 41450 23202 10181 20097 38666 48503 70544 82100 333 58000=
44462 42357 10902 10141 20066 38256 48474 81200 333 59002=
44474 41010 22902 10164 20097 38261 48502 70544 82200 333 59005=
44477 41450 12102 10214 20112 38821 48525 70544 81100 333 59014=
44478 41930 01902 10226 20178 30054 40136 71044 80000 333 59022=
48010 42556 21801 10260 20160 39961 40113 333 59022==
48020 42960 00402 10262 20160==
48025 41430 33201 10263 20160 39983 40122 58017 70511 83500==
48048 42957 03201 10295 20207 30061 40116 333 59009==
48052 32957 21403 10310 20189 80006 333 56009=
48062 42558 20303 10270 20261 30124 40130 82500 333 59004==
48064 42958 01402 10288 20230 30039 40095 333 58003==
48094 42559 23201 10320 20220 30109 40119 82500 333 59006==
48109 42960 00000 10300 20239 30118 40121 333 59025==
51076 14/64 /1801 11144 21194 39389 40357 57004 60001 333 11119 21250 3/103 4/025 59034 70000 90761 91102==
51087 14/69 /1101 11114 21193 39235 40344 57007 60001 333 11074 21227 3/106 4/018 59032 70000 90761 91102==
51156 14/80 /1102 11066 21186 38686 40296 57011 60001 333 11035 21160 3/118 59041 70000 90761 91105==
51243 14/46 /1802 11142 21199 39749 40352 57013 60001 70500 333 11128 21211 3/117 59035 70000 90761 91103==
51334 14/31 /2902 11156 21194 39907 40356 57015 60001 70500 333 11122 21235 3/113 4/012 59030 70000 90761 91103==
51379 14/59 /0502 11086 21167 39306 40333 57014 60001 333 11055 21248 3/107 4/022 59038 70000 90761 91103==
51463 14/61 /3101 11061 21153 39047 40305 57012 60001 333 11061 21131 3/101 4/036 59036 70000 90761 91104==
51573 14/63 /1601 10026 21155 30228 40280 57012 60001 333 10049 21056 3/112 59041 70000 90761 91103==
51644 14/59 /2402 10006 21131 38978 40286 57006 60001 333 10024 21111 3/107 4/002 59030 70000 90761 91105==
51656 14/57 /2602 11009 21105 39188 40292 57010 60001 70600 333 10022 21125 3/114 59032 70000 90761 91104==
51709 14/59 /1801 10028 21153 38645 40265 57002 60001 333 10039 21058 3/108 59023 70000 90761 91105==
51711 14/68 /0801 11007 21143 38006 40220 57007 60001 333 11007 21135 3/118 59022 70000 90761 91105==
51716 14056 01101 10026 21110 38941 40278 57004 60001 333 10054 21090 3/114 59028 70000 90761 91102==
51765 14/61 /2803 10014 21124 39250 40287 57010 60001 333 10036 21119 3/115 59034 70000 90761 91105==
51811 14056 01101 10037 21166 38811 40266 57004 60001 333 10058 21077 3/115 59030 70000 90761 91102==
51818 14/57 /1302 10038 21171 38655 40264 57008 60001 333 10052 21085 3/115 59032 70000 90761 91104==
51886 14/80 /2801 11014 21221 37100 40228 57013 60001 333 10020 21145 3/120 59012 70000 90761 91103==
52203 14/70 /1301 10007 21171 39360 40286 57016 60001 333 10026 21122 3/118 59038 70000 90761 91105==
52602 14/80 /1603 11022 21261 37259 40271 57013 60001 333 11006 21178 3/122 59017 70000 90761 91105==
52818 14/80 /3502 10034 21224 37228 40223 57015 60001 333 10043 21134 3/120 59010 70000 90761 91106==
52908 14/75 /2809 11086 21359 35749 40308 57010 60001 333 11061 21216 3/125 59012 70000 90761 91116==
55228 14/80 /2604 11028 21211 36030 40178 57006 60001 333 10009 21139 3/120 59007 70000 90761 91107==
55299 14/80 /2806 11027 21205 35841 40154 57014 60001 333 10012 21148 3/122 59019 70000 90761 91111==
55578 14/80 /2706 10099 21281 36346 49965 57018 60001 333 10134 21020 3/109 59028 70000 90761 91115==
55591 14/80 /3101 10119 21266 36474 49952 57027 60001 333 10135 21015 3/109 59048 70000 90761 91105==
55664 14/80 /2706 10055 21237 35995 40077 57019 60001 333 10090 21113 3/116 59017 70000 90761 91112==
55773 14/80 /2107 10054 21177 35992 40094 57015 60001 333 10093 21135 3/118 59015 70000 90761 91111==
56004 14/74 /2908 11065 21322 35815 40270 57012 60001 333 11035 21213 3/125 59009 70000 90761 91116==
56018 14/78 /2504 11012 21290 36166 40171 57015 60001 333 10009 21109 3/116 59023 70000 90761 91109==
56312 14/80 /1605 10092 21093 37070 40086 57026 60001 333 10125 20031 3/003 59008 70000 90761 91109==
62306 11560 62410 10109 20097 40224 52004 60034 72522 86800 333 20106 70030==
62309 12560 62804 10114 20106 40208 60034 86800 333 20110 70030==
62332 42560 62107 10123 20076 40200 52004 86500 333 20121==
62337 42560 41606 10100 20064 40199 52007 84500 333 20084==
62366 45560 72003 10128 20048 40206 52006 8225/ 333 20119==
62387 31950 43404 10078 20049 40216 52010 71000 84030 333 20060=
62393 42960 03005 10078 20033 40228 52010 333 20062==
62405 42960 02403 10110 20033 40192 52012 333 20080==
62414 42960 03605 10106 20017 40189 52012 333 20090==
62419 42960 03508 10124 20020 40193 52013 333 20090==
62420 42960 02102 10079 20019 40226 52010 333 20064==
62435 42/60 52801 10113 20023 40209 52015 85050 333 20074==
62440 42560 40000 10104 20072 40208 52008 84200 333 20094==
62455 42960 00103 10109 20023 40210 333 20094==
62458 42960 03605 10122 21005 40200 52007 333 20102==
62459 32960 00204 10119 20006 40185 52017 333 20090=
63210 32580 10609 10251 20170 40144 81200 333 20205 58004 81833=
63227 32580 20905 10228 20150 40178 82100 333 20192 59006 82820=
63330 33980 11302 10180 20115 37800 40271 80001 333 20090 59004 81070=
63331 32980 0//// 10210 20046 38103 40238 333 20135 59005=
63332 32980 01801 10174 20100 38217 40124 333 20090 58010=
63333 32980 00000 10164 20110 38183 40200 333 20104 59002=
63334 32980 00000 10140 20014 37640 4//// 333 20114 59004=
63340 31970 30502 10178 20093 37945 40167 7050/ 80001 333 20143 59008 83070=
63402 31560 40000 10170 20122 7052/ 84200 333 20110 84827=
63403 31960 30000 10170 20117 7052/ 83030 333 20165 83360=
63450 32980 00804 10174 20074 37759 40279 333 20120 59003=
63451 32980 01502 10193 20101 38163 40125 333 20040 59002=
63453 31950 02601 10294 20128 39086 40315 7050/ 333 20140 58000=
63460 33980 00000 10204 20134 333 20142=
63471 32980 00402 10254 20141 38880 40133 333 20170 58006=
63474 32980 01404 10174 20045 37613 4//// 333 20086 59003=
63478 32980 51109 10276 20211 39799 40118 80006 333 2//// 59009 85267=
63500 32980 00000 10256 20144 333 20195=
63533 32880 11205 10244 20112 38520 4//// 81030 333 20185 59007 81358=
