SIPK OPKC 171500=
41504 22695 51304 10055 21088 37832 48483 85800 333 56900 58043 60007 83640 82845 RH35%=
41506 22995 01802 10060 21010 38534 48532 333 58034 60007 61%=
41507 22996 00000 10150 20049 39269 49787 333 58023 60007 51%=
41508 22696 42702 10083 21013 38686 48553 84500 333 56900 58002 60007 84635 RH 50%=
41509 22996 00902 10115 21001 38775 48516 333 58031 60007 RH 45%=
41510 22996 00000 10015 21010 37941 48559 333 58038 60007 84%=
41515 22695 50000 10104 21016 38549 48512 82520 333 56990 58019 60007 82650 83460 43%=
41516 22696 30000 10085 21070 38554 48511 83030 333 56090 58022 60007 83360 RH33%=
41517 21696 20000 10040 21037 37808 48536 70400 82500 333 56900 58047 60007 82640 57%=
41519 22996 03104 10130 21047 38786 48525 333 58019 60007 29%=
41520 22695 63602 10030 21089 37640 48285 82570 333 56990 58033 60007 82640 84762 41%=
41523 22996 00000 10135 20014 39113 48530 333 58038 60007 44%=
41524 22996 00000 10125 20066 39391 40267 333 58028 60007 57%=
41525 22996 00000 10020 21032 37693 48425 333 58024 60007 68%=
41528 21996 00000 10150 20049 39230 48520 70400 333 58018 60007 51=
41529 22996 00000 10155 20050 39795 40181 333 58036 60007 49%=
41530 219// 12304 10170 21006 39757 40172 81001 333 56009 58045 60007 81075 30%=
41534 22996 00000 10160 20057 39755 40173 333 58050 60007 50%=
41535 22996 00000 10110 20022 38740 48508 333 58037 60007 RH54%=
41536 22596 30000 10150 20022 39064 48535 83500 333 56900 58044 60007 83630 42%=
41560 22996 00502 10080 21013 38315 48543 333 58000 60007 RH52%=
41562 22996 33102 10165 20076 39693 40159 83030 333 56090 58042 60007 83362 RH56%=
41565 22996 00000 10117 21009 38680 48547 333 58020 60007 41%=
41567 21996 00000 10190 20072 39721 40137 70500 333 58035 60007 46%=
41571 219// 20504 10170 20038 39589 40173 70500 80001 333 56009 58029 60007 RH41%=
41572 21696 13104 10140 20048 39533 40166 70500 81500 333 56900 58037 60007 81640 RH54%=
41573 22997 00000 10070 20002 37976 48505 333 58031 60007 62%=
41574 22697 20000 10055 20034 38362 48543 82500 333 56900 58023 60007 82640 86%=
41576 21996 00000 10190 20072 40174 70500 333 58027 60007 46%=
41577 21996 00000 10155 20079 39554 40174 70400 333 56000 58028 60007 RH 61%=
41593 21696 60000 10210 20122 39940 40154 70422 84570 333 56990 58026 60007 84640 86460 57%=
41597 21996 40000 10200 20120 40172 70400 84030 333 56090 58028 60007 84362 60%=
41598 21996 02302 10195 20134 39878 40149 70400 333 58026 60007 68%=
41599 21996 32704 10190 20096 39864 40153 70400 83030 333 56090 58013 60007 83360 55%=
41600 21996 00000 10185 20112 40144 70411 333 58015 60007 62%=
41620 32696 40000 10150 21049 38589 48493 84500 333 56900 58009 60007 84640 25%=
41624 21996 30000 10205 20126 40155 70400 83020 333 56090 58038 60007 83460 60%=
41625 21996 30000 10200 20120 40148 70400 83030 333 56090 58035 60007 83360 60%=
41630 21996 40000 10205 20126 40163 70400 84030 333 56090 58034 60007 84360 60%=
41633 22996 30000 10205 20116 4//// 83030 333 56090 5//// 60007 83361 56%=
41634 22697 40000 10180 20089 3//// 4//// 84600 333 56900 5//// 60007 84640 55%=
41635 21996 40000 10210 20132 3//// 4//// 70400 84030 333 56090 5//// 60007 84360 61%=
41636 21996 30000 10200 20149 39978 40163 70400 83030 333 56090 58037 60007 83360 73%=
41638 21996 40000 10210 20142 4//// 70410 84030 333 56090 5//// 60007 84360 65%=
41639 21996 32702 10190 20085 4//// 70420 83030 333 56090 5//// 60007 83360 50%=
41640 21996 00000 10210 20142 39909 40157 70400 333 58021 60007 65%=
41641 21996 00000 10220 20113 39888 40161 70400 333 58024 60007 51%=
41642 21996 33104 10180 20106 4//// 70400 80001 333 56009 5//// 60007 83070 62%=
41643 21996 00000 10195 20134 39874 40149 70400 333 58018 60007 68%=
41644 21996 00000 10180 20127 4//// 70400 333 5//// 60007 RH 71%=
41646 21996 00000 10215 20138 40171 70400 333 58022 60007 62%=
41652 21996 43602 10200 20074 39981 40160 70500 84030 333 56090 58021 60007 84460 44%=
41660 229// 72306 10140 21013 38436 48526 85031 333 56099 59014 60007 85360 83070 35%=
41661 22696 60000 10150 20031 38385 48521 82620 333 56099 59006 60007 83635 83460=
41669 21996 40000 10210 20142 3//// 4//// 70400 84030 333 56090 5//// 60007 84362 65%=
41670 21996 40000 10195 20124 4//// 70400 84040 333 56090 5//// 60007 84460 64%=
41674 21696 60000 10200 20130 3//// 4//// 70422 82570 333 56990 5//// 60007 82640 84460 64%=
41675 21996 40000 10220 20134 30007 40150 70411 84070 333 56090 58020 60007 84460 58%=
41676 21995 50000 10210 20142 30017 40174 70400 85020 333 56090 58031 60007 85460 65%=
41677 21996 40000 10190 20138 39974 40141 70400 84030 333 56090 58027 60007 84362 72%=
41678 21696 50000 10225 20097 40148 70522 82570 333 56990 58025 60007 82640 84460 44%=
41679 21996 20000 10205 20164 4//// 70411 82030 333 56090 5//// 60007 82360 77%=
41680 21996 40000 10210 20142 40160 70410 84030 333 56090 58023 60007 84362 65%=
41685 22697 50000 10175 20016 38920 48508 83520 333 56990 58011 60007 83635 82460 34%=
41696 22696 80000 10090 20061 37997 48517 85520 333 56990 59009 60007 85640 83460 RH82%=
41697 22696 40000 10240 20094 40142 84500 333 56900 58032 60007 84631 RH39%=
41700 21995 30000 10210 20142 40146 70400 83030 333 58037 60007 83460 65%=
41701 21695 60504 10220 20163 40151 70400 83530 333 56990 58026 60007 83640 83360 70%=
41710 22996 00000 10230 20062 40075 333 59008 60007 34%=
41712 22996 00504 10195 20034 39172 48498 333 59016 60007 RH34%=
41715 21996 20000 10225 20130 40135 70500 80001 333 56009 58039 60007 82070 RH55%=
41716 21696 80506 10225 20119 30050 40153 70420 82520 333 56990 58025 60007 82630 88460 51%=
41718 21995 60506 10215 20138 40140 70420 86030 333 56090 58026 60007 86362 62%=
41724 21995 30000 10235 20143 40162 70500 83030 333 56090 58036 60007 83360 RH56%=
41725 21696 60502 10240 20117 40135 70500 82630 333 56990 58025 60007 82640 84360 RH46%=
41726 21996 30000 10250 20151 30086 40157 70500 80001 333 56009 58027 60007 83070 RH54%=
41738 22996 02310 10260 20073 39972 40149 333 58039 60007 RH30%=
41739 22996 32306 10185 20033 39035 48499 83030 333 56090 58012 60007 83360 RH36%=
41742 22996 31802 10250 20131 40137 83010 333 56090 58045 60007 83460 RH47%=
41743 21996 30000 10240 20149 70400 80001 333 56009 60007 83170 57%=
41744 22696 50000 10170 21009 38800 48526 82520 333 56990 58036 60007 82630 83460 RH 30%=
41745 21996 23102 10245 20155 70400 82030 333 56090 60007 82360 RH 57%=
41746 22996 00000 10220 20144 40145 333 58039 60007 RH62%=
41747 21696 60000 10190 20096 40139 70400 83630 333 56990 58043 60007 83640 83360 RH55%=
41748 22696 63602 10260 20144 40142 82530 333 56990 58038 60007 82630 86360 RH49%=
41748 22696 63602 10260 20144 40142 82530 333 56990 58038 60007 82630 86360 RH49%=
41749 21996 03104 10240 20139 40135 70400 333 58030 60007 RH53%=
41756 21996 62708 10245 20191 40148 70504 86030 333 56090 58025 60007 86358 RH72%=
41756 21996 62708 10245 20191 40148 70504 86030 333 56090 58025 60007 86358 RH72%=
41757 21996 62306 10240 20176 30135 40148 70500 86030 333 56090 59002 60007 86360 RH68%=
41759 21696 72302 10260 20199 40145 70511 83510 333 56990 58033 60007 83640 85460 RH69%=
41764 22996 30000 10255 20104 30088 40138 83030 333 56090 58043 60007 83360 RH39%=
41765 22996 00000 10255 20148 30100 40135 333 58037 60007 RH51%=
41766 21996 53102 10235 20160 40140 70400 82530 333 58040 60007 82635 83360 RH63%=
41767 22996 40000 10255 20193 3//// 4//// 84530 333 56990 60007 82635 82360 RH69%=
41768 22996 53602 10270 20185 30120 40127 82530 333 56990 58025 60007 82635 83360 RH60%=
41780 21995 52704 10275 20153 30113 40140 70500 85030 333 56090 58037 60007 85360 RH47%=
41783 22996 30000 10270 20176 30110 40139 83030 333 56090 58030 60007 83360 RH 56%=
41785 22996 00000 10275 20172 30121 40134 333 58025 60007 RH 54%=
41785 22996 00000 10275 20172 30121 40134 333 58025 60007 RH 54%=
41786 22996 33106 10290 20182 30073 40109 83030 333 56090 58009 60007 83362 RH522%=
41SKP 21996 00000 10190 20147 4//// 70400 333 5//// 60007 76%=
43532 21996 00000 10160 20050 39327 40129 70400 333 59016 60007 48%=
43533 21997 40000 10165 20044 39235 48511 84070 333 56090 58033 60007 84360 45%=
43563 22997 00504 10189 20010 40154 333 58027 60007 30%=








Data Generated from File : D:/all data handling/Rmc_lhr/2025021715.FSU.txt
17/02/2025   16:07:25
____________________________________________________________________________________________
15020 24570 43501 11028 21106 30071 40280 57002 84500 333 55300 20360 60007 91003 90730 91103==
15090 24570 60402 11012 21084 30182 40279 54000 86400 333 55301 00130 20328 30289 60007 91003 90730 91105==
15108 21/00 91102 11162 21180 38037 48475 54001 77174 89/// 333 55300 20297 69957 91003 90730 91103==
15150 21570 83502 11017 21090 30051 40276 54001 70272 8557/ 333 55300 20291 69907 91004 90730 91104==
15170 21560 83101 11057 21100 39433 42816 54001 78582 883// 333 55300 20297 69907 91002 90730 91102==
15280 21/00 92008 11172 21192 37414 47934 52003 74943 89/// 333 55310 20690 60007 91010 90730 91111==
15310 21570 80203 11002 21069 30169 40259 55003 70272 8357/ 333 55300 00060 20373 30359 69907 91007 90730 91107==
15335 24570 80705 10011 21073 30248 40255 55000 8657/ 333 55300 20275 60007 91007 90730 91108==
15350 24/70 80305 11015 21051 30138 40264 55002 8802/ 333 55303 20430 60007 91008 90730 91109==
15360 24470 80309 10005 21045 30236 40254 53004 8672/ 333 55300 20339 60007 91010 90730 91112==
15420 21411 80404 11025 21038 30134 40252 53004 77177 8672/ 333 55300 20265 60027 91009 90730 91110==
15460 27/17 80505 11012 21022 30219 40245 53002 7717/ 8802/ 333 55300 20379 69947 91008 90730 91108==
15470 21441 80604 11024 21036 30116 40249 53005 77177 8672/ 333 55300 20356 69947 91006 90730 91108==
15480 27412 80602 10003 21006 30223 40241 52006 7727/ 8672/ 333 55300 10140 20127 30093 60037 91007 90730 91108==
15549 41510 80202 11035 21038 39796 40232 52004 77377 8802/ 333 11026 21047 47009 555 59802 69999=
15552 41440 80203 10014 20003 30154 40205 54000 76976 8802/ 333 10032 20014 555 59203 69999 92045 92446=
15640 41564 83403 10022 21008 39882 40203 54000 77177 8802/ 333 10034 20008 555 58000 69999=
15655 41562 80214 10031 20018 30166 40200 58004 76166 8802/ 333 10045 20022 91118 555 59101 69999 92048 92447=
15730 41560 83601 10013 21006 39787 40195 53003 76876 8652/ 333 10018 20005 41998 555 58700 60899=
16627 42460 80512 10064 20036 30165 40170 54000 8567/ 333 82710 85625 88356 90730 91120==
16650 42460 60414 10086 20065 30139 40149 55004 86650 333 84710 86620 90730 91122==
16667 41350 80000 10120 20112 30134 40145 53003 76362 8767/ 333 84708 86620 88358 90730 91111==
16706 41560 61803 10136 20129 30122 40128 55001 76262 82170 333 82820 86357==
16723 42560 61707 10150 20132 30120 40134 54000 84870 333 81820 84625 86358 90730 91110==
16742 42460 41409 10146 20096 39978 40133 53002 83850 333 81816 83618 90730 91115==
16749 42460 51205 10156 20103 30120 40135 52001 84860 333 82816 83620 90730 91117==
16754 42560 43013 10160 20120 30087 40135 52009 82230 333 82820 84358 90730 91117==
16760 42460 73607 10138 20064 40137 53010 87800 333 82818 85625 90730 91112==
16765 42560 11408 10160 20110 40131 53001 81100 333 90730 91118==
17022 41461 80504 10034 20034 30010 40180 52025 76166 8652/ 333 83715 86628 88458 90730 91123==
17024 41250 71306 10029 20027 30106 40186 53004 76166 85520 333 83704 85632 87559 90730 91117==
17026 41460 80205 10031 20020 30162 40202 52004 76066 8652/ 333 83712 86628 88458 90730 91113==
17031 41230 70206 10054 20048 30178 40184 52010 78022 87200 333 84704 87825 90730 91114==
17034 41562 72802 10089 20069 30134 40181 52008 78022 84250 333 84830 87358 90730 91105==
17038 42370 70503 10096 20069 30120 40168 55000 87200 333 83708 87825 90730 91105==
17042 42670 50000 10095 20070 30138 40178 55005 83250 333 83835 85360 90730 91105==
17050 41570 80103 10051 20014 30130 40194 53002 70262 8452/ 333 84633 88459 90730 91112==
17056 41670 70408 10068 20042 30177 40181 55002 70282 84270 333 84834 87360 90730 91112==
17060 41460 70715 10062 20036 30136 40177 52003 72582 87200 333 85715 87825 90730 91119==
17070 41558 82103 10033 20017 39269 40150 52019 76022 8452/ 333 84630 88458 90730 91113==
17074 41550 83104 10056 20049 39199 40140 53005 76096 8552/ 333 85625 88458 90730 91108==
17084 42670 71504 10115 20030 39224 40131 57007 84270 333 84835 87360 90730 91111==
17085 42670 73207 10128 20025 39639 40128 55008 84270 333 84840 87360 90730 91114==
17092 42960 00000 11003 21064 38871 48491 53003 333 90730 91106==
17096 41956 00302 11095 21102 38237 48519 53007 71000 333 90730 91104==
17098 42960 02902 11029 21083 38182 48504 52010 333 90730 91115==
17100 42970 00000 10056 21054 39192 40211 53004 333 90730 91104==
17112 41670 80406 10070 20070 30151 40153 52002 70262 8552/ 333 85635 88460 90730 91114==
17115 41360 70310 10063 20053 30122 40174 53002 78088 85270 333 82707 85830 87360 90730 91118==
17116 41558 72404 10065 20065 30048 40171 52009 78088 85250 333 85830 86359 90730 91110==
17124 41656 72712 10072 20050 39224 40153 53008 78022 84250 333 84835 87360 90730 91117==
17128 42660 62513 10113 21029 39031 40132 55002 84250 333 84835 86359 90730 91122==
17135 42670 62007 10130 20002 39246 40116 57004 84150 333 84840 86360 90730 91115==
17140 42965 62207 10070 21031 38667 48456 53001 80008 333 86270 90730 91118==
17150 41460 73604 10069 20069 30034 40159 52008 78088 85270 333 83710 84835 87360 90730 91117==
17160 42/70 31807 10091 21016 38984 48457 56002 83030 333 83360 90730 91119==
17170 42660 43205 10026 21070 38334 48508 52014 82530 333 82640 84358 90730 91117==
17175 41657 70902 10113 20105 30131 40135 53002 78088 84270 333 84835 87358 90730 91104==
17184 42665 73303 10123 20070 30024 40136 55002 85270 333 85840 87360 90730 91108==
17190 42670 62503 10110 21028 38947 48454 55000 84250 333 84835 86360 90730 91111==
17195 42970 30406 10037 21017 38948 48463 56002 80001 333 83070 90730 91110==
17200 42960 02404 10056 21031 39204 40223 53001 333 90730 91107==
17202 42670 30606 10045 21005 39152 40228 52004 82540 333 82635 83360 90730 91110==
17203 42970 00000 10034 21046 38893 48537 52009 333 90730 91105==
17210 42670 32201 10095 21016 39159 40204 52011 83100 333 83840 90730 91108==
17219 42565 61505 10129 20081 39996 40141 55002 84250 333 84830 86360 90730 91109==
17234 41670 70502 10157 20072 30081 40149 55001 70282 84270 333 84835 87358 90730 91106==
17237 42670 60000 10142 20042 39638 40141 53003 83270 333 83840 86360 90730 91106==
17240 42570 31610 10082 20034 39010 40164 53007 83200 333 83830 90730 91125==
17244 42670 52510 10111 21018 38963 48461 53002 84250 333 84840 85360 90730 91118==
17248 42970 02106 10091 21010 38956 48466 53002 333 90730 91113==
17250 42970 02409 10096 21043 38782 48474 53005 333 90730 91117==
17260 42660 22005 10116 20017 39333 40161 53001 82100 333 82840 90730 91114==
17270 42670 32004 10130 20016 39542 40193 53005 83200 333 83840 90730 91109==
17275 42670 10000 10072 21014 39004 48519 52009 81100 333 81840 90730 91110==
17280 42960 00503 10101 21023 39400 40204 53003 333 90730 91110==
17290 42570 60904 10175 20092 30108 40139 55001 83130 333 83833 86360 90730 91112==
17292 41670 70000 10093 20065 39390 40148 55002 70382 84270 333 84835 87360 90730 91106==
17300 41560 61005 10132 20090 30109 40181 53005 78022 86900 333 85830 81920 90730 91121==
17310 41565 71103 10129 20100 30161 40168 57005 79598 84970 333 84833 87358 81930 90730 91111==
17330 42670 51101 10159 20092 30157 40175 53002 83250 333 83840 85360 90730 91108==
17350 42660 42306 10173 20055 30087 40165 53002 82130 333 82840 84360==
17370 42970 00000 10165 20057 30175 40179 55001==
17375 42570 61902 10155 20094 30155 40157 53005 83250 333 83833 86360 90730 91110==
33088 42560 22402 11030 21101 30060 40260 57004 82401==
33135 42660 22703 11049 21133 30094 40249 57002 82500==
33177 42570 32602 11021 21097 30020 40267 57008 83100==
33317 42970 02401 11050 21116 39917 40272 57003==
33393 42660 30000 11023 21150 39858 40266 57008 83500==
33415 42970 00201 11040 21112 39856 40273 57003==
33429 42970 00000 11052 21124 39831 40276 57002==
33466 42570 22702 11042 21127 30074 40271 53006 81402==
33506 41960 02301 11075 21101 30056 40264 52009 70271==
33562 42960 00202 11037 21140 39963 40283 53001==
33587 42570 53601 11045 21126 39998 40275 52005 85500==
33658 42/84 20000 11023 21118 39962 40275 57004 82030==
33663 42670 23301 11008 21099 30174 40274 58002 82500==
33664 42598 23301 11029 21134 39943 40274 57001 82200=
33678 42698 22802 11033 21147 30074 40292 52008 82200=
33679 42497 23302 11021 21112 30077 40276 58003 82500=
33711 42660 33503 11052 21111 30046 40267 52006 83500 333 83634==
33745 42597 42702 11023 21108 30087 40290 57002 84900=
33748 42997 40503 11030 21088 39975 40273 52001 84030=
33754 42998 23302 11024 21116 30120 40274 51001 82030=
33761 42570 50302 11049 21101 30041 40276 53004 85500==
33791 42581 63402 11038 21096 30135 40269 52006 86500 333 86630==
33815 42598 53501 11021 21113 30048 40265 58001 85800=
33837 42684 61401 11015 21089 30210 40264 53002 85501 333 85641==
33881 42598 60202 11012 21096 30062 40267 57001 86500=
33883 42898 50102 11015 21118 30092 40261 57002 85030=
33885 42597 70403 11018 21104 30134 40272 52003 82330=
33892 42998 63502 11020 21105 30042 40262 52001 85051=
33902 42560 23502 11022 21105 30204 40266 53005 82100==
33924 22570 70503 11017 21091 30244 40257 52004 82409 333 60002==
33946 22585 50808 11023 21080 30016 40247 53004 82501 333 60002 82624 91012 90730 91112==
33983 22560 60505 11028 21086 30182 40245 53005 81531 333 60002 90730 91110==
34300 41560 70000 11062 21086 30072 40259 53005 78587 87900==
34336 22960 02501 11092 21140 30164 40275 52007 333 11056 60002==
34344 22970 01201 11096 21130 30180 40274 52008 333 11061 60002==
34356 22960 02501 11103 21136 30120 40278 52011 333 11062 60002==
34357 22970 02202 11095 21142 30108 40273 52010 333 11068 60002==
34398 229// 32403 11122 21149 30257 40271 52015 80005 333 11066 60002==
34415 42/70 62501 11062 21111 30163 40265 53002 86070==
34438 22960 01901 11094 21125 30077 40281 52006 333 11058 60002==
34445 22970 02002 11102 21136 30160 40282 52008 333 11063 60002==
34461 22960 02501 11086 21129 30222 40281 52012 333 11049 60002==
34473 329// 22602 11102 21138 30235 40276 52016 80003 333 10138=
34476 22970 23202 11091 21123 30269 40277 52013 80001 333 11059 60002==
34504 41425 72803 11047 21067 30080 40263 52005 78582 87900==
34535 22970 01801 11080 21138 30206 40282 52007 333 11032 60002==
34545 22970 03401 11077 21132 30166 40285 52003 333 11046 60002==
34555 22570 23102 11063 21131 30195 40291 52011 82502 333 11038 60002==
34560 42960 22902 11086 21136 30083 40285 52014 80001 333 11055==
34578 22960 72601 11053 21138 30276 40283 52013 80001 333 11031 60002==
34579 22970 30000 11066 21117 30238 40283 52014 80001 333 11039 60002==
34644 22960 30000 11040 21132 30192 40272 52006 80002 333 11015 60002==
34646 22970 60901 11040 21093 30192 40277 52008 80001 333 11028 69902==
34655 22560 53501 11045 21126 30221 40284 52009 82430 333 11026 60002==
34662 22970 63201 11058 21132 30276 40288 52014 80001 333 11031 60002==
34691 22/70 63204 11052 21102 30505 40492 52013 83032 333 11030 60002==
34720 22/70 50202 11044 21091 30230 40271 52005 82044 333 11014 60002==
34727 22960 60702 11046 21099 30239 40271 53005 80001 333 11024 60002==
34743 22/60 80000 11045 21117 30188 40281 52009 86037 333 11024 60002==
34759 22560 80202 11037 21095 30146 40283 53009 885// 333 11025 60002==
34772 22/60 43402 11045 21131 30283 40286 52013 84035 333 11025 60002==
34785 22/60 80101 11039 21151 30308 40284 52016 8802/ 333 11021 60002==
34798 22/60 83102 11042 21084 30440 40410 53012 8805/ 333 11028 60002==
34824 22960 80702 11023 21098 30258 40263 52003 80005 333 11006 60002==
34838 22/60 80802 11032 21094 30163 40263 52004 8807/ 333 11011 60002==
34845 22570 81102 11032 21087 30158 40270 53005 8557/ 333 11024 60002==
34858 21540 81202 11037 21073 30166 40278 53007 71072 8641/ 333 11029 69902==
34861 22560 70603 11042 21119 30026 40280 52009 82550 333 11032 60002==
34866 22/60 60302 11032 21116 30290 40281 53008 80031 333 11017 60022==
34880 22/60 82901 11035 21117 30308 40280 52014 8802/ 333 11024 60002==
34887 22570 83602 11037 21108 30305 40281 53009 885// 333 11031 60002==
34949 21/40 80605 11078 21086 39693 40270 52003 77172 8802/ 333 11069 60032==
34954 21460 80602 11052 21075 30094 40276 52006 78582 889// 333 11026 60022==
34958 21560 80801 11053 21072 30069 40279 52006 78582 889// 333 11041 60042==
34975 21470 81002 11049 21070 30286 40282 52010 70282 885// 333 11029 69932 88618==
34984 22570 83405 11035 21113 30313 40282 52015 8595/ 333 11020 60002==
35217 12/// 22203 11140 21167 30221 40264 52014 60002 82040 333 11070==
35302 12/// 32704 11108 21161 30242 40264 52014 60002 83040 333 11070==
35315 325// 53201 11106 21169 30206 40266 52016 82502 333 11058=
35344 /14// 83604 11072 21085 39959 40257 52020 77377 8802/ 333 11017 555 60032=
35358 12/// 71807 11034 21074 30060 40233 53002 60002 87040 333 11029==
35368 319// 81808 11080 21126 30034 40313 52001 73632 8807/ 333 11046=
35386 329// 21702 11122 21149 39817 40370 53005 82040 333 11076=
35394 42970 01002 11116 21142 39667 40383 52007 333 11054==
35404 329// 22702 11121 21156 30264 40273 52012 80001 333 11064=
35406 429// 02902 11091 21121 30272 40274 52016 333 11059==
35416 415// 63203 11081 21108 30141 40267 52019 70272 86500 333 11056==
35426 41/// 83301 11078 21104 39960 40262 52016 70272 8802/ 333 11062==
35437 /14// 80202 11066 21086 39945 40269 52021 77172 8802/ 333 11017 555 60022=
35449 319// 31605 11031 21059 30163 40268 52005 70232 80003 333 11011=
35497 129// 01403 11135 21151 39832 40708 52006 60002 333 11063==
35498 /29// 02001 11183 21194 39460 40413 52006 333 11086 555 69982=
35514 /2998 73402 11073 21098 30509 40505 52017 80006 333 11045 555 60012=
35522 /15// 83601 11073 21094 39999 40260 52017 77177 8802/ 333 11061 555 60042=
35542 329// 71801 11025 21051 30113 40263 53018 88050 333 11005 91115=
35563 31596 82004 11095 21111 39529 40332 53002 71022 885// 333 11090=
35576 129// 01304 11134 21155 39889 40368 53004 60002 333 11079==
35582 /29// 00902 11168 21199 39745 40393 52008 333 11106 555 69932=
35594 /29// 01702 11148 21166 39500 40396 52007 333 11073 555 69902=
35605 /2998 83202 11058 21088 30294 40272 52017 8807/ 333 11041 555 69902=
35633 329// 41802 11025 21051 30034 40251 53018 84070 333 10004=
35671 41540 81503 11040 21055 39889 40330 54000 71022 885// 333 11038==
35699 129// 00000 11120 21137 39597 40397 52009 60002 333 11059==
35700 42470 80303 11048 21092 30289 40265 52009 887// 333 11030==
35715 /2597 80403 11024 21060 30271 40256 52016 885// 333 11010 555 69902=
35739 329// 01402 11010 21064 30101 40242 53002 333 10021=
35746 129// 31404 10001 21026 30199 40267 54000 60002 80001 333 10030==
35777 329// 60903 11098 21134 39985 40348 58002 86030 333 11022=
35796 42/60 80403 11103 21118 39928 40386 52004 8807/ 333 11068==
35849 125// 31602 11003 21056 30188 40275 53006 60002 83500 333 10045==
35895 32597 80202 11070 21079 39919 40381 52007 885// 333 11058=
35907 32598 80208 11031 21085 30292 40260 52011 885// 333 11012=
35925 126// 51401 10013 21016 30117 40228 53013 60002 85400 333 10053==
35927 325// 80202 10029 20005 30217 53014 885// 333 10069=
35953 129// 00000 10011 21041 30155 40286 57003 60002 333 10039==
35969 129// 00000 11012 21074 30137 40313 57008 60002 333 10022==
35997 316// 60501 11022 21065 39911 40355 52009 71022 85570 333 10008=
36259 42584 51202 11268 21295 38334 48618 52015 82902==
36335 329// 00000 11160 21181 39326 40422 52011 333 11082=
36358 329// 00000 11158 21182 39333 40421 52013 333 11058=
36394 329// 01601 11148 21155 39953 40405 52010 333 11043=
36397 12/// 22002 11104 21138 39805 40397 52009 60002 82070 333 11034==
36403 329// 00000 11145 21151 30015 40401 52007 333 11025=
36418 329// 02301 11153 21167 39759 40418 52006 333 11072=
36421 /29// 01001 11190 21212 39812 40425 52011 333 11070 555 69902=
36428 129// 03302 11193 21216 39883 40429 52011 60002 333 11064==
36439 329// 61403 11142 21158 39072 48556 52009 80002 333 11050=
36498 /25// 80000 11083 21102 39565 40388 52007 883// 333 11053 555 69932=
36501 329// 00000 11114 21145 39600 40392 52009 333 11039=
36535 126// 50000 11205 21239 39748 40440 52008 60002 82530 333 11065==
36546 319// 03001 11160 21175 39843 40422 52010 71000 333 11083=
36619 329// 00000 11114 21136 333 11028=
36622 /29// 00000 11137 21149 39556 40409 52009 333 11039 555 69932=
36639 129// 00000 11183 21210 39756 40412 52010 60002 333 11048==
36643 /18// 22101 11134 21140 39709 40412 51004 70171 82040 333 11058 555 69902=
36665 324// 80201 11091 21120 39638 40395 52010 886// 333 11060=
36666 /24// 72702 11176 21187 39891 40424 52011 87600 333 11049 555 69902=
36729 32998 21301 11075 21088 39887 40388 52007 82030 333 11015=
36736 329// 73601 11127 21146 39820 40408 52010 84051 333 11030=
36744 329// 80503 11039 21065 39904 40366 52009 8807/ 333 11011=
36770 329// 30000 11070 21083 39619 40372 52008 80001 333 10006=
36786 32999 00000 11087 21102 39418 40375 52006 333 11019=
36796 329// 20000 11128 21171 39128 48554 53009 80001 333 11064=
36803 32999 51701 11090 21119 39921 40392 52007 80002 333 11020=
36806 329// 01406 11096 21187 39899 40391 53009 333 11046=
36819 /19// 80902 11032 21052 39719 40346 58001 71022 8802/ 333 11002 555 69922=
36821 12/// 80000 11016 21043 39857 40355 52004 60002 8807/ 333 10002==
36839 32998 80000 11060 21110 39196 40361 52006 83041 333 11002=
36843 329// 50000 11062 21100 39151 40365 52004 82032 333 10027=
36846 319// 80903 11082 21092 38692 48568 52007 71022 83015 333 11005=
36859 129// 70000 11014 21032 39595 40393 52016 60002 80005 333 10062==
36870 129// 00000 11017 21035 39310 40342 52008 60002 333 10038==
36874 329// 01801 11042 21071 39541 40339 52005 333 10008=
36877 329// 00000 11042 21054 333 10037=
36885 329// 31602 11042 21067 39193 40353 52005 83030 333 10025=
36889 329// 01803 11123 21195 37067 47090 52006 333 11070=
36894 319// 30000 11021 21045 39591 40346 52007 71000 82032 333 10048=
36905 319// 01102 11035 21065 38827 48576 52009 74000 333 11004=
36911 129// 00000 11012 21021 39333 40328 52003 6//// 333 10049 555 530//=
36927 12697 23602 11020 21100 38394 48554 52012 6//// 82900 333 10045 555 530//=
36934 12597 73203 11004 21086 38305 48439 52010 6//// 85932 333 1//// 555 530//=
36953 329// 30000 11099 21128 38261 48508 52012 80001 333 11028=
36963 127// 51403 11111 21139 37046 48/// 52009 6//// 82550 333 11070 555 530//=
36974 127// 70000 11048 21096 38033 48571 52013 6//// 86640 333 10010 555 530//=
36982 129// 80602 11161 21248 36522 47128 52015 6//// 82036 333 1//// 555 530//=
37018 21540 80404 11017 21032 30113 40191 52002 78582 889// 333 11005 60022 91010 90730 91110==
37031 21/40 80702 11048 21068 30052 40257 52002 77172 8802/ 333 11034 60012==
37054 22460 80604 11051 21078 39862 40265 52002 885// 333 11048 69932==
37061 21/60 80703 11047 21080 30103 40281 53008 77172 8802/ 333 11038 69942==
37085 22/40 80303 11023 21108 30308 40281 53015 8807/ 333 11020 69902==
37171 21460 83202 10063 20052 30154 40173 57003 78082 889// 333 10064 60162 83715==
37228 21410 80301 11053 21066 39379 40250 52014 75675 886// 333 11035 60022==
37235 21440 80802 11047 21053 39937 40269 52015 71022 886// 333 11029 60022==
37472 21540 81203 10000 21011 30283 40260 52010 76162 8872/ 333 10018 60022==
38149 12970 50703 10035 21036 30150 40228 57001 60002 80002 333 10068==
38178 129// 00803 10014 21073 39946 40237 57013 60002 333 10046==
38262 129// 60703 10025 21011 30147 40229 57004 60002 80002 333 10070==
38264 12970 50704 10035 20000 30130 40225 52004 60002 80001 333 10071==
38345 11996 20000 11016 21050 38867 48555 52001 6//// 710// 80002 333 10062 555 530//=
38353 129// 21601 10013 21032 39409 40326 52002 69902 80001 333 10052 555 530//=
38388 12998 70903 10082 21019 30116 40186 57006 6//// 80003 333 10110 555 530//=
38392 12997 60906 10044 20005 30109 40213 53002 6//// 86030 333 10088 555 530//=
38396 12960 80705 10039 21001 30094 40221 54000 60002 80001 333 10071==
38403 129// 00202 10048 21032 30110 40232 57008 60002 333 10072==
38413 129// 01202 10042 21040 39957 40251 57018 60002 333 10074==
38457 12960 03301 10057 20009 39669 40260 57005 60002 333 10105==
38462 129// 00501 11014 21105 38815 48550 53006 60002 333 10067==
38507 12496 80107 10064 20030 30091 40194 52013 6//// 8457/ 333 10100 555 530//=
38545 32998 20802 10064 20008 30033 40209 57011 80003 333 10110=
38565 129// 00000 10025 21011 39625 40199 57006 60002 333 10112==
38579 129// 00000 10042 20022 39831 40255 57007 60002 333 10085==
38583 12960 03402 10049 20019 39937 40262 57010 60002 333 10081==
38599 31996 00807 10057 20014 39730 40272 53001 71000 333 10086=
38611 11/20 63303 10050 20014 39720 40290 52005 60002 71022 86040 333 10094==
38613 129// 73501 10048 21002 40295 53004 6//// 80002 333 10080 555 530//=
38616 125// 60901 10006 21023 39277 40319 53002 6//// 86500 333 10070 555 530//=
38618 129// 00000 10030 20012 39587 40290 52002 60002 333 10086==
38647 12997 82501 10084 20025 30122 40164 52014 6//// 8807/ 333 10098 555 530//=
38656 12998 60902 10110 20000 30060 40168 53009 6//// 86080 333 10143 555 530//=
38683 12960 40705 10079 20019 39937 40213 57011 60002 80001 333 10124==
38687 32997 70904 10095 20038 39982 40217 54000 80001 333 10125=
38696 129// 01102 10044 20008 39373 40237 57006 60002 333 10111==
38713 329// 01102 10018 21029 39068 48530 58013 333 10081=
38750 12597 82702 10084 20053 30241 40213 53025 6//// 885// 333 10099 555 530//=
38763 12997 70000 10086 20050 30066 40171 53021 6//// 87030 333 10102 555 530//=
38774 12895 83302 10092 20045 39974 40168 53007 6//// 8807/ 333 10100 555 530//=
38799 31996 71409 10094 20011 39960 40191 57007 70732 87010 333 10135=
38806 32697 60902 10098 20019 39928 40186 57010 86500 333 10144=
38812 12960 00304 10090 20000 39752 40203 57009 60002 333 10139==
38836 329// 40000 10082 21009 39286 40221 53004 80002 333 10114=
38880 12697 72904 10098 20031 39902 40154 52015 60002 86930 333 10124 555 530//=
38886 12597 60903 10132 20023 39917 40140 57011 6//// 82911 333 10164 555 530//=
38895 32996 71104 10108 20046 39886 40172 57007 80008 333 10150=
38911 32997 31205 10112 20011 39914 40206 57005 80002 333 10152=
38915 32597 80909 10126 21033 39885 40205 58062 885// 333 10146=
38927 12960 70504 10094 20034 39853 40228 56004 60002 80001 333 10143==
38933 329// 03601 10082 20017 39748 40264 54000 333 10140=
38944 329// 03403 10088 20021 39636 40168 57011 333 10136=
38954 329// 00000 11011 21130 37959 48550 52015 333 10066=
38974 12998 71103 10105 20011 39815 40146 57010 6//// 87070 333 10170 555 530//=
38987 32996 40403 10117 20086 39424 40151 57010 80002 333 10136=
40100 43/70 63304 10180 20081 30173 40189 53007 333 58///=
40180 02560 53004 10179 20093 30119 40168 52009 81250 333 70000==
40199 02/// /2202 10221 20010 30128 40152 57001 333 70000==
40265 41540 22105 10160 20002 39388 40188 57002 70500 82100 333 82830=
40270 41850 12708 10152 20034 39274 40175 52001 70511 81030 333 81358=
40272 41950 02909 10150 20019 39338 40166 57016 70500=
40340 42960 02311 10222 20008 30094 40159 57002=
40356 42660 21610 10140 21010 39197 48495 82100 333 58030 82840 555 04410 50190=
40357 42960 01404 10131 20010 39552 40203 333 58051=
40360 42660 21212 10168 20010 39570 40167 82200 333 58025 82840=
40361 42960 00607 10155 20000 39408 40205 333 58041=
40362 42960 00208 10149 20020 39676 40202 333 58063=
40373 42960 03608 10160 20100 39772 40193 333 58062=
40375 42960 02804 10212 21080 39262 40139 333 58023=
40394 42960 01208 10172 21020 39039 48514 333 58047 555 04410 50167=
40400 42960 52814 10226 20080 30120 40148 82031 333 58016 82360 84070=
40405 42660 20609 10149 20090 39434 40181 82500 333 58063 82640=
40417 42560 60110 10187 20160 30158 40173 83520 333 58040 83630 86458=
40420 42660 30212 10199 20160 39954 40161 83400 333 58023 83640=
40430 42960 43204 10251 21130 39399 40128 80005 333 58027 84070=
40437 41550 70208 10177 20150 39469 40175 71000 87600 333 58043 87720=
40439 42960 32818 10252 20060 30106 40124 82031 333 58011 82360=
40582 32960 20308 10193 20055 40187 51007 80001 333 55302 00000 10293 20037 30012 41048 51361 60048 55407 40025 82070 90401 91005 91117 91209 91307=
40703 42960 00000 10052 21020 38913 40204 53008 333 10096 21034 70000 555 10024 29060 66666 00072 10070 20036 30036 50050 90082=
40706 42565 22404 10056 21073 38645 40207 52019 81402 333 10086 21040 70000 81630 555 10011 29039 66666 00093 10081 20046 30042 50052 90070=
40712 42665 10000 10019 21058 38668 40211 52010 81500 333 10070 21051 70000 81635 555 11007 29057 66666 00006 10010 20017 30019 50035 90053=
40713 42962 02402 10048 21058 38652 40192 52014 333 10085 21009 70000 555 10010 29046 66666 00082 10054 20048 30053 50066 90092=
40718 41550 81403 10100 20091 30234 40205 52017 76186 8432/ 222// 0//// 20202 333 10121 20089 70024 81920 83620 88557 555 10095 29094 66666 00114 10104 20102 30097 50104 90114=
40723 41660 62603 10056 20019 38937 40192 52013 72162 81570 333 10098 21019 70000 81640 86358 555 10040 29077 66666 00048 10048 20036 30036 50048 90066=
40726 42660 20000 10050 21017 38652 40199 52011 82400 333 10094 21008 70009 82635 555 10024 29062 66666 00062 10062 20054 30042 50048 90078=
40727 42660 11802 10016 21031 38481 40216 52011 81400 333 10073 21005 70057 81640 555 11002 29071 66666 00008 10020 20025 30030 50038 90070=
40732 41440 83502 10104 20088 30219 40195 52017 71022 886// 333 10126 20078 70002 88715 555 10096 29090 66666 00106 10108 20098 30098 50106 90124=
40736 42560 70000 10113 20087 30226 40200 53018 81170 333 10135 20057 70000 81825 87359 555 10100 29084 66666 00102 10100 20088 30086 50094 90116=
40738 41658 82803 10097 20069 30216 40218 51027 71022 8152/ 333 10121 20021 70000 81635 88459 555 10084 29083 66666 00106 10114 20094 30090 50096 90120=
40739 42665 71101 10062 21006 38658 40165 52007 82506 333 10106 20013 70000 82635 87269 555 10034 29062 66666 00074 10078 20068 30060 50060 90082=
40741 42660 71107 10142 20047 39808 40141 56003 83506 333 10162 20036 70000 83635 87267 555 10097 29053 66666 00114 10110 20096 30089 50092 90112=
40743 41660 80000 10087 20045 39031 40154 50016 72162 8152/ 333 10144 20025 70005 81635 88460 555 10068 29075 66666 00110 10110 20100 30094 50107 90124=
40745 41559 72403 10099 20039 39010 40161 53005 78022 87300 333 10109 20026 79999 83930 84635 555 10071 29066 66666 00090 10082 20076 30066 50072 90100=
40747 42660 41603 10047 21033 38638 40208 51016 83160 333 10075 20004 70030 83840 555 10017 29056 66666 00060 10067 20061 30058 50064 90088=
40754 41558 62508 10058 20006 38813 40164 53008 70521 83372 333 10094 20040 70010 81930 83635 85360 555 100036 29069=
40762 41557 81503 10072 20011 38537 40182 53028 78062 8532/ 333 10124 21023 70003 81930 84635 88458 555 10045 29065 66666 00064 10068 20058 30046 50058 90084=
40766 42570 20000 10050 21035 38707 40209 52015 81631 333 10070 20033 70028 81358 555 10018 29054 66666 00067 10072 20069 30065 50073 90097=
40768 41660 72701 10007 20000 38251 40215 52015 72222 84370 333 10033 21037 70025 81935 83645 86460 555 10004 29095 66666 00032 10020 20019 30021 50026 90050=
40769 41556 40202 10022 20006 38281 40184 52019 71010 84300 333 10092 20006 70015 81930 83635 555 10015 29089 66666 00080 10084 20074 30060 50062 90096=
40780 42960 02701 10039 21003 38697 40227 52010 333 10078 20022 70063 555 10022 29074 66666 00082 10080 20072 30066 50080 90094=
40782 42660 72802 10075 20009 38877 40200 52015 87300 333 10112 20040 70082 82935 83612 555 10047 29063 66666 00104 10102 20082 30072 50096 90112=
40785 42660 13302 10093 20015 39083 40184 52030 81500 333 10139 20061 70000 81640 555 10059 29058 66666 00136 10129 20116 30104 50102 90150=
40791 41660 21003 10158 20048 39294 40114 52017 70199 81300 333 10218 20052 79999 81935 555 10104 29048 66666 00176 10174 20154 30140 50144 90160=
40792 41658 82703 10109 20015 38683 40135 52026 76082 8442/ 333 10178 20027 70001 84635 88559 555 10066 29052 66666 00130 10132 20126 30104 50122 90124=
40798 42960 02310 10034 21109 37946 40178 50007 333 10083 20009 70021 555 11014 29034 66666 00073 10085 20074 30061 50066 90080=
40800 42965 03104 10103 21111 38441 40166 52013 333 10152 20016 70000 555 10030 29021 66666 00104 10126 20106 30096 50104 90122=
40809 41660 41206 10111 20032 38453 40102 55002 70182 81470 333 10185 20047 70003 81635 84458 555 10073 29058 66666 00113 10120 20116 30099 50107 90129=
40811 42660 22802 10179 20058 30160 40186 53008 81530 333 10207 20127 70001 81640 555 10120 29045 66666 00210 10212 20194 30192 50194 90210=
40812 42660 42902 10150 20077 39797 40176 52006 84500 333 10184 20109 70002 84640 555 10113 29062 66666 00172 10170 20168 30164 50174 90196=
40821 42662 23007 10169 21099 38754 40135 52025 82100 333 10220 20041 70000 82840 555 10069 29015 66666 00183 10173 20136 30123 50122 90136=
40829 42960 01602 10181 20020 39566 40135 53003 333 10240 20083 70000 555 10106 29034 66666 00210 10204 20166 30162 50162 90178=
40831 42960 03504 10181 20058 30184 40192 52005 333 10208 20116 70000 555 10121 29044 66666 00204 10218 20192 30194 50202 90224=
40833 42960 03105 10177 20095 30151 40183 53006 333 10210 20125 70029 555 10134 29059 66666 00216 10222 20210 30194 50196 90216=
40841 42665 42311 10138 20035 38224 40109 52008 84300 333 10187 20073 70000 82935 84640 555 10087 29050 66666 00136 10140 20122 30110 50124 90144=
40845 41958 03103 10171 20132 30175 40180 52006 70500 333 10190 20162 70002 555 10149 29078 66666 00196 10198 20184 30186 50184 90202=
40848 42660 12404 10126 20009 38528 40161 53007 81200 333 10156 20078 70034 81835 555 10072 29045 66666 00124 10128 20119 30104 50106 90115=
40854 42660 52803 10214 20044 38927 40101 53014 85500 333 10264 20125 70000 85640 555 10127 29033 66666 00240 10236 20202 30186 50186 90202=
40856 42660 42408 10185 20037 38627 40125 52012 82270 333 10214 20082 70000 82840 83360 555 10110 29037 66666 00184 10176 20150 30140 50142 90146=
40859 42660 11804 10126 20093 38713 40163 53005 81400 333 10160 20100 70060 81635 555 10108 29080 66666 00128 10146 20138 30132 50134 90150=
40875 42560 51803 10218 20166 30128 40139 58001 82570 333 10256 20188 70005 82630 85360 555 10186 29072 66666 00244 10250 20240 30230 50244 90252=
40879 42662 42903 10242 20076 39482 40148 53011 83402 333 10271 20160 70006 83640 555 10152 29035 66666 00282 10282 20248 30238 50234 90244=
40882 42665 32502 10214 20159 30105 40140 53005 81170 333 10264 20200 70005 81835 555 10181 29071 66666 00248 10246 20230 30232 50228 90248=
40883 42560 51002 10220 20171 30110 40137 54000 82470 333 10240 20205 70000 82630 85359 555 10190 29074 66666 00248 10220 20230 30230 50242 90248=
40893 42960 42803 10241 20191 30129 40135 51007 84010 333 10256 20220 84459 70000 555 10209 29074 66666 00303 10297 20270 30273 50269 90277=
40898 41956 60000 10240 20213 30130 40139 52017 71022 86070 222// 00232 20801 333 10269 20223 70000 86359 555 10222 29085 66666 00276 10290 20278 30268 50272 90272=
41024 42660 23315 10259 20060 30099 40125 82500 333 58005 82640=
41036 42560 39903 10231 20070 38555 48505 83400 333 58012 83630 555 04410 50128=
41055 42960 01808 10218 20100 38360 48505 333 58007 555 04410 50110=
41061 42860 41110 10293 20080 39399 40089 84030 333 58007 84358=
41084 42960 10205 10284 20080 38832 48494 81030 333 58011 81360 555 04410 50069=
41112 42960 02010 10183 20120 37951 48515 333 58006 555 04410 50100=
41114 42560 22311 10201 20100 37987 48515 82400 333 58007 82622 555 04410 50095=
41128 41556 30906 10285 20030 38792 48503 70600 83400 333 58021 83630 555 04410 50094=
41136 42960 00105 10311 21050 39294 40091 333 58012=
41140 42960 02307 10279 20230 30105 40112 70140 333 58011=
41150 41459 73415 10192 20159 40168 70511 876// 333 58037 87713=
41176 44/70 /0314 10213 20166 30146 40152 333 58015=
41184 42960 31013 10268 20109 40140 85030 333 58008 83360=
41194 42960 53606 10276 20126 30127 40133 85030 333 58006 85362=
41196 42960 43408 10262 20141 30102 40142 84030 333 58009 84365=
41216 41760 60406 10245 20173 30129 40133 72161 8253/ 333 58004 82656 86362=
41217 41960 53409 10262 20148 30102 40131 72161 85030 333 58009 85362=
41240 26/// /0910 10269 20123 30127 40157 333 0E/// 55300 25022 59000 70004=
41254 36/// /2009 10157 21042 38073 49844 333 0E008 55300 25022 58010=
41256 32660 50907 10250 20193 30119 40136 85500 333 59007 55005 55407 55408 55507 55508 85735=
41258 36/// /1012 10259 20156 30128 40131 333 0E/// 55300 20077 59008=
41262 36/// /1604 10291 21004 39938 40130 333 0E019 55300 20312 58017=
41263 36/// /1708 10289 21005 39562 40111 333 0E019 55300 20212 58014=
41267 36/// /1004 10248 20204 30137 40150 333 0E020 58006=
41268 36/// /0305 10257 20157 30096 40143 333 0E022 55300 25022 58007=
41275 36/// /1209 10294 20029 39984 40150 333 0E017 55300 20176 58013=
41288 26/// /1407 10253 20201 30136 40157 333 0E022 58014 70002=
41315 36/70 /1609 10214 20088 39326 48098 333 0E021 55300 27865 58008=
41396 42965 01506 10303 20008 39395 40093 333 58008=
41480 41558 10809 10261 20204 30123 40132 70544 81500 333 58010 81620=
41506 12920 01801 10060 21010 38534 48320 60001 333 58034==
41508 12440 42701 10083 21013 38686 48530 60001 84500 333 56800 58002==
41515 12420 50000 10104 21016 38549 48120 60001 83520 333 56880 58019==
41516 12640 30000 10085 21070 38554 48110 60001 83030 333 56080 58022==
41517 11440 20000 10040 21037 37808 48360 60001 70400 82500 333 56800 58047==
41519 12940 03102 10130 21047 38786 48250 60001 333 58019==
41523 12940 00000 10135 20014 39113 48300 60001 333 58038==
41535 12940 00000 10110 20022 38740 48080 60001 333 58037==
41536 12440 30000 10150 20022 39064 48350 60001 83500 333 56800 58044==
41560 12940 00501 10080 21013 38315 48430 60001 333 58000==
41571 11900 20502 10170 20038 39589 40173 60001 70500 80001 333 56008 58029==
41598 11940 02301 10195 20134 39878 40149 60001 70400 333 58026==
41600 11940 00000 10185 20112 30000 40144 60001 70411 333 58015==
41620 12440 40000 10150 21049 38589 48930 60001 84500 333 56800 58009==
41624 11940 30000 10205 20126 30000 40155 60001 70400 83020 333 56080 58038==
41630 11940 40000 10205 20126 30000 40163 60001 70400 84030 333 56080 58034==
41640 11940 00000 10210 20142 39909 40157 60001 70400 333 58021==
41660 12900 72303 10140 21013 38436 48260 60001 85031 333 56088 59014==
41678 11440 50000 10225 20097 30000 40148 60001 70522 84570 333 56880 58025==
41696 12440 80000 10090 20061 37997 48170 60001 83520 333 56880 59009==
41697 12440 40000 10240 20094 30000 40142 60001 84500 333 56800 58032==
41700 11920 30000 10210 20142 30000 40146 60001 70400 83030 333 58037==
41710 12940 00000 10230 20062 30000 40075 60001 333 59008==
41712 12940 00502 10195 20034 39172 48980 60001 333 59016==
41715 11940 20000 10225 20130 30000 40135 60001 70500 80001 333 56008 58039==
41718 11920 60503 10215 20138 30000 40140 60001 70420 86030 333 56080 58026==
41725 11440 60501 10240 20117 30000 40135 60001 70500 84630 333 56880 58025==
41739 12940 32303 10185 20033 39035 48990 60001 83030 333 56080 58012==
41744 12440 50000 10170 21009 38800 48260 60001 83520 333 56880 58036==
41749 11940 03102 10240 20139 30000 40135 60001 70400 333 58030==
41756 11940 62704 10245 20191 30000 40148 60001 70504 86030 333 56080 58025==
41757 11940 62303 10240 20176 30135 40148 60001 70500 86030 333 56080 59002==
41759 11440 72301 10260 20199 30000 40145 60001 70511 85510 333 56880 58033==
41764 12940 30000 10255 20104 30088 40138 60001 83030 333 56080 58043==
41768 12440 53601 10270 20185 30120 40127 60001 83530 333 56880 58025==
41780 11920 52702 10275 20153 30113 40140 60001 70500 85030 333 56080 58037==
41785 12940 00000 10275 20172 30121 40134 60001 333 58025==
41859 01930 00000 10192 20170 30105 40143 70500 333 59001 70000==
41883 02930 00000 10234 20160 30119 40140 333 58002 70000==
41891 01430 60000 10231 20170 30098 40137 70522 84330 333 59001 70000 83616 85365 81930==
41907 01940 00000 10222 20200 30121 40136 70500 333 58007 70000==
41923 01340 60000 10256 20180 30126 40135 70520 84670 333 59003 70000 81709 83615 85458==
41943 01940 00000 10190 20170 30130 40138 70500 333 58003 70000==
41950 01940 00000 10214 20180 30137 40139 70500 333 58004 70000==
41978 01950 03003 10246 20180 30130 40137 70500 333 59001 70000==
41992 01925 00000 10238 20190 30138 40140 70500 333 59001 70000==
42027 32996 10201 10068 20018 38444 48531 80001 333 58032=
42071 31995 30000 10164 20136 40159 71010 83030 333 58021 83360=
42101 32996 23201 10178 20136 40167 80001 333 58017 82070=
42111 31994 00000 10152 20120 39439 40147 71000 333 58022=
42123 32596 40000 10204 20142 40155 82530 333 58024 82630 84359=
42131 32996 00000 10177 20133 40165 333 58025=
42165 32696 50000 10260 20065 40133 85500 333 58021 85640=
42182 31995 10000 10184 20139 40153 71000 81030 333 58018 81360=
42189 31995 30000 10172 20125 40147 70511 82031 333 58018 82360 83070=
42309 31595 70000 10142 20138 40172 71022 84570 333 58002=
42314 31595 63604 10170 20135 40171 71022 82530 333 58006 82620 86360=
42328 32996 40502 10280 20136 40103 84030 333 58022 84458=
42339 31995 01401 10248 20123 40125 70500 333 58018=
42348 31996 00908 10234 20104 40143 70500 333 58025=
42361 31995 00000 10194 20146 40152 70500 333 58025=
42369 31995 00000 10204 20146 40147 70500 333 58020=
42379 31995 00000 10184 20157 40143 71000 333 58018=
42410 31594 50000 10200 20156 40156 7102/ 82530 333 82620 84360=
42415 32996 31102 10202 20107 40167 83030 333 58001 83360=
42452 31996 00000 10232 20140 40129 70500 333 58019=
42492 31995 00000 10205 20160 40142 70500 333 58013=
42559 32996 00903 10238 20159 40127 333 58020=
42571 31996 00502 10236 20133 40139 70500 333 58024=
42591 31995 00000 10202 20155 40154 70500 333 58018=
42623 31495 50000 10158 200112 39274 40156 70520 82530 333 59002 82618 85360=
42634 32996 00000 10284 20158 40138 333 58014=
42647 31996 00000 10274 20172 40128 70400 333 58011=
42667 31996 01105 10240 20138 39549 40134 70500 333 58012=
42675 31996 00000 10206 20145 40138 70500 333 58017=
42701 31996 00000 10222 20120 39403 40127 70500 333 58012=
42724 31996 00000 10212 20183 40137 71000 333 58002=
42737 32996 02703 10276 20126 40141 333 58003=
42754 31996 00000 10240 20146 39495 40127 70500 333 58013=
42779 32996 00000 10230 20118 39442 40137 333 58015=
42798 31995 00000 10254 20159 40123 70500 333 58008=
42809 31996 01802 10260 20181 40136 70500 333 58013=
42840 32996 00000 10264 20193 40129 333 58004=
42867 31996 01402 10248 20148 40127 70500 333 58012=
42874 31996 00000 10258 20186 40126 70500 333 58008=
42886 31995 02302 10246 20125 40128 70500 333 58005=
42895 32996 02003 10260 20174 40131 333 58004=
42909 32996 00000 10250 20226 40138 333 58007=
42971 31996 01804 10256 20217 40143 70500 333 58007=
43003 31995 00000 10282 20175 40119 70400 333 59006=
43014 31996 00000 10260 20132 39480 40120 70544 333 58008=
43041 31996 00000 10266 20177 39515 40124 70500 333 58003=
43063 32996 00000 10236 20113 39506 40128 333 59001=
43086 32996 00000 10260 20230 39941 40119 333 58004=
43110 31995 00902 10269 20214 40130 70544 333 58005=
43117 32996 00000 10286 20173 40115 333 58006=
43128 32997 01404 10278 20159 39523 40121 333 58001=
43150 31996 02303 10264 20229 30084 40145 70500 333 58010=
43185 32996 01602 10252 20222 30129 40133 333 58008=
43189 32596 10000 10266 20224 30136 40145 81500 333 58009=
43192 32996 03202 10284 20256 40121 333 58007=
43201 32996 00201 10270 20088 39385 40100 333 58003=
43213 32996 00000 10290 20113 39790 40103 333 58005=
43233 32996 29902 10270 20067 39317 40123 80001 333 58006=
43237 32996 11102 10294 20099 39703 40088 80001 333 58008 81075=
43245 32996 11103 10276 20229 30108 40135 80001 333 58005=
43279 31996 01602 10260 20215 30128 40146 71000 333 58010=
43284 31995 60000 10288 20251 30005 40119 71010 80008 333 58013 86274=
43295 32996 10000 10250 20190 39120 48533 80001 333 58007 81075=
43314 32996 12302 10302 20232 40121 80001 333 58016=
43321 31496 30703 10284 20141 39682 40123 70500 81501 333 58013 81615 83070=
43329 32996 00000 10262 20220 30123 40137 333 58009=
43333 31495 30501 10254 20215 40135 70500 83400 333 58005 82618=
43344 31496 30906 10274 20197 30033 40132 70500 81501 333 58005 81616 82075=
43353 31496 12303 10284 20228 40125 70521 81500 333 56700 58017 81620=
43369 32596 20000 10268 20248 40122 82500 333 58012 82620=
43371 31996 10000 10272 20225 30052 40124 70500 80001 333 58008 81071=
43410 22/70 20506 10275 20227 30134 40137 51023 333 60008 91007 555 60008==
43413 22470 30605 10270 20231 30131 40136 51026 83000 333 553// 20000 58011 60008 91008==
43415 22470 20501 10252 20225 30029 40137 52018 82000 333 58009 60008 555 60008==
43418 22470 30501 10270 20225 30091 40132 52016 83200 333 58009 60008 83/18 555 60008==
43421 22970 00502 10254 20253 30027 40133 52026 333 553// 20000 58010 60008 91004==
43424 22470 30502 10264 20232 30122 40124 52024 83100 333 58014 60008 555 60008==
43436 22470 20704 10284 20241 30129 40132 52022 81000 333 58017 60008 555 60008==
43441 22470 10902 10281 20222 39982 40114 53025 81100 333 58010 60008 555 60008==
43444 22470 10502 10254 20213 39590 40124 54023 81000 333 58011 60008 555 60008==
43450 22460 43103 10274 20239 30112 40124 52016 81000 333 58013 60008 555 60008==
43466 21/65 13401 10282 20220 30118 40126 51026 70500 81040 333 553// 20000 58011 60008 91003 555 60008==
43467 22470 13402 10284 20238 30120 40126 52024 81100 333 58011 60008 555 60008==
43473 22470 61701 10148 20148 38147 48515 52016 83000 333 553// 20000 58009 60008 91002 555 60008==
43479 22470 33601 10224 20209 39290 52024 83100 333 58012 60008 555 60008==
43486 21465 80301 10255 20255 30023 40123 50028 75085 87000 333 553// 20000 58011 60008 91002==
43495 21465 82502 10272 20253 30110 40123 52020 79592 87/// 333 58012 60078 81920 555 60078==
43497 22468 20502 10276 20000 30105 40122 5/026 82000 333 553// 20006 58012 60008 91006==
44212 41/// 53401 11225 21260 39280 40549 52012 72272 85010==
44213 429// 00000 11266 21296 38914 40571 52010==
44214 42970 22301 11125 21169 38351 40453 52018 80003==
44215 415// 83102 11111 21128 38493 40447 52014 77877 88600==
44217 32998 20000 11173 21213 37899 40517 52015 80004 333 91200=
44218 429// 41602 11144 21184 38703 40476 52014 80006==
44219 32999 00902 11221 21242 38711 40525 51020 333 91204=
44265 429// 01001 11186 21220 38923 40463 52014==
44266 329// 03504 11131 21232 37802 40436 52013 333 91205=
44454 41456 22304 10131 20095 38676 48520 70044 82100 333 58014=
48064 42940 02201 10278 20126 30028 40084 333 58023==
48094 42950 00000 10250 20220 30116 40126 333 58002==
51076 14/61 /0101 11186 21210 39467 40437 52011 60001 333 11077 21194 3/104 4/025 58090 70000 90761 91103==
51087 14/56 /1101 11170 21189 39314 40434 52010 60001 710// 333 11076 21176 3/105 4/018 58091 70000 90761 91104==
51156 14/65 /3502 11108 21128 38779 40394 52012 60001 333 11020 21134 3/112 58073 70000 90761 91106==
51243 14/38 /3201 11115 21155 39823 40419 52011 60001 705// 333 11059 21167 3/112 58083 70000 90761 91104==
51463 14/60 /1502 11086 21133 39135 40392 52006 60001 333 11010 21087 3/101 4/034 58068 70000 90761 91104==
51573 14/60 /2901 10031 21150 30240 40291 52014 60001 333 10082 21003 3/102 58044 70000 90761 91103==
51644 14/34 /0801 11026 21095 39007 40314 52016 60001 705// 333 10065 21053 3/104 58057 70000 90761 91105==
51656 14/56 /0600 11022 21085 39211 40310 52014 60001 705// 333 10068 21038 3/108 58058 70000 90761 91104==
51709 14/50 /0701 10015 21130 38670 40292 52019 60001 706// 333 10048 21051 3/101 58035 70000 90761 91105==
51716 14/29 /3201 10003 21092 38962 40300 52017 60001 705// 333 10056 21044 3/103 58038 70000 90761 91103==
51765 14/59 /3001 10005 21143 39271 40300 52014 60001 333 10083 21071 3/104 58062 70000 90761 91104==
51811 14/32 /3201 10010 21143 38833 40294 52015 60001 706// 333 10078 21047 3/105 58030 70000 90761 91106==
51886 14/80 /0702 11047 21298 37095 40260 52009 60001 333 11006 21160 3/108 59012 70000 90761 91105==
52203 14/62 /0901 11003 21154 39381 40294 52017 60001 333 10086 21085 3/102 58040 70000 90761 91106==
52602 14/71 /3005 11049 21262 37243 40232 52003 60001 333 10027 21160 3/109 59037 70000 90761 91110==
52818 14/80 /2702 11010 21237 37211 40185 52012 60001 333 10055 21137 3/103 59035 70000 90761 91108==
55228 14/80 /2505 11070 21262 36017 40223 52017 60001 333 11008 21141 3/109 58019 70000 90761 91116==
55299 14/80 /3101 11076 21208 35828 40187 52011 60001 333 11031 21163 3/112 59014 70000 90761 91113==
55578 14/80 /2405 10047 21206 36323 49983 52027 60001 333 10108 21088 3/001 59003 70000 90761 91121==
55591 14/75 /0902 10055 21111 36471 40028 52015 60001 333 10095 21053 3/005 59028 70000 90761 91109==
55664 14/80 /3103 11018 21202 35992 40101 52023 60001 333 10069 21075 3/107 58003 70000 90761 91118==
55773 14/80 /1705 11066 21115 36004 40163 52012 60001 333 10016 21121 3/108 58008 70000 90761 91118==
56004 14/80 /2903 11139 21189 35795 40298 52011 60001 333 11047 21215 3/118 59013 70002 90761 91120==
56312 14/80 /1901 10031 21063 37092 40184 52017 60001 333 10080 21031 3/003 59011 70000 90761 91109==
62306 42560 42910 10182 20086 40151 52001 84200==
62309 42960 03105 10205 20081 40139 52001==
62332 42960 00806 10181 20121 40166 52001==
62337 42960 03407 10188 20096 40165 52006==
62366 45560 22306 10218 20020 40154 57001 82200==
62387 42960 01806 10234 20000 40162 57006==
62393 42960 03406 10228 21020 40178 57009==
62405 42960 00305 10244 20002 40156 57008==
62414 42960 03406 10250 21073 40153 57002==
62419 42960 00504 10252 21008 40139 57005==
62420 42960 02405 10238 21036 40149 57006==
62435 42960 03403 10232 20011 40154 57005==
62440 42960 03006 10204 20196 40162 57002==
62455 42960 03004 10196 20087 40159 57003==
62458 42960 03104 10204 20031 40163 57006==
62459 42960 03104 10204 20031 40163 57006==
62465 42960 03506 10220 20098 40133 57005==
63330 41575 11006 10188 20147 37792 40260 70500 81500 333 58001 81621 555 10246=
63332 42580 43502 10278 20165 38207 40042 84200 333 59003 84825 555 10310=
63333 42580 30902 10244 20112 38160 40171 82830 333 58007 82830=
63340 42580 51802 10244 20121 37925 40141 83930 333 59004 83825 81926=
63402 42580 30000 10302 20133 83200 333 83828 555 10318=
63403 41556 60000 10210 20165 71092 86900 333 81922 866213 555 10280=
63451 42580 20604 10271 20057 38128 40029 82501 333 58013 82627 555 10300=
63453 41575 20204 10338 20129 39030 40251 70500 82100 333 58009 82824 555 10354=
63460 42580 72704 10270 20135 87800 333 83824 85625 555 10320=
63471 41558 23604 10306 20130 38845 40071 70500 82030 333 58010 82357=
63474 42580 40000 10220 20042 37595 4//// 84800 333 58010 82823 83625=
63478 42980 00906 10360 20223 39748 40065 333 58009 555 10416=
63500 42580 20000 10334 20131 82130 333 82825 555 10358=
63533 42580 10405 10304 20064 38485 4//// 81100 333 58012 81830 555 10324=
41316 32982 01804 10251 20187 30118 40148 91445 333 58010 55340 55407 55408 55507 55508=
