SMPK OPKC 061200=
41504 02997 00000 10060 21079 37825 48473 60002 333 10110 58017 60007 36%=
41505 22696 60000 10050 21024 38/// 48/// 60002 82520 333 10060 56990 58/// 82640 86460 59%=
41506 02697 50000 10100 20001 38521 48520 60002 82520 333 10124 56990 58028 60007 82640 83460 50%=
41507 02997 00906 10185 20001 39283 49794 60002 333 10190 58009 60007 29%=
41508 02697 32304 10111 21025 38681 48550 60002 83200 333 10150 56900 58023 60007 83835 39%=
41509 02697 50000 10120 20007 38769 48510 60002 82520 333 10135 56990 58032 60007 82640 83460 46%=
41510 02697 20000 10020 21018 37913 48526 60002 82500 333 10080 56900 58025 60007 82640 76%=
41515 02697 60000 10083 21030 38550 48512 60002 83520 333 10100 56990 58009 60007 83650 83460 44%=
41516 02696 41304 10100 21024 38549 48507 60002 84100 333 10140 56900 58049 60007 84840 42%=
41517 02697 22304 10050 21124 37792 48516 60002 82400 333 10094 56900 58039 60007 82800 27%=
41518 02596 73602 10111 21008 38/// 48/// 60002 84770 333 10122 56990 5//// 60007 81730 83440 83762 44%=
41519 02697 30000 10145 21019 38763 48505 60002 83200 333 10165 56900 58036 60007 83840 32%=
41520 02697 21804 10030 21112 37627 48271 60002 82400 333 10060 56900 58033 60007 82840 34%=
41523 02997 02304 10170 21009 39109 48533 60002 333 10190 58031 60007 30%=
41524 02997 00000 10170 20051 39366 40225 60002 333 10198 58022 60007 45%=
41525 12697 20000 10030 21051 37686 48414 60002 82100 333 10045 59032 82840 55%=
41528 02997 00000 10170 20051 39238 48533 60002 333 10189 58033 60007 45%=
41529 02996 22302 10210 21003 39817 40196 60002 82030 333 10225 56090 58042 60007 82360 24%=
41530 11996 20506 10190 21075 39770 40183 60002 70500 80001 333 10205 56009 58031 82070 16%=
41534 02997 21302 10190 20045 39770 40183 60002 82030 333 10220 56090 59034 60007 82360 38%=
41535 02997 03102 10120 21026 38733 48503 60002 333 10137 58027 60007 36%=
41536 02997 00000 10150 21010 39056 48528 60002 333 10180 58006 60007 33%=
41560 02997 00000 10090 21029 38317 48544 60002 333 10100 59010 60007 43%=
41562 02997 01304 10200 21048 39718 40179 60002 333 10220 58033 60007 18%=
41565 02995 03104 10072 21054 38659 48524 60002 333 10115 58008 60007 41% =
41567 01996 00000 10190 20045 39696 40111 60002 70500 333 10220 59006 60007 38%=
41571 11996 13116 10175 21018 39599 40184 60002 70500 81030 333 10191 56090 58026 27%=
41572 01996 03114 10180 21027 39543 40167 60002 70500 333 10192 58032 60007 24%=
41573 02997 01302 10055 21032 37980 48513 60002 333 10095 58027 60007 53%=
41574 02697 22702 10095 21006 38352 48531 60002 82400 333 10115 56900 58015 60007 82640 49%=
41576 02997 02706 10200 20034 40192 60002 333 10228 58025 60007 29%=
41577 01996 02306 10185 21017 39567 40180 60002 70500 333 10205 56000 58035 60007 25%=
41593 01996 00502 10230 20019 39956 40168 60002 70500 333 10238 58024 60007 25%=
41597 02997 02702 10225 20043 39894 40183 60002 333 10235 58022 60007 30%=
41598 01996 03102 10210 20032 39895 40165 60002 70500 333 10235 58026 60007 31%=
41599 01996 03106 10205 20054 39883 40172 60002 70500 333 10223 58022 60007 37%=
41600 01996 02304 10200 20031 39868 40162 60002 70500 333 10220 58026 60007 33%=
41620 32996 01802 10155 21155 38581 48485 60002 333 10160 58023 60007 10%=
41624 02997 00902 10230 20079 39977 40175 60002 333 10245 58035 60007 38%=
41625 02997 00000 10220 20049 39971 40170 60002 333 10235 58045 60007 33%=
41630 01996 03102 10210 20032 40177 60002 70500 333 10225 58022 60007 31%=
41633 02997 00000 10215 20083 4//// 60002 333 10235 5//// 60007 43%=
41634 02997 00000 10180 20039 3//// 4//// 60002 333 10190 5//// 60007 39%=
41635 02997 00000 10230 21000 3//// 4//// 60002 333 10252 5//// 60007 22%=
41636 01996 00000 10225 20058 39995 40176 60002 70500 333 10245 58034 60007 34%=
41638 01996 00000 10210 20048 4//// 60002 70500 333 10232 5//// 60007 34%=
41639 02997 02702 10220 20064 3//// 4//// 60002 333 10235 5//// 60007 36%=
41640 01996 02702 10205 20054 39924 40174 60002 70500 333 10225 58022 60007 37%=
41641 01996 03208 10210 20048 39901 40175 60002 70500 333 10225 58022 60007 34%=
41642 01997 03104 10200 20086 3//// 4//// 60002 333 10215 5//// 60007 48%=
41643 01996 03102 10200 20120 39894 40171 60002 70400 333 10215 58021 60007 60%=
41644 01996 00000 10220 20102 3//// 4//// 60002 70400 333 10232 5//// 60007 47%=
41646 01996 00000 10215 20070 39979 40192 60002 70500 333 10240 58020 60007 39%=
41652 01996 21304 10220 20034 30004 40182 60002 70500 82030 333 10235 56090 58038 60007 82360 29%=
41661 02997 43102 10140 21096 38393 48520 60002 80001 333 10155 56009 58006 60007 84070 19%=
41669 02997 01302 10225 20058 3//// 4//// 60002 333 10240 5//// 60007 34%=
41670 01996 00000 10220 20034 3//// 4//// 60002 70500 333 10235 5//// 60007 29%=
41674 01996 50906 10215 20041 3//// 4//// 60002 70510 85070 333 10232 56090 5//// 60007 85460 32% =
41675 01996 30000 10220 20049 30028 40171 60002 70500 83030 333 10232 56090 58026 60007 83362 33%=
41676 01996 03102 10225 20084 30043 40201 60002 70500 333 10230 58032 60007 41%=
41677 01996 03102 10210 20075 30003 40171 60002 70500 333 10230 58032 60007 42%=
41678 01996 00504 10230 20079 40164 60002 70500 333 10240 58020 60007 38%=
41679 01996 03102 10200 20061 4//// 60002 70500 333 10226 5//// 60007 40%=
41680 01996 00000 10205 20068 39976 40176 60002 70500 333 10222 58033 60007 41%=
41685 02997 02302 10185 21221 38931 48519 60002 333 10190 58020 60007 05%=
41696 02997 40000 10130 21070 38002 48514 60002 80001 333 10130 56009 58000 60007 84080 24%=
41697 02997 00000 10260 21015 39995 40149 60002 333 10275 58022 60007 16%=
41700 01996 30506 10220 20049 30041 40169 60002 70500 83030 333 10239 56090 58030 60007 83360 33%=
41701 01996 30504 10230 20066 30037 40179 60002 70500 83030 333 10243 56090 58032 60007 83360 35%=
41710 12697 61304 10205 21162 39356 40116 60002 83510 333 10210 56990 59016 83640 83460 07%=
41712 12997 50506 10200 21102 39198 48551 60002 80001 333 10205 56009 59005 85070 12%=
41715 01996 00000 10235 20044 30108 40172 60002 70500 333 10250 58021 60007 29%=
41716 01996 00502 10230 20019 30071 40174 60002 70500 333 10248 58025 60007 25%=
41718 01995 30000 10230 20051 30066 40169 60002 70500 83030 333 10245 58029 60007 83360 31%=
41724 01996 33104 10240 20081 30108 40187 60002 70500 83030 333 10260 56090 58020 60007 83360 36%=
41725 02996 30502 10240 20038 30089 40166 60002 83030 333 10250 56090 58022 60007 83360 27%=
41726 01995 00000 10230 20092 30128 40199 60002 70500 333 10250 58031 60007 41%=
41738 02996 01816 10285 21075 39967 40143 60002 86030 333 10300 56090 59002 60007 86460 09%=
41739 02996 52304 10235 20117 39069 48540 60002 85030 333 10240 56090 58002 60007 85360 47%=
41742 12997 31804 10285 21075 30045 40147 60002 80001 333 10300 56009 58013 83070 9%=
41743 21996 00502 10235 20059 60002 70500 333 10245 60007 32%=
41744 12996 40000 10175 20016 38794 48520 60002 84030 333 10190 56090 58014 34%=
41745 01996 00506 10245 20076 60002 70400 333 10255 60007 34%=
41746 02996 43104 10225 20084 30114 40170 60002 80001 333 10240 56009 58015 60007 84070 41%=
41747 01996 23602 10230 20051 30101 40161 60002 70500 82030 333 10250 56090 58014 60007 82360 31%=
41748 02996 20502 10240 20068 30110 40174 60002 82030 333 10245 56090 58017 60007 82360 33%=
41749 02996 33308 10260 20073 30133 40170 60002 83001 333 10270 56009 58016 60007 83070 30%=
41756 02996 32308 10245 20101 30097 40163 60002 80001 333 10250 56009 58006 60007 83070 40%=
41757 12996 01801 10255 20033 30151 40163 60002 333 10260 59002 24%=
41759 02995 22304 10240 20106 30146 40152 60002 333 10250 56090 58000 60007 31%=
41760 01996 21308 10235 20122 30144 40157 60002 70500 80001 333 10250 56009 58018 60007 82080 49%=
41764 02996 03616 10250 21017 30104 40154 60002 333 10260 58006 60007 17%=
41765 02996 03604 10255 20049 30123 40159 60002 333 10270 58012 60007 27%=
41766 01996 03102 10245 20030 30141 40170 60002 70500 333 10265 58017 60007 25%=
41767 02996 03606 10265 20052 3//// 4//// 60002 333 10280 60007 25%=
41768 02996 00506 10280 20063 30142 40149 60002 333 10295 58004 60007 25%=
41780 02996 30512 10270 21098 30127 40154 60002 80001 333 10282 56009 58007 60007 84070 08%=
41783 22996 00502 10260 20006 30119 40148 333 10270 58009 60007 19%=
41785 02996 20504 10260 20025 30132 40145 60002 80001 333 10270 56009 59002 60007 82070 22%=
41786 02996 00506 10280 20048 30093 40130 60002 333 10300 59001 60007 23%=
41BAG 02696 40506 10040 21072 60002 84500 333 10055 56900 60007 84635 44%=
41BKI 02996 33604 10200 21004 39762 40178 60002 83030 333 10210 56090 58034 60007 83360 25%=
41SKP 02997 00000 10200 20086 3//// 4//// 60002 333 10203 5//// 60007 48%=
43532 02697 30000 10190 20010 39339 40133 60002 83500 333 10195 56900 58012 60007 82640 30%=
43533 02997 00000 10180 20039 39227 48507 60002 333 10205 58004 60007 39%=
43563 02997 02302 10183 20047 39477 40166 60002 333 10217 58025 60007 40%=
41660 02997 43106 10120 21156 38440 48534 80001 333 10135 56009 58001 60007 84070 12%=

UPPK OPKC 061200=
PPAA 56111 41780 MISDA No Ascent due to PAF Flights=
PPAA 56111 41516 55285 10510 18506 77999=
PPAA 56111 41718 55285 06006 08005=
PPAA 5612/ 41506 MISDA DUE TO CLOUDY WEATHER =
PPAA 5612/ 41515 MISDA DUE TO Technical Problem=
PPAA 5612/ 41517 MISDA DUE TO AIR MOVEMENT=
PPAA 5612/ 41646 MISDA DUE TO TECHNICAL REASON =
PPAA 5612/ 41715 NO ASCENT DUE TO BALLOONS OUT OF STOCK=
PPAA 5612/ 41739 no acent due to security risk=
PPAA 5612/ 41764 NO ASCENT DUE TO PAF FLYING AT BULARI AIR BASE=
PPAA 56121 41598 55285 36003 04002 77999=
PPAA 56121 41600 55185 16504 77999=
PPAA 56121 41624 55285 12507 06010 77999=
PPAA 56121 41640 55285 29008 30013 77999=
PPAA 56121 41678 55285 36007 08004 77999=
PPBB 56111 41516 90/7/ 13504 03004=
PPBB 56111 41718 90/12 00000 03506 04505 9037/ 05006 07005 9125/ 09002 19002=
PPBB 56121 41598 90/12 31002 27005 29506 9037/ 31004 01002=
PPBB 56121 41600 90/12 23004 21001 20003 9037/ 22006 13514=
PPBB 56121 41624 90/12 09002 08504 10506 9037/ 10506 10005 9125/ 04512 02009=
PPBB 56121 41640 90/12 27002 24504 25004 9037/ 26506 29509=
PPBB 56121 41678 90/12 05004 04507 03508 9037/ 03508 33007 9125/ 09006 02011=



Data Generated from File : D:/all data handling/Rmc_lhr/2025020612.FSU.txt
06/02/2025   13:03:36
____________________________________________________________________________________________
15020 04570 73102 10003 21073 30178 40386 52005 60001 84870 333 41998 55300 20481 60007 91003 90760 91105==
15090 04570 73601 10030 21050 30281 40378 50002 60001 84870 333 55306 00770 21414 30703 60007 91003 90760 91105==
15108 01984 03403 11115 21127 38146 48571 51007 60001 70241 333 49082 55305 20942 60007 91007 90760 91107==
15150 04570 73404 11003 21049 30157 40382 50005 60001 84870 333 41998 55304 20899 60007 91008 90760 91108==
15170 04570 10403 10015 21074 39533 42905 50004 60001 81200 333 41998 55310 21800 60007 91006 90760 91106==
15280 01/00 90209 11139 21157 37514 47041 51007 69921 74973 89/// 333 49084 55310 21542 60007 91015 90760 91117==
15310 04570 83603 10007 21052 30270 40361 51005 60001 8557/ 333 55300 00120 20281 30280 60007 91006 90760 91107==
15335 04570 73603 10012 21051 30343 40350 54000 60001 84460 333 55300 20493 60007 91006 90760 91108==
15350 04570 40307 10038 21082 30234 40359 58002 60001 84200 333 55309 21237 60007 91011 90760 91112==
15360 04/70 70111 10012 21034 30317 40335 52005 60001 87070 333 60007 91013 90760 91115==
15420 01570 73401 10019 21039 30242 40359 57003 69901 70282 85370 333 55302 20740 69907 91002 90760 91103==
15460 04570 40106 10035 21057 30328 40353 57002 60001 84500 333 55308 21630 60007 91011 90760 91112==
15470 04570 31104 10029 21038 30223 40355 57005 60001 82240 333 55309 21652 60007 91007 90760 91107==
15480 04570 62702 10012 21047 30320 40338 50000 60001 86500 333 55302 00400 20789 30699 60007 91005 90760 91107==
15549 12570 60205 10007 21063 39908 40342 58004 60001 82530 333 10008 21034 555 556//=
15552 12470 63403 10029 21061 30282 40333 52004 60001 86500 222// 00075 10301 333 10041 21020 555 552// 92035 92438=
15640 11668 33409 10028 21005 30016 40341 54000 69901 70171 82530 333 10032 20004 555 57900 69999 71200=
15655 12575 33610 10047 21063 30298 40332 58007 60001 83200 222// 00078 10402 333 10048 21016 555 545// 92035 92438=
15730 11665 80903 10030 21038 39918 40329 58002 60001 70272 85577 333 10044 20007 555 561//=
16627 12565 20510 10074 21037 30309 40315 57010 60001 82100 333 90730 91120==
16650 12560 30415 10074 21037 30303 40313 57004 60001 81140 333 90730 91125==
16667 12560 30112 10084 21030 30282 40294 56009 60001 83100 333 90730 91126==
16706 12660 20121 10088 20004 30256 40263 57020 60001 82100==
16723 12560 33615 10096 21018 30240 40254 57020 60001 83200 333 90730 91128==
16742 12560 33519 10082 21018 30076 40236 57017 60001 83100 333 90730 91133==
16749 12460 13214 10108 21028 30194 40209 57016 60001 81100 333 90730 91125==
16754 12560 53417 10106 20022 30226 40275 57005 60001 85800 333 81820 85625 90730 91131==
16760 11460 63621 10078 21014 40266 57001 69911 70161 86800 333 82818 86625 90730 91134==
16765 12560 33227 10110 20000 40223 50000 60001 83500 333 90730 91140==
17022 11670 60208 10040 21047 30107 40279 55000 69941 70382 84250 333 84834 86360 90760 91114==
17024 11570 52113 10021 20013 30179 40260 51004 60041 72372 83570 333 81832 83635 85360 90760 91117==
17026 12570 43220 10073 20014 30200 40240 55002 60001 84200 333 84830 90760 91129==
17031 11556 73121 10043 20005 30220 40227 55000 69921 78722 85950 333 84828 87358 81925 90760 91129==
17034 11470 72206 10041 20006 30181 40229 53002 69951 72162 87500 333 84712 87628 90760 91119==
17038 11670 72702 10070 21011 30155 40204 53001 69901 70262 87500 333 87635 90760 91120==
17042 11560 81104 10043 20025 30175 40216 53005 60051 76166 8552/ 333 85630 88458 90760 91109==
17050 12970 03505 10061 21053 30267 40332 58010 60001 333 90760 91115==
17056 12970 20207 10061 21030 30311 40316 57004 60001 80001 333 82070 90760 91117==
17060 11460 73526 10051 20004 30250 40292 58007 69901 78382 86250 333 82714 85821 86357 90760 91138==
17070 11556 80601 11010 21055 39355 40262 58002 69911 77077 8552/ 333 85630 88458 90760 91107==
17074 11570 70105 10011 21029 39274 40242 55001 69951 77072 84520 333 84628 87458 90760 91113==
17084 11670 63408 10015 21049 39289 40223 58002 69901 72271 84550 333 84635 86360 90760 91115==
17085 11670 63110 10034 21057 39718 40224 53001 69901 70272 84570 333 84640 86360 90760 91122==
17092 11470 72605 10000 21056 38797 48429 53005 60021 70172 87750 333 82715 85635 87357 90760 91107==
17096 11540 70718 11031 21066 38138 48412 53005 69901 77122 85550 333 85625 87357 90760 91128==
17098 11545 80713 11029 21044 38110 48427 53005 60011 77073 8552/ 333 85625 88457 90760 91128==
17100 11526 70000 10015 20007 39119 40135 55003 60031 72272 83730 333 83725 87357 90760 91106==
17112 12670 40308 10071 21060 30304 40307 57015 60001 82230 333 82835 84360 90760 91120==
17115 12660 73613 10048 21026 30255 40308 58005 60001 84250 333 84835 87360 90760 91120==
17116 11570 73307 10037 20005 30168 40295 56007 60031 70382 85250 333 85833 86359 90760 91116==
17124 11557 63112 10016 21075 39312 40263 57004 60001 71522 86200 333 86825 90760 91126==
17128 12670 50516 10002 21095 39093 40232 55002 60001 85200 333 85840 90760 91122==
17135 12670 33407 10030 21081 39311 40213 55006 60001 83100 333 83840 90760 91118==
17140 11659 80605 11037 21073 38688 48470 53003 69931 77172 8552/ 333 85634 88460 90760 91118==
17150 11460 63518 10050 21026 30161 40289 58009 69901 70282 86100 333 82715 85835 90760 91126==
17160 11670 63611 11008 21097 39014 48473 52003 69901 72271 84550 333 84636 86360 90760 91125==
17170 12560 71012 10072 21059 38195 48367 55003 60001 83550 333 83630 87357 90760 91125==
17175 12665 20306 10085 21070 30278 40282 57014 60001 82100 333 82840 90760 91114==
17184 11670 70403 10047 21023 30169 40285 57007 69901 70272 85250 333 85838 87360 90760 91113==
17190 11670 43508 10003 21092 39013 48498 58007 69901 70171 84200 333 84835 90760 91115==
17195 11570 70705 11020 21056 38950 48462 53001 69921 70272 85570 333 85625 87358 90760 91120==
17200 11560 73115 10028 21060 39115 40116 53006 69901 70172 84550 333 84633 87359 90760 91123==
17202 11460 82108 10007 20005 39044 40098 52009 60041 72277 8652/ 333 84712 86630 88458 90760 91114==
17203 11549 82502 10005 21009 38768 48426 53009 60071 77172 8352/ 333 83633 88458 90760 91107==
17210 11570 73302 10082 20047 39002 40024 55004 60031 70262 84510 333 84633 87459==
17219 12561 30121 10073 21032 30122 40272 57016 60001 83100 333 83830 90760 91132==
17234 12670 10403 10103 21035 30175 40245 57015 60001 81100 333 81840 90760 91114==
17237 12670 43507 10068 21081 39725 40244 57018 60001 84200 333 84837 90760 91115==
17240 12570 50108 10026 21073 39041 40222 55001 60001 83550 333 83630 85360 90760 91132==
17244 11670 73614 10008 21097 38994 48480 55001 69901 72687 84250 333 84835 87359 90760 91136==
17248 11670 73306 11004 21062 38957 48458 55000 69901 70272 84250 333 84835 87360 90760 91115==
17250 12/70 40308 11010 21079 38773 48461 52007 60001 84050 333 84360 91020 90760 91128==
17260 11560 73618 10077 21029 39203 40015 52007 60011 70276 84550 333 84625 87358 90760 91134==
17270 11658 70000 10054 20031 39404 40054 53014 60061 76022 85520 333 85640 87460 91017 90760 91117==
17275 17/22 /0000 10044 20031 38846 40032 53003 69971 720//==
17280 11560 83015 10046 20027 39255 40043 53005 69901 70262 8552/ 333 82720 85640 88460 90760 91124==
17290 12970 03311 10099 21035 30203 40236 57020 60001 333 90760 91122==
17292 12970 00303 10059 21104 39436 40213 57010 60001 333 90760 91115==
17300 12560 13426 10110 21076 30111 40183 55002 60001 81100 333 81830 91037 90760 91147==
17310 12970 00705 10141 21122 30110 40117 53003 60001 333 90760 91118==
17330 12970 02906 10126 21074 30087 40105 53008 60001 333 91018 90760 91124==
17350 12960 03017 10136 21073 30000 40078 58007 60001==
17370 12670 32503 10149 21024 30076 40080 53002 60001 83100 333 83835 90760 91110==
17375 12970 00404 10137 21102 30155 40157 55005 60001 333 90760 91118==
33088 32597 70000 11001 21061 30197 40397 52001 87800 555 1/004=
33135 /1597 80902 11001 21059 30245 40400 52008 70282 8693/ 333 86930 555 1/100 69901=
33177 32598 81501 10003 21045 30145 40393 52003 885// 555 1/002=
33317 32598 83302 11012 21075 30039 40393 52004 8455/ 555 1/001=
33393 /1335 80000 11001 21012 39976 40385 52003 77072 8672/ 333 86707 555 69901=
33415 32598 61101 10003 21059 39973 40388 51003 86500 333 86629 555 1/001=
33429 32597 70702 11011 21068 39945 40388 52005 87500 333 87628 555 1/001=
33466 /1568 80404 11006 21041 30184 40381 52009 70282 883// 555 1/000 69901=
33506 /1597 80503 11044 21064 30173 40381 52008 70282 885// 555 1/101 69901=
33562 /1560 80102 11004 21035 30073 40392 52010 72682 8595/ 555 1/100 69901=
33587 /1597 83601 11005 21057 30098 40373 52013 70282 8695/ 333 86922 555 1/000 69901=
33658 32684 60603 10004 21056 30074 40387 52004 86500 333 86634 555 1/004=
33663 32598 70302 10016 21045 30278 40378 52009 85530 555 1/002=
33664 42598 70401 10002 21083 30049 40380 52006 84530=
33678 41597 82803 11006 21048 30172 40393 52007 78582 8597/=
33679 41497 80202 10007 21043 30173 40372 52006 70282 889// 333 88915=
33711 32560 80404 11006 21051 30141 40360 52007 883// 333 88928 555 1/000=
33745 42597 73102 10006 21033 30190 40393 52005 87900 555 12003=
33748 42597 60203 11004 21042 30067 40365 52005 84330=
33754 42598 83603 10011 21053 30212 40365 51007 8535/=
33761 /1570 80405 11006 21041 30130 40363 52009 70272 885// 555 1/100 69911=
33791 32482 60204 11010 21050 30223 40357 52005 83501 333 83618 555 1/001=
33815 41598 63603 10008 21050 30138 40354 52003 70282 86930 555 11002=
33837 32483 70305 10002 21048 30288 40342 51004 87500 333 85718 555 1/001=
33881 42598 73503 10000 21037 30159 40365 52006 86330=
33883 42598 83605 11004 21039 30186 40356 52008 883// 555 1/000=
33885 42598 73604 11007 21057 30232 40368 52009 87500=
33892 41598 83603 11006 21041 30132 40351 52007 78582 883//=
33902 32597 60507 10018 21052 30274 40336 52002 85201 555 1/007=
33924 42570 70506 10018 21029 30301 40314 51001 86930 333 91010 90760 91110==
33946 41518 80409 11010 21013 30065 40296 52003 77574 885// 333 88632 91012 90760 91113==
33983 41/20 90412 10001 21013 30190 40253 57001 78385 89/// 333 91018 90760 91121==
34300 32597 80503 11027 21065 30195 40382 51004 885// 555 1/101=
34336 41670 50605 11031 21074 30257 40366 52005 70272 85500 333 90760 91110==
34344 42970 00403 11037 21075 30269 40362 51006==
34356 42960 30403 11066 21100 30203 40360 53004 80001==
34357 42570 30304 11065 21106 30188 40352 52003 83500==
34398 42970 40906 11019 21081 30341 40354 52005 80001==
34415 /1670 80703 11026 21067 30261 40363 54000 70287 885// 555 1/102 69901=
34438 42560 70306 11032 21058 30145 40345 52004 87500==
34445 42/70 20405 11061 21093 30232 40353 52004 82040==
34461 42560 80704 11049 21096 30293 40351 53005 885//==
34473 42597 80606 11037 21063 30302 40343 53003 885// 555 1/103=
34476 41460 80505 11035 21052 30330 40338 53004 77772 886//==
34504 32368 80404 11045 21065 30176 40361 52005 886//=
34535 42470 80404 11021 21046 30260 40335 54000 885//==
34545 41570 60406 11052 21085 30218 40335 52003 70172 86500 333 90760 91110==
34555 42570 80408 11042 21072 30243 40339 54001 885// 333 91011 90760 91111==
34560 41440 80709 11055 21083 30134 40335 52001 71072 886// 333 88714 91011 90760 91110==
34578 41540 80505 11033 21055 30314 40321 57001 71022 885//==
34579 42570 80304 11030 21061 30278 40323 53001 885//==
34644 42560 80405 11025 21054 30234 40314 52001 8657/ 333 91010 90760 91111==
34646 42570 70404 11027 21058 30229 40314 54000 87500 333 91010 90760 91110==
34655 42560 80406 11033 21071 30256 40319 52003 885// 333 90760 91110==
34662 41470 70305 11041 21080 30312 40324 52003 70282 87500 333 87618==
34691 42/70 60902 10004 21047 30532 40519 58002 83032==
34720 41470 80304 11010 21034 30267 40309 54001 72272 886// 333 91011 90760 91112==
34727 41440 80608 11008 21022 30268 40299 53002 72688 883// 333 91014 90760 91115==
34743 42560 80403 11020 21050 30214 40307 57001 885//==
34759 41460 80305 11032 21051 30165 40302 52003 70282 889//==
34772 42570 80407 11031 21066 30303 40306 58002 885// 333 90760 91110==
34785 42470 80605 11013 21032 30323 40300 53002 886//==
34798 42970 20607 10017 21059 30429 40399 58002 80001==
34824 41540 80505 11002 21021 30274 40279 54000 78588 883// 333 91012 90760 91112==
34838 41560 80505 10002 21027 30175 40275 52006 72272 885// 333 90760 91110==
34845 41570 80805 11017 21040 30176 40287 52008 70278 885// 333 90760 91111==
34858 41440 80702 11028 21059 30179 40291 53002 77172 885//==
34861 41560 80707 11043 21073 30038 40292 52004 70272 885// 333 91011 90760 91114==
34866 41570 80505 11029 21066 30304 40295 53004 70282 884//==
34880 41540 80503 11006 21026 30313 40286 52001 71072 885//==
34887 41970 00504 10013 21032 30300 40277 57005 70271==
34949 42/// /0507 11049 21055 39704 40275 52006 333 90760 91111==
34954 41560 80504 11031 21066 30102 40283 52009 70282 885//==
34958 42570 80603 11034 21060 30074 40282 53006 885//==
34975 42470 80504 11028 21051 30283 40279 53003 885// 333 88619==
34984 42470 60404 10011 21027 30304 40273 57001 83601==
35217 42/60 51106 11040 21090 30349 40391 52004 85080==
35302 42/70 61515 11021 21077 30357 40379 52005 86050 333 91017 90760 91119==
35315 42998 30909 11035 21071 30322 40381 52004 81032 333 91115 555 1/103=
35344 41598 70709 11049 21089 30106 40406 56001 73673 87500 555 1/105=
35358 41/60 30509 11078 21114 30188 40367 53005 70231 83040==
35368 41999 00707 11098 21139 30098 40380 57008 73630 555 1/111=
35386 41998 01006 11140 21167 39829 40386 54000 73633 555 1/115=
35394 42970 20406 11155 21199 39669 40397 57004 80009==
35404 42998 21110 11014 21074 30341 40349 52004 80001 555 14000=
35406 42960 21506 11013 21068 30353 40355 52003 80001==
35416 41/70 30910 11041 21097 30246 40371 53003 73630 83030 333 91015 90760 91116==
35426 42584 60404 11050 21095 30082 40385 52004 86500==
35437 41998 80811 11057 21087 30149 40479 53009 73632 8807/ 333 91015 91118 555 1/108=
35449 41998 30509 11047 21087 30269 40376 57002 73630 83050 333 91115 555 1/105=
35497 41970 00502 11103 21149 39790 40651 57001 70230==
35498 42998 23602 11135 21165 39432 40364 57002 80001 555 1/116=
35514 42998 30907 11024 21068 30566 40562 52003 80001 555 1/102=
35522 41998 40610 11047 21095 30098 40359 53006 73633 80001 333 91015 91118 555 1/105=
35542 42598 70507 11054 21084 30225 40379 54000 87500 555 1/106=
35563 41598 80903 11130 21157 39555 40371 57002 70232 84502 555 1/109=
35576 42970 00604 11113 21145 39871 40345 57011==
35582 42998 00505 11114 21160 39720 40353 57006 555 1/113=
35594 42999 10801 11126 21164 39468 40353 57004 80001 555 1/116=
35605 42998 20506 11015 21067 30341 40319 53001 80002 555 1/002=
35633 42998 00406 11057 21092 30132 40354 57003 555 1/106=
35671 42970 00604 11094 21124 39893 40344 57006==
35699 42960 30204 11093 21172 39546 40334 54000 80001==
35700 42970 20708 10000 21050 30333 40309 53001 80005==
35715 42999 01106 11006 21055 30327 40312 57003 555 11002=
35739 42999 00505 11052 21128 30174 40318 56002 555 1/107=
35746 42970 00307 11040 21108 30252 40322 57002==
35777 42997 00207 11111 21155 39970 40334 57006 555 1/113=
35796 42960 70503 11109 21146 39875 40333 53001 80001==
35849 42970 00605 11028 21119 30205 40294 57004==
35895 42998 00404 11122 21142 39866 40335 53002 555 1/113=
35907 42998 00411 10015 21013 30286 40255 57006=
35925 42970 20709 11019 21064 30172 40286 57009 80002==
35927 42998 01107 11002 21070 30277 57009=
35953 42984 00515 11027 21127 30153 40286 57005 333 91018 90760 91120==
35969 42984 00706 11041 21130 30114 40292 57004==
35997 42998 30201 11105 21158 39861 40317 57002 80006 555 1/112=
36259 12984 03501 11300 21333 38346 48630 57002 60002 333 11228==
36335 42999 03404 11169 21209 39312 40410 57005 555 1/117=
36358 42999 03605 11170 21189 39322 40414 53002 555 1/118=
36394 42997 00000 11197 21226 39962 40423 53003=
36397 429// 00000 11165 21207 39806 40412 53001==
36403 42997 02601 11192 21222 30022 40416 53002 555 1/126=
36418 42999 00000 11238 21254 39759 40441 57001 555 1/129=
36421 429// 00000 11241 21271 39807 40433 57001 555 1/129=
36428 429// 02001 11245 21289 39881 40439 56003==
36439 429// 00000 11112 21161 39054 48545 54000 555 1/119=
36498 41698 10208 11127 21187 39532 40366 53003 73630 81500 555 1/114=
36501 41996 00000 11200 21205 39603 40423 53005 71000 555 1/121=
36535 42984 00000 11248 21285 39744 40448 52001==
36546 429// 00000 11254 21283 39842 40444 54000 555 1/127=
36619 42999 00501 11109 21157 555 1/113=
36622 42998 23606 11169 21201 39527 40389 54000 82040 555 1/119=
36639 42984 01002 11123 21206 39708 40345 53004==
36643 429// 00701 11233 21258 39707 40439 53002 555 1/126=
36665 41996 02601 11228 21246 39626 40425 53001 71000 555 1/125=
36666 42498 22702 11276 21297 39895 40451 53002 82600=
36729 42998 20000 11094 21145 39826 40328 57006 80005 555 1/113=
36736 42999 01101 11099 21135 39767 40345 53005 555 1/114=
36744 42998 60602 11106 21150 39845 40316 57003 80001 555 1/115=
36770 42999 03501 11074 21103 39563 40313 53003 555 1/114=
36786 42999 50000 11044 21120 39361 40297 57001 80002=
36796 42998 20000 11126 21184 39079 48512 54000 80001=
36803 42999 00000 11092 21153 39865 40333 56002=
36806 42998 81510 11131 21211 39852 40348 58002 80002 333 91015 91120=
36819 42998 80000 11116 21144 39672 40317 53003 85024=
36821 42984 60401 11059 21111 39803 40308 53001 80002==
36839 42999 01101 11064 21146 39142 40302 53006=
36843 42998 00000 11019 21121 39097 40284 53003=
36846 42999 40503 11049 21155 38644 48526 53004 81042=
36859 42/84 51201 11007 21112 39539 40331 53003 82041==
36870 42960 60201 11002 21078 39245 40264 53005 80001==
36874 42699 61801 11050 21086 39618 40425 57001 84506=
36877 42999 80402 11031 21089 39671 40705 53006 85031=
36885 42999 53602 11018 21083 39136 40278 53005 82031=
36889 42999 30000 11092 21233 37049 47068 52004 80001=
36894 42999 50000 11010 21086 39534 40282 53001 80001=
36905 42999 61501 11037 21106 38781 48536 53003 82032=
36911 42999 30701 10068 21008 39279 40241 53001 80001 555 1/004=
36927 42699 20902 10020 21097 38368 48535 53001 82900=
36934 42699 60902 10013 21035 38287 48420 54000 83934=
36953 42899 80000 11100 21138 38228 48508 53008 82041 555 1/116=
36963 42999 61102 11093 21207 37027 48/// 53002 82051 555 17114=
36974 42998 70000 11074 21150 38016 48564 54000 80001 555 17118=
36982 42999 22805 11116 21247 36505 47082 53002 80001=
37018 41670 80305 10059 21029 30116 40192 52010 70182 83834 333 90760 91116==
37031 41460 80606 10003 21034 30054 40255 52008 70172 8267/ 333 91011 90760 91113==
37054 41440 80502 11027 21036 39869 40268 53011 71072 886//==
37061 41540 80503 11032 21052 30104 40280 52006 78582 883//==
37085 41570 80307 10002 21008 30291 40264 53001 70262 885// 333 91010 90760 91111==
37171 41460 81702 10067 20044 30170 40189 52006 78022 889// 333 85711==
37228 41440 80901 11015 21029 39380 40237 52005 77172 8872/==
37235 41340 80702 11006 21010 39923 40249 52004 77774 886//==
37472 41540 83403 10027 20017 30261 40238 52001 72162 8657/==
38149 42970 00404 10020 21077 30166 40245 57010==
38178 42970 00402 10043 21059 39920 40207 57015==
38262 42970 00304 10015 21085 30157 40240 57008==
38264 42970 00105 10040 21092 30135 40230 57011==
38345 42699 82701 10033 21053 38825 48524 53010 8352/ 555 1/000=
38353 42998 72701 10048 21055 39354 40253 53002 80006=
38388 42998 50505 10108 21012 30110 40180 57012 80003 555 18012=
38392 42997 00408 10092 21041 30100 40202 57015 555 10014=
38396 42960 00606 10084 21047 30083 40208 57017==
38403 42984 00204 10119 21054 30103 40221 57005==
38413 42970 00904 10108 21012 39927 40214 57017==
38457 42960 02401 10134 21082 39633 40207 57004==
38462 42/84 30000 10059 21109 38784 48524 57002 82050==
38507 42957 80502 10120 21033 30057 40158 57011 8807/ 555 10013=
38545 42998 01105 10147 21014 30010 40180 57015 555 10014=
38565 12970 00104 10134 21019 39595 40168 57011 60002==
38579 12960 01202 10148 21027 39793 40200 57007 60002==
38583 12960 01602 10141 20011 39898 40215 57005 60002==
38599 41996 00605 10080 21020 39697 40233 57004 70400=
38611 12/01 19997 21047 39672 40239 57010 60002 83040==
38613 42999 50101 10080 21036 39338 40237 57005 80002 555 12006=
38616 42998 02701 10067 21006 39223 40234 57011=
38618 42960 53101 10090 21022 39540 40224 57008 80001==
38647 42997 80806 10117 21014 30093 40135 57019 80007 555 10013=
38656 42998 70906 10152 21019 30046 40152 57023 87080 555 10017=
38683 42960 00703 10165 21041 39909 40176 57021==
38687 42997 71405 10174 20002 39946 40173 57020 80002 555 10015=
38696 12984 03601 10130 21047 39347 40183 57012 60002==
38713 42999 00501 10084 21030 39058 48530 56001=
38750 42997 62702 10112 20041 30171 40143 57018 80001 555 10015=
38763 42597 40905 10108 21007 30042 40146 57028 84500 333 84630 555 10014=
38774 42897 81402 10130 20011 39961 40152 57010 8807/ 555 10014=
38799 42597 61406 10178 20025 39943 40166 57008 86500 555 10017=
38806 42997 01805 10172 21036 39907 40159 57022 555 10016=
38812 42960 21402 10180 21086 39726 40162 57015 80001==
38836 42999 20901 10130 20006 39255 40170 57011 80002=
38880 42797 71102 10128 20004 39894 40144 56012 83531 555 10015=
38886 42697 71001 10146 21002 39927 40150 57020 83530 555 10017=
38895 42996 80701 10180 20002 39873 40152 57017 8802/ 555 10018=
38911 41996 71610 10174 20015 39887 40172 57020 70522 80002 555 10017=
38915 42997 31408 10180 21009 39867 40179 57022 80001 555 10018=
38927 12960 20905 10170 21027 39820 40184 57016 60002 80001==
38933 42998 00501 10163 20055 39707 40206 57018=
38944 42998 23402 10153 20029 39618 40138 57024 82030=
38954 42999 00000 11010 21124 37922 48560 57008 555 110//=
38974 42998 81401 10188 20004 39803 40123 57025 80008 555 10028=
38987 42996 70401 10186 21007 39411 40121 57022 87080 555 10017=
40100 43/60 82007 10098 20065 30108 40124 51008 6///1 333 58///=
40180 11560 62607 10122 20053 30079 40128 52012 69971 72162 86800 333 70000==
40199 12/// /3105 10181 20006 30125 40150 57012 60001 333 70000==
40255 36/// /2711 10083 29062 3//// 4//// 5//// 60041=
40265 11550 52722 10058 20020 39307 40111 54000 60031 75066 85200 333 82825 83630=
40270 11440 72815 10060 20030 39201 40110 52011 60031 76062 87800 333 83710 82825=
40272 11540 62723 10070 20024 39264 40107 52008 60021 70762 86800 333 83825 83630=
40296 11659 71502 10164 20093 30603 40131 52001 60011 70522 87200 333 87840=
40310 31909 02559 10080 20041 38848 48326 57018 73000=
40340 31550 53013 10172 20000 30090 40155 57014 70511 85100 333 85830=
40356 12560 52718 10067 20000 39089 48400 60042 85500 333 59015 85630 555 04410 50069=
40357 31515 53426 10109 20020 39430 40068 70731 85500 333 58009 85630=
40360 11550 72826 10108 21020 39492 40075 69942 70763 87500 333 59009 87630=
40361 31620 32838 10133 21030 39313 40109 70700 83500 333 59003 83640=
40362 31630 42717 10180 21010 39552 40062 70710 84100 333 58008 83835=
40373 32960 33308 10218 20010 39661 40071 83002 333 58004 83070=
40375 32960 03008 10187 21110 39212 40081 333 59007=
40394 32960 02818 10198 21100 38952 48435 333 59007 555 04410 50065=
40400 32660 42823 10206 20090 30100 40128 84500 333 58021 84640=
40405 22660 22902 10240 20040 39327 40042 82500 333 59018 60005 82640==
40417 31630 61513 10253 20010 30056 40071 70722 82420 333 59054 82640 85460=
40420 31958 72018 10272 21100 39870 40072 70722 80008 333 59048 87270=
40430 22/60 42211 10264 21030 39349 40070 82011 333 59004 60005 82460==
40437 31650 62409 10274 20080 39372 40053 70600 86400 333 59035 86640=
40439 22660 22720 10264 20110 30080 40098 81501 333 58006 60005 81640==
40582 41957 43007 10240 20020 40063 55009 70511 80004 333 00028 55308 00590 10000 21540 30448 41153 51603 61988 55407 41093 84070 90400 91009 91113 91211 91307=
40703 11520 80402 10010 20005 38818 40095 56007 60071 77177 8462/ 333 70145 84720 88557 555 10008 29096=
40706 12462 70206 10048 21030 38543 40075 56008 60001 83377 333 70003 81715 82930 84458 87269 555 10018 29057=
40712 11418 82902 10008 20008 38559 40070 57013 60031 72272 8672/ 333 70247 84714 84625 88557 555 10008 29100=
40713 11660 80910 10057 21021 38524 40027 58016 69901 70262 8152/ 333 70002 81640 88459 555 10026 29057=
40718 11457 83404 10093 20074 30183 40154 55009 69941 76065 8672/ 222// 0//// 20202 333 70106 8471 0 84615 88457 555 10084 29088=
40723 12660 71202 10129 21079 38888 40128 56021 60001 81570 333 70000 81645 87462 555 10052 29023=
40726 11640 80000 10025 20005 38528 40058 57018 60001 71022 8452/ 333 70066 84635 88458 555 10017 29087=
40727 11550 81606 10046 20007 38339 40028 57021 69911 78022 8632/ 333 70001 82930 85635 88558 555 10029 29076=
40732 11556 73403 10106 20081 30151 40126 58027 60001 71022 86370 333 70003 82920 84626 87459 555 10094 29085=
40736 12560 73002 10119 20064 30159 40133 57015 60001 82670 333 70000 82720 87361 555 10093 29069=
40738 11540 62705 10120 20061 30143 40145 56011 60001 70522 84102 333 70000 84825 84066 555 10092 29067=
40739 12965 30000 10128 21089 38619 40095 56018 60001 80002 333 70000 83068 555 10048 29021=
40741 12660 60000 10186 21005 39794 40126 57025 60001 82502 333 70000 82635 85070 555 10102 29027=
40743 12665 62502 10170 21098 38990 40088 56015 60001 82176 333 70000 82835 86270 555 10071 29015=
40745 12660 61104 10132 21004 38986 40131 56017 60001 81578 333 70000 81645 84358 555 10067 29039=
40747 12660 71704 10077 21005 38501 40024 57011 60001 84320 333 79999 81935 84640 87558 555 10042 29056=
40754 12660 71503 10124 21120 38729 40051 56017 60001 83310 333 70000 81935 83640 87460 555 10041 29017=
40762 11540 80906 10098 21111 38507 40136 57014 60001 70522 83406 333 70000 83630 88269 555 10027 29022=
40766 11559 81305 10061 20028 38574 40038 57019 60081 76166 8892/ 333 70084 83930 85640 88557 555 10046 29079=
40768 11560 81902 10030 20015 38136 40030 57020 60011 76062 8432/ 333 70012 81930 83635 88458 555 10024 29090=
40769 11558 50103 10066 20034 38177 40039 57015 69911 70182 82371 333 70001 81720 81930 83359 555 10051 29080=
40780 11656 81606 10059 20022 38559 40044 57015 60031 79586 8432/ 333 70034 81935 83640 88557 555 10043 29077=
40782 11658 80902 10077 20035 38752 40036 55027 60011 76262 8632/ 333 70014 82935 84640 88557 555 10058 29075=
40785 12660 63303 10161 21083 38970 40051 57036 60001 82506 333 70000 82640 86270 555 10069 29018=
40791 12960 81601 10159 21091 39290 40110 55014 60001 8802/ 333 70000 88460 555 10068 29017=
40792 12660 81705 10146 21071 38658 40094 57011 60001 8252/ 333 70000 82635 88460 555 10061 29022=
40798 11660 32013 10060 21022 37869 40048 56025 69931 70281 83500 333 70003 83635 555 10026 29056=
40800 11660 31302 10108 20002 38370 40083 57035 69911 70161 83500 333 70001 83640 555 10061 29048=
40809 12660 81608 10147 21126 38453 40105 55001 60001 8251/ 333 70000 82640 88459 555 10051 29014=
40811 12660 41709 10221 20106 30034 40059 56011 60001 84500 333 70023 84635 555 10157 29048=
40812 12660 81807 10207 20022 39680 40048 57018 60001 8457/ 333 70000 84640 88459 555 10119 29029=
40821 12665 11104 10181 21055 38697 40059 57036 60001 81100 333 70000 81840 555 10082 29020=
40829 12660 81205 10215 21088 39576 40151 56027 60001 8152/ 333 70000 81640 88459 555 10098 29012=
40831 11957 71908 10234 20042 30055 40063 56015 60001 70521 83026 333 70058 83460 87270 555 10139 29029=
40833 11658 71513 10242 20060 30057 40088 52005 60001 70721 87300 333 70007 81935 86640 555 10149 29031=
40841 12660 72904 10113 21053 38209 40124 53002 60001 84370 333 70000 81935 83640 87360 555 10046 29031=
40845 11650 71610 10217 20133 30081 40086 57016 60001 70692 83570 333 70005 83640 87460 555 10168 29059=
40848 12660 80000 10088 21011 38487 40126 58012 60001 8532/ 333 70000 82935 83840 88460 555 10046 29050=
40854 12660 72605 10230 21116 38890 40061 56012 60001 82470 333 70000 82640 87460 555 10097 29009=
40856 12660 71608 10120 21100 38619 40160 57012 60001 82528 333 70000 82640 86460 555 10042 29020=
40859 11660 72103 10146 21126 38679 40142 57018 69901 70282 83376 333 79999 81935 83640 87270 555 10052 29014=
40875 11556 61804 10238 20163 30129 40140 57013 60001 70522 82531 333 70000 82630 84360 555 10192 29063=
40879 12965 72302 10259 21046 39458 40130 56022 60001 84076 333 70000 84360 84270 555 10125 29013=
40882 11658 81307 10226 20137 30092 40127 58024 60001 70522 8452/ 333 70000 84635 88459 555 10174 29057=
40883 11950 71205 10232 20128 30103 40130 57017 60001 70521 80006 333 70000 87270 555 10172 29052=
40893 12960 51407 10227 20154 30133 40139 57018 60001 80006 222// 00215 20301 333 70000 85267 555 10183 29063=
40898 12960 20404 10234 20064 30168 40177 58032 60001 80002 222// 00234 20900 333 70000 82069 55555 10160 29044=
41024 12660 43213 10275 20170 30079 40105 69972 84500 333 58017 84640==
41036 22560 42620 10224 20100 38527 48477 84800 333 59003 60005 84830==
41055 22960 02312 10251 20000 38326 48470 333 59004 60005==
41061 22960 03602 10317 21100 39361 40050 333 59036 60005==
41084 22960 00603 10319 21080 38795 48460 333 59012 60005==
41112 22560 12016 10211 20050 37924 48484 81100 333 59001 60005 81820==
41114 22960 01812 10223 20040 37960 48487 333 58002 60005==
41128 22960 00808 10340 21110 38750 48461 333 59026 60005==
41136 22960 02114 10334 21080 39259 40055 333 59038 60005==
41140 21560 12108 10287 20190 30090 40103 70240 81100 333 59007 60005 81830==
41150 32562 81510 10246 20017 40089 8357/ 333 59053 83629 88460=
41184 32960 31115 10258 20136 40129 80001 333 59023 83070=
41194 12960 23311 10267 20075 30115 40121 60001 80001 333 59027 82075=
41216 32960 21609 10283 20055 30111 40115 80001 333 59032 82075=
41217 32960 41711 10284 20049 30083 40111 80001 333 59033 84075=
41242 36/// /0605 10236 20146 30129 40155 333 0E012 55300 25022 59005=
41244 36/// /1913 10269 20063 39694 40101 333 0E019 55300 25022 59016=
41246 32960 31011 10242 20167 30133 41118 80001 333 59009 83070=
41256 32660 20614 10246 20151 30107 40124 82400 333 59020 55407 55408 55507 55508 82635=
41263 36/// /1205 10264 20044 39546 40098 333 0E014 55300 22708 59009=
41265 32960 31507 10257 20048 39543 41100 80001 333 59009 83070=
41267 36/// /0917 10236 20165 30126 40138 333 0E017 59021=
41268 36/// /1210 10257 20123 30081 40128 333 0E016 55300 25022 59020=
41275 36/// /1511 10277 20085 39970 40137 333 0E012 55300 22687 59016=
41288 32460 41213 10247 20151 30118 40140 84500 333 5//// 84615=
41316 32586 29908 10254 20156 30103 40133 82500 333 59020 55407 55408 55507 55508 82625=
41396 12965 00506 10302 20033 39364 40060 6///2 333 59031=
41480 12460 10914 10267 20169 30105 40114 60002 81500 333 59018 81618=
41506 12460 50000 10100 20001 38521 48200 60001 83520 333 10124 56880 58028==
41508 12460 32302 10111 21025 38681 48500 60001 83200 333 10150 56800 58023==
41515 12460 60000 10083 21030 38550 48120 60001 83520 333 10100 56880 58009==
41516 12440 41302 10100 21024 38549 48070 60001 84100 333 10140 56800 58049==
41517 12060 22302 10050 21124 37792 48160 60001 82400 333 10094 56800 58039==
41518 12940 73601 10111 21008 30001 48010 60001 83770 333 10122 56880 58000==
41519 12460 30000 10145 21019 38763 48050 60001 83200 333 10164 56800 58036==
41523 12960 02302 10170 21009 39109 48330 60001 333 10190 58031==
41535 12960 03101 10120 21026 38733 48030 60001 333 10136 58027==
41536 12960 00000 10150 21010 39056 48280 60001 333 10180 58006==
41560 12960 00000 10090 21029 38317 48440 60001 333 10100 59010==
41571 11940 13108 10175 21018 39599 40184 60002 70500 81030 333 10190 56080 58026==
41598 11940 03101 10210 20032 39895 40165 60001 70500 333 10234 58026==
41600 11940 02302 10200 20031 39868 40162 60001 70500 333 10220 58026==
41620 12940 01801 10155 21155 38581 48850 60001 333 10160 58023==
41624 12960 00901 10230 20079 39977 40175 60001 333 10244 58035==
41630 11940 03101 10210 20032 30000 40177 60001 70500 333 10224 58022==
41640 11940 02701 10205 20054 39924 40174 60001 70500 333 10224 58022==
41660 02997 43106 10120 21156 38440 48534 80001 333 10135 56009 58001 60007 84070=
41678 11940 00502 10230 20079 30000 40164 60001 70500 333 10240 58020==
41696 12960 40000 10130 21070 38002 48140 60001 80001 333 10130 56008 58000==
41697 12960 00000 10260 21015 39995 40149 60001 333 10274 58022==
41700 11940 30503 10220 20049 30041 40169 60001 70500 83030 333 10238 56080 58030==
41710 12460 61302 10205 21162 39356 40116 60002 83510 333 10210 56880 59016==
41712 12960 50503 10200 21102 39198 48510 60002 80001 333 10204 56008 59005==
41715 11940 00000 10235 20044 30108 40172 60001 70500 333 10250 58021==
41718 11920 30000 10230 20051 30066 40169 60001 70500 83030 333 10244 58029==
41725 12940 30501 10240 20038 30089 40166 60001 83030 333 10250 56080 58022==
41739 12940 52302 10235 20117 39069 48400 60001 85030 333 10240 56080 58002==
41744 12940 40000 10175 20016 38794 48200 60002 84030 333 10190 56080 58014==
41749 12940 33304 10260 20073 30133 40170 60001 83001 333 10270 56008 58016==
41756 12940 32304 10245 20101 30097 40163 60001 80001 333 10250 56008 58006==
41757 12940 01801 10255 20033 30151 40163 60002 333 10260 59002==
41759 12920 22302 10240 20106 30146 40152 60001 333 10250 56080 58000==
41764 12940 03608 10250 21017 30104 40154 60001 333 10260 58006==
41768 12940 00503 10280 20063 30142 40149 60001 333 10294 58004==
41780 12940 30506 10270 21098 30127 40154 60001 80001 333 10282 56008 58007==
41785 12940 20502 10260 20025 30132 40145 60001 80001 333 10270 56008 59002==
41859 01930 02302 10234 20130 30060 40097 70500 333 10272 58010 70000==
41883 02930 00000 10240 20110 30083 40104 333 10285 58014 70000==
41891 01930 00000 10243 20190 30061 40100 70500 333 10280 58010 70000==
41907 01940 00000 10232 20160 30086 40101 70500 333 10286 58013 70000==
41923 01940 02702 10262 20120 30095 40104 70500 333 10298 58010 70000==
41936 01920 00000 10252 20180 30095 40102 70511 333 10308 58014 70000==
41943 01930 00000 10230 20180 30094 40101 70500 333 10310 58007 70000==
41950 01935 00000 10239 20220 30101 40103 70520 333 10285 58013 70000==
41978 01931 02904 10256 20210 30095 40101 70500 333 10291 58006 70000==
41992 01930 00302 10255 20200 30102 40104 70500 333 10296 58006 70000==
42027 32596 23201 10112 21036 38431 48517 82400 333 10123 58042=
42071 31996 02905 10182 20081 40173 70500 333 10204 58019=
42101 32996 03202 10184 20063 40166 333 10225 58009=
42111 32996 03202 10190 20069 39421 40120 333 10223 58001=
42123 32996 03202 10206 20034 40170 333 10238 58019=
42131 32996 02703 10198 20057 40168 333 10223 58009=
42165 32996 10000 10238 21004 40155 80001 333 10253 58019 81070=
42182 31996 02704 10202 20046 40153 70500 333 10236 58005=
42189 31995 02306 10206 20058 40129 70500 333 10231 58005=
42309 21394 80502 10188 20175 40113 71022 8661/ 333 10208 58025 6998/=
42314 21494 70203 10194 20178 40112 71022 83530 333 10206 58024 83618 87360=
42328 32996 40504 10248 20140 40136 80001 333 10259 58014 84070=
42339 31995 00501 10254 21042 40152 70500 333 10268 58010=
42348 32996 03605 10226 21052 40158 333 10242 58014=
42361 31996 00000 10212 20062 40154 70500 333 10254 58013=
42369 31995 02709 10218 20096 40134 70500 333 10260 58014=
42379 31995 00000 10230 20112 40107 70500 333 10256 58020=
42398 31594 39902 10226 20164 40089 70500 81530 333 10262 58013=
42410 31595 30000 10246 20190 40099 70520 81530 333 10270 58011 81620 83360=
42415 31995 00000 10230 20179 40105 70511 333 10255 58014=
42452 31996 00504 10230 20050 40147 70500 333 10240 58012=
42492 31996 02703 10220 20099 40116 70500 333 10250 58025=
42559 32996 03202 10224 20052 40136 333 10255 58016=
42571 31996 00000 10220 20033 40137 70500 333 10253 58016=
42591 32996 00000 10234 20099 40124 333 10275 58017=
42623 31495 33201 10200 20105 39232 40096 70500 83500 333 10248 58013 83618=
42634 32596 30504 10276 21008 40137 83500 333 10292 59002 83620=
42647 31996 20509 10266 20032 40133 70400 80001 333 10281 58004 82070=
42667 32596 20208 10204 20064 39554 40146 82100 333 10258 58017 82830=
42675 32596 53601 10224 20064 40137 83230 333 10238 58035 83830 85360=
42701 31996 03206 10232 20042 39383 40103 70500 333 10263 58021=
42724 31995 00000 10260 20215 40098 71000 333 10300 58007=
42737 32996 00511 10276 20017 40126 333 10297 59004=
42754 32996 00709 10224 20029 39496 40130 333 10235 58010=
42779 32996 00000 10260 20087 39432 40120 333 10337 58029=
42798 31995 00000 10284 20154 40097 70500 333 10310 58022=
42809 31995 03602 10274 20140 40106 70500 333 10298 58014=
42840 32996 03403 10298 20152 40104 333 10318 59010=
42867 31996 00503 10274 20118 40109 70500 333 10308 58024=
42874 32996 03202 10286 20176 40111 333 10317 58021=
42886 31996 00000 10314 20192 40101 70500 333 10350 58015=
42895 32996 00000 10266 20195 40107 333 10314 58017=
42909 32996 00504 10294 20066 40103 222// 20000 333 10314 59014=
42971 31995 00502 10310 20212 40106 70500 333 10327 58010=
43003 31995 03203 10296 20173 40088 70400 333 10344 59006=
43014 31596 30502 10300 20200 39450 40079 70544 83500 333 10318 58001 83620=
43041 31596 10000 10308 20160 39489 40087 70500 81100 333 10338 58009 81830=
43063 32597 20901 10318 20132 39468 40071 82500 333 10331 58000 82626=
43086 32597 10000 10318 20182 39915 40088 81500 333 10344 58006=
43110 31996 03204 10295 20213 40088 70544 333 10336 59003=
43117 32997 01402 10338 20205 40070 333 10359 58004=
43128 32997 01403 10300 20164 39498 40091 333 10335 58010=
43150 31996 32003 10276 20238 30042 40103 70500 80001 222// 20000 333 10310 58000 83075=
43185 32997 01604 10300 20236 30091 40094 333 10345 58001=
43189 32597 20000 10316 20228 30092 40101 81501 333 10336 58001=
43192 32996 02302 10304 20231 40077 333 10334 59002=
43198 32996 20908 10314 20053 39262 40057 80001 333 10336 58001 82075=
43201 32997 00502 10312 20055 39357 40060 333 10342 58000=
43213 32997 01103 10336 20130 39760 40067 333 10363 58006=
43233 32997 01408 10314 20097 39277 40068 333 10324 59001=
43237 32997 20703 10326 20104 39667 40047 80001 333 10351 58003 82075=
43245 32997 01102 10306 20192 30074 40100 333 10331 58002=
43279 32597 21105 10290 20225 30083 40100 81501 333 10330 58000 81620=
43284 32996 02308 10306 20207 39956 40069 333 10352 59004=
43295 32997 10903 10280 20138 39084 48504 80001 333 10307 58001 81075=
43310 32496 40502 10290 20247 40085 82211 333 10294 58000=
43314 32997 20000 10328 20243 40073 80001 333 10352 59002=
43321 31496 30908 10298 20130 39643 40080 70500 81501 333 10328 58003 81615 83070=
43329 32997 10000 10280 20227 30082 40095 80001 333 10310 58002=
43333 31495 40902 10276 20186 40086 70510 82501 333 10303 59015 82618 83070=
43344 31496 30508 10314 20196 39991 40089 70521 82501 333 10321 58000 82616=
43353 31496 42504 10296 20215 40075 70521 81530 333 10308 56790 58004 81620 83359=
43369 32597 33203 10296 20244 40075 83500 333 10321 58000 83620=
43371 31596 20000 10308 20239 30003 40075 70540 82100 333 10336 59002 82820=
44212 429// 01901 11272 21320 39284 40579 52004 333 11195==
44213 426// 70000 11203 21236 38909 40520 57002 87500 333 11167==
44214 42970 03202 11157 21251 38369 40505 53003 333 11097==
44215 429// 01802 11176 21235 38509 40522 52001 333 11098==
44217 32998 00000 11239 21290 37918 40623 54001 333 11171 91200=
44218 429// 03602 11189 21226 38722 40533 52005 333 11077==
44219 329// 60804 11180 21223 38751 40542 54000 84078 333 11176 91204=
44265 429// 00801 11192 21229 38943 40490 58001 333 11085==
44266 319// 00304 11152 21236 37841 40513 52001 70231 333 11118 91111 91209=
44404 22958 00903 10128 20016 38118 48454 80000 333 10194 59002 60008 70000=
44416 22960 01602 10199 20092 39339 40104 80000 333 10270 58004 60008 70000=
44424 22960 02604 10120 21062 37639 47039 80000 333 10177 58008 60008 70000=
44434 22558 21405 10204 20142 39193 48483 82100 333 10245 58011 60008 70000=
44438 22956 02505 10220 20133 39981 40109 80000 333 10252 58021 60008 70000=
44449 21930 02802 10204 20170 39946 40102 70544 80000 333 10229 58018 60008 70000=
44454 22558 22507 10174 20082 38632 48469 82100 333 10238 58002 60008 70000=
44462 22458 12705 10152 20044 38225 48443 81100 333 10215 58006 60008 70000=
44474 21910 01004 10137 20059 38224 48462 70544 80000 333 10180 58004 60008 70000=
44477 21320 32702 10140 20117 38786 48494 71044 83200 333 10224 58009 60008 70000=
44478 21925 02604 10212 20176 30011 40093 71044 80000 333 10252 58018 60008 70000=
48010 41905 00000 10255 20203 39928 40079 70544 333 10286 58009==
48020 42940 10000 10255 20179 80001 333 10298==
48025 42430 50000 10296 20166 39943 40080 84840 333 10308 58007==
48048 42540 20401 10295 20223 30018 40073 82800 333 10332 58015==
48052 32956 00000 10312 20146 333 10349 60002=
48062 42440 23205 10270 20256 30072 40079 82500 333 10313 58003==
48064 42950 00000 10290 20196 30002 40058 333 10328 58019==
48094 42956 03201 10275 20215 30075 40085 333 10330 59003==
48109 42440 10000 10293 20240 30096 40100 81500 333 10304 58005==
51076 14/78 /0000 11154 21200 39461 40437 57002 60001 333 11080 21226 3/103 4/025 59009 70000 90761 91102==
51087 14/77 /1001 11136 21195 39309 40436 57001 60001 333 11072 21223 3/106 4/018 59007 70000 90761 91104==
51156 14/80 /0901 11074 21213 38768 40401 52002 60001 333 11010 21163 3/117 59008 70000 90761 91105==
51243 14/57 /0701 11174 21214 39827 40441 52003 60001 70500 333 11135 21216 3/116 59007 70000 90761 91103==
51334 14/48 /0000 11158 21192 39982 40431 54000 60001 70500 333 11130 21219 3/110 4/013 59008 90761 91104==
51379 14/30 /2601 11163 21190 39389 40451 52004 60001 70500 333 11109 21271 3/107 4/023 59013 70000 90761 91103==
51463 14/42 /1700 11149 21171 39124 40426 52003 60001 71000 333 11097 21174 3/101 4/036 59005 70000 90761 91104==
51573 14/65 /3002 10019 21156 30310 40362 54000 60001 333 10048 21063 3/112 58014 70000 90761 91104==
51644 14/62 /1602 11013 21109 39035 40357 52001 60001 333 10003 21089 3/106 4/003 58005 70000 90761 91104==
51656 14/30 /2101 11019 21123 39251 40368 52002 60001 70600 333 10003 21092 3/111 58012 70000 90761 91105==
51709 14/63 /1801 11007 21161 38695 40350 52004 60001 333 10007 21093 3/112 58010 70000 90761 91105==
51711 14/61 /0802 11059 21157 38052 40312 52007 60001 333 11032 21130 3/117 58009 70000 90761 91106==
51716 14031 00501 10003 21157 38991 40352 57001 60001 333 10029 21108 3/116 58003 70000 90761 91104==
51765 14/58 /2901 11013 21155 39313 40370 52002 60001 333 10026 21113 3/114 58013 70000 90761 91104==
51811 14/63 /1101 10013 21171 38860 40340 52002 60001 333 10026 21086 3/114 58008 70000 90761 91105==
51818 14/57 /1101 10010 21173 38699 40334 52002 60001 333 10027 21100 3/116 58004 70000 90761 91105==
51886 14/80 /1301 11051 21321 37105 40309 52008 60001 333 11031 21165 3/122 58022 70000 90761 91104==
52203 14/72 /0801 11049 21194 39440 40384 54000 60001 333 10015 21140 3/118 58010 70000 90761 91105==
52602 14/79 /2805 11089 21249 37252 40322 52009 60001 333 10007 21149 3/121 58016 70000 90761 91110==
52818 14/67 /3501 11041 21269 37225 40251 52006 60001 333 11012 21079 3/108 58024 70000 90761 91106==
52908 14/80 /3206 11098 21249 35704 40147 52006 60001 333 11033 21133 3/116 58012 70000 90761 91121==
55228 14/80 /2507 11062 21310 35989 40235 52004 60001 333 11036 21170 3/123 58026 70000 90761 91117==
55299 14/80 /2707 10030 21354 35783 40011 52001 60001 333 10069 21114 3/122 58001 70000 90761 91122==
55578 14/80 /2506 10102 21373 36302 49978 57007 60001 333 10134 21045 3/112 59009 70000 90761 91115==
55591 14/80 /2702 10118 21321 36431 49892 57004 60001 333 10167 20024 3/110 58008 70000 90761 91114==
55664 14/80 /2607 10030 21281 35973 40126 52005 60001 333 10083 21124 3/117 59005 70000 90761 91119==
55773 14/80 /1604 11009 21167 35988 40149 52001 60001 333 10062 21102 3/112 58008 70000 90761 91114==
56004 14/80 /3305 11050 21270 35753 40106 52007 60001 333 10018 21155 3/121 58010 70000 90761 91126==
56018 14/69 /2502 10046 21319 36096 49939 52004 60001 333 10088 21045 3/114 58006 70000 90761 91119==
56312 14/80 /1004 10077 21047 37053 40072 52019 60001 333 10132 20045 3/004 58019 70000 90761 91112==
62306 42560 63218 10136 20036 40225 52008 86800==
62309 42560 63410 10143 20016 40193 57015 86800==
62325 42560 63214 10142 20068 40175 52007 86200==
62332 42560 63121 10150 20066 40166 52004 86800==
62337 11560 62909 10131 20057 40149 52003 69951 70062 86800==
62366 14560 63313 10146 20035 40173 57007 69901 70262 85800==
62387 42560 43315 10171 20049 40188 57014 84200==
62393 42960 00313 10167 20042 40204 57014==
62405 42960 03411 10189 20028 40162 57022==
62414 41/30 43515 10196 20017 40159 57018 70700 83030==
62419 42960 00112 10218 20044 40152 57024==
62420 42560 60208 10160 20047 40200 57013 86500==
62435 42960 53114 10184 20023 40183 57018 80008==
62440 42560 42919 10178 20047 40168 54000 84200==
62455 42960 43412 10164 20035 40167 57008 84200==
62458 42560 53210 10169 20025 40168 57018 85200==
62459 42560 43023 10164 20056 40143 57019 84200==
62465 42960 03205 10200 20046 40138 57020==
63210 32580 33611 10264 20190 40102 83200 333 10268 59023 83834=
