SMPK OPKC 130600=
41504 02697 22704 10045 21064 37846 48501 60001 82200 333 56900 58005 60007 82845 RH45%=
41506 02997 03604 10080 21110 38553 48550 60001 333 58018 60007 25%=
41507 02997 02302 10130 20048 39271 49793 60001 333 58015 60007 57%=
41508 02997 02302 10100 21007 38688 48557 60001 333 58010 60007 47%=
41509 02997 20000 10085 21049 38797 48534 60001 80001 333 56009 58020 60007 82070 RH 38%=
41510 02997 02302 10035 21028 37924 48535 6001 333 58008 60007 63%=
41515 02997 00000 10054 21081 38577 48538 60001 333 58002 60007 37%=
41516 01696 22708 10120 21046 38575 48532 60001 82100 333 56900 58034 60007 82840 RH31%COR=
41517 01696 10000 10070 21062 37803 48522 60001 70400 81500 333 56900 58014 60007 81640 39% =
41518 02697 40000 10122 21068 38/// 48/// 60001 83230 333 56990 5//// 60007 83840 81362 26%=
41519 02697 13602 10110 21044 38777 48515 60001 81100 333 56900 58021 60007 81840 RH34%=
41520 02997 01804 10015 21143 37640 48288 60001 333 58023 60007 30%=
41523 02997 00000 10110 20007 39117 48528 60001 333 58002 60007 49%=
41535 02997 00000 10120 21068 38733 48503 60001 333 59003 60007 RH26%=
41524 02997 00000 10100 20047 39395 40280 60001 333 58017 60007 70%=
41525 12997 00000 10030 21035 37678 48406 60001 333 58005 62%=
41528 01997 00000 10140 20035 39251 48536 60001 333 59006 60007 49%=
41529 02996 03102 10190 21005 39827 40208 60001 333 58021 60007 RH 27%=
41530 02997 10506 10190 21108 39778 40191 60001 80001 333 56009 58001 60007 81070 12%=
41534 02997 00000 10180 20029 39775 40191 60001 333 59001 60007 36%=
41536 02997 00000 10140 21028 39067 48536 60001 333 58008 60007 31%=
41560 02997 00000 10060 21041 38325 48555 60001 333 59010 60007 RH48%=
41562 02997 41302 10185 20004 39710 40175 60001 84030 333 56090 59005 60007 84360 RH 30%=
41565 02996 21304 10106 21034 38652 48519 60001 82020 333 56090 59003 60007 82460 RH 38% =
41567 01696 20000 10175 20004 39748 40166 60001 70501 82500 333 56900 59001 60007 82640 31%=
41571 11996 01306 10165 21018 39605 40192 60001 70500 333 59001 RH28%=
41572 01996 23116 10175 21018 39550 40175 60001 70511 82030 333 56090 58008 60007 82360 RH27%=
41573 02997 01304 10105 20008 37980 48503 60001 333 59004 60007 51%=
41574 02997 01302 10115 20008 38362 48540 60001 333 59001 60007 48%=
41576 02997 23108 10190 21048 40192 60001 82030 333 56090 59001 60007 82360 19%=
41577 01996 00000 10185 20018 39563 40176 60001 70500 333 56000 59006 60007 RH33%=
41593 01996 40000 10220 21002 39966 40179 60001 70521 84070 333 56090 58002 60007 84460 23%=
41597 02997 52702 10190 20030 40192 60001 85070 333 56090 58002 60007 85461 34%=
41598 01996 43102 10180 21005 39909 40182 60001 70500 84030 333 56090 59001 60007 84360 28%=
41600 01696 63102 10175 20064 39877 40174 60001 70522 83570 333 56990 58015 60007 83645 83462 48%=
41620 32996 02304 10140 21098 38616 48519 60001 333 58005 60007 18%=
41624 01996 30000 10180 20071 39980 40182 60001 70510 83020 333 56090 59001 60007 83460 49%=
41625 01696 50000 10200 20046 39975 40175 60001 70500 83530 333 56990 58008 60007 83640 82360 36%=
41630 01996 43104 10200 20098 40188 60001 70410 84030 333 56090 58001 60007 84360 52%=
41633 01996 40000 10205 20023 4//// 60001 70400 84030 333 56090 5//// 60007 84360 30%=
41634 02997 22702 10175 21018 3//// 4//// 60001 80001 333 56009 5//// 60007 82075 27%=
41634 02997 22702 10175 21018 3//// 4//// 60001 80001 333 56009 5//// 60007 82075 27%=
41635 01996 40000 10220 20034 3//// 4//// 60001 70410 84030 333 56090 5//// 60007 84362 29%=
41636 01996 50000 10195 20072 30002 40187 60001 70500 85070 333 56090 58004 60007 85462 46%=
41638 01996 50000 10190 20096 4//// 60001 70410 85030 333 56090 5//// 60007 85360 55%=
41639 02697 62304 10160 20028 3//// 4//// 60001 83530 333 56990 5//// 60007 83640 83360 41%=
41640 01696 52704 1020020031 39932 40180 60001 70522 82570 333 56990 58001 60007 82640 83360 35%=
41641 01696 53110 10190 20059 39909 40184 60001 70511 82470 333 56990 58004 60007 82640 84460 42%=
41642 01696 50000 10170 20070 3//// 4//// 60001 70400 83530 333 56990 5//// 60007 83640 83460 RH52%=
41643 01696 60000 10160 20069 39892 40172 60001 70421 82570 333 56990 59001 60007 82640 84460 55%=
41644 01696 60000 10170 20105 4//// 60001 70400 82520 333 56990 5//// 60007 82640 84460 65%=
41646 01995 50000 10200 20074 39988 40203 60001 70500 85070 333 56090 58015 60007 85460 44%=
41652 01996 00504 10200 20086 30012 40191 60001 70500 333 59003 60007 48%=
41660 02997 63108 10105 21104 38486 48575 60001 83031 333 56099 59013 60007 83358 83068 RH22%=
41669 01996 21302 10180 20083 3//// 4//// 60001 70400 82030 333 56090 5//// 60007 82362 53%=
41670 01996 00000 10205 20081 3//// 4//// 60001 70500 333 5//// 60007 43%=
41674 01996 02304 10200 20098 3//// 4//// 60001 70400 333 5//// 60007 52%=
41675 01995 22306 10210 20075 30043 40186 60001 70500 82030 333 56090 59005 60007 82360 42%=
41676 01995 33102 10185 20101 30040 40199 60001 70400 83O20 333 56090 58009 60007 83460 58%=
41676 01995 33102 10185 20101 30040 40199 60001 70400 83O20 333 56090 58009 60007 83460 58%=
41677 01996 00000 10190 20096 30003 40172 60001 70400 333 59006 60007 55%=
41678 01996 00000 10190 20096 40195 60001 70400 333 58010 60007 55%=
41679 01696 73102 10200 20086 4//// 60001 70511 83570 333 56990 5//// 60007 83640 84460 48%=
41680 01995 60000 10200 20098 39990 40190 60001 70420 86030 333 56090 58011 60007 86362 52%=
41685 02997 03602 10190 21073 38955 48542 60001 333 59004 60007 RH.16%=
41696 02997 30000 10140 21049 38021 48533 60001 80001 333 56009 58002 60007 83080 Rh26%=
41697 02997 00000 10250 20004 40186 60001 333 59005 60007 RH20%=
41700 01996 02306 10225 20108 40176 60001 70500 333 59003 60007 48%=
41701 01995 01806 10220 20113 30050 40192 60001 70400 333 59006 60007 51%=
41710 12997 21302 10185 21017 39405 40175 60001 80001 333 56009 59033 82070 R.H.25%=
41712 12997 30502 10170 21028 39225 48541 60001 80001 333 56009 58014 83070 RH26%=
41715 01996 00000 10220 20090 30121 40186 60001 70500 333 59007 60007 RH43%=
41716 01995 02304 10230 20079 30084 40187 60001 70500 333 59010 60007 38%=
41718 01995 00000 10225 20108 30065 40169 60001 70500 333 59011 60007 48%=
41724 01995 00000 10250 20084 30114 40192 60001 70400 333 59010 60007 RH35%=
41725 02996 01302 10245 20089 30095 40173 60001 333 59006 60007 RH37%=
41738 02996 00905 10230 20019 30031 40211 60001 333 58004 60007 RH25%=
41739 02996 20504 10180 20025 39086 48545 60001 82030 333 56090 58002 60007 82360 RH35%=
41742 12997 03102 10265 20052 40191 60001 333 59001 RH25%=
41743 01996 00502 10210 20100 60001 70400 333 60007 RH 49%=
41744 12996 00000 10190 21048 38811 48539 60001 333 59013 RH 19%=
41745 01996 00000 10235 20111 60001 70400 333 60007 RH45%=
41746 02996 00000 10230 20104 30128 40182 60001 333 59013 60007 RH45%=
41747 01996 01802 10240 20002 40164 60001 70500 333 59010 60007 RH21%=
41748 01996 00000 10240 20068 30126 40190 60001 70500 333 59016 60007 RH33%=
41749 02996 00904 10245 20113 30154 40187 60001 333 59016 60007 RH43%=
41756 01991 03102 10205 20197 30122 40188 60001 74500 333 59009 60007 RH95%=
41757 12996 00000 10230 20079 30176 40186 60001 333 58010 60007 RH38%=
41759 02996 00000 10260 20042 30182 40188 60001 333 59005 60007 RH25%=
41760 01996 00904 10260 20111 30167 40180 60001 70500 333 58000 60007 RH 39%=
41764 01995 00000 10250 20055 30136 40186 60001 70400 333 59005 60007 RH29%=
41765 02996 00000 10265 20081 30148 40183 60001 333 59027 60007 RH31%=
41766 21995 03102 10220 20090 40195 70400 333 58014 60007 70000 RH43%=
41767 02996 00000 10250 20120 3//// 4//// 60001 333 60007 RH44%=
41768 02996 03602 10250 20120 30178 40185 60001 333 58008 60007 RH44%=
41780 01995 00000 10275 20069 30162 40189 60001 70500 333 58000 60007 RH27%=
41783 02996 00902 10270 20089 30145 40174 60001 333 58027 60007 RH 32%=
41785 02996 00000 10250 20096 30163 40176 60001 333 58005 60007 RH 38%=
41786 02996 03104 10250 20096 30136 40173 60001 333 58022 60007 RH 38%=
41BAG 02697 20502 10040 21072 60001 82500 333 56900 60007 82640 44%=
41BKI 02996 02304 10200 21048 39754 40170 60001 333 59017 60007 RH18%=
43532 02997 00000 10130 20021 39366 40180 60001 333 59001 60007 48%=
43533 02997 03102 10145 20022 39245 48515 60001 333 59003 60007 45%=
43536 31995 01401 10088 21022 38447 48533 70500 333 59001 RH 63%=
43563 02997 30000 10144 21001 39479 40178 60001 83030 333 56090 59002 60007 83360 37%=
41724 01995 00000 10250 20084 30114 40192 60001 70400 333 59010 60007 RH35%=
41661 02697 63102 10130 21031 38436 48563 60001 82530 333 56990 59008 60007 82635 84360 33%=
41505 22697 32304 10050 21057 38/// 48/// 60002  82120 333 56990 58///  82640 83460 46 %=
Data Generated from File : D:/all data handling/Rmc_lhr/2025021306.FSU.txt
13/02/2025   07:02:45
____________________________________________________________________________________________
15020 07/29 21101 11116 21130 30054 40270 57012 60002 7101/ 82040 333 11070 21121 34114 55300 20004 60007 70000 91001 90760 91101==
15090 07942 00802 11090 21102 30177 40277 57012 60002 7101/ 333 11066 21112 34113 55300 10190 20004 30004 60007 70000 91003 90760 91103==
15108 02270 32404 11053 21302 38074 48494 57005 60002 82540 333 11049 21077 49081 55300 20007 60007 70000 91005 90760 91106==
15150 07942 13301 11108 21122 30044 40277 57010 60002 7101/ 80001 333 11044 21110 34113 55300 20006 60007 70000 91001 90760 91101==
15170 01/57 40101 11162 21179 39451 42824 57005 60002 71000 83071 333 11055 21169 34113 55300 20005 60007 70000 91001 90760 91101==
15280 02/84 32602 11102 21334 37476 47010 57002 60002 83070 333 11087 21103 49078 55300 20005 60007 70000 91004 90760 91106==
15310 07950 01602 11063 21081 30191 40283 57007 60002 7101/ 333 11030 21080 34110 55300 10200 20006 30006 60007 70000 91003 90760 91103==
15335 04940 01401 11088 21090 30280 40288 57070 60002 7101/ 333 11033 21095 34111 55300 20016 60007 70000 91001 90760 91101==
15350 07957 02502 11107 21124 30156 40287 57011 60002 7101/ 333 11032 21107 34109 55300 20007 60007 70000 91003 90760 91103==
15360 07957 03102 11038 21054 30269 40287 57004 60002 7101/ 333 11005 21042 60007 70000 91003 90760 91103==
15420 02/60 23200 11107 21118 30162 40283 57009 60002 82030 333 11055 21118 34113 55300 20006 60007 70000 91001 90760 91101==
15460 07/56 10901 11086 21098 30257 40284 57007 60002 7101/ 81040 333 11029 21087 30111 55300 20011 60007 70000 91001 90760 91102==
15470 07/57 43602 11074 21098 30149 40285 57006 60002 7101/ 84040 333 11023 21080 30109 55300 20007 60007 70000 91003 90760 91103==
15480 07957 02301 11042 21067 30269 40288 57006 60002 7101/ 333 10006 21047 34107 55300 10200 20010 30007 60007 70000 91001 90760 91101==
15549 12568 41402 11042 21054 39836 40275 57004 60002 82531 333 11021 21051 70000 555 34110 590// 92602=
15552 12960 03201 11028 21041 30234 40285 57002 60002 222// 00053 10401 333 10006 21039 55069 70000 555 30108 591// 92032 92437 92600=
15640 12672 20000 11035 21053 39970 40301 54000 60002 81501 333 10005 21041 55088 70000 555 34106 587// 92602=
15655 11458 22502 11038 21054 30255 40290 57003 60002 71000 82600 222// 00060 10401 333 10032 21038 70000 555 34/// 588// 92032 92437 92600=
15730 11958 80000 11023 21046 39872 40289 57004 60002 71022 86057 333 10020 21029 55095 70000 555 31/// 584//=
16627 12565 60000 11004 21022 30282 40289 54000 60002 81150 333 21024 30/// 55089 70000 81825 86357 90730 91104==
16650 12560 60000 10056 20004 30275 40285 56001 60002 81130 333 20038 30/// 55095 70000 81825 86358 90730 91102==
16667 12560 52605 10036 21002 30275 40287 54000 60002 82130 333 20030 30/// 55086 70000 82825 83358 90730 91107==
16706 12560 59903 10070 20037 30268 40274 52013 60002 84530 333 20066 30/// 55078 70000==
16723 12560 20108 10062 20017 30260 40275 53005 60002 82200 333 20056 30/// 70000 90730 91115==
16742 12460 13610 10068 20008 30102 40263 52002 60002 81100 333 20062 30/// 70000 90730 91120==
16749 12960 03210 10094 21014 30230 40245 51004 60002 333 20090 30/// 55094 70000 90730 91120==
16754 12560 21804 10080 20033 30225 40274 52005 60002 82150 333 20080 30/// 55060 70000 90730 91112==
16757 12560 43316 10106 20058 30126 40263 52007 60002 84500 333 20090 30/// 55037 70000 90730 91122==
16760 12560 20105 10044 20007 40280 52004 60002 81240 333 20037 30/// 55058 70000 90730 91108==
16765 12560 23411 10104 20022 40258 52011 60002 82100 333 20096 30/// 70000 90730 91124==
17022 11565 71304 10028 20027 30103 40275 52007 60052 78088 85270 333 20023 32001 55015 20741 70049 85830 87358 90760 91107==
17024 11557 72113 10028 20026 30176 40256 52008 60062 76166 85570 333 20027 32001 55000 70126 85632 87359 90760 91116==
17026 12570 63308 10061 20042 30214 40254 52006 69962 83550 333 20047 31002 55000 20322 70063 83630 86359 90760 91115==
17031 11357 73605 10066 20051 30226 40233 56002 60052 78022 87200 333 20059 32004 70052 85708 87825 90760 91117==
17034 11558 72401 10064 20052 30190 40237 56001 60012 78082 84250 333 20063 32006 55000 70015 84830 87358 90760 91103==
17038 11670 70000 10080 20033 30180 40229 56001 69902 76022 87500 333 20070 31/// 87635 90760 91110==
17042 12670 61105 10073 20007 30198 40239 57002 60002 83250 333 20034 30003 55000 83835 86360 90760 91109==
17050 12970 00101 11038 21079 30235 40301 51003 60002 333 21038 34108 55082 90760 91103==
17056 12965 03004 10007 21021 30292 40297 52004 60002 333 21001 34102 55011 20574 90760 91108==
17060 12660 33406 10025 20006 30247 40289 52006 60002 83100 333 20022 32000 70134 83835 90760 91118==
17070 11550 80000 11009 21022 39363 40266 52007 69922 77022 8552/ 333 3/104 47001 70010 85630 88458 90760 91102==
17074 12560 82301 11002 21007 39284 40248 52006 60012 8552/ 333 21004 3/103 47004 55001 20373 70041 85630 88460 90760 91105==
17084 12670 83507 10012 20006 39292 40222 51002 60002 8452/ 333 20007 32102 55000 22098 70004 84635 88459 90760 91113==
17085 11670 70000 10025 20010 39716 40220 56003 69922 70262 85570 333 20017 32001 55000 70027 85640 87360 90760 91107==
17092 11327 80000 11019 21027 38856 48480 57007 69922 77122 8572/ 333 21055 3/107 47007 55002 20883 70002 82708 85620 88457==
17096 12660 71012 11069 21094 38233 48509 53001 60002 84550 333 21138 3/113 43005 55078 20427 84635 87357 90760 91128==
17098 12660 32705 11092 21120 38211 48532 53002 60002 81530 333 21133 34114 81640 83358 90760 91106==
17100 11950 00000 11029 21076 39249 40289 52004 60002 71000 333 21070 30110 55033 20883==
17112 12/65 60801 10012 20001 30287 40290 52003 60002 86030 333 20000 34102 55052 21206 86360 90760 91105==
17115 12660 33504 10032 20008 30240 40293 52004 60002 83100 333 20019 31001 55006 20373 70008 83835 90760 91113==
17116 11450 70000 10031 20030 30165 40291 52007 69992 71022 85250 333 20026 32002 55022 20569 70041 82718 84835 86360 90760 91102==
17124 11560 72604 11003 21026 39325 40280 52010 69902 70282 87500 333 34105 87625 90760 91118==
17128 11660 70314 10003 21054 39103 40235 52006 69902 70282 84270 333 21041 3/106 41997 55036 20448 84835 87359 90760 91118==
17135 12670 73405 10023 21014 39318 40216 53002 60002 84550 333 20004 30103 55042 23375 84640 87360 90760 91112==
17140 11440 80509 11022 21028 38683 48467 56001 60022 77377 8652/ 333 21036 3/106 47010 70017 82712 86630 88457 91023 90760 91123==
17150 12460 73402 10037 20014 30159 40287 52007 69922 87200 333 20030 31002 55034 20775 70014 83715 86835 90760 91111==
17160 11615 83407 11009 21034 39006 48469 55000 60032 77177 8452/ 333 21014 3/103 47003 55026 20720 70030 84634 88457 90760 91116==
17170 12560 20604 11002 21087 38343 48517 52003 60002 82500 333 21074 30/// 82630 90760 91109==
17175 12/65 20000 10031 21018 30276 40280 52005 60002 82030 333 20008 30103 55072 21294 82360 90760 91106==
17184 12964 23601 10037 21001 30169 40284 52007 60002 80001 333 20036 30003 55079 21457 82070 90760 91107==
17190 11550 63003 11026 21057 39032 48515 52006 69902 77011 86500 333 21039 3/106 45998 55016 70006 86630 90760 91110==
17195 11327 82803 11012 21014 38943 48458 53001 60042 77177 8652/ 333 21017 3/102 47017 55006 20398 70044 83708 86620 88457 90760 91104==
17200 11260 83207 10012 20012 39180 40186 53003 60112 77176 8562/ 333 20007 32/// 70112 83705 85710 88458 90760 91110==
17202 11560 80512 10034 20017 39131 40192 53002 60062 70272 8552/ 333 20016 41001 70076 82720 85630 88458 90760 91120==
17203 11510 80000 11005 21017 38890 48536 52007 60012 77022 8552/ 333 21007 3/104 47005 55000 20147 70090 85632 88458 90760 91105==
17210 12670 60000 10060 21031 39159 40204 52009 60002 83130 333 20037 30001 55064 83840 86360 90760 91106==
17219 12565 31301 11003 21024 30134 40285 52009 60002 81130 333 21022 30103 55078 21428 81830 83360 90760 91114==
17234 12970 00401 10010 21022 30205 40276 52010 60002 333 20004 34103 55066 21361 90760 91105==
17237 12670 33001 10017 21017 39764 40288 52013 60002 83200 333 20010 34102 55066 83840 90760 91106==
17240 12970 02805 11015 21066 39073 40262 52009 69902 333 21029 3/109 43003 55064 21331 70022 90760 91111==
17244 11670 73317 11010 21067 39005 48491 52006 69902 70272 85550 333 21024 34/// 85635 86358 90760 91124==
17248 11515 81902 11027 21035 38977 48476 52010 60112 77377 8452/ 333 21032 3/103 47013 55000 70116 84630 88458 90760 91107==
17250 11570 82303 11024 21039 38783 48471 52006 60052 77177 8452/ 333 21026 3/103 47008 55028 20888 70054 84630 88459 90760 91108==
17260 11240 82104 10041 20035 39322 40152 52009 60002 71022 8672/ 333 20038 31002 70002 85704 86620 88457 90760 91110==
17270 11670 71905 10056 20046 39537 40194 53010 60202 70262 85520 333 20050 32005 70253 85640 87460 90760 91109==
17275 11670 71004 10040 20003 38993 48509 55000 69942 70262 84550 333 20028 31002 55033 70004 84640 87360 90760 91118==
17280 11656 70804 10029 20025 39400 40210 52005 60012 76122 85520 333 20008 32101 55012 20469 70036 85635 87460 90760 91108==
17290 12970 03602 10061 21008 30232 40265 50004 60002 333 20056 30102 55086 90760 91107==
17292 12970 03103 11002 21061 39470 40255 52007 60002 333 21014 34102 55022 20649 90760 91111==
17300 12960 03221 10069 21073 30158 40231 52013 60002 333 20061 30005 90760 91130==
17310 12970 00801 10087 21032 30179 40186 52012 60042 333 20072 32001 55000 70072 90760 91105==
17330 12/70 42805 10080 21033 30157 40175 52009 60002 84030 333 20075 30006 84360 91015 90760 91122==
17350 12660 60108 10080 20060 30082 40161 51004 60032 84250 333 20054 32/// 70036 84840 85360==
17370 11670 50000 10110 20050 30165 40169 50004 60052 72582 83230 333 20077 32005 55053 70052 83835 85360==
17375 12970 03602 10085 21100 30215 40217 52014 60002 333 20063 31001 55052 21453 90760 91108==
33088 32997 01302 11115 21127 30057 40263 57011 333 21123 555 14112=
33135 31/93 90000 11103 21103 30135 40294 57010 74941 333 21117 555 14110=
33177 31996 01301 11097 21108 39989 40243 57012 71000 333 21098 555 14112=
33317 32997 01303 11096 21108 39906 40267 57011 333 21111 555 14112=
33393 31950 30000 11104 21117 39828 40247 57009 71000 80001 333 21108 45997=
33415 31995 00000 11092 21099 39837 40262 57010 71000 333 21093 555 14111=
33429 31996 01503 11093 21105 39817 40268 57009 71000 333 21100 555 14111=
33466 31957 20000 11109 21118 30089 40292 57009 71000 80001 333 21110 555 14109=
33506 31996 20000 11104 21113 30083 40294 57006 71000 80004 333 21110 46001 555 16109=
33562 31950 00000 11111 21120 39964 40293 57008 71000 333 21114 555 14110=
33587 32997 00000 11114 21127 30008 40292 57009 333 21114 555 14111 34111=
33658 31127 81301 11106 21112 39943 40265 57011 71011 886// 333 21120 88703 555 14107=
33663 32997 03101 11111 21117 30175 40279 57010 333 21111 555 14109=
33664 31996 01302 11084 21092 39927 40265 57013 71000 333 21099 555 80016=
33678 31995 01801 11124 21134 30065 40294 57013 71000 333 21125 93503 555 80011=
33679 32997 00000 11106 21119 30077 40283 57014 333 21111=
33711 32960 00000 11120 21133 30063 40290 57007 333 21122 555 14112=
33745 32997 01401 11114 21120 30077 40284 57009 333 21122 555 80020=
33748 32997 01204 11096 21103 39968 40274 57009 333 21102 555 80011=
33754 32998 00000 11130 21143 30129 40289 57011 333 21131=
33761 31950 01501 11091 21095 30048 40287 57008 71000 333 21104 555 14109=
33791 31957 00201 11098 21101 30157 40295 56002 71000 333 21098 555 14111=
33815 31996 00000 11077 21094 30058 40280 57011 71000 333 21077 45997=
33837 31957 00000 11047 21065 30227 40282 56003 71000 333 21060 555 14104=
33881 32997 00803 11078 21093 30069 40279 57008 333 21082 555 80009=
33883 31996 01701 11088 21088 30104 40279 57006 71000 333 21102 555 80016=
33885 32997 01703 11068 21094 30142 40288 57007 333 21077 555 80012=
33892 32998 01401 11077 21098 30059 40285 57004 333 21093 45001 555 80021=
33902 31996 03601 11079 21093 30223 40287 56002 71000 333 21089 555 14107=
33924 11940 61102 11053 21067 30265 40278 57002 60002 71011 80005 333 21066==
33946 11/06 90706 11057 21058 30042 40276 57001 60002 74941 89/// 333 21065 42002==
33983 11540 50205 11015 21029 30197 40260 57004 60002 71022 84530 333 21038 41997==
34300 32997 60000 11110 21130 30103 40294 57009 80008 333 21114 43002 555 13112=
34336 41/05 92901 11120 21136 30186 40298 57005 74574 89///==
34344 42/60 82201 11129 21131 30200 40295 57003 8802/ 333 21129==
34356 42560 52601 11119 21137 30132 40291 56001 85500 333 21126==
34357 41460 80000 11125 21145 30122 40289 57002 78582 889// 333 21129==
34398 11240 80000 11079 21089 30266 40279 53002 60002 71042 886// 333 21084==
34415 32964 60000 11120 21130 30189 40294 56007 80006 333 21123 555 14110=
34438 41910 00000 11145 21159 30091 40300 57005 72840==
34445 41/05 /0000 11123 21131 30173 40296 57003 77044==
34461 41/60 82901 11106 21127 30231 40291 56001 77172 8802/ 333 21111==
34473 31494 82303 11097 21118 30243 40284 52001 71022 886// 333 21093=
34476 41420 82302 11088 21101 30277 40285 56001 71042 886//==
34504 31957 00602 11070 21083 30106 40291 57003 71000 333 21074=
34535 41920 60000 11147 21165 30223 40302 57004 71011 80005==
34545 41/20 80000 11128 21142 30177 40298 57004 77172 8002/ 333 21142==
34555 41/20 83201 11116 21133 30205 40303 57002 71042 8802/ 333 21123==
34560 41/04 92502 11111 21122 30087 40291 57001 74944 89///==
34578 41/05 92401 11085 21085 30283 40290 54000 74944 89/// 333 21086==
34579 41/05 92401 11083 21082 30243 40288 57002 74544 89///==
34644 41/05 93501 11093 21103 30204 40286 57003 74542 89///==
34646 41440 80701 11068 21074 30200 40286 57003 77772 886//==
34655 42560 81701 11084 21094 30229 40293 57002 885// 333 21085==
34662 41410 82601 11080 21082 30281 40293 54001 71022 886// 333 21082 88713==
34691 12970 00000 11097 21118 30510 40497 53003 60002 333 21112==
34720 42570 70301 11098 21115 30245 40288 57005 82670 333 21102==
34727 41/02 90903 11099 21109 30252 40285 57004 74744 89/// 333 21102==
34743 41420 81001 11083 21089 30195 40290 57002 71022 885// 333 21086==
34759 41440 81501 11067 21067 30149 40287 57003 71022 885//==
34772 41905 00601 11081 21081 30288 40291 57001 74944 333 21088==
34785 41/05 91801 11073 21082 30314 40290 51004 74741 89/// 333 21120==
34798 11/40 81501 11049 21059 30445 40415 53004 60002 71042 8802/ 333 21094==
34824 41940 80703 11074 21094 30271 40276 57003 71011 80001 333 21086==
34838 41305 80403 11067 21081 30173 40275 52002 74442 886// 333 21074==
34845 41/40 81101 11072 21081 30165 40279 57003 71022 8007/==
34858 41/05 90000 11073 21074 30169 40283 57003 77774 89/// 333 21076==
34861 41320 81802 11075 21081 30029 40286 57003 71022 886//==
34866 41/05 90301 11069 21067 30296 40287 57002 74942 89///==
34880 41440 81403 11046 21059 30314 40286 52001 71041 886//==
34887 41/40 80000 11047 21060 30310 40286 51002 71011 8807/ 333 21078==
34949 42960 41102 11058 21067 39696 40269 58002 80001==
34954 42960 00000 11051 21069 30094 40276 57004 333 21093==
34958 42570 81601 11078 21082 30073 40285 57006 885//==
34975 42970 00000 11062 21078 30284 40280 53001 333 21105==
34984 42560 81303 11032 21051 30316 40284 52002 885// 333 21076==
35217 11/00 92002 11110 21123 30237 40280 53003 60002 74944 89/// 333 21160==
35302 11/05 92903 11088 21091 30258 40280 53004 60002 74944 89/// 333 21092==
35315 32998 01301 11146 21181 30223 40284 53005 333 21161=
35344 32999 22506 11094 21129 39959 40260 53002 80001 333 21125=
35358 12/60 32302 11064 20110 30093 40269 53002 60002 82040 333 21096==
35368 31999 32008 11058 21097 39994 40269 53003 73631 80002 333 21083=
35386 11598 82303 11058 21080 39720 40253 57002 69950 73683 889// 333 21170=
35394 11540 82008 11064 21087 39562 40256 58005 69952 77173 8672/ 333 21162==
35404 31/93 92701 11093 21100 30276 40285 53001 74944 333 21111=
35406 12960 00000 11084 21103 30281 40283 53003 60002 333 21118==
35416 11/05 91904 11096 21103 30163 40290 52005 60002 74542 89/// 333 21104==
35426 12584 82302 11089 21123 39987 40291 53007 60002 83507 333 21094==
35437 31998 72303 11096 21122 30073 40405 53007 70242 85053 333 21090=
35449 32998 01904 11097 21128 30173 40282 53007 333 21104=
35497 11/60 82305 11061 21076 39748 40591 58005 60012 77177 8802/ 333 21182==
35498 12998 61601 11092 21116 39388 40298 52001 69930 80001 333 21179=
35514 31996 01601 11098 21110 30520 40516 53003 71044 333 21125=
35522 31397 82401 11112 21135 30031 40297 53006 77774 886// 333 21110=
35542 32998 02703 11083 21116 30130 40284 53006 333 21106=
35563 11598 82406 11044 21081 39486 40270 53001 69940 73632 885// 333 21082=
35576 11/60 82206 11039 21054 39830 40288 57002 69922 77172 8802/ 333 21110==
35582 11597 82311 11054 21083 39715 40333 52006 69960 77173 8872/ 333 21185 91117=
35594 11997 22106 11061 21083 39434 40292 58002 69900 77173 82020 333 21215=
35605 32998 02002 11080 21090 30312 40289 53004 333 21106=
35633 31495 82202 11090 21097 30074 40298 53005 71042 886// 333 21114=
35671 11520 82304 11024 21033 39853 40290 53002 69932 71072 885// 333 21099==
35699 12560 72301 11070 21111 39550 40330 52006 60002 83903 333 21125==
35700 11/02 92601 11075 21075 30319 40294 53002 60002 74540 89/// 333 21099==
35715 32999 01502 11061 21101 30312 40297 53004 333 21099=
35739 32598 80000 11060 21100 30151 40296 51004 886// 333 21070=
35746 11540 80000 11018 21046 30220 40288 52003 69902 71022 885// 333 21038==
35777 31496 81805 11038 21091 39961 40315 53003 77072 8802/ 333 21098=
35796 12/60 82403 11085 21118 39894 40348 52004 60002 83017 333 21163==
35849 11540 80000 11013 21030 30193 40280 52002 69922 71042 885// 333 21028==
35895 32998 01805 11047 21067 39888 40345 58002 333 21095=
35907 32598 71004 11032 21056 30318 40286 53004 87500 333 21047=
35925 11540 81401 11054 21061 30184 40300 52002 60002 71022 886// 333 21073==
35927 31596 81402 11037 21065 30295 52008 71022 886// 333 21062=
35953 12584 31703 10009 21044 30160 40291 52004 69902 83500 333 21006==
35969 12584 81801 10008 21060 30145 40321 52006 60002 885// 333 21040==
35997 32696 60201 11034 21085 39904 40350 52002 84575 333 21089=
36259 42584 72601 11167 21227 38184 48475 57006 83902==
36335 11999 81904 11080 21125 39222 40271 58005 69900 73683 83017 333 21137=
36358 32999 52412 11125 21152 39221 40281 58011 80002 333 21191 91118=
36394 32997 62208 11072 21125 39848 40283 52001 82044 333 21124=
36397 12984 32516 11076 21120 39706 40284 53004 60002 80001 333 21112 91020 90760 91120==
36403 32798 81606 11049 21112 39923 40291 52006 8457/ 333 21098=
36418 31996 81504 11117 21143 39701 40346 52008 77172 8802/ 333 21216=
36421 32999 81003 11132 21175 39745 40340 52003 8801/ 333 21247=
36428 12784 71501 11135 21196 39821 40351 52008 60002 82550 333 21242==
36439 32798 70802 11105 21131 39005 48513 53004 82545 333 21194=
36498 11998 01605 11148 21163 39509 40348 52009 69920 70271 333 21205=
36501 31998 02312 11100 21152 39489 40267 57009 73630 333 21129=
36535 11684 70000 11152 21176 39684 40357 52007 60002 70372 86530 333 21268==
36546 31996 80501 11148 21168 39785 40358 52005 71022 8807/ 333 21270=
36619 11999 52304 11079 21114 69920 70272 85030 333 21191=
36622 11593 81812 11105 21111 39502 40340 52013 69900 73883 8697/ 333 21184 91116=
36639 11/40 81602 11074 21108 39733 40359 52008 69972 77177 8802/ 333 21206==
36643 32899 23203 11149 21179 39648 40351 52011 82040 333 21224=
36665 32999 21002 11111 21147 39568 40325 52003 80001 333 21220=
36666 32498 70901 11182 21208 39828 40359 58003 81631 333 21262=
36729 11598 82602 11048 21072 39870 40365 52006 69960 70272 885// 333 21087=
36736 11997 80000 11066 21086 39799 40372 52009 69950 77177 8802/ 333 21138=
36744 32998 62102 11035 21075 39885 40345 52004 86030 333 21132=
36770 11998 80000 11050 21063 39607 40354 52001 60020 70272 8805/ 333 21072=
36786 31999 82001 11067 21076 39405 40353 53006 70242 8801/ 333 21103=
36796 32998 60000 11092 21145 39106 48545 51004 86020 333 21181=
36803 11596 81602 11048 21061 39908 40371 52011 69930 77171 8862/ 333 21156=
36806 32998 81401 11086 21184 39879 40368 52007 80002 333 21172=
36819 32598 80901 11030 21060 39714 40340 58006 8252/ 333 21067=
36821 11/40 82101 11038 21056 39849 40351 54000 69902 71072 8807/ 333 21067==
36839 11496 81101 11022 21072 39181 40327 58002 69970 71072 8267/ 333 21075=
36843 12998 63301 10005 21060 39134 40313 58001 69900 80005 333 21087=
36846 11699 80501 11042 21066 38675 48564 51002 69990 70272 85512 333 21135=
36859 11/70 81301 10000 21023 39590 40384 52002 60002 70274 8807/ 333 21060==
36870 11540 80000 11015 21036 39293 40321 58007 69992 72074 886// 333 21042==
36874 11698 60901 11034 21065 39676 40483 58007 60010 70182 84508 333 21060=
36877 11999 63301 11015 21045 39733 40767 58006 60020 70272 83071 333 21058=
36885 11/93 90504 11022 21037 39177 40326 58006 60010 74542 333 21055=
36889 32999 01801 11082 21192 37040 47057 54000 333 21149=
36894 11495 80502 11008 21042 39584 40335 58002 69980 71022 8367/ 333 21032=
36905 11997 60901 11036 21063 38815 48566 52004 69990 74042 82072 333 21061=
36911 41998 82902 10002 21004 39320 40308 58006 77077 8802/ 333 21028=
36927 42699 62302 10011 21085 38379 48544 52001 82952 333 21057 91114=
36934 11598 61203 10013 21079 38291 48420 54000 60012 70282 84932 333 21029=
36953 11899 70000 11075 21114 38241 48508 58002 69900 70182 84044 333 21134=
36963 42698 61803 11101 21145 37025 48/// 52002 84501 333 21177=
36974 41998 70902 11028 21077 38018 48557 58002 70272 87010 333 21109=
36982 42999 51102 11134 21196 36499 47075 52001 82035 333 21242=
37018 42/70 20602 10039 21046 30159 40236 52001 81031==
37031 42960 33001 11054 21073 30058 40264 52002 80009 333 21101==
37054 42440 81001 11067 21077 39876 40282 54001 886//==
37061 41/02 90000 11071 21082 30109 40288 57003 77774 89///==
37085 42/70 60000 11045 21067 30312 40285 53001 82031==
37171 42/70 80904 10041 21011 30215 40234 54000 82031==
37228 42984 00000 11025 21061 39395 40257 57003 333 21068==
37235 42970 03501 11027 21054 39943 40272 57001==
37472 42/60 33001 11017 21037 30302 40279 52003 83071 333 21053==
38149 11540 80103 11016 21030 30207 40286 53013 69962 71077 885// 333 21046==
38178 11/02 80000 10008 20008 39965 40258 58007 69902 74644 8802/ 333 21031==
38262 11540 80000 11048 21054 30194 40280 52007 69902 77072 885// 333 21064==
38264 41340 82501 11049 21059 30191 40290 52011 77172 8872/ 333 21076 88709==
38345 41696 80801 11009 21051 38859 48547 58002 71022 885// 333 21030=
38353 41993 93301 11008 21027 39399 40323 58004 74574 333 21021=
38388 72598 50000 11019 21057 30235 40308 53013 85500 333 21024 6////=
38392 22997 42703 11030 21043 30182 40289 52006 84030 333 21056 69930=
38396 11560 72402 11028 21062 30164 40294 52010 60032 70272 875// 333 21032 87625==
38403 11/60 80703 10006 20006 30156 40281 53005 60032 72277 8802/ 333 21011==
38413 42/70 31603 10045 21003 39975 40270 58016 83030 333 20008==
38457 11/40 82601 10046 21002 39705 40302 52009 69912 71022 8801/ 333 20013==
38462 11540 80000 10009 21018 38812 48541 52002 69942 77177 887// 333 21033==
38507 72698 71502 10017 21005 30182 40288 53008 83530 333 21034 6//// 91002 555 50052=
38545 21597 70501 10016 20013 30107 40287 52007 77880 83970 333 21007 69900=
38565 12870 20000 10047 20000 39665 40241 54000 60002 80003 333 21015==
38579 12560 70401 10042 20005 39862 40287 57001 60002 85571 333 20000==
38583 12660 80201 10043 20018 39969 40297 58002 60002 84541 333 20003==
38599 31395 80605 10039 20010 39752 40299 50000 71022 8495/ 333 21002 81709 83956=
38611 11920 80000 10043 20019 39727 40298 52002 60012 71042 885// 333 20014 83386==
38613 42996 80101 10032 20003 40295 58007 8802/ 333 20005=
38616 41595 73601 10016 20000 39268 40304 51002 71042 87500 333 20000=
38618 12660 80601 10034 20011 39597 40300 52006 60002 8272/ 333 20013==
38647 72997 01103 10047 20000 30234 40277 52003 333 21015 6////=
38656 32698 80204 10022 20009 30179 40292 52007 885// 333 20015=
38683 41/40 41404 10046 20015 30003 40284 54000 71011 84030 333 21010==
38687 32996 10046 20018 30050 40290 53003 333 21034=
38696 12984 60901 10044 21027 39410 40278 57002 60002 80005 333 21026==
38713 32597 81402 10018 21026 39091 48540 54000 885// 333 21018=
38750 72997 60902 10049 20005 30313 40284 58010 80001 333 21009 6////=
38763 71992 00000 11020 21020 30177 40287 54000 74640 333 21019 6////=
38774 72898 83302 10034 21001 30106 40307 52017 8807/ 333 20024 6////=
38799 32997 31402 10032 20008 30052 40289 57001 80001 333 21027=
38806 32997 00902 10052 20011 30006 40271 53004 333 21030=
38812 42960 00304 10057 20000 39812 40272 53001 333 21012==
38836 31598 20000 10064 21014 39309 40251 57001 71000 80002 333 21004=
38880 02997 53105 10050 20003 30023 40284 52009 60002 83031 333 20006 6////=
38886 31996 60000 10004 21013 30051 40288 53007 86030 333 21024=
38895 32996 60000 10040 20000 39991 40287 53007 80008 333 21020=
38911 32998 23502 10064 20002 39974 40273 54000 80002 333 21003=
38915 32997 23402 10061 20011 39950 40278 58012 80001 333 20000=
38927 11/50 60302 10063 20019 39890 40271 58003 60002 71012 86031 333 21008==
38933 31996 00000 10070 20021 39774 40293 58008 71000 333 20000=
38944 32998 20000 10062 20012 39685 40226 52004 82030 333 20016=
38954 32999 00000 11015 21133 37997 48590 52002 333 21080=
38974 72998 82702 10037 20005 39945 40288 53016 85078 333 21011 6////=
38987 32996 72601 10026 21026 39520 40283 53013 8701/ 333 21013=
40100 43/70 82418 10141 20063 30199 40215 50012 6///1 333 58///=
40180 11660 61804 10105 20079 30178 40228 52013 60052 72162 86800 333 10112 20099 70089==
40199 12/// /0303 10125 20036 30221 40247 52016 60002 333 10170 20090 70000==
40255 36/// /2606 10090 29070 3//// 4//// 5////=
40265 11540 42308 10065 20059 39429 40241 52011 60022 70560 84200 333 20045 32002 70028 84825=
40270 11340 82410 10064 20046 39314 40232 52010 60022 75465 88700 333 20058 31003 70024 86708 86620=
40272 31550 22414 10070 20048 39383 40234 52028 74522 82800 333 20010 31101 70002 82830=
40296 31758 11802 10136 20068 30711 40232 5//// 70500 81200 333 20125 30011 81850=
40310 32960 00000 10040 20005 38995 48456 5//// 333 20008 30102=
40340 31950 00202 10104 20026 40252 52015 70500 333 20081 30007=
40356 42960 01804 10043 20020 39228 48524 333 20018 58014 555 04410 50222=
40357 42960 02708 10076 21020 39570 40215 333 20044 58021=
40360 42960 00000 10046 20000 39625 40232 333 20013 58021=
40361 42960 02803 10081 21010 39442 40264 333 20043 58031=
40362 41905 00000 10069 20070 39697 40223 74640 333 20060 58036=
40373 41609 70208 10133 20130 39788 40211 74641 87500 333 20116 58028 87635=
40375 42960 01004 10061 21030 39333 40226 333 20052 58036=
40394 42960 02104 10094 20020 39070 48540 333 20072 58041 555 04410 50210=
40400 42960 23504 10172 20000 30147 40175 80001 333 20123 58015 82070=
40405 42660 50108 10139 20090 39450 40200 85500 333 20131 58043 85640=
40417 42660 80607 10210 20170 30158 40173 8252/ 333 20178 59006 82640 86460==
40420 41640 80107 10199 20170 39966 40173 71022 8442/ 333 20173 59004 84640 88460==
40430 42660 73607 10187 21010 39421 40167 82520 333 20172 58011 82640 85460=
40437 41657 81602 10154 20130 39484 40184 76000 885// 333 20154 58012 88640=
40439 42660 70000 10194 20080 30122 40140 83531 333 20180 59005 83640 83360=
40582 31647 73403 10150 20121 40211 53026 71022 82540 333 55300 00385 10000 20671 30107 41198 51339 60778 55407 40564 82540 87458 90400 91005 91115 91211 91307=
40703 12960 01503 11030 21081 38958 40281 53006 60001 333 3/109 46001 5//// 70000 90768 93100 555 11043 29068=
40706 12562 79901 11010 21082 38690 40285 52007 60001 84376 333 34110 70000 83630 81940 87357 555 11032 29058=
40712 12660 72803 11051 21105 38712 40292 53003 60001 83502 333 3/111 43018 5//// 70000 83640 8506 7 90768 93100 555 11063 29066=
40713 11411 72701 11020 21059 38689 40259 53007 60001 70522 82670 333 30107 70000 82715 87459 555 11032 29075=
40718 12560 62902 10096 20040 30297 40268 51007 60001 83506 222// 0//// 20301 333 31101 50091 7000 0 83625 86267 555 10072 29068=
40723 11959 40000 11013 21054 39005 40289 50005 60001 70521 81076 333 30113 70000 84267 555 11026 29073=
40726 11630 80000 11016 21058 38691 40278 53007 69981 70572 8452/ 333 3/111 47005 5//// 70010 84635 88458 90768 93101 555 11029 29073=
40727 11620 80000 11023 21043 38513 40276 52010 60001 71022 886// 333 3/107 48010 70000 88740 90768 93100 555 11029 29086=
40732 12560 61003 10094 20033 30283 40258 51007 60001 84870 333 30004 50181 70000 81823 84626 8545 9 555 10068 29066=
40736 12960 71402 10070 20032 30299 40273 52007 60001 80006 333 31003 50071 70000 87268 555 10054 29077=
40738 11940 60000 10059 20045 30287 40289 50000 60001 71021 80006 333 30108 50221 70000 86269 555 10053 29090=
40739 12660 70802 10028 21051 38724 40259 54000 60001 82506 333 30104 5//// 70000 82635 86269 555 10000 29056=
40741 12660 63004 10035 20019 39937 40282 52010 60001 83506 333 30103 70000 83635 86270 555 10029 29090=
40743 11658 61006 10015 21054 39108 40264 50003 60001 70522 85502 333 31103 70000 85635 555 11009 29060=
40745 11558 70902 10038 21020 39084 40265 50004 60001 70520 82874 333 3/104 42003 70000 81830 8335 9 90768 93100 555 10014 29066=
40747 12660 60000 10017 21046 38673 40255 52012 60001 83570 333 31103 70000 83640 85360 555 11006 29063=
40754 11536 82403 10020 20001 38879 40259 52013 69941 71062 8532/ 333 31001 5//// 70004 82725 81935 83640 88459 555 10012 29087=
40762 12965 50000 10069 21036 38578 40232 50012 60001 85030 333 3/107 45004 70000 85359 90768 9310 0 555 10028 29047=
40766 11550 61303 10039 20020 38723 40230 52012 69901 71082 84370 333 31102 79999 81930 83640 864 57 555 10031 29088=
40768 11611 60000 11021 21048 38287 40284 52012 60031 71072 83370 333 3/109 47015 5//// 70032 8193 5 86459 90768 93106 555 11029 29082=
40769 11510 80402 10014 21001 38321 40248 52016 60041 77277 8452/ 333 3/102 47024 5//// 70132 8463 0 88458 90768 93118 555 10008 29090=
40780 12660 21402 10079 20039 38707 40216 51013 60001 82500 333 31000 5//// 70000 82635 555 10061 29076=
40782 11560 40000 10080 20066 38899 40214 52015 60021 70162 84700 333 32003 5//// 70072 83725 555 10073 29091=
40785 11657 80000 10040 20037 39154 40272 52010 60021 76066 8452/ 333 32003 5//// 70036 84635 8855 9 555 10039 29098=
40791 12560 81501 10092 20012 39397 40230 51011 69941 8572/ 333 31005 5//// 70004 84725 88460 555 10058 29057=
40792 11558 80000 10047 21009 38755 40232 50014 69931 76062 8552/ 333 31002 5//// 70003 85630 88458 555 10025 29067=
40798 12660 52310 10079 21001 37967 40174 50011 69941 82106 333 31101 5///1 70044 82840 83269 555 10043 29057=
40800 11630 80801 10050 20028 38489 40232 52016 60001 71022 8352/ 333 32003 5//// 70015 83635 8846 0 555 10040 29086=
40809 11560 83602 10081 21014 38527 40199 51014 69901 70282 8332/ 333 30005 5//// 79999 81725 82930 88458 555 10041 29051=
40811 11658 73302 10159 20144 30168 40195 52013 60001 71022 84570 333 31011 50021 70007 84640 8746 0 555 10151 29091=
40812 12660 60101 10144 20119 39811 40190 52014 60001 86300 333 31011 50051 70111 81935 85640 555 10130 29085=
40821 11657 73202 10044 20005 38834 40255 51015 60001 70522 81572 333 30002 5//// 79999 81640 8636 0 555 10028 29076=
40829 12960 73505 10133 21016 39652 40227 50008 60001 87070 333 30008 50441 70000 87359 555 10072 29036=
40831 11957 63203 10150 20123 30194 40203 52020 60001 71022 83031 333 32011 50061 70042 83360 86070 555 10135 29084=
40833 11658 73302 10174 20131 30165 40197 52018 60001 70522 87300 333 31009 50111 70004 82935 85640 555 10150 29076=
40841 11657 81802 10084 20080 38288 40210 51014 60041 76063 8442/ 333 32006 5//// 70148 84635 88558 555 10082 29095=
40845 11558 80000 10182 20147 30191 40196 52024 60013 71062 8491/ 333 31015 50101 70061 81930 84640 88460 555 10162 29080=
40848 11414 80702 10074 20072 38571 40231 52009 60171 76366 8532/ 333 32006 50111 70424 82710 8192 5 84635 88557 555 10073 29099=
40854 12660 50000 10174 20014 38980 40173 52008 60001 82170 333 30006 50361 70000 82840 84359 555 10099 29034=
40856 12660 42202 10184 20020 38675 40174 50004 69941 81471 333 30005 50041 70004 81640 83360 555 10104 29033=
40859 11458 81201 10092 20080 38764 40234 52017 69941 78082 8632/ 333 32007 50321 70041 81715 8293 0 84635 88458 555 10086 29092=
40875 11957 73602 10253 20070 30175 40186 52018 60001 70500 85077 333 30015 50501 70000 85360 85269 555 10157 29031=
40879 12962 30502 10226 20000 39530 40198 51012 60001 81078 333 30013 50301 70000 81360 83270 555 10121 29022=
40882 12960 81204 10247 20083 30149 40184 50022 60001 81037 333 30019 50651 70000 81360 88269 555 10159 29035=
40883 12960 31205 10242 20093 30160 40187 53022 60001 83030 333 30018 50411 70000 83360 555 10161 29039=
40893 11958 01103 10229 20146 30180 40186 52019 60001 70500 222// 00215 20300 333 30019 50501 70000 555 10180 29060=
40898 11956 00000 10246 20172 30173 40182 50007 60001 70500 222// 00236 20900 333 30013 50611 70000 555 10200 29064=
41024 42660 53508 10238 20150 30128 40154 85500 333 20229 58010 85640==
41036 42560 60000 10166 20110 38580 48530 86800 333 20130 58014 86830==
41055 42560 51311 10186 20080 38379 48526 85400 333 20176 58005 85630==
41061 42960 30208 10228 20000 39440 40129 83130 333 20171 58004 83360==
41084 42560 51704 10218 20090 38872 48532 85400 333 20186 58010 85630==
41112 42560 31806 10156 20070 37970 48539 83400 333 20109 58009 83620==
41114 42560 31809 10167 20080 38007 48539 83400 333 20133 58006 83630==
41128 42960 01004 10254 20000 38823 48535 333 20160 58005==
41136 42960 02114 10223 20050 39337 40140 333 20138 58001==
41140 42560 11904 10287 20220 30135 40142 81100 333 20246 59002 81830==
41150 41964 80210 10217 20171 40175 70262 8807/ 333 20197 30019 59008 88462=
41176 44/67 /1609 10239 20171 30160 40166 333 20201 59012=
41194 12960 41809 10270 20072 30179 40185 60001 84030 333 20222 59009 84368=
41196 12960 41909 10271 20080 30150 40191 60001 84030 333 20173 59006 84362=
41216 42960 31207 10244 20112 30181 40187 83030 333 20213 59004 83368=
41217 42960 51409 10247 20088 30154 40183 85030 333 20206 30016 59004 85368=
41396 41959 01404 10241 20092 39448 40164 70600 333 20175 30/// 58005=
41480 41457 20616 10270 20204 30160 40168 70544 82500 333 20224 30/// 58000 82618=
41506 12960 03602 10080 21110 38553 48500 60001 333 58018==
41508 12960 02301 10100 21007 38688 48570 60001 333 58010==
41515 12960 00000 10054 21081 38577 48380 60001 333 58002==
41516 12440 22704 10120 21046 30000 48320 60001 82100 333 56800 58034==
41517 11440 10000 10070 21062 37803 48220 60001 70400 81500 333 56800 58014==
41518 12460 40000 10122 21068 30001 48010 60001 81230 333 56880 58000==
41519 12460 13601 10110 21044 38777 48150 60001 81100 333 56800 58021==
41523 12960 00000 10110 20007 39117 48280 60001 333 58002==
41535 12960 00000 10120 21068 38733 48030 60001 333 59003==
41536 12960 00000 10140 21028 39067 48360 60001 333 58008==
41560 12960 00000 10060 21041 38325 48550 60001 333 59010==
41571 11940 01303 10165 21018 39605 40192 60001 70500 333 59001==
41598 11940 43101 10180 21005 39909 40182 60001 70500 84030 333 56080 59001==
41600 11440 63101 10175 20064 39877 40174 60001 70522 83570 333 56880 58015==
41620 12940 02302 10140 21098 38616 48190 60001 333 58005==
41624 11940 30000 10180 20071 39980 40182 60001 70510 83020 333 56080 59001==
41630 11940 43102 10200 20098 30000 40188 60001 70410 84030 333 56080 58001==
41640 11440 52702 10200 20031 39932 40180 60001 70522 83570 333 56880 58001==
41660 12960 63104 10105 21104 38486 48750 60001 83031 333 56088 59013==
41678 11940 00000 10190 20096 30000 40195 60001 70400 333 58010==
41696 12960 30000 10140 21049 38021 48330 60001 80001 333 56008 58002==
41697 12960 00000 10250 20004 30000 40186 60001 333 59005==
41700 11940 02303 10225 20108 30000 40176 60001 70500 333 59003==
41710 12960 21301 10185 21017 39405 40175 60001 80001 333 56008 59033==
41712 12960 30501 10170 21028 39225 48410 60001 80001 333 56008 58014==
41715 11940 00000 10220 20090 30121 40186 60001 70500 333 59007==
41718 11920 00000 10225 20108 30065 40169 60001 70500 333 59011==
41725 12940 01301 10245 20089 30095 40173 60001 333 59006==
41739 12940 20502 10180 20025 39086 48450 60001 82030 333 56080 58002==
41744 12940 00000 10190 21048 38811 48390 60001 333 59013==
41749 12940 00902 10245 20113 30154 40187 60001 333 59016==
41756 11900 03101 10205 20197 30122 40188 60001 74500 333 59009==
41757 12940 00000 10230 20079 30176 40186 60001 333 58010==
41759 12940 00000 10260 20042 30182 40188 60001 333 59005==
41764 11920 00000 10250 20055 30136 40186 60001 70400 333 59005==
41768 12940 03601 10250 20120 30178 40185 60001 333 58008==
41780 11920 00000 10275 20069 30162 40189 60001 70500 333 58000==
41785 12940 00000 10250 20096 30163 40176 60001 333 58005==
41859 01940 00000 10255 20130 30087 40124 70500 333 59019 70000==
41883 02956 02702 10274 20120 30106 40126 333 59018 70000==
41891 11430 63602 10245 20200 30090 40129 69921 70562 83340 333 59024 70010 83615 85365 81930==
41907 01930 02702 10270 20150 30111 40125 70540 333 59011 70000==
41923 01445 52702 10278 20200 30119 40129 70522 83430 333 59017 70000 82615 85360==
41936 01410 43204 10282 20210 30118 40125 70541 84500 333 59010 70000 84615==
41943 01430 71803 10267 20180 30122 40129 70522 83530 333 59016 70000 83616 85362==
41950 01450 50000 10282 20210 30121 40123 70522 85400 333 59015 70000 84617==
41978 01540 21703 10291 20200 30125 40132 70511 82500 333 59018 70000 82618==
41992 01930 00302 10300 20180 30133 40135 70500 333 59012 70000==
42027 31995 01401 10088 21022 38447 48533 70500 333 59001=
42071 31996 52908 10176 20046 40180 70522 85030 333 58001 85359=
42101 32996 13204 10214 20070 40172 80001 333 58002 81070=
42111 31996 32701 10210 20063 39420 40114 70511 82031 333 59006 82360 83070=
42123 32996 01401 10212 20062 40174 333 59002=
42131 32996 23202 10214 20042 40190 80001 333 58029=
42165 32996 00000 10240 20043 40170 333 59007=
42182 31996 22706 10216 20068 40162 70510 82030 333 58006 82360=
42189 31995 03404 10206 20079 40137 70500 333 59002=
42309 21495 80207 10162 20148 40139 71052 8562/ 333 59013 6998/=
42314 21496 73608 10176 20134 40132 71796 84930 333 57980 59022 6990/ 84618 81925 87360=
42328 32996 01102 10272 20133 40149 333 59007=
42339 31995 00000 10250 20066 40184 70500 333 58003=
42348 31996 03206 10232 21046 40179 70500 333 58008=
42361 31995 03204 10236 20048 40169 70500 333 58013=
42369 31996 03211 10225 20054 40145 70500 333 58004=
42379 31995 27006 10218 20110 40127 70500 333 59001=
42410 31595 40000 10222 20163 40126 70521 82530 333 59023 82620 84360=
42415 31995 00901 10220 20134 40134 70511 333 59017=
42452 31996 00502 10242 20070 40183 70500 333 58024=
42492 31996 02306 10236 20097 40134 70500 333 59001=
42559 32996 02902 10246 20041 40161 333 58017=
42571 31996 02301 10230 20056 40160 70500 333 58016=
42591 32996 02308 10250 20077 40153 333 58002=
42623 31596 22303 10228 20102 39256 40115 70500 82100 333 59017 82820=
42634 32996 00000 10290 20077 40183 333 58001=
42647 31996 00504 10284 20078 40179 70400 333 58006=
42667 32996 03604 10236 20062 39588 40175 333 58016=
42675 32996 03604 10224 20046 40166 333 58013=
42701 32996 03204 10236 20060 39404 40125 333 59001=
42724 31496 51802 10286 20201 40124 70521 83530 333 59018 83618 83360=
42737 32996 00204 10296 20057 40176 333 59002=
42754 32996 00507 10254 20063 39533 40163 333 58008=
42779 32996 03604 10248 20046 39457 40149 333 58011=
42798 31996 03603 10282 20091 40129 70500 333 59002=
42809 31595 53402 10286 20218 40128 70522 83530 333 59015 83620 85360=
42840 32996 00000 10310 20099 40172 333 59004=
42867 31996 03602 10284 20060 40162 70500 333 58022=
42874 31996 02702 10288 20134 40150 70500 333 58010=
42886 31996 03405 10296 20070 40144 70500 333 58009=
42895 31996 03403 10302 20195 40127 70240 333 59005=
42909 32996 00705 10304 20265 40173 222// 20000 333 59003=
42971 31995 03202 10318 20174 40132 70500 333 59005=
43003 31995 00904 10326 20139 40146 70400 333 59010=
43014 31996 00703 10296 20159 39510 40143 70544 333 58002=
43041 31996 03402 10298 20158 39529 40131 70500 333 59001=
43063 32997 00903 10290 20109 39536 40150 333 58004=
43086 32997 00000 10296 20161 39969 40144 333 58002=
43128 32997 00000 10322 20166 39540 40129 333 59010=
43150 31996 22004 10300 20243 30076 40137 70500 80001 333 59009 82075=
43185 31996 01601 10314 20195 30131 40134 70500 333 59010=
43189 32997 00000 10308 20195 30132 40141 333 59009=
43192 31996 00502 10328 20223 40138 70500 333 59004=
43198 32996 20203 10304 20086 39321 40124 80001 333 59003 82075=
43201 32997 00502 10326 20112 39396 40098 333 59011=
43213 32997 09901 10326 20156 39809 40118 333 59008=
43233 32997 01108 10320 20179 39330 40124 333 59011=
43237 32997 10702 10340 20122 39717 40098 80001 333 59013 81075=
43245 32597 11104 10300 20192 30113 40140 81500 333 59014=
43279 31596 41402 10296 20195 30132 40150 71020 83501 333 59006 83620 83075=
43314 32597 32304 10322 20242 40136 82801 333 59001=
43321 31996 30906 10296 20165 39695 40136 70500 80001 333 59006 83070=
43329 32997 01403 10300 20210 30132 40145 333 59005=
43333 31495 20502 10292 20218 40127 70521 81501 333 59005 81618=
43344 31495 40204 10294 20217 30044 40144 70522 82531 333 59007 82616 83360=
43353 31495 49902 10306 20226 40133 70521 81400 333 56700 59001 81616 80820=
43369 32497 63202 10300 20249 40137 84430 333 59003 83618 85358=
43371 32596 20000 10311 20225 30062 40133 82500 333 59003 82620=
43404 22470 20802 10303 20212 30132 40135 54003 82000 333 553// 20547 59002 60008 91004 555 60008==
43410 22470 10903 10290 20199 30141 40144 50002 81100 333 59002 60008 555 60008==
43413 22470 50303 10288 20225 30139 40144 5/003 82106 333 553// 20564 58000 60008 91005==
43415 22470 10902 10296 20209 30034 40142 53002 81000 333 58002 60008 70000 555 60008==
43418 22470 30501 10285 20217 30100 40141 52002 83100 333 59003 60008 70000 555 60008==
43421 22470 40901 10306 20204 30034 40138 58003 84100 333 553// 20576 58000 60008 91003==
43422 22470 20702 10290 20211 30004 40137 5/002 82000 333 59002 60008 555 60008==
43424 22470 20703 10300 20214 30129 40131 56005 82100 333 59003 60008 70000 555 60008==
43436 22470 30501 10294 20236 30130 40133 52001 83000 333 59007 60008 70000 555 60008==
43441 22470 10501 10308 20183 39992 40123 58008 81100 333 58002 60008 555 60008==
43444 22/70 10902 10292 20187 39596 40126 53004 333 59002 60008 70000 555 60008==
43450 22465 20902 10319 20226 30118 40130 58004 82100 333 59001 60008 555 60008==
43466 22470 42802 10309 20208 30119 40127 84100 333 553// 20614 59003 60008 84/18 555 60008==
43467 21458 52701 10310 20238 30119 40125 56006 70511 84200 333 59005 60008 555 60008==
43473 22970 00906 10216 21047 38149 48488 53003 333 553// 20626 59003 60008 91009 555 60008==
43475 22470 60202 10305 20224 30129 40134 57005 83108 333 553// 20558 59002 60008 91006 555 60008==
43476 21460 13201 10244 20144 38801 48549 5/002 70500 81000 333 59005 60008 70000 555 60008==
43479 22470 10202 10257 20175 39276 57019 81100 333 59009 60008 555 60008==
43486 22465 20601 10336 20196 30023 40121 56011 81000 333 553// 20563 59001 60008 91002==
43495 22470 21403 10316 20221 30110 40123 57007 81000 333 58002 60008 70000 555 60008==
43497 22470 20902 10322 30108 40125 57007 82100 333 553// 20655 58003 60008 91005 555 60008==
44212 42984 40203 11206 21247 39108 40343 52002 80007==
44213 42/84 50302 11179 21224 38742 40307 57009 85010==
44214 42970 52707 11034 21201 38218 40207 58011 80008==
44215 42/70 62809 11013 21188 38333 40174 57013 82048==
44217 32998 52502 11078 21202 37811 40295 54000 82041 333 91206=
44218 42/84 51101 11094 21171 38545 40249 50000 85070==
44219 32999 52301 11110 21168 38565 40265 58003 80006 333 91202=
44265 42984 01702 11127 21197 38879 40374 54000==
44266 32999 22606 11002 21220 37710 40173 58008 82080 333 91110 91207=
44404 42358 10904 10164 21016 38115 48449 81100 333 59020=
44424 42960 32102 10154 21060 37629 47033 80002 333 59026=
44434 41450 11507 10200 20123 39210 48493 70544 81100 333 59012=
44438 41950 02304 10208 20151 39998 40126 70544 80000 333 59004=
44449 41930 01304 10207 20155 39964 40122 70544 80000 333 59009=
44454 41457 22802 10204 20075 38637 48474 70040 82100 333 59017=
44462 42460 22703 10164 20036 38240 48457 82200 333 59012=
44474 41015 52205 10134 20051 38234 48474 70544 85500 333 59008=
44477 41440 42908 10200 20090 38800 48506 70544 84200 333 59012=
44478 41914 02104 10226 20184 30034 40116 71044 80000 333 59012=
48010 42957 01801 10280 20158 39959 40111 58000==
48020 42957 00401 10260 20160==
48025 41330 40000 10267 20240 39989 40128 59004 70511 84800==
48048 42957 02205 10315 20200 30056 40119 333 59015==
48052 32957 01401 10316 20163 333=
48062 42558 20903 10273 20226 30130 40136 82500 333 59011==
48064 42957 01401 10304 20185 30039 40095 333 58001==
48094 42960 03202 10307 20200 30124 40134 333 58007==
48109 42960 00000 10298 20223 30144 40147 333 58003==
51076 14/75 /2001 11140 21207 39424 40380 52014 60001 333 11056 21211 3/103 4/025 59001 70000 90761 91103==
51087 14/77 /0903 11124 21186 39271 40381 52010 60001 333 11060 21203 3/106 4/018 59003 70000 90761 91104==
51156 14/80 /1105 11054 21157 38717 40324 52002 60001 333 11041 21150 3/117 59007 70000 90761 91107==
51243 14/56 /0702 11134 21186 39774 40373 52004 60001 70500 333 11075 21193 3/116 59005 70000 90761 91104==
51334 14/49 /3402 11079 21139 39924 40363 52011 60001 70500 333 11074 21186 3/111 4/012 59010 70000 90761 91104==
51379 14/49 /1703 11080 21150 39358 40377 52002 60001 70500 333 11076 21236 3/107 4/022 58018 70000 90761 91104==
51463 14/75 /2302 11014 21180 39099 40354 57002 60001 333 11003 21146 3/101 4/036 58022 70000 90761 91106==
51573 14/64 /1202 10020 21186 30258 40310 57004 60001 333 10051 21059 3/112 59041 70000 90761 91104==
51644 14/48 /2501 11007 21139 39004 40312 52006 60001 70600 333 10019 21081 3/106 59031 70000 90761 91103==
51656 14/50 /2102 11001 21137 39218 40326 52002 60001 70600 333 10021 21116 3/114 59024 70000 90761 91104==
51709 14/50 /1501 10013 21148 38660 40286 57001 60001 70600 333 10015 21079 3/110 59041 70000 90761 91104==
51711 14/58 /0702 11047 21133 38025 40257 52004 60001 333 11027 21131 3/118 59023 70000 90761 91105==
51716 14030 02501 10019 21171 38962 40291 52002 60001 70600 333 10038 21056 3/109 59033 70000 90761 91103==
51765 14/60 /2702 10028 21163 39279 40313 57004 60001 333 10047 21098 3/114 59023 70000 90761 91105==
51811 14035 01302 10035 21174 38828 40277 57003 60001 333 10035 21067 3/112 59037 70000 90761 91104==
51818 14/31 /1102 10038 21171 38673 40270 57001 60001 70600 333 10038 21034 3/108 59030 70000 90761 91104==
51886 14/80 /2002 11060 21271 37097 40273 57008 60001 333 11023 21164 3/122 59025 70000 90761 91104==
52203 14/68 /2701 10016 21190 39381 40304 57009 60001 333 10019 21144 3/119 59041 70000 90761 91103==
52602 14/80 /3203 11042 21324 37248 40311 57009 60001 333 11034 21204 3/126 59038 70000 90761 91108==
52818 14/80 /3303 11040 21248 37214 40260 57004 60001 333 11003 21134 3/119 59035 70000 90761 91106==
52908 14/80 /2807 11095 21301 35680 40172 57006 60001 333 11089 21236 3/128 59037 70000 90761 91112==
55228 14/80 /2605 11042 21350 35993 40150 52002 60001 333 11018 21125 3/120 58002 70000 90761 91110==
55299 14/80 /2807 11040 21261 35772 40055 54000 60001 333 11013 21137 3/119 59020 70000 90761 91115==
55578 14/80 /3004 10080 21318 36289 49923 57010 60001 333 10109 21056 3/111 59016 70000 90761 91116==
55591 14/80 /2304 10067 21217 36430 49919 57005 60001 333 10112 21005 3/111 59021 70000 90761 91112==
55664 14/20 /2913 10045 21372 35946 40001 57001 60001 70500 333 10062 21057 3/112 59007 70000 90761 91125==
55773 14/79 /2007 11023 21121 35967 40106 54000 60001 333 11021 21094 3/114 59011 70000 90761 91114==
56004 14/80 /3203 11087 21248 35737 40139 57011 60001 333 11071 21180 3/123 59038 90761 91106==
56018 14/13 /2602 11068 21092 36101 40105 57006 69961 77000 333 11008 21096 3/111 59017 70006 90761 91104==
56312 14/80 /1006 10054 21062 37028 40071 57021 69911 333 10087 21004 3/001 59008 70001 90761 91111==
62306 42560 43110 10139 20054 40265 52006 84500 333 20124==
62309 42560 53206 10144 20053 40252 85800 333 20127==
62332 42560 52511 10123 20063 40243 52010 85500 333 20114==
62337 42560 32307 10114 20061 40239 52012 83500 333 20095==
62366 45560 33403 10110 20036 40250 52008 83500 333 20105==
62387 42960 03307 10074 20044 40251 52009 333 20051==
62393 42960 03502 10078 20039 40264 52014 333 20051==
62405 42960 00000 10115 20033 40216 52011 333 20008==
62414 41958 03616 10118 20019 40202 52018 70700 333 20096==
62419 42960 03409 10116 20018 40204 52014 333 20095==
62420 42960 00402 10079 20017 40263 52010 333 20064==
62435 42960 03410 10118 20027 40233 52014 333 20101==
62440 42560 30000 10096 20065 40249 83200 333 20088==
62455 42960 00105 10108 20052 40248 333 20087==
62458 42960 03504 10122 20024 40237 52007 333 20104==
62459 42960 03118 10142 20027 40209 52016 333 20135==
