SMPK OPKC 060600=
41504 02697 22302 10030 21051 37846 48502 60001 82200 333 56900 58011 60007 82845 RH55%=
41505 22696 62306 10025 21026 38/// 48/// 60002 83570 333 56990 58/// 83640 87760 69%=
41506 02697 50000 10080 21028 38561 48558 60001 82520 333 56990 58040 60007 82640 83460 46%=
41507 02997 00906 10100 20022 39273 49800 60001 333 58003 60007 58%=
41508 02997 01302 10069 21003 38704 48569 60001 333 58041 60007 60%=
41509 02697 41802 10075 20003 38805 48540 60001 84500 333 56900 58030 60007 84640 RH 60%=
41510 02997 00000 10040 21008 37932 48543 60001 333 58035 60007 71%=
41515 02697 50000 10056 21040 38576 48538 60001 82520 333 56990 58013 60007 82650 83460 50%=
41516 02696 50000 10100 21024 38575 48538 60001 82530 333 56990 58040 60007 82640 84360 RH42%=
41517 02697 30000 10060 21129 37804 48526 60001 83500 333 56900 58038 60007 83640 24%=
41518 02596 71808 10100 20008 38/// 48/// 60001 84770 333 56990 5//// 60007 81730 83440 86761 53%=
41519 02697 33602 10115 21079 38810 48548 60001 83200 333 56900 58039 60007 83840 RH25%=
41520 02997 21806 10020 21106 37635 48282 60001 82030 333 56090 58030 60007 82362 39%=
41523 02997 00000 10120 20007 39140 48550 60001 333 58048 60007 46%=
41524 02997 10105 20028 39412 40298 60001 333 58049 60007 59%=
41525 22997 00000 10030 21051 37685 48413 60001 333 58027 55%=
41528 02997 00000 10140 20035 39274 48555 60001 333 58042 60007 49%=
41529 02996 03102 10175 20004 39858 40244 60001 333 58059 60007 RH 31%=
41530 01996 03104 10165 21006 39809 40227 60001 70500 333 58049 60007 30%=
41534 02996 00000 10150 20043 39802 40223 60001 333 58042 60007 RH 49%=
41535 02997 00000 10085 21013 38754 48519 60001 333 58035 60007 RH50%=
41536 02997 00000 10120 20007 39085 48549 60001 333 58041 60007 46%=
41560 02997 00000 10040 21022 38309 48540 60001 333 59005 60007 RH64%=
41562 02997 03602 10165 21056 39740 40207 60001 333 58041 60007 RH21%=
41565 02995 03106 10089 21022 38684 48549 60001 333 58029 60007 RH 45% =
41567 01996 00000 10145 20049 39711 40132 60001 70400 333 59007 60007 53%=
41571 11996 02304 10160 20007 39631 40222 60001 70500 333 58037 RH35%=
41572 01996 03114 10160 20023 39576 40207 60001 70500 333 58042 60007 RH40%=
41573 02997 00000 10070 21012 37994 48524 60001 333 58030 60007 56%=
41574 02697 20000 10090 20001 38365 48544 60001 82400 333 56900 58016 60007 82640 54%=
41576 01996 03104 10175 20036 40215 60001 70500 333 58021 60007 40%=
41577 01996 00000 10165 20030 39595 40215 60001 70500 333 56000 58029 60007 RH 40%=
41593 01996 00000 10200 20031 39990 40206 60001 70500 333 58035 60007 33%=
41597 02997 00000 10170 20057 40221 60001 333 58037 60007 47%=
41598 01996 03104 10170 20043 39930 40205 60001 70500 333 58032 60007 43%=
41599 01995 03104 10150 20069 39916 40211 60001 70404 333 58036 60007 58%=
41600 01996 02302 10160 20069 39900 40199 60001 70400 333 58027 60007 55%=
41620 32996 02702 10100 21115 38619 48521 60001 333 58030 60007 21%=
41624 01996 00502 10160 20028 30011 40215 60001 70500 333 58044 60007 41%=
41625 02997 00000 10150 20043 39979 40183 60001 333 58025 60007 49%=
41630 01995 03104 10190 20059 40212 60001 70500 333 58031 60007 42%=
41633 01996 00000 10170 20070 4//// 60001 70400 333 5//// 60007 52%=
41634 02996 00000 10155 20030 3//// 4//// 60001 333 5//// 60007 43%=
41635 02997 00000 10175 20051 3//// 4//// 60001 333 5//// 60007 44%=
41636 01996 00000 10190 20072 30026 40211 60001 70500 333 58035 60007 46%=
41638 01996 00000 10180 20095 4//// 60001 70400 333 5//// 60007 58%=
41639 02997 02304 10150 20081 3//// 4//// 60001 333 5//// 60007 63%=
41640 01996 03102 10190 20059 39953 40204 60001 70500 333 58029 60007 42%=
41641 01995 03608 10180 20083 39929 40207 60001 70400 333 58030 60007 53%=
41642 01996 00000 10160 20104 3//// 4//// 60001 70400 333 5//// 60007 69%=
41643 01995 00000 10150 20103 39922 40203 60001 70444 333 58024 60007 73%=
41644 01996 00000 10155 20087 3//// 4//// 60001 70400 333 5//// 60007 64%=
41646 01996 00000 10180 20083 30005 40222 60001 70400 333 58029 60007 53%=
41652 01996 00504 10185 20021 30043 40223 60001 70500 333 58041 60007 33%=
41660 02997 02304 10080 21139 38478 48568 60001 333 58019 60007 RH: 19%=
41661 02997 00000 10080 21085 38430 48558 60001 333 58018 60007 30%=
41669 02997 00000 10180 20058 3//// 4//// 60001 333 5//// 60007 45%=
41670 01996 00000 10140 20056 4//// 60001 70400 333 5//// 60007 57%=
41674 01994 00000 10170 20070 3//// 4//// 60001 70400 333 5//// 60007 52% =
41675 01994 00000 10185 20065 30069 40214 60001 70500 333 58039 60007 46%=
41676 01995 00000 10165 20076 30064 40225 60001 70400 333 58033 60007 56%=
41677 01996 00902 10170 20094 30028 40198 60001 70400 333 58036 60007 61%=
41678 01996 00000 10170 20070 40201 60001 70400 333 58027 60007 52%=
41679 01996 03102 10180 20106 4//// 60001 70400 333 5//// 60007 62%=
41680 01995 00000 10190 20096 30004 40196 60001 70400 333 58034 60007 55%=
41685 02997 00502 10140 21130 38965 48544 60001 333 58025 60007 RH14%=
41696 02997 40000 10090 21046 38015 48535 60001 80001 333 56009 58005 60007 84080 Rh38%=
41697 02997 00000 10200 21004 40194 60001 333 58015 60007 RH25%=
41700 01995 00506 10165 20088 40205 60001 70400 333 58033 60007 60%=
41701 01995 00000 10180 20095 30067 40212 60001 70400 333 58032 60007 58%=
41710 12997 00000 10150 21072 39400 40177 60001 333 58002 21%=
41712 12997 01304 10110 21066 39243 48543 60001 333 58000 RH29%=
41715 01996 03602 10205 20023 30139 40204 60001 70500 333 58024 60007 RH30%=
41716 01995 00000 10180 20029 30108 40213 60001 70500 333 58027 60007 36%=
41718 01995 00000 10170 20070 30102 40208 60001 70400 333 58027 60007 52%=
41724 01996 00506 10200 20031 30145 40224 60001 70500 333 58027 60007 RH33%=
41725 02996 00504 10185 20037 30116 40195 60001 333 58022 60007 RH37%=
41726 01995 00504 10210 20062 30143 40214 60001 70500 333 58033 60007 RH38%=
41738 01996 50508 10230 21021 30012 40193 60001 70500 85030 333 56090 59007 60007 85460 19%=
41739 02996 20504 10130 20048 39092 48541 60001 82030 333 56090 58004 60007 82360 RH57%=
41742 12997 20502 10240 21019 40189 60001 80001 333 56009 58000 82070 RH 18%=
41743 01996 00502 10170 20094 60001 70400 333 60007 RH 61%=
41744 12996 00000 10140 21028 38821 48543 60001 333 58011 RH 31%=
41745 01996 00502 10190 20072 60001 70400 333 60007 RH46%=
41746 02996 20902 10200 20031 30146 40202 60001 80001 333 58012 60007 80270 RH33%=
41747 02996 03102 10195 20067 40183 60001 333 58017 60007 RH43%=
41748 01996 00000 10210 20088 40212 60001 333 58020 60007 RH45%=
41749 02996 00504 10210 20062 30173 40206 60001 83001 333 56009 58013 60007 83070 RH38%=
41756 01996 30000 10230 20092 30123 40189 60001 70504 80001 333 56009 59004 60007 83070 RH41%=
41757 12996 00000 10240 20068 30175 40188 60001 333 59002 60007 RH33%=
41759 02996 00000 10220 20064 30182 40188 60001 333 59002 60007 RH36%=
41760 02996 23104 10220 20017 30179 40192 60001 80001 333 56009 58013 60007 82080 RH 26%=
41764 01995 30410 10205 20023 30147 40198 60001 70400 83010 333 56090 58010 60007 83360 RH30%=
41765 02996 03604 10215 20070 30165 40201 60001 333 58015 60007 RH39%=
41766 21995 03102 10195 20053 40197 70400 333 58021 60007 70000 RH39%=
41767 02996 03602 10225 20058 3//// 4//// 60001 333 60007 RH34%=
41768 02996 00504 10230 20035 30182 40189 60001 333 58006 60007 RH28%=
41780 01996 00508 10240 20002 30165 40192 60001 70500 333 58005 60007 RH21%=
41783 02996 00502 10215 20056 30153 40183 60001 333 58010 60007 RH 35%=
41785 02996 00502 10220 20064 30179 40192 60001 333 58007 60007 RH 36%=
41786 02996 00502 10190 20045 30134 40171 60001 333 58004 60007 RH 38%=
41BAG 02697 70502 10020 21048 60001 84510 333 56990 60007 84635 87460 61%=
41BKI 02996 01802 10170 20012 39793 40215 60001 333 58044 60007 RH 34%=
41SKP 01996 03602 10170 20082 3//// 4//// 60001 70400 333 5//// 60007 56%=
43532 02697 20000 10125 20028 39380 40196 60001 82500 333 56900 58035 60007 82640 52%=
43533 02997 00000 10125 20028 39252 48515 60001 333 58002 60007 52%=
43563 02997 02302 10144 20043 39498 40199 60001 333 58030 60007 50%=
===========


UPPK OPKC 060600=
PPAA 5606/ 41675 MISDA DUE TO TECHNICAL ISSUE=
PPAA 5606/ 41506 MISDA DUE TO CLOUDY WEATHER=
PPAA 5606/ 41516 misda due to air movement=
PPAA 5606/ 41715 NO ASCENT DUE TO BALLOONS OUT OF STOCK=
PPAA 5606/ 41764 NO ASCENT DUE TO PAF FLYING AT BULARI AIR BASE=
PPAA 5606/ 41598 MISDA DUE TO TECNICAL PROBLEM=
PPAA 5606/ 41600 MISDA DUE TO TECHNICAL FAULT=
PPAA 5606/ 41640 MISDA DUE TO TECNICAL PROBLEM=
PPAA 5606/ 41646 MISDA DUE TO TECHNICAL REASON=
PPAA 5606/ 41678 MISDA DUE TO TECHNICAL PROBLEM=
PPAA 5606/ 41718 MISDA DUE TO TECHNICAL PROBLEM=
PPAA 56051 41780 MISDA No Ascent due to PAF Flights=
PPAA 5606/ 41624 MISDA DUE TO TECNICAL PROBLEM=


Data Generated from File : D:/all data handling/Rmc_lhr/2025020606.FSU.txt
06/02/2025   07:09:28
____________________________________________________________________________________________
15020 04/70 32902 11038 21058 30157 40369 52015 60002 83070 333 11007 21041 3/105 42998 55300 20002 60007 70003 91002 90760 91102==
15090 04/70 23101 11047 21074 30264 40364 52015 60002 82040 333 10001 21058 34107 55300 10190 20000 30000 60007 70003 91003 90760 91103==
15108 01/00 92001 11113 21124 38128 48554 52007 60012 74944 89/// 333 11097 21113 49082 55300 20001 60007 70064 91008 90760 91108==
15150 01/70 33202 11035 21061 30134 40362 52013 69902 70171 83030 333 11005 21036 3/105 43001 55300 20004 60007 70018 91003 90760 91103==
15170 01529 70501 11052 21059 39515 42884 52008 60002 71022 87300 333 11027 21058 3/103 47005 55300 20001 60007 70006 91002 90760 91103==
15280 01/00 93612 11139 21156 37500 47027 53011 60002 74943 89/// 333 11137 21142 49084 55300 20000 60007 70006 91021==
15310 04/70 43203 11023 21063 30250 40341 52012 60002 84070 333 10002 21027 34104 55300 10180 20000 30000 60007 70001 91005 90760 91105==
15335 04570 63403 11016 21064 30327 40334 52012 60002 82530 333 10003 21016 34102 55300 20006 60007 70004 91005 90760 91107==
15350 02570 60104 11005 21041 30224 40351 51014 60002 86500 333 10005 21007 34101 55300 20002 60007 70002 91006 90760 91107==
15360 04/70 33106 11023 21039 30302 40320 53010 69902 83030 333 10012 21024 60007==
15420 04568 80000 11029 21038 30229 40347 52011 60002 8457/ 333 10003 21053 34108 55300 20000 60007 70000 91001 90760 91101==
15460 04570 63302 11024 21043 30316 40342 52013 60002 83570 333 10006 21043 34106 55300 20004 60007 70003 91003 90760 91105==
15470 04/70 50302 11024 21041 30212 40346 52010 60002 85070 333 10039 21026 30106 55300 20002 60007 70000 91003 90760 91103==
15480 04/70 43103 11018 21066 30309 40327 52011 60002 84030 333 10010 21021 3/103 42998 55300 10230 20002 30002 60007 70006 91005 90760 91108==
15549 12570 83201 11034 21040 39901 40342 52019 69912 886// 333 10006 21048 70001 555 34109 595// 92602=
15552 12570 23203 11019 21065 30268 40320 52011 60002 81540 222// 00074 10402 333 10016 21024 55015 70000 555 30105 571// 92035 92438=
15640 11670 73606 10006 21014 30009 40336 52016 69902 77172 87520 333 10035 21003 55026 70000 555 31102 58600 67199 70600=
15655 12565 20000 11016 21052 30292 40327 52010 60002 81501 222// 00078 10402 333 10034 21017 70000 555 34/// 574// 92034 92437=
15730 12970 80502 10008 21038 39912 40326 51011 60002 86077 333 10029 20002 55010 70000 555 31/// 572//=
16627 12665 30000 10000 21049 30318 40325 52019 60002 83100 333 21010 34/// 55061 70000 90730 91112==
16650 12560 20611 10046 21027 30303 40313 52009 60002 81140 333 20046 30/// 55083 70000 90730 91119==
16667 12560 23420 10058 21018 30285 40296 52011 60002 82100 333 20056 30/// 55062 70000 90730 91132==
16706 12660 40120 10068 21005 30273 40279 52009 60002 84550 333 20068 30/// 55054 70000==
16723 12560 30113 10052 21026 30262 40276 52016 60002 83200 333 20046 30/// 70000 90730 91131==
16742 12560 33614 10056 21027 30093 40254 52019 60002 83100 333 20050 30/// 70000 90730 91138==
16749 12460 13216 10068 21031 30211 40226 52026 60002 81100 333 20068 30/// 55069 70000 90730 91126==
16754 12460 63424 10100 20001 30227 40277 52002 60002 86800 333 20100 30/// 55020 70000 81818 86620 90730 91135==
16757 12560 53433 10086 20002 30111 40248 52012 60002 85500 333 20086 30/// 55028 70000 90730 91145==
16760 12460 73619 10062 21008 40265 54000 60002 87800 333 20061 30/// 55010 70000 82816 87620 90730 91135==
16765 12560 33515 10078 21041 40235 52013 60002 83100 333 20075 30/// 70000 90730 91129==
17022 11570 71407 10005 20005 30096 40269 53009 60122 72672 85250 333 21003 3/101 47004 55014 20515 70245 85830 87358 90760 91110==
17024 11566 70106 10020 20008 30168 40249 53008 60062 77072 85570 333 20001 32102 55000 70140 82830 85632 87360 90760 91131==
17026 11570 73412 10046 21001 30197 40237 53003 60042 70282 84270 333 20016 31101 55028 20641 70063 84830 87359 90760 91131==
17031 11465 73513 10056 21025 30216 40223 52012 60122 70182 85270 333 20004 32101 70348 82715 85830 87358 90760 91124==
17034 11670 72104 10025 20011 30177 40225 52013 60202 72688 83270 333 20007 32000 55000 70280 83835 87459 90760 91111==
17038 11470 72407 10041 20003 30151 40200 52019 60082 76166 87500 333 20024 32/// 70138 84712 87628 90760 91118==
17042 11560 81101 10034 20023 30161 40202 52018 60032 76062 8552/ 333 20032 32003 55000 70032 85630 88458 90760 91107==
17050 12670 53502 10014 21061 30271 40336 52013 60002 83530 333 20011 30102 55025 83635 85360 90760 91109==
17056 12970 03207 10007 21057 30310 40315 53006 60002 333 21005 30101 55030 20833 90760 91117==
17060 11460 73613 10032 21011 30249 40291 53001 60042 70288 86260 333 20005 32000 70044 83715 85825 87359 90760 91125==
17070 11557 80601 11025 21037 39349 40257 52009 60032 77077 8552/ 333 20335 3/106 47007 70060 85630 88458 90760 91102==
17074 12670 42903 11020 21028 39271 40240 52009 60002 81230 333 21047 34110 55003 20498 70001 81834 84360 90760 91107==
17084 12670 33304 11016 21039 39285 40222 52013 60002 83500 333 21018 34104 55028 23596 83635 90760 91112==
17085 11460 81502 10006 21026 39711 40217 52018 69952 77077 8552/ 333 20000 3/101 45001 55006 70005 82715 84628 88458 90760 91110==
17092 11440 80000 11024 21032 38780 48413 52023 60072 77177 8672/ 333 21027 3/104 47015 55000 20548 70082 83715 86625 88457 90760 91116==
17096 11560 70816 11032 21050 38127 48401 53009 69902 70272 85550 333 21033 3/103 43008 55061 20343 85625 87357 90760 91125==
17098 11557 80409 11047 21064 38107 48425 50002 69902 77177 8552/ 333 21056 3/107 43001 85625 88457 90760 91121==
17100 11650 60000 10004 21011 39119 40129 51007 69942 77177 83530 333 21002 32104 55013 20649 70004 83637 86357 90760 91103==
17112 12670 50208 10032 21065 30316 40319 52014 60002 83230 333 20031 30000 55030 20917 83835 85360 90760 91117==
17115 12460 73511 10027 21025 30251 40304 52014 60002 85250 333 20021 30002 55023 20632 82712 84835 86360 90760 91130==
17116 11550 72702 10009 20008 30169 40296 52012 60022 78582 85250 333 21001 3/000 41997 55000 20239 70020 85830 87358 90760 91109==
17124 11560 63109 11022 21056 39312 40270 53007 69902 72222 86500 333 20423 3/103 45998 86625 90760 91120==
17128 12660 31602 11047 21100 39098 40245 52015 60002 83100 333 21061 34109 55022 20318 83835 90760 91118==
17135 12670 33204 11009 21081 39317 40225 52015 60002 83500 333 21010 34105 55027 23119 83640 90760 91112==
17140 11665 70605 11063 21077 38677 48459 52018 60042 72277 85570 333 21063 3/107 47011 70050 85635 87359 90760 91117==
17150 11460 73608 10018 21021 30166 40295 52014 69942 72682 87200 333 20002 31000 55009 20435 70012 84715 86835 90760 91126==
17160 12670 53609 11039 21094 39006 48464 52018 60002 83550 333 21050 34106 55002 20708 83640 85360 90760 91120==
17170 12560 61216 10030 21067 38200 48375 53001 69902 83550 333 20012 41997 83630 86357 90760 91126==
17175 12665 21103 10033 21075 30293 40297 52018 60002 82100 333 20032 30000 55025 20729 82840 90760 91116==
17184 12670 73404 10018 21034 30175 40291 52018 60002 84250 333 20012 31000 55035 20837 84838 87360 90760 91112==
17190 12670 33307 11042 21089 39014 48496 52006 60002 83500 333 21051 3/106 41097 55007 70002 83635 90760 91114==
17195 11560 80112 11032 21060 38937 48450 52020 60032 77177 8552/ 333 21039 3/105 43017 55011 20440 70094 85628 88458 90760 91117==
17200 11450 81306 10001 21024 39095 40096 52020 60052 77177 8752/ 333 21004 43002 70112 83714 85630 88458 90760 91115==
17202 11418 82208 10000 20000 39022 40076 52020 60052 77162 8652/ 333 20000 44001 70082 85712 85630 88458 90760 91112==
17203 11670 80000 10015 20004 38752 48413 53005 60102 72372 8352/ 333 20001 3/000 47002 55038 20553 70102 83640 88460 90760 91110==
17210 11560 80401 10034 20027 39011 40036 52012 60142 76162 8452/ 333 20033 32003 55042 70135 84630 88458==
17219 12562 23611 10022 21054 30137 40288 52016 60002 82100 333 20016 30001 55059 21172 82830 90760 91128==
17234 12970 03302 10038 21046 30190 40261 52012 60002 333 20031 32000 55060 21189 90760 91109==
17237 12670 23103 10002 21061 39747 40271 52017 60002 82200 333 21003 34102 55005 70001 82837 90760 91110==
17240 12570 33510 11017 21088 39044 40230 52023 60002 83500 333 21022 34106 55007 20431 83630 90760 91133==
17244 11670 63324 11039 21089 38989 48473 52018 69902 72271 84550 333 21047 45998 84635 86359 90760 91143==
17248 11670 73505 11043 21067 38946 48446 52018 69962 70272 84250 333 21048 3/106 47008 55000 70034 84835 87360 90760 91118==
17250 12670 70111 11038 21091 38750 48439 52016 60002 84570 333 21043 3/105 47004 55000 20582 70028 84640 87360 91022 90760 91127==
17260 12560 73618 10052 21043 39178 49992 52013 60002 85250 333 20048 30004 70006 85825 87358 90760 91127==
17270 11670 70901 10065 20047 39377 40018 52009 60022 72162 85520 333 20055 32001 70017 85640 87460 90760 91107==
17275 12670 70610 10052 20023 38838 48369 53005 60002 84570 333 20047 30004 55067 84640 87360 90760 91117==
17280 12660 60102 10067 20043 39247 40025 53012 69962 84530 333 20057 31003 55048 20888 70006 84635 86359 90760 91112==
17290 12970 03408 10049 21055 30221 40254 52014 60002 333 20048 30001 55085 90760 91123==
17292 12670 20302 11003 21114 39449 40232 52018 60002 82100 333 21005 34102 55017 20536 82840 90760 91115==
17300 12960 03428 10065 21084 30108 40181 52020 60002 333 20054 30005 91044 90760 91144==
17310 12970 00507 10096 21111 30098 40105 52012 60002 333 20088 32005 55000 90760 91125==
17330 12670 12807 10071 21080 30074 40092 53025 60002 81100 333 20068 31005 81840 91018 90760 91124==
17350 12660 53413 10087 21090 39980 40059 52024 60002 83250 333 20074 32/// 70081 83840 85358==
17370 11670 61101 10089 20005 30057 40061 52023 60022 70282 84230 333 20085 31007 55000 70040 84835 86360 90760 91118==
17375 12970 00101 10056 21077 30171 40173 52019 60002 333 20047 31101 55017 20461 70170 90760 91110==
33088 32997 60000 11043 21062 30180 40383 52014 86070 333 21043 555 14104=
33135 12697 80302 11008 21058 30222 40377 52021 69902 8555/ 333 21015 47997 85640 555 17101=
33177 12597 80102 11004 21018 30120 40368 52006 69942 885// 333 21007 555 14101=
33317 32997 33001 11066 21075 30023 40384 52019 83030 333 21066 555 14104=
33393 11247 82801 11010 21017 39962 40372 52015 69902 71022 886// 333 21011 88704=
33415 32997 60000 11033 21047 39957 40377 52015 86030 333 21034 42001 555 12102=
33429 32597 80203 11056 21070 39927 40377 52018 8455/ 333 21063 84626 555 14105=
33466 11561 80503 11013 21036 30158 40355 52025 60012 72682 883// 333 21021 47003 555 1/101=
33506 11596 80804 11033 21044 30146 40353 52023 69902 71082 889// 333 21034 47003 555 17101=
33562 32560 80402 11027 21064 30050 40371 52016 8255/ 333 21050 47997 555 17103=
33587 11597 80202 11016 21030 30070 40345 52023 69932 70282 889// 333 21035 46999 88924 555 16102=
33658 11982 43601 11026 21062 30060 40376 52016 69902 70171 84030 333 21030 555 14103=
33663 32597 62901 11042 21068 30261 40363 52017 84530 333 21049 555 14103=
33664 32998 73302 11044 21068 30031 40367 52016 87030 333 21049 555 80015=
33678 32898 62804 11063 21080 30148 40372 52013 86070 333 21083 555 80013=
33679 32497 83402 11047 21071 30151 40355 52013 889// 333 21068 88915=
33711 11560 80603 11021 21036 30115 40335 52024 69992 70282 883// 333 21025 47001 88920 555 17101=
33745 32597 23403 11070 21085 30167 40370 52018 82400 333 21070 555 80012=
33748 32997 10303 11048 21068 30050 40353 52015 81030 333 21050 45997 555 80014=
33754 32998 73302 11031 21062 30187 40342 53014 87030 333 21037=
33761 11459 80104 11023 21031 30102 40336 52016 69932 77177 8872/ 333 21031 47001 555 17102=
33791 12481 80603 11030 21037 30200 40335 52022 60022 886// 333 21069 47006 88712 555 17103=
33815 11598 63404 11036 21073 30118 40338 52017 69902 72682 83931 333 21037=
33837 11468 83402 11019 21041 30266 40320 53012 69902 70282 8557/ 333 21023 85712 555 14101=
33881 32998 03603 11046 21074 30138 40347 52012 333 21047 555 80010=
33883 32998 03303 11044 21079 30164 40335 52012 333 21045 41997 555 80014=
33885 32997 03603 11046 21077 30205 40347 52007 333 21047 555 80011=
33892 11598 83503 11033 21052 30123 40349 52011 69952 70182 86330 333 21041 555 80020=
33902 11597 70302 11018 21036 30256 40318 52016 69902 70282 87300 333 21036 555 14101=
33924 11560 60606 10005 21021 30287 40300 52010 60052 72782 86900 333 21006 43004==
33946 11/07 90603 11045 21045 30060 40294 52008 60002 74942 89/// 333 21048==
33983 11410 80511 11001 21010 30196 40259 53009 69982 77586 8572/ 333 21013 43001 91016 90760 91117==
34300 32497 80803 11055 21072 30183 40372 52022 885// 333 21055 47005 555 17106=
34336 41460 80302 11029 21048 30248 40357 52011 77772 886//==
34344 42570 80402 11030 21033 30259 40351 52013 885//==
34356 42960 00302 11096 21124 30199 40357 52014 333 21097==
34357 42570 80605 11067 21094 30182 40347 52015 885// 333 21067==
34398 11470 80905 11054 21072 30330 40343 52011 69922 72272 887// 333 21074==
34415 32467 80701 11054 21064 30252 40355 52015 886// 333 21067 47997 555 17103=
34438 42460 80305 11040 21053 30138 40339 52009 885//==
34445 42570 80405 11033 21037 30220 40339 52008 885//==
34461 42560 30503 11071 21111 30286 40345 51011 83500 333 21071==
34473 11597 60602 11073 21099 30300 40341 52012 69930 70272 83503 333 21092=
34476 42/70 70504 11064 21089 30330 40338 52012 82034 333 21073==
34504 11333 80502 11054 21061 30159 40344 52024 69952 71022 886// 333 21054 47005=
34535 42470 83302 11039 21050 30255 40330 52007 886//==
34545 41470 80406 11025 21038 30207 40323 53007 77722 886// 333 90760 91110==
34555 42570 80408 11038 21059 30239 40334 53012 885// 333 21038 91010 90760 91111==
34560 41440 80607 11068 21088 30133 40335 52013 77773 886// 333 21068 88711 90760 91111==
34578 41/40 80505 11050 21066 30315 40322 53012 71022 8808/==
34579 41540 70403 11056 21067 30278 40323 52012 72281 87300==
34644 41540 80504 11017 21027 30226 40305 52007 71011 8657/ 333 90760 91110==
34646 42570 80506 11012 21032 30218 40303 52007 885// 333 91011 90760 91112==
34655 42560 80406 11023 21046 30249 40312 52010 885// 333 90760 91110==
34662 42/70 80405 11041 21071 30311 40323 52013 80030 333 21046==
34691 12/70 80702 11049 21070 30532 40519 52006 60002 8802/ 333 21067==
34720 42470 80204 11020 21042 30264 40306 53010 8262/==
34727 41440 80607 11009 21026 30265 40296 53008 71022 884// 333 91011 90760 91113==
34743 41440 80504 11014 21028 30205 40298 52009 71022 885// 333 91010 90760 91110==
34759 41440 80506 11013 21018 30154 40290 52010 71082 889// 333 90760 91110==
34772 42570 80307 11036 21065 30302 40305 52011 885// 333 90760 91110==
34785 41470 80605 11050 21077 30324 40301 52007 72072 886//==
34798 12/60 80506 11036 21076 30431 40401 52005 60002 8805/ 333 21047==
34824 41540 80405 11014 21033 30276 40281 52010 78587 883// 333 90760 91110==
34838 41540 80405 11008 21026 30166 40266 52006 77172 885// 333 21008 90760 91110==
34845 41440 80803 11003 21009 30163 40274 53009 78582 883// 333 90760 91110==
34858 41/40 80703 11006 21033 30166 40278 53011 71022 8807/ 333 21006==
34861 41540 80810 11040 21055 30029 40282 52008 72684 889// 333 21040 91013 90760 91114==
34866 42570 80605 11035 21058 30302 40292 52016 889// 333 21038 90760 91110==
34880 41440 80604 11042 21073 30317 40290 52009 77072 8672/==
34887 41460 80704 11041 21064 30308 40284 52010 77072 8872/==
34949 42/// /0608 11018 21020 39689 40252 52007 333 91010 90760 91111==
34954 41440 80603 11006 21006 30089 40268 53014 78782 889// 333 21006==
34958 41570 80704 11011 21027 30062 40268 53016 70282 885//==
34975 41460 80803 11039 21058 30282 40278 52014 77772 889// 333 21041 88911==
34984 42460 80304 11025 21047 30308 40277 53009 886//==
35217 12960 41007 11072 21111 30335 40377 52012 60002 80001 333 21102==
35302 12970 01309 11068 21126 30345 40367 52014 60002 333 21075 90760 91115==
35315 32998 60908 11068 21110 30311 40370 52011 80002 333 21105=
35344 31595 80711 11058 21073 30116 40417 51004 73873 885// 333 21107 91115=
35358 11/60 80509 11082 21105 30186 40366 57002 60002 73632 8802/ 333 21122==
35368 31999 00709 11066 21107 30119 40398 52010 73630 333 21074 91117=
35386 31598 20805 11124 21151 39849 40404 57014 73631 82500 333 21140=
35394 11970 00305 11132 21172 39684 40407 57008 69902 77673 333 21128==
35404 12598 81008 11054 21079 30330 40339 52014 69900 885// 333 21067=
35406 12/60 30904 11076 21116 30345 40347 52013 69922 83030 333 21077==
35416 12/70 60906 11066 21103 30242 40368 52008 60002 86030 333 21110==
35426 11584 40505 11057 21091 30077 40381 52009 60002 70231 84500 333 21110==
35437 31994 70913 11071 21105 30149 40481 53018 73832 83031 333 21104 91018 91118=
35449 31998 00307 11071 21101 30273 40381 57002 73630 333 21120=
35497 11970 00506 11089 21132 39801 40658 57009 60002 73633 333 21114 90760 91116==
35498 32998 00503 11112 21152 39449 40373 52004 333 21138=
35514 32998 50906 11076 21115 30561 40557 52015 69900 80001 333 21088=
35522 31998 30810 11057 21100 30096 40359 53041 73630 80001 333 21110 91015 91118=
35542 32998 00506 11071 21101 30230 40385 52003 333 21113=
35563 31596 81004 11106 21122 39572 40382 57010 71022 84502 333 21135=
35576 12970 00606 11108 21140 39896 40370 57006 60002 333 21150==
35582 32998 00505 11113 21155 39741 40376 57007 333 21141=
35594 32999 01002 11144 21183 39486 40378 57008 333 21180=
35605 32998 30902 11060 21083 30342 40320 52016 80004 333 21065=
35633 32998 00505 11084 21112 30144 40369 52006 333 21114=
35671 12970 00605 11100 21126 39910 40362 58007 60002 333 21113==
35699 11960 20507 11097 21194 39555 40344 57002 60002 70230 80001 333 21122 90760 91116==
35700 12970 31105 11054 21068 30333 40308 52011 60002 80005 333 21066==
35715 32999 01107 11066 21098 30334 40319 52011 333 21081=
35739 32999 20504 11094 21152 30182 40329 51002 80001 333 21120=
35746 12970 20408 11075 21119 30264 40334 54000 60002 80001 333 21096==
35777 32997 00505 11140 21175 39985 40354 57008 333 21176=
35796 12960 70706 11115 21166 39881 40340 58005 60002 80009 333 21135==
35849 12970 00304 11058 21110 30218 40307 58001 60002 333 21093==
35895 32998 03604 11125 21160 39873 40343 57008 333 21157=
35907 32598 80309 11013 21036 30293 40262 53005 886// 333 21026=
35925 12970 30908 11064 21080 30188 40304 52007 60002 80002 333 21075==
35927 32998 00905 11046 21077 30294 52015 333 21059=
35953 12984 00714 11074 21128 30169 40304 52003 60002 333 21105 91016 90760 91118==
35969 12984 00505 11074 21139 30132 40312 52002 60002 333 21117==
35997 32998 40501 11121 21173 39871 40330 58006 82046 333 21173=
36259 42984 02901 11297 21332 38360 48641 57013==
36335 12999 00102 11122 21151 39327 40406 57006 69940 333 21145=
36358 32999 03502 11136 21160 39329 40406 54000 333 21140=
36394 32997 01503 11196 21216 39967 40428 58004 333 21268=
36397 12984 02002 11177 21206 39810 40420 57003 60002 333 21252==
36403 12997 30801 11167 21209 30029 40419 58005 69900 80001 333 21270=
36418 31996 20701 11223 21243 39765 40443 54000 71000 80003 333 21276=
36421 32999 01101 11245 21277 39814 40442 57008 333 21335=
36428 12984 03101 11232 21273 39892 40448 58003 60002 333 21323==
36439 32998 01004 11076 21159 39057 48561 58008 333 21179=
36498 31998 20508 11111 21175 39532 40361 57003 73630 80001 333 21178=
36501 11998 00000 11120 21125 39600 40393 57003 69950 70172 333 21169=
36535 12984 00000 11240 21280 60002 333 21325==
36546 32999 00000 11244 21271 39851 40451 58003 333 21317=
36619 32999 20502 11105 21158 80001 333 21194=
36622 32998 23508 11161 21195 39531 40391 58008 82040 333 21212=
36639 12984 02702 11048 21146 39712 40331 54000 60002 333 21233==
36643 31996 00801 11211 21232 39713 40439 58003 71000 333 21274=
36665 31996 00801 11209 21228 39633 40426 58004 71000 333 21236=
36666 32498 20000 11224 21245 39900 40444 58005 82601 333 21349=
36729 32998 20901 11114 21143 39834 40340 52001 80009 333 21205=
36736 32999 01004 11018 21137 39771 40332 58005 333 21092=
36744 32998 60602 11129 21164 39853 40329 58002 80001 333 21194=
36770 32999 00000 11074 21131 39568 40318 58001 333 21246=
36786 32999 00000 11007 21117 39363 40286 58003 333 21174=
36796 32998 00000 11195 21246 39084 48499 58004 333 21280=
36803 32999 13001 11082 21109 39868 40335 58001 80001 333 21183=
36806 32998 51610 11127 21203 39849 40423 52012 80002 333 21176 91122=
36819 31997 80000 11118 21132 39678 40324 54000 71022 82024 333 21185=
36821 12984 60000 11083 21120 39813 40323 54000 60002 80002 333 21181==
36839 32999 02101 11013 21123 39139 40276 58003 333 21168=
36843 32998 00601 10012 21127 39096 40269 58001 333 21130=
36846 32999 00902 11060 21177 38642 48526 54000 333 21135=
36859 12984 20000 11018 21094 39551 40347 58004 60002 80009 333 21139==
36870 12960 00000 11011 21083 39246 40268 58004 60002 333 21102==
36874 32997 52301 11103 21132 39627 40452 58011 80004 333 21221=
36877 32999 40000 11009 21081 39672 40697 58005 80001 333 21166=
36885 32999 02902 10001 21119 39136 40271 58002 333 21115=
36889 32999 00000 11060 21198 37043 47057 54000 333 21124=
36894 32999 20706 11043 21110 39541 40299 58007 80001 333 21148=
36905 32999 20901 10003 21107 38782 48536 58006 80001 333 21098=
36911 42999 30701 11034 21051 39277 40275 58011 80001 333 21099=
36927 42699 51402 10016 21090 38380 48544 52002 83952 333 21060=
36934 42599 41103 10015 21069 38291 48420 58003 82932 333 21031=
36953 32999 30000 11056 21105 38227 48508 58009 80001 333 21195=
36963 42999 61402 11082 21212 37031 48/// 54000 80001 333 21169=
36974 42998 43601 11070 21144 38030 48574 58002 80001 333 21185=
36982 42999 51601 11104 21220 36509 47080 58003 80006 333 21231=
37018 42670 80305 10034 21040 30103 40180 52009 83834 333 20029 91012 90760 91114==
37031 41460 80403 10003 21015 30045 40246 52006 77772 886// 333 20000 90760 91110==
37054 41440 80602 11004 21012 39854 40250 52008 72272 886//==
37061 41540 80803 11018 21029 30093 40269 52015 71054 885// 333 21018==
37085 42570 80405 11005 21020 30290 40262 52007 885// 333 21010==
37171 41770 80902 10037 20027 30157 40176 53013 70282 8695/ 333 20025 86956==
37228 41420 82901 11021 21031 39378 40237 52008 77172 8872/==
37235 41/05 90902 11007 21007 39919 40245 52008 77774 89/// 333 21007==
37472 41540 83202 10015 20009 30266 40243 52007 76162 8872/ 333 20015==
38149 42970 00203 11035 21060 30194 40275 57002 333 21075==
38178 42970 00502 11044 21078 39950 40248 57001 333 21088==
38262 12970 00403 11025 21058 30182 40266 52007 60002 333 21067==
38264 42970 00205 11021 21075 30162 40259 52006 333 21058==
38345 42999 60901 10038 21046 38831 48525 57009 80002 333 21072=
38353 42998 70501 10028 21078 39359 40267 58005 80004 333 21090=
38388 72998 00202 10010 21066 30140 40212 57005 333 21054 6////=
38392 72997 00805 10038 21018 30135 40240 53004 333 21029 6////=
38396 42960 00504 10019 21046 30116 40244 53001 333 21031==
38403 42960 00503 10029 21072 30123 40246 57002 333 21004==
38413 42970 00603 10031 21045 39964 40259 52002 333 21017==
38457 12/60 60101 10114 21060 39648 40226 57002 60002 83044 333 20007==
38462 42984 50000 10021 21105 38792 48523 52002 80001 333 21054==
38507 72998 70905 10067 21023 30087 40190 54000 83031 333 20005 6//// 555 50088=
38545 72998 00902 10052 21007 30050 40227 58004 333 21026 6////=
38565 12970 00000 10108 21012 39622 40197 58001 60002 333 21042==
38579 12920 00000 10085 20004 39812 40229 52002 60002 333 21020==
38583 11920 01601 10063 21005 39920 40243 54000 60002 71011 333 21020==
38599 31995 00708 10062 21019 39718 40259 54000 71000 333 21014=
38611 42/60 50802 10058 21044 39700 40277 52003 85040 333 21016==
38613 42999 00201 10058 21052 40261 58001 333 21031=
38616 42998 22701 10035 21071 39250 40278 51003 80001 333 21045=
38618 12960 80000 10071 21036 39562 40253 58001 60002 80001 333 21020==
38647 72997 80907 10023 21030 30133 40176 57006 80007 333 20006 6////=
38656 72998 00902 10040 21019 30095 40206 53001 333 21015 6////=
38683 41940 00904 10095 21014 39949 40224 58001 70500 333 21005==
38687 72997 41605 10089 20011 39992 40227 52008 80001 333 20012 6////=
38696 12984 01101 10108 21030 39376 40221 52003 60002 333 21003==
38713 32999 02001 10112 21057 39067 48540 54000 333 21025=
38750 72997 71801 10050 20003 30200 40171 57005 80001 333 20021 6////=
38763 72597 20803 10010 21025 30083 40191 57010 82500 333 21010 6////=
38774 72998 51401 10094 21033 39996 40191 57009 80002 333 20034 6////=
38799 32997 31403 10090 21014 39983 40214 58006 80001 333 21024=
38806 72997 31601 10104 21007 39949 40207 52003 80002 333 20004 6////=
38812 42960 00704 10106 21017 39765 40214 57001 333 20013==
38836 31998 00000 10086 20025 39293 40226 52003 71000 333 20014=
38880 02997 70502 10074 21010 39933 40189 58006 60002 83031 333 20000 6////=
38886 72997 61001 10072 21002 39972 40201 57002 84034 333 20006 6////=
38895 32996 01102 10093 21009 39921 40210 53001 333 20006=
38911 32998 61502 10084 21002 39929 40224 58017 85072 333 20036=
38915 32997 51104 10160 20004 39899 40214 57002 80002 333 20045=
38927 12960 40403 10124 60002==
38933 32998 00501 10107 20048 39746 40257 58007 333 20008=
38944 32998 03602 10096 20023 39663 40197 52010 333 20023=
38954 32999 03002 11029 21031 37984 48570 52010 333 21087=
38974 72998 53201 10090 20006 39864 40197 57004 80002 333 20032 6////=
38987 32996 52301 10072 21033 39467 40212 58005 80002 333 21004=
40100 43/80 89916 10123 20022 30073 40089 53016 6///1 333 58///=
40180 11558 72912 10115 20057 30055 40105 52023 60042 76162 8700/ 333 10150 20106 70124==
40199 02/// /2002 333 70000==
40255 36/// /2804 10051 29089 3//// 4//// 5////=
40265 11530 83013 10050 20039 39296 40095 52019 60152 76466 88700 333 20030 33003 70166 86730 84835=
40270 11420 72714 10048 20024 39177 40082 52017 60252 76062 87700 333 20045 33004 70324 87715=
40272 11530 72828 10060 20037 39248 40085 52026 60492 75900 87200 333 20040 31003 70563 87825=
40296 11658 61310 10158 20081 30595 40123 5//// 60032 70522 86200 333 20155 30013 70030 86840=
40310 31957 32531 10050 20017 38878 48358 5//// 70722 333 20024 30000 83830=
40340 31657 62711 10142 20018 30103 40168 52007 70500 86110 333 20134 30012 84835=
40356 41558 72420 10053 20020 39086 48398 76000 87500 333 20050 59050 87630 555 04410 50066=
40357 41957 03527 10111 20000 39432 40063 70700 333 20082 59022=
40360 41558 52714 10094 20010 39482 40078 70721 85500 333 20080 59058 85630=
40361 41920 02725 10092 21040 39325 40134 70700 333 20078 59021=
40362 42960 02807 10130 20030 39590 40101 333 20094 58017==
40373 42960 23312 10159 20030 39677 40087 82030 333 20127 59034 82360=
40375 42960 43607 10094 21010 39238 40116 84030 333 20078 59013 84360=
40394 42960 01808 10106 20000 38981 48462 333 20074 59017 555 04410 50100=
40400 42660 42922 10200 20090 30103 40131 82501 333 20158 58011 82640 83070=
40405 42660 50503 10167 20010 39372 40111 85500 333 20140 59021 85640=
40417 42660 71711 10185 20080 30097 40112 83420 333 20159 59065 83640 87460=
40420 42960 71713 10170 21040 39914 40123 87010 333 20125 59053 87460=
40430 42960 22810 10201 20080 39380 40117 80001 333 20195 59015 82070=
40437 41656 62009 10218 21130 39412 40103 70600 86400 333 20158 59047 86640==
40439 42660 32715 10214 20100 30098 40116 81501 333 20180 58002 81640=
40582 41940 21711 10190 20005 40076 50007 70611 80001 333 55300 00252 10000 20839 30257 41065 51345 61096 55407 40583 82070 90400 91013 91123 91217 91309=
40703 11515 80000 10010 20007 38825 40093 53007 60081 77377 8452/ 333 3/100 47009 5//// 70092 8462 0 88557 90768 93109 555 10009 29098=
40706 12465 80713 10030 21020 38553 40088 52005 60001 8332/ 333 31002 70003 81710 83933 88459 555 10011 29070=
40712 11204 80000 10006 20006 38572 40084 52006 60121 77377 8672/ 333 3/101 43010 5//// 70222 8470 4 84620 88556 90768 93110 555 10006 29100=
40713 12660 81009 10036 21015 38550 40062 53008 60001 8252/ 333 31002 70002 82640 88459 555 10016 29069=
40718 11457 83203 10088 20067 30203 40174 50000 60031 75162 8672/ 222// 0//// 20202 333 32007 5004 1 70102 84710 84615 88457 555 10079 29087=
40723 12660 70000 10026 21077 38937 40194 58009 60001 81570 333 30111 70000 81640 87460 555 11009 29046=
40726 11640 80202 10010 21005 38549 40078 52005 60001 71022 8452/ 333 3/102 47003 5//// 70066 8463 5 88458 90768 93103 555 10004 29090=
40727 12660 70000 10035 20002 38373 40064 52007 60001 87300 333 31100 70000 82935 85640 555 10021 29079=
40732 11450 82501 10100 20070 30181 40156 56003 69931 71062 8632/ 333 31003 50071 70003 82917 8462 5 88458 555 10086 29082=
40736 11950 70000 10104 20079 30186 40160 56005 60001 71022 80006 333 31006 50071 70000 87267 555 10092 29084=
40737 12660 72101 10105 20090 30132 40150 57006 60001 87070 333 30005 50101 70000 8333 5 87357 555 10098 29091=
40738 11920 60000 10091 20072 30173 40175 55000 60001 71022 80008 333 30105 50121 70000 86266 555 10082 29088=
40739 12665 40503 10068 21125 38657 40152 56004 60001 81502 333 30001 5//// 70000 81640 83069 555 10008 29024=
40741 12960 31002 10106 20041 39857 40192 58005 60001 80001 333 30001 70000 83070 555 10077 29064=
40743 12662 70605 10072 21111 39026 40145 57011 60001 82506 333 30003 70000 82635 87270 555 10015 29026=
40745 11658 70000 10074 21013 39031 40184 58005 60001 70520 81176 333 30106 70000 81835 86268 555 10035 29054=
40747 12660 62104 10090 21060 38528 40049 58001 60001 84570 333 30001 79999 84640 86360 555 10033 29034=
40754 12660 71703 10088 21112 38766 40101 51004 60001 81576 333 30004 5//// 70000 81640 83360 87269 555 10022 29023=
40762 12562 50503 10067 21097 38540 40179 58005 60001 82102 333 30105 70000 82830 84069 555 10012 29030=
40766 12560 71408 10097 21039 38601 40053 54000 60001 85970 333 30101 70000 81930 85645 87357 555 10043 29038=
40768 12662 71405 10060 21091 38169 40056 50002 60001 84370 333 30001 5//// 70000 81935 83640 8745 9 555 10008 29033=
40769 12660 50000 10040 21078 38218 40089 52006 60001 81571 333 30105 5//// 70000 81640 83360 555 11003 29042=
40780 11658 61406 10087 20002 38586 40060 58003 60001 70510 83570 333 30002 5//// 70000 83640 8645 9 555 10050 29055=
40782 12660 81206 10087 20004 38790 40075 53011 60001 8632/ 333 30002 5//// 70000 82935 84640 8845 8 555 10051 29056=
40785 12960 01101 10087 21071 39023 40116 58006 60001 333 30101 5//// 70000 555 10031 29032=
40791 12962 73401 10114 21126 39317 40140 55002 60001 87010 333 30001 5//// 70000 87460 555 10038 29017=
40792 12962 71306 10136 21093 38682 40123 58009 60001 80006 333 30101 5//// 70000 87269 555 10052 29019=
40798 11557 82007 10000 21007 37914 40134 56007 69901 72687 8432/ 333 31103 5//// 79999 82930 83635 88459 555 11003 29095=
40800 12660 31703 10080 21015 38420 40138 52016 60001 83500 333 30105 5//// 70000 83640 555 10040 29051=
40809 12960 21110 10107 21141 38480 40146 57006 60001 82072 333 30002 5//// 70000 82461 555 10028 29016=
40811 12560 71413 10148 20090 30057 40083 55009 60021 85370 333 31011 50541 70023 82930 83635 8745 8 555 10118 29068=
40812 12660 81105 10142 20045 39727 40100 52008 60001 8432/ 333 30011 50861 70000 81935 83640 8845 9 555 10096 29052=
40818 12665 71906 10063 21109 37956 40135 51013 60001 82370 333 30103 5///1 70000 81935 85360 555 10005 29028=
40821 12665 71104 10129 21131 38738 40112 51009 60001 81176 333 30002 5//// 70000 81840 83360 8726 9 555 10043 29015=
40829 12960 41003 10094 21110 39638 40222 51009 60001 84010 333 30104 50261 70000 84459 555 10030 29022=
40831 12660 51212 10173 20117 30087 40094 54000 60051 85300 333 31016 50781 70058 83935 85640 555 10142 29069=
40833 11660 50912 10179 20059 30080 40112 58002 69971 70182 85300 333 31013 50971 70007 82935 8364 0 555 10120 29045=
40835 11658 71006 10134 20016 39332 40169 51015 69931 70282 84370 333 31009 50381 70003 81935 83640 87359 555 10081 29044=
40841 12960 70602 10107 21059 38229 40143 58001 60001 82056 333 30102 5//// 70000 82360 87270 555 10042 29031=
40845 11560 81210 10193 20105 30110 40115 50003 69953 71762 8392/ 333 30016 50401 70005 81930 8364 0 88459 555 10145 29057=
40848 12660 71807 10096 21046 38508 40149 50005 60001 85370 333 30103 50401 70000 82935 83640 87460 555 10040 29036=
40851 12660 71504 10116 21168 38256 40133 50004 60001 83505 333 30003 5//// 70000 83645 85270 555 10028 29012=
40854 12660 71602 10183 21005 38931 40115 53006 60001 82570 333 30008 50441 70000 82640 86460 555 10097 29028=
40856 12662 71407 10110 21104 38658 40188 50000 60001 81576 333 30104 50701 70000 81640 84360 87270 555 10036 29021=
40859 12660 80000 10088 21055 38714 40180 52024 60001 8432/ 333 30101 50651 70000 82935 83640 8845 9 555 10034 29036=
40875 11535 50505 10211 20124 30165 40177 53007 60001 70500 81535 333 30012 50401 70000 81630 83270 555 10162 29058=
40879 12965 60702 10164 21056 39516 40199 51012 60001 86010 333 30007 50521 70000 86460 555 10078 29022=
40882 11956 40805 10210 20138 30129 40164 53019 60001 70521 81031 333 30010 50481 70000 81360 83070 555 10168 29063=
40883 11956 61006 10215 20134 30136 40164 53010 60001 70521 80006 333 30009 50391 70000 86270 555 10168 29060=
40893 12960 41006 10212 20142 30171 40177 52010 60001 80006 222// 00200 20301 333 30017 50541 70000 84267 555 10171 29064=
40898 12960 00404 10218 20080 30190 40199 51017 60001 222// 00230 20900 333 30011 50641 70000 555 10140 29040=
41024 41558 73511 10246 20210 30099 40125 75000 87700 333 20231 58008 83725 85640==
41036 42560 22412 10187 20090 38549 48499 82400 333 20150 59008 82630==
41055 42960 01703 10213 21040 38345 48490 333 20138 59013==
41061 42960 01207 10193 21120 39404 40106 333 20116 59047==
41084 42960 00000 10184 21080 38830 48486 333 20110 59018==
41112 42960 02012 10180 21050 37941 48508 333 20106 59011==
41114 42960 02107 10192 21090 37979 48511 333 20090 59011==
41128 42960 02204 10234 21010 38788 48497 333 20120 59038==
41136 42960 01909 10187 20020 39307 40118 333 20110 59040==
41140 41959 01408 10249 20190 30116 40123 70540 333 20206 59018==
41150 41960 81414 10191 20142 40128 70522 8807/ 333 20189 30018 59055=
41176 44/65 /1711 10206 20147 30137 40143 333 20189 59044=
41184 42960 51214 10234 20127 40161 82031 333 20098 59038=
41194 12960 31611 10226 20077 30153 40159 60001 80001 333 20166 59033 83075=
41216 42960 21309 10220 20038 30149 40153 80001 333 20149 59044 82075=
41217 42960 41412 10214 20028 30122 40152 80001 333 20135 30011 59043 84075=
41244 46/// /1605 10218 20061 39733 40149 333 20146 55300 25022 59024==
41315 36/70 /1514 10181 20137 39333 48153 333 0E020 20150 55300 27865 59022=
41396 42965 00703 10189 20099 39424 40151 333 20109 30/// 59023=
41480 42560 20617 10256 20164 30151 40160 82500 333 20288 30/// 59016 82620=
41506 12460 50000 10080 21028 38561 48580 60001 83520 333 56880 58040==
41508 12960 01301 10069 21003 38704 48690 60001 333 58041==
41515 12460 50000 10056 21040 38576 48380 60001 83520 333 56880 58013==
41516 12440 50000 10100 21024 38575 48380 60001 84530 333 56880 58040==
41517 12460 30000 10060 21129 37804 48260 60001 83500 333 56800 58038==
41518 12940 71804 10100 20008 30001 48010 60001 86770 333 56880 58000==
41519 12460 33601 10115 21079 38810 48480 60001 83200 333 56800 58039==
41523 02997 00000 10120 20007 39140 48550 60001 333 58048 60007=
41535 12960 00000 10085 21013 38754 48190 60001 333 58035==
41536 12960 00000 10120 20007 39085 48490 60001 333 58041==
41560 12960 00000 10040 21022 38309 48400 60001 333 59005==
41571 11940 02302 10160 20007 39631 40222 60001 70500 333 58037==
41598 11940 03102 10170 20043 39930 40205 60001 70500 333 58032==
41600 11940 02301 10160 20069 39900 40199 60001 70400 333 58027==
41620 12940 02701 10100 21115 38619 48210 60001 333 58030==
41624 01996 00502 10160 20028 30011 40215 60001 70500 333 58044 60007=
41630 11920 03102 10190 20059 30000 40212 60001 70500 333 58031==
41640 11940 03101 10190 20059 39953 40204 60001 70500 333 58029==
41660 12960 02302 10080 21139 38478 48680 60001 333 58019==
41678 11940 00000 10170 20070 30000 40201 60001 70400 333 58027==
41696 12960 40000 10090 21046 38015 48350 60001 80001 333 56008 58005==
41697 12960 00000 10200 21004 30000 40194 60001 333 58015==
41700 11920 00503 10165 20088 30000 40205 60001 70400 333 58033==
41710 12960 00000 10150 21072 39400 40177 60001 333 58002==
41712 12960 01302 10110 21066 39243 48430 60001 333 58000==
41715 11940 03601 10205 20023 30139 40204 60001 70500 333 58024==
41718 11920 00000 10170 20070 30102 40208 60001 70400 333 58027==
41725 12940 00502 10185 20037 30116 40195 60001 333 58022==
41739 12940 20502 10130 20048 39092 48410 60001 82030 333 56080 58004==
41744 12940 00000 10140 21028 38821 48430 60001 333 58011==
41749 12940 00502 10210 20062 30173 40206 60001 83001 333 56008 58013==
41756 11940 30000 10230 20092 30123 40189 60001 70504 80001 333 56008 59004==
41757 12940 00000 10240 20068 30175 40188 60001 333 59002==
41759 12940 00000 10220 20064 30182 40188 60001 333 59002==
41764 11920 30405 10205 20023 30147 40198 60001 70400 83010 333 56080 58010==
41768 12940 00502 10230 20035 30182 40189 60001 333 58006==
41780 11940 00504 10240 20002 30165 40192 60001 70500 333 58005==
41785 12940 00501 10220 20064 30179 40192 60001 333 58007==
41859 01440 42702 10243 20170 30088 40126 70520 82530 333 59003 70000 82618 83362==
41883 02956 02702 10266 20160 30114 40134 333 58009 70000==
41891 01935 01502 10245 20180 30094 40133 70500 333 58012 70000==
41907 01940 03103 10280 20140 30117 40132 70540 333 58010 70000==
41923 01935 00000 10280 20140 30121 40131 70500 333 58005 70000==
41936 01912 00104 10286 20170 30124 40131 70542 333 58014 70000==
41943 01930 00000 10266 20190 30123 40130 70540 333 58009 70000==
41950 01315 80000 10226 20210 30131 40133 71040 8562/ 333 58012 70000 82708 84616 88458==
41978 01927 02408 10278 20190 30122 40128 70644 333 58007 70000==
41992 01930 00000 10290 20190 30124 40126 70500 333 58003 70000==
42027 31595 21602 10075 21011 38460 48547 70110 82200 333 58048=
42071 31995 03206 10170 20070 40206 70500 333 58028=
42101 32996 02904 10204 20114 40200 333 58020=
42111 31996 02701 10186 20083 39449 40150 70500 333 58014=
42123 32996 01101 10196 20090 40207 333 58030=
42131 32996 02904 10194 20092 40204 333 58022=
42165 32996 01402 10220 20012 40192 333 58017=
42182 31996 02903 10214 20095 40185 70500 333 58016=
42189 31995 03206 10208 20050 40158 70700 333 58007=
42309 21995 82901 10188 20182 40133 71052 8532/ 333 58020 6998/=
42314 21494 89902 10196 20180 40129 71065 8352/ 333 58020 6992/ 83618 88459=
42328 32996 10502 10232 20132 40173 80001 333 58018 81070=
42339 31995 00901 10236 20008 40187 70500 333 58010=
42348 31996 02703 10221 21035 40191 70500 333 58021=
42361 31996 03203 10216 20039 40187 70500 333 58017=
42369 31996 02908 10224 20064 40164 70500 333 58018=
42379 31995 02703 10206 20098 40141 70500 333 58019=
42410 31594 43603 10244 20177 40132 70522 81530 333 58013 81620 83360=
42415 32596 60000 10240 20176 40134 83530 333 58012 83620 85360=
42452 31996 00505 10214 21024 40190 70500 333 58017=
42492 31996 02706 10224 20074 40149 70500 333 58027=
42559 32996 00504 10214 20022 40175 333 58023=
42571 31996 03201 10218 20054 40177 70500 333 58036=
42591 31996 02704 10240 20049 40165 70500 333 58029=
42623 31495 33201 10228 20124 39256 40115 70500 83500 333 58013 83618=
42634 32996 00506 10254 21009 40181 333 58001=
42647 31996 00710 10256 20026 40173 70400 333 58002=
42667 32996 00209 10204 20005 39589 40182 333 58021=
42675 32996 03203 10216 20029 40167 333 58029=
42701 31996 03205 10228 20098 39408 40133 70500 333 58013=
42724 31995 02301 10274 20194 40129 70500 333 58009=
42737 32996 00910 10256 20011 40166 333 59003=
42754 31996 00517 10204 20054 39531 40172 70500 333 58010=
42779 32996 03604 10300 20153 39462 40142 333 58028=
42798 31995 23402 10274 20136 40133 70500 82030 333 58015 82360=
42809 31995 03402 10277 20157 40136 70500 333 58012=
42840 32996 03604 10270 20082 40147 333 59013=
42867 31996 00506 10270 20126 40156 70500 333 58021=
42874 31996 03202 10284 20184 40146 70500 333 58017=
42886 31996 02505 10310 20138 40136 70500 333 58009=
42895 32996 20202 10294 20155 40137 82030 333 58012 82360=
42909 32996 00209 10274 20054 40148 222// 20000 333 59014=
42971 31995 03603 10302 20223 40136 70540 333 58005=
43003 31995 00503 10314 20130 40121 70400 333 59015=
43014 31995 00906 10284 20188 39488 40122 70544 333 58000=
43041 31996 03402 10300 20161 39521 40123 70500 333 58001=
43063 32997 00902 10274 20126 39509 40123 333 59002=
43086 31996 01601 10304 20201 39955 40130 70500 333 58001=
43110 31995 01403 10318 20154 40119 70544 333 59013=
43117 32997 01404 10314 20226 40118 333 59003=
43128 32997 01403 10318 20157 39528 40118 333 59003=
43150 31996 22303 10302 20232 30070 40132 70500 80001 333 59007 82075=
43185 31596 23201 10316 20232 30124 40127 70500 82500 333 58001 82620=
43189 32597 10000 10314 20219 30129 40138 81500 333 59001=
43192 31996 00000 10316 20216 40118 70500 333 59008=
43198 32996 21408 10304 20086 39299 40100 80001 333 59006 82075=
43201 32997 09902 10312 20049 39385 40090 333 59004=
43213 32997 00703 10332 20134 39796 40104 333 59003=
43233 32997 01108 10300 20157 39318 40116 333 59004=
43237 32997 11104 10320 20089 39711 40095 80001 333 58000 81075=
43245 32597 22002 10304 20222 30109 40136 81501 333 58008=
43279 32597 30706 10302 20206 30120 40138 83500 333 58001 83620=
43284 31996 10706 10316 20183 39997 40110 70240 80001 333 59011 81075=
43295 32997 10903 10274 20079 39120 48540 80001 333 58004 81075=
43314 32597 22303 10326 20240 40117 82400 333 59007=
43321 31996 30508 10292 20130 39679 40119 70510 80001 333 59005 83070=
43329 32597 41402 10294 20230 30118 40132 82531 333 59002=
43333 31495 30503 10290 20225 40106 70510 83500 333 59004 83618=
43344 31496 50509 10290 20222 30035 40134 70522 82531 333 58004 82616 83360=
43369 32597 30902 10302 20251 40114 83500 333 59007 83620=
43371 31996 40501 10332 20227 30036 40107 70500 80007 333 59010 84272=
44212 42/84 43002 11209 21270 39286 40547 57010 84050==
44213 42/84 80000 11173 21218 38911 40505 57011 8802/==
44214 42970 03401 11131 21259 38381 40498 58017==
44215 42970 01001 11130 21215 38520 40496 57013==
44217 32998 00000 11213 21285 37932 40609 57013 333 91200=
44218 42984 02801 11088 21201 38729 40466 57013==
44219 32999 11404 11240 21269 38757 40595 58005 80004 333 91204=
44265 42984 01601 11146 21215 38949 40467 58010==
44266 31699 50311 11124 21218 37838 40479 58011 70730 83808 333 91114 91211=
44404 42958 00903 10162 20012 38139 48469 80000 333 59007=
44416 42960 02703 10226 20108 39369 40143 80000 333 58004=
44424 42960 01802 10136 21027 37672 47075 80000 333 59002=
44434 41557 11507 10214 20129 39224 48512 70140 81100 333 58002=
44438 41940 02204 10200 20131 30010 40138 70544 80000 333 58008=
44449 41425 70604 10184 20152 39979 40136 71044 8361/ 333 58012=
44454 41456 22102 10218 20104 38654 48491 70040 82100 333 59004=
44462 42460 10902 10194 20123 38244 48457 81100 333 58007=
44474 41020 23604 10170 20075 38248 48491 70544 82200 333 58014=
44477 41330 22302 10216 20129 38807 48515 70544 82100 333 59001=
44478 41314 42504 10196 20178 30044 40126 71044 84600 333 58009=
48010 41956 01801 10245 20136 39958 40109 70244 333 58010==
48020 41960 10901 10249 20150 70142 80001==
48025 42430 30401 10270 20172 39986 40125 58010 83800==
48048 42957 03201 10285 20203 30059 40114 333 58018==
48052 32957 00000 10294 20169 333=
48062 42558 23605 10290 20248 30105 40112 82500 333 59001==
48064 42958 01401 10280 20203 30037 40093 333 58018==
48094 42560 13202 10305 20190 30104 40114 81100 333 58006==
48109 42960 00401 10295 20223 30118 40122 333 59009==
51076 14/72 /1901 11110 21199 39473 40437 57004 60001 333 11105 21226 3/103 4/025 59016 70000 90761 91102==
51087 14/74 /1801 11114 21200 39315 40432 57010 60001 333 11086 21223 3/106 4/018 59018 70000 90761 91104==
51156 14/80 /3001 11042 21263 38772 40389 57002 60001 333 11038 21163 3/117 59018 70000 90761 91106==
51243 14/56 /2202 11158 21203 39837 40447 57009 60001 70500 333 11115 21216 3/116 59013 70000 90761 91103==
51334 14/43 /3402 11154 21188 39990 40441 57004 60001 70500 333 11095 21219 3/111 4/013 59017 90761 91103==
51379 14/31 /0601 11114 21165 39391 40434 57011 60001 70500 333 11109 21271 3/107 4/023 59015 70000 90761 91103==
51463 14/64 /0702 11118 21162 39126 40420 57007 60001 333 11106 21174 3/101 4/036 59014 70000 90761 91104==
51573 14/78 /1402 10018 21157 30327 40379 57010 60001 333 10049 21063 3/112 58008 70000 90761 91104==
51644 14/61 /2502 11011 21110 39050 40371 57002 60001 333 10009 21089 3/106 4/003 58007 70000 90761 91103==
51656 14/45 /1902 11013 21099 39262 40374 57005 60001 70500 333 10019 21092 3/111 58009 70000 90761 91104==
51709 14/62 /1301 11015 21161 38706 40358 57001 60001 333 10008 21093 3/112 58003 70000 90761 91104==
51711 14/62 /0702 11054 21160 38060 40321 54000 60001 333 11032 21130 3/117 58003 70000 90761 91106==
51716 14058 01001 10002 21131 39007 40360 57002 60001 333 10013 21108 3/116 58002 70000 90761 91103==
51765 14/60 /1601 11006 21138 39323 40367 57008 60001 333 10031 21113 3/115 58012 70000 90761 91104==
51811 14061 03602 11009 21155 38874 40357 52001 60001 333 10029 21086 3/114 58003 70000 90761 91105==
51818 14/59 /0502 10005 21173 38713 40350 54000 60001 333 10026 21100 3/116 58004 70000 90761 91103==
51886 14/80 /1902 11059 21271 37105 40263 57010 60001 333 11019 21165 3/122 58017 70000 90761 91104==
52203 14/77 /1202 11007 21174 39455 40395 57007 60001 333 10008 21140 3/120 58019 70000 90761 91105==
52602 14/80 /0601 11019 21348 37252 40265 57012 60001 333 10001 21149 3/121 58012 70000 90761 91108==
52818 14/80 /3501 11036 21289 37228 40231 57009 60001 333 10010 21079 3/108 58020 70000 90761 91106==
52908 14/70 /2811 11054 21280 35714 40119 57009 60001 333 10003 21133 3/116 59002 70000 90761 91120==
55228 14/80 /2608 11058 21349 35995 40187 52001 60001 333 11017 21170 3/123 58025 70000 90761 91116==
55299 14/80 /2511 10041 21323 35808 49979 57019 60001 333 10089 21114 3/122 59019 70000 90761 91119==
55578 14/80 /2502 10097 21306 36345 49975 57018 60001 333 10173 21045 3/112 59002 70000 90761 91107==
55591 14/80 /2505 10136 21309 36467 49874 57021 60001 333 10190 20024 3/110 59009 70000 90761 91113==
55664 14/75 /2608 10064 21359 35988 40029 57019 60001 333 10109 21124 3/117 59008 70000 90761 91119==
55773 14/80 /1806 10047 21244 36002 40085 57009 60001 333 10119 21102 3/116 58002 70000 90761 91113==
56004 14/78 /2615 11009 21341 35769 40059 57017 60001 333 10045 21155 3/121 59009 70000 90761 91125==
56018 14/69 /2608 10066 21328 36117 49962 57026 60001 333 10106 21045 3/114 59001 70000 90761 91119==
56312 14/80 /1304 10109 21047 37055 40047 57026 60001 333 10155 20045 3/004 58018 70000 90761 91109==
62306 12560 43324 10130 20041 40217 52012 69984 84200 333 20128 70008==
62309 42560 63314 10135 20021 40185 333 20130==
62332 11560 63017 10141 20060 40147 52012 69984 70282 86800 333 20128 70008==
62337 23560 62709 10112 20079 40131 52016 86800 333 20105 60019==
62366 45560 62912 10127 20034 40175 52012 82250 333 20123==
62387 41/60 43602 10098 20046 40203 52012 70500 84040 333 20063==
62393 42960 03509 10097 20055 40219 52011 333 20080==
62405 42960 03605 10145 20060 40184 52020 333 20135==
62414 42960 03409 10144 20058 40176 52016 333 20124==
62419 42960 03610 10146 20050 40177 52012 333 20127==
62420 32560 63005 10105 20035 40218 52012 86500 333 20083=
62440 42960 02710 10122 20073 40159 333 20106==
62455 32560 33004 10139 20059 40172 5//// 83200 333 20112=
62458 32560 63604 10136 20027 40176 52008 84200 333 20130=
62459 42560 43216 10147 20022 40160 52011 84200 333 20135==
63210 32980 00000 10254 20170 40141 333 20199 59015=
63227 32980 00806 10218 20130 40187 333 20183 59014=
