SMPK OPKC 021800=
41504 02695 31802 11005 21111 37893 48560 60003 83500 333 56900 58022 60007 83640 40%=
41506 02995 03604 10055 21032 38563 48559 60003 333 58027 60007 53%=
41507 02996 00000 10110 20047 39275 49800 60003 333 58013 60007 65%=
41508 02995 00000 10033 21034 38690 48553 60003 333 58006 60007 61%=
41509 02996 00000 10050 20001 38804 48535 60003 333 58004 60007 70%=
41510 02996 00000 11015 21028 37942 48563 60003 333 58020 60007 91%=
41515 02995 00000 10049 21030 38567 48528 60003 333 58031 60007 56%=
41516 02996 00000 10020 21054 38602 48555 60003 333 58027 60007 58%=
41517 01996 00000 11020 21060 37848 48592 60003 70400 333 58034 60007 71%=
41518 02696 61802 10083 21021 38/// 48/// 60003 83520 333 56990 5//// 60007 83640 83462 49%=
41519 02696 10000 10100 21024 38814 48549 60003 81500 333 56900 58028 60007 81640 42%=
41520 02995 01802 11015 21040 37669 48331 69903 333 58028 60007 81%=
41520 02995 01802 11015 21040 37669 48331 69903 333 58028 60007 81%=
41523 02996 00000 10085 21013 39114 48519 60003 333 58011 60007 50%=
41524 02996 00000 10155 21019 39372 40239 60003 333 58021 60007 30%=
41525 12996 00904 10015 21023 37688 48419 60003 333 58010 76%=
41528 01996 00000 10090 20059 39245 48520 60003 70400 333 59004 60007 81%=
41529 02996 03104 10095 20010 39800 40194 60003 333 58004 60007 55%=
41530 019// 00000 10120 21020 39751 40173 60003 70500 333 59005 60007 38%=
41534 02996 00000 10100 20044 39751 40178 60003 333 59007 60007 68%=
41535 02996 00000 10060 21016 38725 48489 60003 333 58005 60007 58%=
41536 02996 00000 10115 21017 39059 48525 60003 333 58005 60007 40%=
41560 02996 00000 10040 20005 38307 48538 60003 333 59003 60007 78%=
41562 02996 03104 10120 20014 39700 40173 60003 333 59001 60007 48%=
41565 02996 03104 10078 21058 38659 48525 60003 333 59010 60007 37%=
41567 01996 00000 10130 20028 39716 40140 60003 70400 333 59006 60007 50%=
41571 119// 00000 10120 20021 39583 40177 60003 70500 333 59004 51%=
41572 01996 02308 10120 20007 39524 40160 60003 70500 333 58000 60007 46%=
41573 02997 01308 10040 21037 37976 48505 60003 333 58023 60007 57%=
41574 02997 00000 10060 20028 38366 48547 60003 333 58017 60007 80%=
41576 01996 00000 10120 20056 40186 60003 70400 333 58007 60007 65%=
41577 21996 00000 10085 20042 40183 60003 70400 333 59004 60007 74%=
41593 01996 00000 10125 20074 39938 40160 60003 70400 333 59010 60007 71%=
41597 01996 00000 10130 20091 40186 60003 70400 333 58007 60007 77%=
41598 01996 00000 10120 20068 39874 40151 60003 70400 333 59012 60007 70%=
41599 01995 00000 10130 20080 39869 40165 60003 70400 333 59007 60007 71%=
41600 01996 00000 10110 20100 39857 40161 60003 70400 333 59003 60007 94%=
41620 31996 03104 10065 21085 38583 48485 60003 70500 333 58003 60007 33%=
41624 01994 00000 10150 20092 39966 40170 60003 70400 333 58002 60007 68%=
41625 01995 00000 10130 20080 39957 40161 60003 70400 333 58003 60007 71%=
41630 01996 00000 10125 20074 40170 60003 70400 333 59006 60007 71%=
41633 01996 00000 10140 20112 4//// 60003 70400 333 5//// 60007 83%=
41634 02996 00000 10095 20029 3//// 4//// 60003 333 5//// 60007 63%=
41635 01996 00000 10110 20056 3//// 4//// 60003 70400 333 5//// 60007 69%=
41636 01996 00000 10115 20074 39986 40177 60003 70400 333 58003 60007 76%=
41638 01996 00000 10120 20090 4//// 60003 70400 333 5//// 60007 82%=
41639 01996 00502 10140 20056 3//// 4//// 60003 70400 333 5//// 60007 57%=
41640 01995 00000 10135 20106 39908 40162 60003 70400 333 59008 60007 83%=
41641 01996 00000 10130 20101 39886 40167 60003 70400 333 59001 60007 83%=
41642 01996 03104 10135 20096 3//// 4//// 60003 70400 333 5//// 60007 77%=
41643 01995 00000 10120 20101 39882 40166 60003 71000 333 58000 60007 88%=
41644 01996 00000 10120 20090 3//// 4//// 60003 70400 333 5//// 60007 82%=
41646 01995 00000 10120 20080 39963 40184 60003 71000 333 59001 60007 82%=
41652 01996 03104 10110 20030 30002 40187 60003 70400 333 58010 60007 58%=
41660 029// 01312 10075 21095 38436 48527 333 59019 60007 29%=
41661 02996 00000 10060 21041 38402 48531 60003 333 59004 60007 48%=
41669 01996 00000 10130 20080 3//// 4//// 60003 70200 333 5//// 60007 71%=
41670 01996 00000 10140 20080 4//// 60003 70400 333 5//// 60007 67%=
41674 01996 00000 10150 20069 3//// 4//// 60003 70400 333 5//// 60007 58%=
41675 01996 00000 10140 20068 30019 40167 60003 70400 333 59005 60007 62%=
41676 01996 00000 10130 20056 30035 40196 60003 70400 333 58005 60007 61%=
41677 01996 00000 10130 20091 39984 40155 60003 70400 333 59004 60007 77%=
41678 01995 00000 10130 20068 40180 60003 70400 333 58018 60007 66%=
41679 01/92 90000 10125 20125 4//// 60003 74740 333 5//// 60007 89/// 100%=
41680 01996 00000 10130 20101 39972 40175 60003 70400 333 58007 60007 83%=
41685 02997 00000 10095 21015 38942 48518 60003 333 58019 60007 46%=
41696 02996 00000 10020 21065 38011 48543 60003 333 59005 60007 53%=
41697 02996 00000 10145 20049 40177 60003 333 58007 60007 53%=
41700 01995 00000 10130 20091 40163 60003 70400 333 58003 60007 77%=
41701 01996 00000 10135 20074 30038 40184 60003 70400 333 58013 60007 67%=
41710 12996 03102 10110 21044 39362 40148 60003 333 59035 34%=
41712 12996 00000 10090 21006 39211 48509 60003 333 59022 51%=
41715 01994 00000 10170 20115 30121 40188 60003 70400 333 58018 60007 70%=
41715 01994 00000 10170 20115 30121 40188 60003 70400 333 58018 60007 70%=
41725 02996 00502 10170 20070 40165 60003 333 59004 52%=
41716 01996 00503 10140 20056 30079 40186 60003 70400 333 58004 60007 57%=
41718 01995 00000 10130 20080 30070 40179 60003 70400 333 58015 60007 71%=
41725 02996 00502 10170 20070 40165 60003 333 59004 52%=
41726 01995 00000 10120 20079 30108 40182 60003 70500 333 58021 60007 76%=
41739 02996 02304 10125 20028 39078 48527 60003 333 59004 60007 52%=
41742 12996 00000 10160 20043 40155 60003 333 58002 46%=
41743 01996 00502 10115 20050 60003 70400 333 60007 64%=
41744 12996 00000 10085 21013 38794 48511 60003 333 58000 50%=
41745 01996 03102 10160 20069 60003 70400 333 60007 55%=
41746 02996 03602 10140 20102 30114 40171 60003 333 58001 60007 78%=
41747 01995 00000 10115 20050 40158 60003 70400 333 58003 60007 64%=
41748 01996 03602 10140 20043 40188 60003 70500 333 58009 60007 52%=
41749 01996 03106 10155 20087 30138 40173 60003 70400 333 58012 60007 64%=
41756 01995 01302 10205 20146 30102 40168 60003 70504 333 59006 60007 69%=
41757 12996 00000 10170 20105 30162 40175 60003 333 59001 65%=
41759 01995 00902 10165 20139 30179 40185 60003 71010 333 58008 60007 84%=
41764 02996 03606 10200 20046 30104 40155 60003 333 58002 60007 36%=
41765 02996 03604 10185 20078 30122 40158 60003 333 59003 60007 50%=
41766 01994 03102 10155 20087 30139 40169 60003 74000 333 58013 60007 64%=
41767 02996 03602 10150 20092 3//// 4//// 60003 333 60007 68%=
41768 02996 03602 10145 20062 30142 40149 60003 333 58007 60007 58%=
41780 02996 00000 10200 21004 30129 40157 60003 333 59007 60007 25%=
41783 02996 03602 10165 20050 30117 40147 60003 333 58024 60007 46%=
41785 02996 03602 10180 20083 30147 40160 60003 333 58002 60007 53%=
41786 02996 03602 10160 20057 30097 40134 60003 333 58004 60007 50%=
41BKI 01996 00000 10130 20013 39747 40173 60003 70500 333 59004 60007 45%=
41SKP 01994 00000 10105 20095 3//// 4//// 60003 71000 333 5//// 60007 94%=
43532 01996 00000 10100 20022 39360 40182 60003 70400 333 58003 60007 58%=
43533 02997 00000 10100 20035 39251 48509 60003 333 58003 60007 64%=
43536 32596 21401 10030 20012 38460 48547 82100 333 58020=
43563 02997 00000 10117 20086 39463 40166 60003 333 59003 60007 83%=
41738 02996 00000 10170 20082 39981 40164 60003 333 59019 60007 56%=
41724 01995 00000 10140 20080 30113 40195 60003 70500 333 58007 60007 67%= 



UPPK OPKC 021800=
PPAA 5218/ 41516 MISDA DUE TO TECHNICAL FAULT=
PPAA 5218/ 41517 MISDA DUE TO SMOKE HAZE=
PPAA 5218/ 41598 MISDA DUE TO TECHNICAL PROBLEM=
PPAA 5218/ 41600 MISDA DUE TO TECHNICAL FAULT=
PPAA 5218/ 41624 MISDA DUE TO TECHNICAL FAULT=
PPAA 5218/ 41640 MISDA DUE TO TECHNICAL PROBLEM=
PPAA 5218/ 41646 MISDA DUE TO TECHNICAL FAULT=
PPAA 5218/ 41678 MISDA DUE TO TECHNICAL PROBLEM=
PPAA 5218/ 41715 NO ASCENT DUE TO BALLOON OUT OF STOCK=
PPAA 5218/ 41718 MISDA DUE TO TECHNICAL PROBLEM=
PPAA 5218/ 41739 NO ASCENT DUE TO security risk=








Data Generated from File : D:/all data handling/Rmc_lhr/2025020218.FSU.txt
02/02/2025   19:07:38
____________________________________________________________________________________________
15020 01450 80802 10006 20001 30047 40253 57003 69952 77176 8572/ 333 10033 20004 31005 55300 20000 69907 91003 90760 91103==
15090 01220 81002 10001 21001 30161 40257 56003 60022 77176 8762/ 333 10034 21006 3/006 41998 55300 10020 20000 30000 60017 91004 90760 91104==
15108 01/00 92807 11064 21069 38066 48487 57004 60062 77174 89/// 333 11060 21073 49073 55300 20000 60017 91008 90760 91108==
15150 01459 81601 10021 20012 30022 40242 58004 69982 76165 8572/ 333 10031 20002 31004 55300 20000 69987 91002 90760 91103==
15170 01545 71601 10001 21005 39426 42813 57004 69912 71072 84570 333 10022 21050 34007 55300 20000 69907 91002 90760 91102==
15280 01005 42710 11068 21077 37488 47029 57003 60002 74143 84570 333 11060 21086 49085 55300 20000 60007 91015 90760 91115==
15310 04566 81101 10046 20016 30152 40240 56007 60002 8657/ 333 10049 21016 31006 55300 10010 20000 30000 60007 91002 90760 91102==
15335 04570 71103 10045 20019 30238 40245 57012 60002 87500 333 10072 21032 31010 55300 20000 60007 91004 90760 91104==
15350 04569 73101 10046 20026 30119 40242 57009 60002 83570 333 10046 20020 31006 55300 20000 60007 91002 90760 91102==
15360 04/70 71605 10055 20022 30232 40250 57009 60002 87070 333 10076 20014 60007 91006 90760 91106==
15420 04/63 73502 10033 20015 30121 40236 56008 60002 87070 333 10063 20028 31010 55300 20000 60007 91002 90760 91103==
15460 07959 60601 10055 20040 30208 40233 56010 60002 7101/ 80008 333 10086 20030 31014 55300 20000 60007 91001 90760 91103==
15470 04564 83502 10060 20037 30109 40237 56004 60002 8457/ 333 10068 20042 30009 55300 20000 60007 91002 90760 91103==
15480 04570 81401 10075 20039 30223 40241 57012 60002 885// 333 10077 20042 31012 55300 10050 20000 30000 60007 91003 90760 91104==
15549 12570 62002 10058 20044 39801 40222 57008 60002 86500 333 10098 20050 555 591//=
15552 12465 81402 10083 20072 30188 40237 57012 60002 885// 222// 00081 10301 333 10085 20056 555 593// 92023 92427=
15640 11557 80000 10068 20064 39931 40248 57003 69912 71042 886// 333 10070 20047 555 597// 71800=
15655 12568 81402 10088 20075 30204 40237 57005 60002 8655/ 222// 00085 10301 333 10094 20078 555 592// 92024 92427=
15730 12665 80000 10083 20061 39837 40236 57002 69922 8657/ 333 10092 20064 555 586//=
16627 12460 30000 10086 20055 30225 40230 55001 60002 82101 333 10128 90730 91108==
16667 12560 42504 10104 20075 30218 40229 53004 60002 82102 333 10164 82825 83068 90730 91106==
16706 12960 09902 10102 20090 30202 40209 52006 60002 333 10174==
16723 12960 09901 10124 20092 30210 40223 52010 60002 333 10176 90730 91104==
16742 12460 60000 10128 20097 30065 40222 53009 60002 82105 333 10170 82818 86068 90730 91106==
16749 12560 69901 10144 20106 30200 40215 51004 60002 83206 333 10190 83820 86068 90730 91103==
16754 12560 51905 10132 20105 30171 40219 50004 60002 82101 333 10182 82820 85068 90730 91108==
16760 12560 51704 10106 20086 40227 52006 60002 82101 333 10168 82820 85068 90730 91109==
16765 12560 69903 10140 20089 40223 52007 60002 84101 333 10186 84825 86068 90730 91109==
17022 12567 71004 10080 20070 30077 40245 57007 60002 85570 333 10095 85631 87359 90760 91109==
17024 11258 71401 10077 20070 30167 40246 58009 69942 76062 85770 333 10100 83704 85626 87358 90760 91105==
17026 12570 63402 10086 20065 30226 40266 50000 60002 84550 333 10125 84628 86358 90760 91116==
17031 12465 60000 10087 20075 30258 40264 50000 69902 86200 333 10111 84714 86830 90760 91108==
17034 12670 41101 10090 20064 30226 40273 58003 60002 82130 333 10126 82835 84360==
17038 12/70 60000 10088 20056 30218 40267 58004 60002 86050 333 10124 86359 90760 91110==
17042 12670 21102 10058 20044 30240 40281 50001 60002 82100 333 10130 82835 90760 91107==
17050 12670 60000 10103 20066 30180 40243 57004 60002 83530 333 10112 83635 86358 90760 91103==
17056 12970 42802 10084 20060 30239 40243 51004 60002 80001 333 10109 84070 90760 91104==
17060 12560 50309 10088 20060 30200 40241 50001 60002 83150 333 10133 83830 85360 90760 91116==
17070 12565 30501 10050 20029 39353 40238 51008 60002 83500 333 10119 83630 90760 91105==
17074 12970 02201 10030 20024 39291 40247 52007 60002 333 10121 90760 91106==
17084 12970 00000 10031 20004 39327 40259 52005 60002 333 10131 90760 91108==
17085 12970 00409 10092 20006 39744 40244 51003 60002 333 10134 90760 91118==
17092 12960 00000 11036 21089 38926 48539 52011 60002 333 10057 90760 91107==
17096 11945 02202 11171 21176 38283 48565 51003 60002 71011 333 11059 90760 91105==
17098 12960 62906 11103 21125 38231 48552 51005 60002 80008 333 10026 86268 90760 91111==
17100 11925 20000 10011 21086 39242 40278 51009 60002 70511 80008 333 10089 82268 90760 91105==
17112 12970 00602 10100 20082 30224 40226 53004 60002 333 10144 90760 91113==
17115 12960 53504 10080 20066 30191 40243 52007 60002 80001 333 10118 85070 90760 91119==
17116 12960 02501 10076 20069 30114 40238 51004 60002 333 10138 90760 91105==
17124 12960 31203 10036 20027 39313 40258 51004 60002 80001 333 10087 83070 90760 91111==
17128 12660 50103 10037 21023 39128 40263 53005 60002 81101 333 10119 81840 85070 90760 91110==
17135 12970 00602 10057 20016 39349 40250 52007 60002 333 10131 90760 91105==
17140 12965 00502 10003 21030 38749 48529 53002 60002 333 10090 90760 91107==
17150 11940 50000 10074 20074 30107 40233 53002 60002 71022 80001 333 10124 85070 90760 91107==
17160 12/70 33601 10034 21036 39067 48526 51006 60002 83030 333 10115 83360 90760 91109==
17170 12560 10602 11045 21087 38370 48543 52006 60002 81500 333 10037 81630 90760 91113==
17175 12665 31801 10109 20083 30210 40214 53003 60002 83100 333 10165 83840 90760 91103==
17184 11956 22801 10085 20052 30108 40222 50004 60002 71000 80001 333 10156 82070 90760 91106==
17190 12970 52201 10059 20006 39030 48522 51005 60002 80008 333 10106 85270 90760 91105==
17195 12970 20502 10007 21071 39017 48522 52006 60002 80001 333 10123 82068 90760 91105==
17200 12960 01504 10029 21070 39241 40257 52010 60002 333 10146 90760 91114==
17202 12970 02506 10008 21078 39180 40260 52008 60002 333 10131 90760 91110==
17203 12970 00000 10023 21085 38923 48566 52010 60002 333 10118 90760 91106==
17210 12970 00000 10069 21049 39177 40225 51004 60002 333 10140==
17219 12965 02302 10099 20064 30082 40230 52012 60002 333 10184 90760 91111==
17234 12970 00000 10125 20072 30159 40228 52009 60002 333 10198 90760 91104==
17237 12970 00000 10101 20027 39723 40234 52012 60002 333 10178 90760 91105==
17240 12970 03101 10072 20011 39077 40243 52012 60002 333 10149 90760 91115==
17244 12970 02603 10036 21016 39045 48530 52008 60002 333 10108 90760 91110==
17248 12970 00000 10045 21037 39024 48524 50005 60002 333 10123 90760 91106==
17250 12970 00302 10031 21047 38849 48532 50005 60002 333 10117 90760 91107==
17260 12960 32402 10057 21028 39370 40200 52008 60002 80001 333 10174 83068 90760 91108==
17270 12970 02602 10110 21054 39570 40219 52009 60002 333 10184 90760 91111==
17275 12970 00206 10070 21084 39018 48535 50000 60002 333 10138 90760 91112==
17280 12960 02403 10042 21082 39424 40236 51006 60002 333 10151 90760 91109==
17290 12970 03601 10155 20107 30198 40230 52015 60002 333 10194 90760 91108==
17292 12970 30000 10083 20045 39469 40243 52011 60002 80001 333 10164 83070 90760 91106==
17300 12560 13604 10119 20091 30162 40234 52011 60002 81100 333 10190 81830 90760 91109==
17310 12970 00701 10155 20103 30210 40217 52010 60002 333 10199 90760 91105==
17330 12970 00000 10131 20056 30207 40225 52007 60002 333 10206 90760 91106==
17350 12960 00403 10094 20077 30137 40217 51013 60002 333 10200==
17370 12970 00000 10133 20033 30225 40229 51011 60002 333 10191 90760 91103==
17375 12970 00000 10128 20096 30222 40224 52012 60002 333 10191 90760 91110==
33088 32597 72001 11013 21032 30035 40233 57004 87500 333 10032 555 1/101=
33135 326// 72701 11001 21044 30073 40225 57005 87500 333 10015 87640 555 1/100=
33177 11595 82602 10004 21003 39996 40240 57003 69982 78382 889// 333 10025 555 1/100=
33317 324// 82502 11006 21040 39890 40238 57006 8455/ 333 10020 84618 555 1/000=
33393 32960 80000 10000 21039 39844 40248 57002 8807/ 333 10020=
33415 32697 80000 10005 21028 39835 40244 57004 8655/ 333 10018 555 1/101=
33429 32697 82602 11001 21025 39808 40243 57003 8635/ 333 10011 85633 555 1/101=
33466 32966 62202 10002 21035 30048 40241 57005 85039 333 10030 555 14101=
33506 32597 72501 10010 21029 30039 40240 57001 86530 333 10025 555 1/000=
33562 32560 82502 10015 21023 39939 40251 57004 8355/ 333 10028 555 1/001=
33587 325// 80000 11005 21036 39978 40251 57004 8355/ 333 10035 555 1/000=
33658 11350 80000 10001 21005 39942 40251 57003 69912 78382 889// 333 10021 86707 555 1/001=
33663 32597 83301 10009 21011 30153 40252 57002 8555/ 333 10047 555 1/000=
33664 31596 80000 11001 21007 39922 40249 57004 71022 885// 333 10028 555 80013=
33678 32898 62801 11006 21016 30052 40271 57003 86050 333 10024 555 80013=
33679 32497 70000 10003 21021 30056 40253 57006 83530 333 10034=
33711 32660 72302 10006 21027 30029 40245 57002 85530 333 10040 85642 555 1/000=
33745 11497 81101 11007 21008 30067 40267 57006 69922 78582 889// 333 10024 555 80017=
33748 11597 81302 11003 21003 39958 40252 57003 60022 78582 889// 333 10027 555 80012=
33754 32997 80000 10014 21011 30103 40254 56002 8805/ 333 10041=
33761 32498 82002 10014 21018 30024 40253 57002 886// 333 10033 555 1/002=
33791 32689 82401 10020 20001 30123 40254 58002 885// 333 10044 88638 555 1/002=
33815 11594 80201 10002 21001 30042 40257 57003 60042 78582 889// 333 10037 93704=
33837 11341 82801 10014 21002 30204 40257 53001 69962 76162 8872/ 333 10055 555 1/002=
33881 11597 80802 10002 21002 30042 40245 57007 60022 78582 883// 333 10027 555 80011=
33883 11596 80801 10001 20001 30077 40247 57004 60012 78582 883// 333 10027 555 80019=
33885 32997 81204 10026 21010 30116 40250 57003 8805/ 333 10028 555 80011=
33892 11597 80601 11004 21004 30035 40256 57006 60022 78582 883// 333 10042 555 80022=
33902 32597 82601 10022 21022 30192 40253 57008 885// 333 10054 555 1/003=
33924 12570 81701 10010 21022 30248 40261 58002 60002 885// 333 10060==
33946 12960 83102 10000 21008 30030 40259 58010 60002 80001 333 10056==
33983 12960 03002 11036 21048 30198 40262 58002 60002 333 10052==
34300 32597 72702 10005 21032 30056 40238 54000 87500 333 10034 555 1/100=
34336 41460 82701 10018 21011 30131 40237 52003 70282 8532/==
34344 42/70 82502 10024 20005 30143 40232 52002 8807/==
34356 41570 70000 10017 20005 30080 40230 52003 72052 87500==
34357 42570 82203 10022 21002 30071 40228 52003 885//==
34398 113// 82004 11016 21027 30257 40270 57004 60002 71042 886// 333 11012==
34415 12697 72501 10012 21014 30143 40242 52001 69902 87500 333 10058 555 1/000=
34438 42560 40000 11007 21020 30048 40245 52001 84500==
34445 42570 82303 10016 20003 30121 40238 52003 885//==
34461 42460 82401 10027 21009 30178 40234 52003 885//==
34473 325// 81605 10001 21017 30206 40245 57003 885// 333 10019=
34476 41520 81405 11003 21011 30240 40248 58001 71022 8493/==
34504 32475 82701 10020 21024 30071 40249 58002 885// 333 10042=
34535 42570 62001 11001 21028 30174 40247 54000 86900==
34545 42970 02401 11008 21028 30131 40246 54001==
34555 42570 82703 10027 21023 30158 40251 51003 885//==
34560 41540 82702 10018 20018 30044 40238 52001 71054 885// 333 88626==
34578 41/40 81603 10027 20020 30241 40248 57001 71022 8808/==
34579 41540 81303 10002 21006 30208 40252 58002 71022 885//==
34644 42560 60000 10002 21028 30170 40249 52004 86500==
34646 42/70 22501 10009 20009 30165 40249 52003 82030==
34655 42560 82503 10024 20011 30191 40252 52005 885//==
34662 41470 81601 10037 20025 30232 40243 52002 70282 886// 333 88715==
34691 12/70 81402 11011 21036 30487 40474 53001 60002 8807/ 333 11002==
34720 42970 02601 10010 21008 30217 40258 54001==
34727 42960 01901 11020 21031 30232 40263 50000==
34743 41/40 20000 10001 21008 30164 40256 52005 71011 82030==
34759 41420 82701 10042 20042 30120 40252 52005 71022 889//==
34772 42560 81303 10013 21001 30252 40255 58001 885//==
34785 42460 81104 11003 21019 30286 40263 54000 886//==
34798 12960 81002 11016 21057 30397 40367 52001 60002 80007 333 10028==
34824 42560 83401 10018 21008 30263 40268 52003 885//==
34838 41440 83402 10033 20017 30161 40259 54001 75352 886//==
34845 41540 80102 10041 20030 30146 40255 52007 71082 885//==
34858 41/20 80000 10050 20045 30144 40253 51007 71022 8805/==
34861 41540 83202 10037 20018 30003 40248 52002 71022 885//==
34866 42560 81802 10046 20020 30259 40250 52001 885//==
34880 41540 81002 10021 20004 30286 40259 52003 77072 8672/==
34887 41540 81102 10029 20013 30278 40255 54000 71022 885//==
34949 42/// /2402 10046 20017 39707 40257 52001==
34954 42570 30000 10023 20010 30086 40262 52012 83500==
34958 42970 00000 10025 20021 30057 40260 52004==
34975 42470 81801 10041 20020 30259 40255 52003 885// 333 88618==
34984 41440 80801 10031 20023 30288 40257 52001 71022 886//==
35217 125// 81606 11034 21059 30260 40301 57002 60002 885// 333 11010==
35302 125// 81907 11029 21049 30268 40289 57001 60002 885// 333 11018==
35315 325// 81506 11031 21059 30246 40305 53008 885// 333 11009=
35344 325// 81603 11012 21018 30055 40349 58001 885// 333 10006=
35358 12/// 81602 11034 21070 30180 40356 52004 60002 8802/ 333 11005==
35368 329// 62002 11116 21151 30118 40402 52006 86040 333 11035=
35386 125// 61902 11058 21080 39863 40404 52005 69920 86500 333 11032=
35394 11560 81701 11051 21064 39704 40405 52005 69942 77187 8872/ 333 11040==
35404 325// 81805 11016 21027 30273 40281 57001 885// 333 11013=
35406 125// 81703 11021 21039 30290 40292 57004 60002 885// 333 11018==
35416 125// 81405 11028 21051 30192 40315 57001 60002 885// 333 11005==
35426 125// 81204 11020 21055 30032 40330 57006 60002 885// 333 10000==
35437 325// 81702 11018 21042 30102 40425 54000 885// 333 11001=
35449 329// 01304 11091 21111 30262 40371 52002 333 11008=
35497 125// 80000 11065 21077 39851 40704 52003 69932 885// 333 11062==
35498 126// 82201 11080 21094 39499 40416 52005 69930 885// 333 11060=
35514 32598 81404 11020 21032 30506 40502 57005 885// 333 11019=
35522 326// 81507 11029 21056 30060 40318 57003 885// 333 11004=
35542 325// 31402 11051 21072 30210 40363 52002 83500 333 10013=
35563 31596 60000 11113 21126 39591 40405 52002 71011 83501 333 11043=
35576 114// 60601 11148 21178 39940 40424 52006 60002 74844 86600 333 11052==
35582 126// 82302 11062 21097 39783 40408 58011 69900 885// 333 11055=
35594 115// 71602 11082 21088 39537 40413 54000 69900 70272 87500 333 11049=
35605 32598 81105 11008 21021 30306 40284 57004 885// 333 11010=
35633 314// 81403 11018 21023 30128 40347 53002 71042 886// 333 10010=
35671 11540 80902 11104 21117 39947 40402 52004 60002 71022 885// 333 11027==
35699 12/// 70000 11127 21141 39625 40430 52005 60002 87040 333 11033==
35700 12570 71207 11009 21013 30307 40283 57004 60002 87500 333 10001==
35715 32597 81606 11014 21058 30315 40300 57005 885// 333 10001=
35739 315// 81404 11026 21063 30195 40338 58005 71022 886// 333 10010=
35746 125// 82004 11010 21076 30278 40347 57003 60002 885// 333 10003==
35777 329// 00503 11122 21157 30027 40394 58002 333 11034=
35796 12960 00402 11169 21183 39963 40436 52002 69902 333 11078==
35849 129// 00000 11037 21070 30244 40333 57011 60002 333 10011==
35895 32997 03603 11154 21163 39949 40429 54000 333 11081=
35907 32998 01003 11003 21024 30292 40261 53001 333 10051=
35925 115// 81403 11026 21039 30200 40314 58006 60002 71022 887// 333 11015==
35927 315// 81108 11009 21018 30299 57005 71022 885// 333 11001=
35953 129// 00603 11051 21092 30196 40330 57012 69902 333 10005==
35969 129// 00904 11070 21127 30162 40342 57006 60002 333 11005==
35997 319// 00501 11119 21154 39939 40401 58002 71000 333 11039=
36259 41584 80601 11258 21287 38312 48598 52005 71522 84901==
36335 124// 80000 11054 21072 39357 40410 52006 69900 886// 333 11048=
36358 126// 70000 11046 21076 39356 40398 52011 69920 87500 333 11043=
36394 115// 81305 11087 21094 39964 40405 52009 60020 78582 883// 333 11050=
36397 11/// 81608 11102 21122 39817 40411 52008 69922 77173 8802/ 333 11086==
36403 116// 80906 11073 21090 30031 40407 52007 60030 77173 8802/ 333 11059=
36418 119// 80000 11121 21131 39794 40447 52007 60020 77177 8802/ 333 11098=
36421 119// 80000 11118 21132 39844 40442 52008 60010 77177 8802/ 333 11103=
36428 126// 80000 11145 21172 39919 40457 53009 60002 8357/ 333 11077==
36439 317// 81404 11135 21158 39098 48583 52006 77173 8352/ 333 11105=
36498 126// 80101 11109 21122 39597 40431 52004 69930 8653/ 333 11105=
36501 126// 70000 11050 21078 39618 40391 52005 60020 87500 333 11049=
36535 11/// 80000 11129 21147 39779 40451 52005 60032 77172 8802/ 333 11116==
36546 319// 82901 11147 21153 39873 40451 52003 71022 8802/ 333 11135=
36619 319// 00000 11169 21178 74841 333 11095=
36622 129// 60000 11150 21168 39581 40441 51002 69930 86040 333 11098=
36639 12/// 30000 11234 21263 39788 40460 52003 60002 83030 333 11065==
36643 325// 82201 11140 21154 39742 40449 52007 8657/ 333 11117=
36665 329// 50000 11147 21178 39662 40438 52002 80002 333 11137=
36666 324// 81802 11140 21158 39919 40446 52002 886// 333 11103=
36729 32998 00000 11164 21178 39920 40441 53004 333 11090=
36736 325// 80000 11136 21156 39851 40443 54000 885// 333 11086=
36744 329// 70804 11123 21143 39923 40401 58007 87030 333 11052=
36770 329// 01001 11200 21200 39637 40433 58005 333 11026 93502=
36786 32999 02901 11135 21152 39443 40422 54000 333 11040=
36796 329// 00000 11212 21242 39151 48553 54000 333 11108=
36803 32999 42802 11147 21160 39954 40437 52002 80002 333 11082=
36806 329// 01201 11110 21136 39895 40389 57009 333 11055=
36819 319// 00903 11098 21119 39740 40385 58012 71000 333 11030=
36821 119// 00402 11124 21129 39883 40405 58002 60002 71000 333 11008==
36839 32998 03401 11184 21229 39214 40443 53001 333 11073=
36843 329// 02401 11107 21155 39165 40402 57001 333 11012=
36846 329// 00905 11137 21204 38698 48574 57002 333 11065=
36859 129// 00101 11124 21144 39610 40445 52003 60002 333 10000==
36870 129// 00000 11092 21103 39312 40375 57004 60002 333 11015==
36874 31/// 91802 11130 21139 39696 40536 58003 74941 333 11062=
36877 319// 02301 11162 21171 39739 40836 57003 70141 333 11048=
36885 329// 01102 11116 21138 39201 40397 57002 333 11015=
36889 329// 01802 11104 21247 37078 47101 58003 333 11048=
36894 329// 00000 11116 21136 39613 40398 58001 333 11006=
36905 329// 00000 11108 21137 38836 48576 58002 333 11029=
36911 429// 00000 11089 21104 39322 40347 57010 333 10026=
36927 42997 03202 11056 21117 38419 48585 52001 333 10018=
36934 42997 00301 11046 21117 38334 48458 51001=
36953 329// 00000 11198 21206 38244 48508 58030 333 11070=
36963 429// 01102 11182 21285 37062 48/// 58003 333 11100=
36974 429// 00000 11190 21216 38075 48640 54000 333 11053=
36982 429// 00701 11218 21332 36546 47184 52002 333 11071=
37018 41640 81103 10085 20066 30175 40251 57006 78082 889//==
37031 41560 80000 10060 20049 30059 40256 52003 70282 885//==
37054 42660 70000 10030 20005 39880 40271 52010 85530==
37061 41/05 51901 10023 20020 30089 40262 52004 74642 85030==
37085 42540 80000 10039 20008 30288 40260 52005 885//==
37171 42440 70901 10076 20056 30244 40262 58002 82630==
37228 42/60 60000 10020 21029 39413 40263 52003 86070==
37235 42/60 20000 10028 20014 39940 40263 52005 8004/==
37472 41540 82601 10045 20030 30282 40259 52009 71022 8357/==
38149 42970 00602 11023 21070 30234 40313 57001 333 10063==
38178 429// 00203 11029 21060 39996 40295 57008 333 10033==
38262 129// 00601 11042 21072 30222 40308 57003 60002 333 10055==
38264 42970 00303 11027 21050 30207 40304 57003 333 10049==
38345 42998 01001 11100 21136 38850 48528 58015 333 10040=
38353 429// 00000 11091 21106 39399 40354 58012 333 10023=
38388 72998 00000 10024 21059 30207 40280 53004 333 10088 6////=
38392 72997 00604 10000 21044 30186 40293 57002 333 10072 6////=
38396 42960 00504 11009 21048 30166 40295 58006 333 10073==
38403 429// 00502 10003 21100 30166 40291 57003 333 10072==
38413 429// 01102 10007 21089 39997 40296 58026 333 10060==
38457 12960 00501 10005 21021 39679 40283 57005 60002 333 10087==
38462 429// 00000 11065 21181 38807 48531 58005 333 10081==
38507 72996 00000 10010 21013 30164 40270 53003 333 10106 6////=
38545 72998 03501 11008 21050 30101 40283 57001 333 10090 6////=
38565 129// 00000 11030 21058 39645 40220 57005 60002 333 10088==
38579 129// 00000 11011 21026 39850 40284 57005 60002 333 10068==
38583 12960 03201 11012 21024 39946 40280 57013 60002 333 10081==
38599 31495 21801 11029 21042 39731 40290 57010 71000 82600 333 10071 82719=
38611 41920 03403 10005 21025 39708 40296 57004 71000 333 10070==
38613 429// 00701 11034 21059 40308 58007 333 10050=
38616 429// 01801 11048 21084 39256 40318 58011 333 10038=
38618 129// 01601 11010 21025 39577 40290 57006 60002 333 10075==
38647 72997 00902 10022 21031 30207 40250 52002 333 10107 6////=
38656 72998 00000 10022 21037 30166 40279 52005 333 10012 6////=
38683 41940 03403 10021 21032 39974 40257 57006 70500 333 10092==
38687 71996 00000 11005 21017 30031 40276 54000 70500 333 10093 6////=
38696 129// 00902 10001 21020 39385 40265 57008 60002 333 10074==
38713 329// 01401 11034 21094 39078 48520 58012 333 10052=
38750 32597 83602 10068 20016 30295 40266 53003 885// 333 10115=
38763 72997 00000 10028 21017 30147 40255 57001 333 10100 6////=
38774 72995 01201 10036 21005 30070 40270 58009 333 10102 6////=
38799 32997 00201 10022 21031 30035 40273 53013 333 10104=
38806 72997 03601 10010 21032 39977 40245 58002 333 10110 6////=
38812 41920 03602 10017 21021 39785 40250 57002 70400 333 10103==
38836 426// 00000 10018 20017 39269 40224 53006 333 10124=
38880 02997 22801 10040 21015 30005 40265 53006 60002 82030 333 10108 6////=
38886 72997 00901 10024 21022 30031 40265 58003 333 10118 6////=
38895 32996 00000 10040 21015 39974 40269 52002 333 10118=
38911 72997 03503 10046 21021 39952 40252 57005 333 10116 6////=
38915 72997 00901 10054 21014 39918 40246 57010 333 10124 6////=
38927 11950 00201 10030 20003 39859 40243 56002 60002 71000 333 10122==
38933 329// 00901 10038 21011 39732 40257 54000 333 10125=
38944 329// 03602 10038 21005 39640 40184 52004 333 10095=
38954 329// 00000 11083 21146 38007 48620 52003 333 11016=
38974 72998 00000 10048 21015 39919 40260 52010 333 10124 6////=
38987 32996 60000 10017 21005 39501 40263 53007 80002 333 10074=
40100 43/60 00704 10157 20087 30224 40240 53008 6///1 333 58///=
40180 12960 13602 10152 20089 30163 40212 52007 60002 80001 333 10206 20109 70000==
40199 12/// /0104 10189 20019 30176 40201 52012 60002 333 10247 20146 70000==
40255 36/// /0000 10110 29062 3//// 4//// 5////=
40265 31958 60000 10104 20016 39435 40247 52007 70522 333 10170 86270=
40270 31957 01302 10116 20004 39322 40231 52010 70500 333 10182=
40272 31950 30404 10102 21040 39384 40236 52008 70500 80001 333 10185 83070=
40296 36/// /0000 10140 29067 4//// 5////=
40340 31956 30104 10164 20007 30144 40210 52008 70500 83000 333 10240 83070=
40356 42960 02604 10118 21050 39245 48541 333 10157 58004 55/// 555 04410 50238=
40357 42960 03604 10116 21030 39580 40230 333 10180 58007 55///=
40360 42960 01004 10104 21040 39622 40225 333 10187 59007 55///=
40361 42960 01504 10109 21060 39455 40270 333 10179 58009 55///=
40362 42960 00000 10097 21060 39713 40242 333 10180 58028 55///=
40373 42960 03003 10129 21070 39802 40227 333 10191 58032 55///=
40375 42960 20704 10136 21090 39320 40210 80002 333 10202 59006 55/// 82070=
40394 42960 01106 10112 21050 39089 48555 333 10158 58012 55/// 555 04410 50234=
40400 42960 03505 10208 20090 30153 40181 333 10260 58010 55///=
40405 42960 01402 10119 21020 39482 40243 333 10172 58032 55000=
40417 42960 09902 10130 20020 30196 40212 333 10233 58026==
40420 42960 03006 10133 21060 30003 40217 333 10231 58032 55///=
40430 42960 00404 10196 21020 39459 40206 333 10231 58023 55///=
40437 42960 03404 10133 21060 39521 40233 333 10190 58040==
40439 42960 02910 10230 20140 30145 40163 333 10318 58017 55///=
40582 32960 03006 10140 21043 40211 51012 333 55300 00000 10265 20000 30000 40989 51254 60000 55407 40000 90401 91005 91117 91211 91307=
41024 42960 03410 10270 20130 30113 40139 333 10348 55094 59005==
41036 42960 00000 10166 21020 38590 48538 333 10210 58010==
41055 42960 00908 10172 21020 38393 48540 333 10230 58015==
41061 42960 01106 10182 21020 39475 40181 333 10258 58021==
41084 42960 00711 10191 21030 38884 48536 333 10251 58021==
41112 42960 00510 10161 21010 37964 48532 333 10222 55100 58008==
41114 42960 00612 10165 21020 38001 48536 333 10215 58006==
41128 42960 00806 10183 21020 38853 48556 333 10240 55100 58020==
41136 42960 00709 10195 21070 39372 40187 333 10260 58020==
41140 42960 00000 10269 20220 30129 40133 333 10305 58002==
41150 42966 03309 10175 20055 40206 333 10207 58021=
41176 44/70 /3506 10190 21013 30189 40195 333 10239 5////=
41184 42660 21604 10140 20093 40192 82500 333 10245 58013 82640=
41194 12660 22913 10207 20071 30180 40186 60001 82500 333 10234 58015 82645=
41196 12960 12712 10190 20072 30149 40191 60001 81030 333 10233 58014 81360=
41216 42760 13109 10189 20077 30191 40195 81500 333 10229 58018 81650=
41217 42660 13010 10193 20072 30162 40191 81500 333 10233 58018 81645=
41506 12920 03602 10055 21032 38563 48590 60001 333 58027==
41508 12920 00000 10033 21034 38690 48530 60001 333 58006==
41515 12920 00000 10049 21030 38567 48280 60001 333 58031==
41516 12940 00000 10020 21054 38602 48550 60001 333 58027==
41517 11940 00000 11020 21060 37848 48920 60001 70400 333 58034==
41518 12440 61801 10083 21021 30001 48010 60001 83520 333 56880 58000==
41519 12440 10000 10100 21024 38814 48490 60001 81500 333 56800 58028==
41523 12940 00000 10085 21013 39114 48190 60001 333 58011==
41535 12940 00000 10060 21016 38725 48890 60001 333 58005==
41536 12940 00000 10115 21017 39059 48250 60001 333 58005==
41560 12940 00000 10040 20005 38307 48380 60001 333 59003==
41571 41900 00000 10120 20021 39583 40177 70500 333 59004==
41598 11940 00000 10120 20068 39874 40151 60001 70400 333 59012==
41600 11940 00000 10110 20100 39857 40161 60001 70400 333 59003==
41620 11940 03102 10065 21085 38583 48850 60001 70500 333 58003==
41624 11910 00000 10150 20092 39966 40170 60001 70400 333 58002==
41630 11940 00000 10125 20074 30000 40170 60001 70400 333 59006==
41640 11920 00000 10135 20106 39908 40162 60001 70400 333 59008==
41660 12900 01306 10075 21095 38436 48270 60001 333 59019==
41678 11920 00000 10130 20068 30000 40180 60001 70400 333 58018==
41696 12940 00000 10020 21065 38011 48430 60001 333 59005==
41697 12940 00000 10145 20049 30000 40177 60001 333 58007==
41700 11920 00000 10130 20091 30000 40163 60001 70400 333 58003==
41710 42940 03101 10110 21044 39362 40148 333 59035==
41712 42940 00000 10090 21006 39211 48090 333 59022==
41715 11910 00000 10170 20115 30121 40188 60001 70400 333 58018==
41718 11920 00000 10130 20080 30070 40179 60001 70400 333 58015==
41725 42940 00501 10170 20070 30000 40165 333 59004==
41739 12940 02302 10125 20028 39078 48270 60001 333 59004==
41744 42940 00000 10085 21013 38794 48110 333 58000==
41749 11940 03103 10155 20087 30138 40173 60001 70400 333 58012==
41756 11920 01301 10205 20146 30102 40168 60001 70504 333 59006==
41757 42940 00000 10170 20105 30162 40175 333 59001==
41759 11920 00901 10165 20139 30179 40185 60001 71010 333 58008==
41764 12940 03603 10200 20046 30104 40155 60001 333 58002==
41768 12940 03601 10145 20062 30142 40149 60001 333 58007==
41780 12940 00000 10200 21004 30129 40157 60001 333 59007==
41785 12940 03601 10180 20083 30147 40160 60001 333 58002==
41859 01425 72302 10163 20160 30084 40123 70522 83510 333 59007 70000 83618 87458==
41883 02930 00000 10172 20150 30106 40127 333 59003 70000==
41891 01420 30902 10186 20160 30088 40128 71010 81530 333 58001 70000 81615 83365==
41907 01930 00000 10165 20160 30110 40125 70500 333 58000 70000==
41923 01935 00000 10209 20190 30118 40128 70500 333 58000 70000==
41936 01904 00000 10202 20180 30114 40121 74444 333 58007 70000==
41943 01930 00000 10180 20170 30116 40124 70500 333 59002 70000==
41950 01940 00000 10212 20210 30125 40127 70500 333 58004 70000==
41978 01431 30000 10214 20200 30112 40119 70511 83500 333 59006 70000 83616==
41992 01925 00000 10215 20200 30115 40117 70500 333 59008 70000==
42027 32596 50501 10020 20008 38466 48552 85500 333 58019=
42071 31993 09902 10104 20100 40164 71240 333 59009=
42101 31/90 93201 10130 20130 40172 74744 333 58000=
42111 31994 00000 10114 20099 39431 40149 71000 333 59003=
42123 31993 00000 10118 20102 40168 74640 333 58002=
42131 31993 00000 10116 20100 40170 71240 333 58004=
42165 31995 00000 10160 20076 40160 70500 333 58006=
42182 31994 00000 10142 20131 40158 71000 333 58009=
42189 31995 00000 10156 20127 40144 71000 333 58005=
42314 31594 30000 10154 20143 40129 71021 81530 333 59006 81620 83360=
42328 32996 00000 10154 20069 40140 333 58000=
42339 31995 00202 10172 20028 40152 70500 333 58002=
42348 31995 20506 10178 20032 40154 70500 82030 333 58010 82360=
42361 31994 00000 10170 20142 40152 71000 333 58019=
42369 31995 02302 10179 20131 40000 71000 333 58006=
42379 31995 00000 10182 20133 40120 70500 333 59007=
42410 31594 50000 10168 20154 40133 71022 82530 333 59002 82620 85360=
42415 31995 00000 10170 20138 40137 71000 333 59003=
42452 31995 00000 10166 20123 40144 71000 333 58008=
42492 31995 02902 10202 20132 40121 70500 333 59005=
42559 32996 00000 10166 20102 40137 333 58004=
42571 31995 00000 10180 20142 40140 70500 333 58010=
42591 31995 00000 10160 20124 40141 71000 333 58000=
42623 31495 10000 10130 20100 39256 40147 71000 81500 333 59002 81618=
42634 32996 00000 10186 20086 40141 333 58014=
42647 31896 20000 10204 20105 40130 70400 82030 333 56090 59014 82358=
42667 31996 30502 10186 20120 39547 40142 70500 83030 333 58004 83360=
42675 31996 00000 10182 20155 40135 70500 333 58003=
42701 31995 00000 10184 20133 39391 40125 70500 333 59003=
42724 31494 30000 10198 20195 40126 71000 83500 333 58001 83618=
42737 32996 00000 10186 20081 40138 333 59014=
42754 31595 40000 10230 20149 39493 40127 70500 81530 333 58002 81620 83360=
42779 32996 00000 10204 20138 39432 40133 333 58002=
42798 31994 00000 10222 20180 40123 71000 333 58009=
42809 31994 20000 10218 20209 40122 71000 82030 333 58001 82360=
42840 32996 00000 10220 20138 40129 333 59010=
42867 31995 00202 10230 20175 40129 70500 333 58006=
42874 31996 00000 10244 20188 40125 70500 333 58004=
42886 31995 00000 10228 20190 40125 70500 333 58001=
42895 31995 20000 10240 20225 40121 70500 82030 333 59003 82360=
42909 32996 00000 10208 20165 40135 333 59009=
42971 31995 00000 10242 20215 40124 71000 333 59008=
43003 31995 00000 10232 20140 40124 70400 333 59007=
43014 31995 00000 10222 20169 39473 40118 70544 333 58001=
43041 31996 00000 10224 20167 39512 40129 70500 333 58004=
43063 32996 20000 10202 20150 39505 40134 80001 333 58001 82070=
43086 31996 00000 10236 20214 39939 40118 70500 333 58004=
43110 31995 03202 10236 20171 40127 70544 333 58000=
43117 32996 00501 10238 20169 40118 333 59003=
43128 31996 00000 10232 20155 39523 40129 70500 333 58000=
43150 31996 22302 10242 20218 30068 40129 70500 80001 333 58000 82075=
43185 31996 00000 10220 20207 30117 40121 70500 333 58000=
43189 31996 00000 10230 20211 30120 40129 70500 333 59005=
43192 32996 00000 10254 20223 40117 333 59001=
43201 32996 00000 10202 20099 39380 40112 333 58000=
43213 32996 00000 10250 20146 39795 40113 333 58003=
43233 32996 29902 10208 20131 39314 40137 80001 333 58000=
43237 32996 10902 10254 20135 39703 40094 80001 333 58002 81075=
43245 32996 10000 10250 20217 30101 40128 80001 333 59002=
43279 31996 20000 10230 20189 30113 40131 70521 80001 333 59005 83620=
43284 31996 39902 10262 20236 30000 40115 71000 80001 333 58002 83075=
43295 32996 10502 10216 20162 39112 48519 80001 333 59003 81075=
43314 32596 30000 10280 20249 40110 83400 333 59002=
43321 31996 40000 10250 20169 39674 40122 70500 80001 333 59004 84070=
43329 32596 30702 10258 20225 30110 40124 81531 333 59003=
43333 31495 10000 10240 20206 40103 70510 81500 333 59014 81618=
43344 31496 30504 10248 20230 30023 40122 71020 82501 333 59008 82616=
43369 32596 20000 10272 20255 40117 82500 333 58001 82620=
43371 32996 10000 10270 20250 30043 40116 80001 333 59004 81071=
43413 11470 20404 10267 20246 30116 40121 5/011 60008 70200 82000 333 553// 20000 59009 82818 91007=
43418 01470 30501 10264 20235 30072 40113 52008 60008 70300 83100 333 59016 60008 83118=
43421 11470 10900 10244 30014 40120 52010 60008 70100 81000 333 553// 20000 59010 81818 91002=
43424 01470 10000 10246 20228 30111 40113 52015 60008 70300 81100 333 59009 60008 81118=
43436 01470 50501 10270 20241 30109 40112 52010 60008 70311 84000 333 55002 59015 60008 84818 84080=
43441 01970 00905 10257 20209 39979 40112 51014 60008 70200 333 59005 60008=
43444 01970 0//// 10220 20201 39584 40115 52012 60008 70200 333 55002 59011 60008=
43450 03465 60202 10251 20211 30106 40118 52020 60008 84000 333 59005 60008 84818 85280=
43466 03470 40901 10270 20220 30103 40111 5/011 60008 84100 333 55002 553// 20000 59007 60008 81118 84828 91002=
43467 01970 50000 10264 20241 30102 40108 52010 60008 70200 82030 333 59011 60008 81360=
43473 01970 11102 10110 20071 38133 48505 52006 60008 70000 333 553// 20002 59007 60008 81080 91003=
43486 11970 4//// 10255 20228 30009 40109 51008 60008 70010 333 553// 20000 59009 84178=
43495 01470 30701 10273 20249 30095 40108 52009 60008 70300 83000 333 59007 60008 83818=
43497 11470 10103 10248 20000 30093 40110 5/008 60008 70200 81000 333 553// 20006 59008 81818 91004=
44212 42/// 61801 11275 21315 39272 40567 54000 86010==
44213 429// 00000 11306 21345 38902 40586 52002==
44214 42/70 43405 11170 21237 38331 40470 52006 82041==
44215 42/// 20000 11220 21247 38472 40515 54000 82040==
44217 32998 00000 11196 21235 37884 40525 52004 333 91202=
44218 42/// 81601 11218 21246 38687 40514 54000 8801/==
44219 32999 01203 11262 21289 38699 40544 54000 333 91203=
44265 429// 00601 11279 21309 38957 40566 52003==
44266 329// 53501 11185 21278 37784 40476 57001 85070 333 91203=
44454 42457 20803 10093 20037 38652 48486 82100 333 59008=
51076 14/60 /0000 11207 21231 39496 40473 52001 60001 333 11112 21222 3/104 4/026 58005 70000 90761 91102==
51087 14/69 /1201 11205 21233 39343 40478 52003 60001 333 11126 21231 3/105 4/018 58005 70000 90761 91104==
51156 14/80 /0203 11145 21194 38794 40439 52004 60001 333 11087 21175 3/114 58007 70000 90761 91105==
51243 14/56 /0501 11111 21136 39855 40449 52001 60001 71000 333 11077 21126 3/110 58010 70000 90761 91104==
51334 14/32 /1401 11173 21194 30007 40449 54000 60001 70500 333 11056 21173 3/110 4/011 58023 90761 91104==
51379 14/11 /1701 11135 21154 39429 40457 52009 60001 71000 333 11081 21211 3/106 4/023 58010 70000 90761 91104==
51463 14/14 /1402 11138 21156 39164 40458 52005 60001 71000 333 11085 21141 3/101 4/036 58010 70000 90761 91103==
51573 14/69 /0103 11021 21111 30323 40375 52003 60001 333 10052 21057 3/109 58005 70000 90761 91104==
51644 14/50 /3601 11100 21129 39057 40381 52001 60001 70500 333 10019 21133 3/106 4/003 59002 70000 90761 91104==
51656 14/58 /0201 11089 21114 39269 40385 52003 60001 333 10014 21124 3/113 58002 70000 90761 91105==
51709 14/60 /3003 11065 21188 38723 40375 54000 60001 333 10020 21094 3/110 58001 70000 90761 91104==
51711 14/67 /2802 11114 21178 38079 40339 52001 60001 333 11022 21150 3/118 59002 70000 90761 91106==
51716 14/42 /0000 11086 21140 39017 40376 54000 60001 70500 333 10033 21115 3/114 58000 70000 90761 91103==
51765 14/61 /2902 11063 21114 39328 40370 52005 60001 333 10047 21124 3/113 59002 70000 90761 91105==
51811 14/29 /0000 11080 21184 38888 40382 52001 60001 70500 333 10033 21107 3/115 58015 70000 90761 91106==
51818 14/56 /2301 11081 21199 38731 40373 52004 60001 70500 333 10028 21113 3/115 58025 70000 90761 91107==
51886 14/75 /2401 11134 21273 37147 40368 52006 60001 333 11021 21149 3/119 58022 70000 90761 91105==
52203 14/62 /0701 11107 21143 39446 40384 57001 60001 333 10013 21116 3/114 58005 70000 90761 91104==
52602 14/65 /3002 11165 21259 37313 40413 52002 60001 333 11043 21174 3/121 58039 70000 90761 91108==
52818 14/74 /2301 11135 21176 37274 40369 57006 60001 333 11020 21135 3/118 58040 70006 90761 91106==
52908 14/80 /2504 11228 21379 35763 40371 52004 60001 333 11079 21235 3/127 58034 70000 90761 91119==
55228 14/80 /1501 11114 21361 36037 40267 52009 60001 333 10004 21167 3/119 58038 70000 90761 91114==
55299 14/80 /0101 11122 21336 35848 40105 52013 60001 333 10072 21124 3/122 58043 70000 90761 91124==
55578 14/80 /2505 10071 21354 36367 49979 52018 60001 333 10171 21054 3/103 58025 70000 90761 91124==
55591 14/72 /3102 10058 21260 36476 49899 52018 60001 333 10191 21019 3/108 58016 70001 90761 91114==
55664 14/78 /2101 11078 21293 36035 40149 52014 60001 333 10115 21125 3/116 58029 70000 90761 91118==
55773 14/80 /2301 11087 21177 36012 40095 52005 60001 333 10102 21145 3/117 58010 70000 90761 91111==
56004 14/80 /2703 11193 21319 35824 40315 52006 60001 333 11040 21207 3/125 58031 70000 90761 91116==
56018 14/72 /0801 11120 21254 36182 40223 52011 60001 333 10019 21132 3/119 58050 70000 90761 91110==
56312 14/80 /2002 10043 21052 37077 40091 52002 60001 333 10122 20015 3/004 58006 70000 90761 91116==
62306 42560 50505 10171 20096 40221 54000 82104 333 10191==
62309 42560 50306 10174 20096 40208 52002 85800 333 10200==
62332 42960 60710 10176 20104 40221 52009 80004 333 10201==
62337 42960 00000 10136 20098 40216 52006 333 10208==
62366 45960 00510 10168 20086 40206 52015 333 10221==
62387 42960 00204 10171 20094 40193 52010 333 10234==
62393 42960 03604 10165 20072 40212 52011 333 10236==
62405 42960 01503 10192 20027 40174 52010 333 10270==
62414 42960 03606 10221 20034 40169 52017 333 10289==
62419 42960 03603 10206 20033 40157 52013 333 10267==
62420 42960 00401 10170 20022 40194 52011 333 10236==
62435 42960 50105 10206 20018 40177 52017 80008 333 10266==
62455 42960 00405 10191 20057 40198 52010 333 10218==
62458 42960 00000 10163 20102 40199 52008 333 10218==
62459 42960 00000 10177 20117 40188 52007 333 10211==
62465 32960 42703 10189 20116 40182 52008 80004 333 10225=
63333 42980 01302 10176 20099 38180 40196 333 10275 58001=
63450 42580 40808 10164 20063 37749 4026=
