SMPK OPKC 201800=
41504 02995 01302 10040 21072 37804 48456 60013 333 59043 60007 RH44%=
41506 02995 00000 10025 20014 38523 48521 60003 333 58032 60007 92% CORR=
41506 02995 00000 10025 20014 38523 48521 60023 333 58032 60007 92%=
41507 02996 00000 10080 20070 39275 49807 60073 333 58060 60007 93%=
41508 02995 00000 10022 20008 38670 48534 60003 333 58039 60007 91%=
41509 02996 40000 10045 20034 38772 48506 60273 84030 333 56090 58046 60007 84360 RH92%=
41510 02996 40000 11010 21023 37896 48522 60003 84030 333 56090 59013 60007 84360 91%=
41515 12695 30000 10024 21001 38540 48502 60133 83500 333 56900 59022 60007 83650 83%=
41516 02696 60000 10080 20010 38522 48480 60003 82510 333 56990 58022 60007 82640 85460 RH61%=
41517 01696 70000 10050 21024 37760 48482 60003 70422 83570 333 56990 59004 60007 83640 87760 59%=
41518 02696 81802 10094 21006 38/// 48/// 69903 8352/ 333 5699/ 5//// 83640 88460 51%=
41519 02996 30000 10110 20022 38756 48495 60003 80001 333 56009 58043 60007 83070 54%=
41520 02595 81802 10020 21004 37593 48237 69903 70272 8662/ 333 45999 5699/ 59007 69907 83720 83640 88462 84%=
41523 02995 00000 10065 20043 39101 48505 60003 333 58058 60007 86%=
41524 02996 00000 10090 20059 39369 40253 60103 333 58062 60007 81%=
41525 12996 00000 10000 21026 37667 48403 60003 333 59018 82%=
41528 01996 00000 10060 20049 39249 48517 60273 70400 333 58043 60007 93%=
41529 02996 02302 10100 20079 39806 40199 60043 333 58053 60007 87%=
41530 019// 01804 10100 20090 39769 40195 60033 70500 333 60007 58064 87%=
41534 02996 00000 10095 20080 39773 40201 60043 333 58056 60007 93%=
41535 02996 00000 10045 20034 38722 48485 60263 333 58040 60007 RH92%=
41536 02495 30000 10060 20049 39059 48514 60193 83700 333 56900 58050 60007 83720 93%=
41560 02696 50000 10050 20004 38294 48525 60003 82520 333 56990 59009 60007 82630 83460 72%=
41562 02996 31302 10120 20079 39703 40176 60003 83030 333 56090 58052 60007 83362 76%=
41565 02996 00000 10044 20022 38664 48527 60003 333 58048 60007 85%=
41567 01996 00000 10115 20074 39704 40129 60153 70400 333 58022 60007 75%=
41571 116// 40904 10090 20056 39612 40213 60073 70511 81530 333 56990 58074 RH81%=
41572 01996 02704 10080 20070 39549 40196 60033 70400 333 58074 60007 RH 94%=
41573 02997 03602 10010 21061 37960 48500 60173 333 58003 60007 59%=
41574 02697 40000 10010 21002 38348 48532 60263 82570 333 56990 58019 60007 82640 83460 92%=
41576 02997 00000 10105 20074 40196 60103 333 58055 60007 81%=
41577 01996 00000 10085 20075 39575 40209 60233 70421 333 56000 58077 60007 RH 93%=
41593 01996 00000 10125 20096 39966 40188 69903 70400 333 58073 60007 82%=
41597 01996 30000 10110 20090 40199 69903 70421 83030 333 56090 58056 60007 83362 87%=
41598 01996 02302 10095 20051 39899 40181 60083 70400 333 58047 60007 74%=
41599 01996 20000 10095 20085 39899 40199 60213 70401 83030 333 56090 58060 69907 83360 93%=
41599 01996 20000 10095 20085 39899 40199 60213 70401 83030 333 56090 58060 69907 83360 93%=
41600 01996 00000 10090 20080 39891 40198 60283 70400 333 58075 60007 93%=
41620 31996 01802 10090 21006 38577 48480 60083 70500 333 58017 60007 51%=
41624 01996 00000 10150 20092 39970 40175 60003 70400 333 58044 60007 68%=
41625 01996 00000 10135 20085 39957 40162 60003 70400 333 58045 60007 72%=
41630 01996 00502 10120 20101 40190 60073 70496 333 58057 60007 88%=
41630 01996 00502 10120 20101 40190 60073 70496 333 58057 60007 88%=
41633 02996 00000 10125 20116 3//// 4//// 69923 333 5//// 60007 94%=
41634 02996 00000 10100 20059 3//// 4//// 60143 333 5//// 60007 76%=
41635 01996 00000 10115 20095 3//// 4//// 69943 70400 333 5//// 60007 88%=
41636 01996 00000 10135 20116 39994 40183 60013 70400 333 58050 60007 88%=
41638 01996 20502 10130 20111 4//// 60003 70400 82030 333 56090 5//// 60007 82360 88%=
41639 01996 03102 10105 20085 3//// 4//// 60233 70400 333 5//// 60007 87%=
41640 01995 00000 10120 20090 39932 40190 60163 71040 333 58065 60007 82%=
41641 01996 00606 10105 20074 39908 40191 60143 70400 333 58064 60007 81%=
41642 01996 00000 10100 20079 3//// 4//// 60323 70400 333 5//// 60007 87%=
41643 01995 10100 20079 39892 40178 60453 70412 333 58005 60007 87%=
41644 01696 30000 10105 20095 3//// 4//// 60003 70400 83020 333 56090 5//// 60007 83460 94%=
41646 01995 00502 10130 20111 39984 40203 60003 71000 333 58063 60007 88%=
41652 01996 03104 10150 20132 39995 40177 60003 70400 333 58050 60007 89%=
41660 029// 62306 10060 21041 38446 48537 60003 82031 333 56099 58018 60007 82362 84070 RH48%=
41661 02996 00000 10060 20003 38392 48522 60003 333 58016 60007 67%=
41669 02996 00502 10135 20106 3//// 4//// 60003 333 5//// 60007 83%=
41670 01996 00000 10130 20091 4//// 60003 70400 333 5//// 60007 77%=
41674 01996 00506 10165 20109 3//// 4//// 60003 70400 333 5//// 60007 70%=
41675 01996 00504 10160 20114 30027 40173 60003 70400 333 58053 60007 74%=
41675 01996 00504 10160 20114 30027 40173 60003 70400 333 58053 60007 74%=
41676 01996 03104 10150 20113 30023 40183 60003 70400 333 58043 60007 78%=
41677 01996 03104 10130 20111 39979 40150 60003 70400 333 58032 60007 88%=
41678 01996 00502 10160 20124 40163 60003 70400 333 58033 60007 79%=
41679 01996 30502 10115 20105 4//// 60003 70411 83030 333 56090 5//// 60007 83360 94%=
41680 01996 00000 10125 20106 39978 40183 60003 70400 333 58052 60007 88%=
41685 02997 03102 10110 21008 38918 48497 60003 333 58033 60007 RH44%=
41696 02996 00000 10030 21051 38010 48540 60003 333 58014 60007 RH55%=
41697 02996 00000 10200 20149 40151 60003 333 58026 60007 RH73%=
41700 01995 00000 10155 20128 40161 60003 71000 333 58044 60007 84%=
41701 01995 00000 10140 20122 30034 40180 60003 71000 333 58042 60007 89%=
41710 12996 21304 10180 21027 39336 40102 60003 82010 333 56090 59017 82460 RH24%=
41712 12996 00502 10155 21038 39196 48511 60003 333 59006 RH26%=
41715 01994 00000 10170 20094 30091 40157 60003 70400 333 58025 60007 RH61%=
41716 01996 00905 10180 20095 30064 40169 60003 70400 333 58038 60007 58%=
41718 01995 00504 10170 20125 30035 40140 60003 70400 333 58023 60007 75%=
41724 01995 00000 10190 20108 30072 40151 60003 70500 333 58026 60007 RH59%=
41725 01996 00504 10200 20130 30062 40141 60003 70500 333 58028 60007 RH64%=
41726 01996 00000 10250 20151 30068 40140 60003 70500 333 58007 60007 RH54%=
41738 02996 21808 10240 20053 39977 40156 60003 82040 333 56090 58000 60007 82460 RH30%=
41739 02996 00000 10180 20025 39043 48504 60003 333 58002 60007 RH35%=
41742 12996 01302 10230 20079 40141 60003 333 58033 60007 RH38%=
41743 01996 00000 10190 20118 60003 70400 333 60007 RH 63%=
41744 12996 00000 10155 21038 38787 48511 60003 333 58015 RH 26%=
41745 01996 00000 10215 20148 60003 70400 333 60007 RH66%=
41746 02996 03602 10180 20127 30081 40134 60003 333 58039 60007 RH71%=
41747 02996 00000 10185 20142 40140 60003 333 58029 60007 RH76%=
41748 02995 00502 10210 20142 40153 60003 333 58028 60007 RH65%=
41749 01996 00904 10200 20140 30104 40138 60003 70400 333 58028 60007 RH68%=
41756 01995 31804 10220 20180 30078 40144 60003 70504 80001 333 56009 58005 60007 83070 RH78%=
41757 12996 41804 10220 20163 30135 40148 60003 84030 333 56090 58020 60007 84360 RH70%=
41764 02996 00000 10230 20146 30086 40137 60003 333 58024 60007 RH59%=
41765 02996 00000 10245 20164 30104 40139 60003 333 58024 60007 RH61%=
41766 01996 00000 10210 20160 30115 40144 60003 70400 333 58026 60007 RH73%=
41767 22996 00000 10220 20172 3//// 4//// 60003 333 60007 RH74%=
41768 02996 00000 10210 20142 30137 40144 60003 333 58034 60007 RH65%=
41780 02996 00000 10230 20146 30115 40142 60003 333 58032 60007 RH59%=
41785 02996 00000 10240 20168 30134 40147 60003 333 58029 60007 RH 64%=
41786 02996 00000 10210 20111 30093 40129 60003 333 58027 60007 RH53%=
41BKI 02996 01304 10115 20074 39761 40189 60033 333 58062 60007 76%=
41SKP 01996 00000 10095 20095 3//// 4//// 60403 70400 333 5//// 60007 100%=
43532 01996 00000 10055 20032 39340 40174 60243 70400 333 58040 60007 85%=
43533 02997 00000 10070 20048 39236 48488 60253 333 58065 60007 86%=
43563 02997 00502 10100 20070 39478 40187 60243 333 58055 60007 82%=
41783 02996 02702 10245 20163 30095 40124 60003 333 58015 60007 RH 64%=
Data Generated from File : D:/all data handling/Rmc_lhr/2025022018.FSU.txt
20/02/2025   18:59:36
____________________________________________________________________________________________
15020 04570 33002 11035 21099 30157 40368 52013 69942 82540 333 10006 21038 3/001 41998 55300 20000 60007 91003 90760 91103==
15090 04570 70502 11033 21107 30269 40368 52015 69922 87500 333 10013 21037 3/007 41998 55300 10130 20000 30000 60007 91003 90760 91103==
15108 01160 82901 11151 21167 38122 48553 52008 69952 72272 8557/ 333 11108 21163 49090 55300 20000 69957 91003 90760 91103==
15150 04570 83402 11014 21096 30140 40366 52013 69922 8557/ 333 10009 21102 34003 55300 20000 60007 91004 90760 91105==
15170 04565 71202 11034 21100 39519 42888 52009 60002 82370 333 11017 21164 3/006 41998 55300 20000 60007 91003 90760 91103==
15280 02270 20306 11201 21222 37486 47000 52005 60002 82500 333 11126 21211 49084 55300 20000 60007 91007 90760 91109==
15310 01/70 13503 11014 21092 30262 40353 52015 69902 70281 81040 333 10036 21052 34008 55300 10250 20000 30000 60007 91006 90760 91106==
15335 01570 63602 11012 21083 30340 40348 52016 69902 70282 83530 333 10051 21039 34011 55300 20000 60007 91003 90760 91106==
15350 04570 80502 11010 21045 30236 40363 52016 60002 885// 333 10014 21070 3/001 43005 55300 20000 60007 91002 90760 91106==
15360 04/70 70210 11001 21049 30317 40335 51011 69902 87070 333 10030 21041 60007 91012 90760 91112==
15420 02960 02401 11049 21066 30235 40354 52009 60002 333 10033 21115 3/000 43026 55300 20000 60007 91002 90760 91102==
15460 07/49 43603 11067 21082 30336 40363 53016 60002 7101/ 84070 333 11010 21071 3/001 47018 55300 20000 60007 91005 90760 91106==
15470 01901 02301 11104 21115 30221 40359 53004 60002 74641 333 11044 21106 3/002 43007 55300 20000 60007 91002 90760 91102==
15480 01458 83202 11012 21037 30326 40345 51014 69902 77122 8672/ 333 10011 21061 3/004 4/002 55300 10080 20000 30000 69907 91004 90760 91107==
15549 12970 02901 11066 21069 39904 40350 53005 60002 333 10004 21087 43020 555 597//=
15552 12960 03404 11015 21085 30287 40339 52005 60002 222// 00054 10301 333 10027 21048 41003 555 559// 92024 92427=
15640 12970 00000 11019 21034 30016 40346 53008 60002 333 10011 21060 41997 555 590//=
15655 12568 13402 11011 21053 30302 40337 53005 60002 81500 222// 00056 10301 333 10021 21056 42003 555 570// 92032 92437=
15730 12970 50202 11019 21093 39920 40339 53009 60002 83031 333 10022 21052 41998 555 557//=
16627 12560 30505 10000 21063 30327 40334 52020 60002 82160 333 10050 90730 91115==
16650 12560 30613 10036 21083 30311 40320 52009 60002 83130 333 10054 90730 91117==
16667 12560 40212 10048 21011 30289 40300 52015 60002 84400 333 10068 90730 91125==
16706 12560 40220 10064 20010 30275 40281 51014 60002 84500 333 10076==
16723 12560 23610 10070 21022 30246 40260 52013 60002 82400 333 10092 90730 91120==
16742 12560 20114 10072 21019 30080 40240 52011 60002 82100 333 10106 90730 91122==
16749 12960 03514 10104 20007 30195 40210 52009 60002 333 10122 90730 91121==
16754 12560 63316 10094 20023 30221 40271 52007 60002 86800 333 10106 82820 86625 90730 91127==
16760 12560 63613 10060 21005 40267 52009 60002 86800 333 10079 82820 86625 90730 91125==
16765 12560 23324 10094 21011 40222 51004 60002 82400 333 10118 90730 91134==
17022 11570 51506 11001 21034 30137 40312 50006 69972 72682 85200 333 10028 85831 90760 91118==
17024 16/71 ///// 11015 21023 30222 40305 52011 60012 333 10011==
17026 11556 80202 11012 21022 30267 40308 52009 60062 77177 8652/ 333 10027 86628 88458 90760 91122==
17031 11107 73604 11005 21008 30284 40291 50010 60082 78688 87200 333 10028 85703 87825 90760 91122==
17034 12670 72106 10019 21027 30234 40282 50008 60022 83250 333 10042 83835 87360 90760 91120==
17038 11458 72406 10024 21042 30221 40271 52009 60052 78582 87200 333 10043 85712 87828 90760 91118==
17042 11420 81103 10007 21003 30234 40276 52008 60132 77177 8672/ 333 10020 83712 84628 88556 90760 91115==
17050 12970 00000 10000 21047 30283 40349 52012 60002 333 10038 90760 91110==
17056 12670 63606 10012 21054 30329 40334 52014 60002 83530 333 10046 83635 86360 90760 91116==
17060 12560 53611 10017 21041 30280 40322 52008 69902 85200 333 10043 85828 90760 91127==
17070 12665 30503 11046 21090 39383 40301 52012 60012 83500 333 11008 83634 90760 91112==
17074 11570 71301 11066 21071 39315 40303 52013 69932 77077 84520 333 11007 84627 87458 90760 91112==
17084 11670 50604 11040 21058 39331 40285 52017 69902 70187 83550 333 10011 83635 85360 90760 91113==
17085 11970 00000 11019 21058 39763 40279 52020 69962 70272 333 10023 90760 91114==
17092 12660 70000 11061 21083 38847 48469 52015 60032 84550 333 11006 84640 87357 90760 91121==
17096 11660 72203 11091 21115 38182 48461 52012 60042 70173 85550 333 11061 85635 87358 90760 91120==
17098 11345 80110 11089 21137 38135 48457 52008 69902 77177 8652/ 333 11069 82709 86625 88457 90760 91124==
17100 11570 82803 11007 21057 39157 40182 51008 60032 70272 8671/ 333 10003 86725 86457 90760 91115==
17112 12670 30305 10023 21085 30318 40321 52014 60002 83100 333 10057 83835 90760 91116==
17115 12460 60215 10021 21064 30266 40319 51009 60002 86200 333 10052 83710 86830 90760 91125==
17116 11558 70704 10009 21041 30189 40316 51010 69902 78582 85250 333 10047 85830 87359 90760 91117==
17124 12660 33107 11050 21089 39337 40303 52015 60002 83500 333 10014 83640 90760 91121==
17128 11670 20707 11056 21125 39130 40292 52016 69902 70182 82200 333 11013 82840 90760 91125==
17135 12670 43505 11026 21082 39349 40268 52014 60002 84500 333 10016 84640 90760 91114==
17140 11665 50701 11082 21101 38717 48494 52013 69912 72681 85200 333 11032 85838 90760 91109==
17150 11560 63612 10010 21027 30177 40307 52012 69902 78581 86200 333 10055 82720 86830 90760 91127==
17160 11970 00207 11049 21106 39044 48493 52009 69902 70181 333 11006 90760 91121==
17170 11216 80504 11032 21037 38247 48423 52019 60012 77172 8751/ 333 10071 85705 87620 88457 90760 91122==
17175 12665 31202 10019 21039 30297 40302 52014 60002 83100 333 10074 83840 90760 91117==
17184 12670 33506 10010 21042 30173 40290 52013 60002 83200 333 10071 83840 90760 91118==
17190 11670 13304 11046 21109 39037 48516 52017 69902 70171 81500 333 10003 81635 90760 91114==
17195 11570 40409 11047 21092 38984 48489 52010 69922 70381 84400 333 11021 84633 90760 91116==
17200 12960 03018 11018 21101 39170 40190 52011 60002 333 10035 90760 91125==
17202 11470 72606 11011 21049 39100 40173 52010 60032 72272 85550 333 10007 82715 85630 87358 90760 91114==
17203 12670 62303 11045 21106 38828 48476 52013 60062 84250 333 11004 84840 86360 90760 91108==
17210 11665 72401 10012 20008 39075 40118 51007 60182 72276 83150 333 10074 83835 87359==
17219 12565 10113 10025 21064 30132 40283 52015 60002 81100 333 10082 81830 90760 91128==
17234 12670 13103 10056 21048 30180 40251 52008 60002 81100 333 10117 81840 90760 91109==
17237 12670 33601 10036 21091 39739 40261 52021 60002 83200 333 10090 83840 90760 91116==
17240 12570 40406 11006 21067 39063 40249 52015 60002 84500 333 10024 84630 90760 91128==
17244 11570 43409 11038 21081 39024 48502 52012 69902 70281 84200 333 10002 84830 90760 91126==
17248 11665 80605 11028 21086 38993 48487 52013 69902 70272 8552/ 333 10015 85635 88460 90760 91110==
17250 12670 40706 11057 21102 38810 48491 52012 60002 84500 333 11018 84640 90760 91120==
17260 12960 03512 10012 21111 39292 40128 52019 60002 333 10084 90760 91120==
17270 12670 33105 10037 21064 39485 40144 52013 69922 83200 333 10097 83840 90760 91115==
17275 12670 33613 11008 21039 38913 48431 52008 60062 81430 333 10046 81640 83360 90760 91124==
17280 11660 32712 10012 21043 39333 40141 52010 60022 70161 81530 333 10053 81640 83360 90760 91119==
17290 12970 03308 10073 21042 30211 40244 52012 60002 333 10115 90760 91125==
17292 12970 00000 10021 21108 39446 40229 52009 60002 333 10068 90760 91111==
17300 12960 03215 10072 21080 30150 40223 52025 60002 333 10119 90760 91133==
17310 12970 01104 10098 21104 30167 40174 52019 60002 333 10157 90760 91112==
17330 12970 02705 10082 21089 30163 40181 52022 60002 333 10137 91016 90760 91120==
17350 12/60 40115 10069 21072 30087 40167 52024 60002 84030 333 10135 84360==
17370 12/70 20000 10094 21033 30173 40177 52030 60002 82030 333 10183 82360==
17375 12970 03403 10105 21093 30184 40186 51016 60002 333 10151 90760 91110==
33088 32997 00000 11080 21109 30179 40385 52010 333 11018 555 1/117=
33135 116// 80502 11053 21124 30219 40376 52014 69902 70282 8455/ 333 11036 84640 555 1/107=
33177 32997 00000 11060 21106 30124 40378 53011 333 10005 555 1/107=
33317 329// 23601 11081 21126 30018 40381 52010 82030 333 11029 555 1/115=
33393 12960 23002 11035 21119 39956 40370 52007 69922 80001 333 10006=
33415 32997 00000 11038 21087 39951 40372 52011 333 11004 555 1/107=
33429 32997 00502 11087 21120 39925 40380 52013 333 11017 555 1/108=
33466 32581 80104 11051 21126 30167 40367 52015 885// 333 11021 555 14105=
33506 11597 73402 11068 21084 30129 40338 52014 69922 78581 87900 333 11043 555 1/107=
33562 11560 70000 11054 21100 30055 40380 52011 69922 70282 87500 333 11026 555 1/106=
33587 325// 70302 11048 21115 30084 40365 52013 87500 333 11024 87626 555 1/107=
33658 12770 20000 11051 21114 30052 40371 52011 69932 82500 333 10003 555 1/106=
33663 32597 63602 11019 21103 30264 40365 52015 86500 333 10004 555 1/102=
33664 32597 60301 11060 21117 30031 40369 52015 85530 333 11002 555 80017=
33678 32898 82801 11044 21107 30158 40382 52010 8805/ 333 11019 555 80014=
33679 32497 83202 11053 21108 30158 40362 52003 885// 333 11011 88617=
33711 11442 83504 11055 21077 30124 40347 52015 69902 78581 883// 333 11020 88711 555 1/107=
33745 12597 60202 11027 21100 30178 40383 52014 69902 84930 333 10011 555 80010=
33748 12997 61002 11034 21124 30056 40357 52009 69942 86030 333 11006 555 80012=
33754 32997 83502 11029 21112 30202 40357 52014 8805/ 333 10003=
33761 12470 83603 11046 21101 30121 40358 52013 69902 8532/ 333 11022 555 1/106=
33791 12985 60204 11068 21110 30205 40342 52013 69982 86030 333 11023 555 1/107=
33815 11598 60102 11032 21104 30136 40356 52016 69912 70282 86500 333 11007=
33837 11984 60207 11031 21118 30288 40343 52015 69982 70282 85051 333 10008 555 1/104=
33881 32598 50502 11039 21084 30152 40361 52017 85500 333 10012 555 80012=
33883 11597 73503 11042 21076 30176 40348 52018 69902 70282 87500 333 10015 555 80014=
33885 32597 80505 11033 21107 30222 40364 52022 885// 333 10010 555 80012=
33892 12997 70202 11038 21120 30145 40370 52018 87030 69902 333 11003 555 80024=
33902 11997 03603 11066 21103 30272 40336 52017 69952 70281 333 10014 555 1/104=
33924 11570 80305 11009 21041 30301 40314 52012 69932 70282 889// 333 10023 91010==
33946 12971 01004 11052 21093 30080 40315 52005 60002 333 10003==
33983 12560 10103 11068 21110 30245 40310 52006 69902 81500 333 11012==
34300 11597 60000 11074 21106 30147 40336 52016 60022 70287 86500 333 11035 555 1/112=
34336 42960 50000 11107 21148 30237 40349 52014 80009==
34344 42970 00000 11145 21157 30251 40348 52013==
34356 42970 00000 11145 21176 30194 40356 52009==
34357 42970 00000 11083 21153 30179 40344 51010==
34398 129// 40205 11148 21175 30312 40326 52004 60002 80005 333 11078==
34415 32997 62701 11052 21106 30219 40321 52013 86030 333 11012 555 1/110=
34438 42960 01001 11128 21177 30139 40347 52011==
34445 42970 03001 11177 21198 30228 40354 52012==
34461 42960 00000 11099 21139 30289 40349 52008==
34473 329// 00303 11133 21159 30300 40342 52008 333 11071=
34476 42970 00204 11115 21144 30331 40339 52010==
34504 11580 63604 11056 21103 30142 40327 52010 69922 70282 86500 333 11036=
34535 42970 01601 11098 21153 30265 40342 52013==
34545 41/70 20603 11081 21125 30223 40342 52011 70182 80030==
34555 42/70 20104 11074 21108 30251 40348 51011 82030==
34560 42960 00704 11103 21131 30141 40346 52010==
34578 42960 00103 11095 21119 30324 40331 51006==
34579 42970 03603 11115 21143 30284 40331 52005==
34644 42960 00502 11074 21133 30248 40330 52011==
34646 42670 60803 11046 21108 30244 40330 52009 85530==
34655 42960 00402 11094 21142 30269 40334 51009==
34662 42970 00402 11101 21137 30324 40336 51009==
34691 12970 23604 11097 21161 30529 40516 52008 60002 80002 333 11042==
34720 42970 00202 11054 21108 30284 40326 52011==
34727 42960 00703 11044 21097 30291 40323 52008==
34743 42960 00502 11079 21158 30233 40329 52009==
34759 42960 30302 11086 21140 30183 40323 52008 80001==
34772 42960 00106 11094 21134 30316 40319 52008==
34785 42960 03605 11087 21188 30324 40300 52005==
34798 12960 03503 11076 21111 30450 40419 52002 60002 333 11050==
34824 42960 00302 11047 21101 30312 40317 52009==
34838 42960 30901 11070 21135 30209 40312 51009 80009==
34845 42970 00000 11106 21134 30199 40315 52005==
34858 42/60 70000 11075 21123 30198 40313 51007 87030==
34861 42/60 50605 11080 21177 30056 40315 52006 85030==
34866 42/60 70205 11065 21163 30318 40309 52006 80071==
34880 42/60 23603 11065 21168 30317 40289 52006 82030==
34887 42/70 80000 11078 21139 30311 40287 52003 82037==
34949 42/70 30703 11160 21201 39727 40326 52005 83030==
34954 42560 80000 11089 21143 30129 40315 51005 885//==
34958 42570 80000 11105 21144 30100 40314 50005 885//==
34975 42570 83502 11079 21125 30300 40296 52005 885// 333 88620==
34984 42970 03101 11075 21130 30322 40290 52005==
35217 125// 80704 11126 21161 30273 40316 58001 60002 885// 333 11105==
35302 12/// 30607 11151 21193 30306 40328 52006 60002 83030 333 11104==
35315 114// 80408 11100 21142 30232 40292 58001 69950 77173 8802/ 333 11090=
35344 114// 80506 11122 21151 30014 40320 51001 69970 77173 8802/ 333 11119=
35358 12/// 80203 11094 21129 30126 40305 52003 60002 8802/ 333 11061==
35368 329// 00000 11128 21163 30035 40319 52003 333 11064=
35386 329// 00000 11130 21165 39784 40336 52004 333 11068=
35394 12970 00000 11104 21133 39626 40336 52004 60002 333 11006==
35404 329// 10506 11132 21159 30301 40310 53011 80001 333 11086=
35406 11/// 80404 11102 21122 30285 40287 54000 69902 77177 8802/ 333 11089==
35416 11/// 80606 11090 21106 30155 40281 52006 60022 77173 8802/ 333 11063==
35426 115// 80404 11115 21143 39988 40296 52004 69952 70273 885// 333 11086==
35437 114// 80502 11106 21129 39962 40291 53007 60050 77172 8802/ 333 11081=
35449 329// 80403 11097 21128 30194 40302 52005 8807/ 333 11074=
35497 129// 00000 11115 21124 39800 40666 52007 60002 333 11030==
35498 329// 00000 11160 21158 39393 40312 52002 333 11022=
35514 31997 80203 11073 21086 30510 40506 58002 77072 8802/ 333 11058=
35522 114// 80706 11094 21124 30013 40276 52008 69970 77177 8802/ 333 11067=
35542 115// 80504 11095 21111 30146 40301 58002 69940 70272 885// 333 11084=
35563 32998 80000 11104 21127 39510 40314 52003 80001 333 11044=
35576 125// 71003 11118 21140 39857 40331 52012 60002 87500 333 11066==
35582 329// 00701 11157 21184 39704 40347 52006 333 11058=
35594 329// 01301 11195 21211 39464 40374 52004 333 11049=
35605 32598 80506 11077 21099 30285 40262 58001 885// 333 11072=
35633 115// 80705 11082 21092 30063 40286 52003 69940 71072 885// 333 11068=
35671 12970 00000 11140 21163 39869 40327 52008 60002 333 11055==
35699 129// 00204 11094 21123 39548 40336 52005 60002 333 11036==
35700 11/20 80104 11068 21080 30279 40254 58001 60002 77372 8802/ 333 11065==
35715 11396 80603 11023 21038 30247 40232 54000 60040 77177 8802/ 333 10000=
35739 126// 80903 11032 21071 30112 40254 58001 69920 885// 333 11023=
35746 125// 80602 11014 21034 30201 40269 52003 69902 885// 333 11010==
35777 324// 80000 11063 21108 39954 40311 52005 886// 333 11036=
35796 12960 00204 11087 21098 39877 40331 52008 60002 333 11054==
35849 125// 80703 11007 21038 30173 40260 52001 60002 885// 333 10023==
35895 32997 03402 11114 21124 39869 40338 52008 333 11054=
35907 32598 83508 11059 21081 30292 40260 58001 885// 333 11049=
35925 115// 80903 11003 21006 30120 40232 52003 60002 77962 8872/ 333 10015==
35927 115// 80000 11006 21006 30222 58001 60020 77172 8802/ 333 10015=
35953 129// 30802 11024 21050 30142 40275 52004 60002 80002 333 10007==
35969 125// 20000 11001 21053 30112 40288 58002 60002 82500 333 10020==
35997 319// 00000 11060 21087 39867 40316 52003 71000 333 10014=
36259 42984 01001 11333 21366 38354 48639 52002==
36335 329// 00000 11143 21170 39285 40369 58001 333 11015=
36358 329// 02303 11137 21177 39297 40371 54000 333 11019=
36394 329// 21202 11137 21157 39922 40370 52004 80001 333 11039=
36397 12/// 52004 11084 21153 39773 40358 52002 60002 85070 333 11032==
36403 319// 02801 11159 21166 39984 40371 52007 71000 333 11045=
36418 329// 20000 11185 21205 39737 40403 52002 80003 333 11120=
36421 329// 00000 11269 21289 39801 40434 52007 333 11127=
36428 129// 00301 11234 21264 39867 40422 53009 60002 333 11121==
36439 329// 01104 11113 21155 39069 48562 52005 333 11023=
36498 329// 00303 11121 21168 39528 40360 52004 333 11020=
36501 329// 00000 11104 21157 39566 40352 52003 333 11010=
36535 129// 00000 11236 21266 39723 40422 52001 60002 333 11100==
36546 319// 00000 11250 21259 39823 40423 52004 71000 333 11146=
36619 329// 00904 11092 21121 333 11033=
36622 329// 20000 11125 21160 39523 40369 52005 82040 333 11068=
36639 129// 01101 11130 21173 39711 40350 52002 60002 333 10001==
36643 329// 02201 11203 21215 39688 40410 51001 333 11115=
36665 319// 02702 11201 21220 39616 40405 52004 71000 333 11175=
36666 329// 02301 11252 21272 39872 40421 52002 333 11152=
36729 32998 02101 11101 21114 39829 40332 52002 333 11010=
36736 329// 50604 11023 21108 39773 40335 52001 82051 333 10036=
36744 329// 00501 11052 21069 39843 40304 52004 333 10036=
36770 329// 00000 11058 21069 39573 40319 52007 333 10048=
36786 32999 02902 11059 21093 39375 40318 52005 333 10061=
36796 329// 00000 11142 21175 39096 48527 52007 333 11050=
36803 32999 02602 11102 21110 39858 40328 54000 333 11015=
36806 329// 01510 11124 21192 39862 40357 52003 333 11083 91117=
36819 319// 00902 11016 21036 39670 40290 52005 71011 333 10077=
36821 119// 00501 11022 21035 39805 40302 52006 60002 71000 333 10105==
36839 32998 00000 11074 21130 39162 40329 52005 333 10024=
36843 329// 02702 11022 21063 39116 40306 52005 333 10067=
36846 329// 00604 11086 21150 38661 48542 51002 333 10037=
36859 129// 03601 11026 21039 39560 40359 52004 60002 333 10080==
36870 119// 30501 10001 21051 39270 40290 51001 60002 70411 80001 333 10079==
36874 329// 01802 11061 21087 39498 40299 52003 333 10060=
36877 329// 00000 11051 21064 333 10073=
36885 329// 01802 11017 21067 39157 40301 52004 333 10057=
36889 329// 01802 11094 21178 37056 47079 54000 333 11040=
36894 319// 30000 11020 21038 39551 40302 51003 71011 80001 333 10053=
36905 329// 61302 11021 21090 38796 48556 52001 80002 333 10064=
36911 429// 00000 10000 21008 39297 40284 52002 333 10096=
36927 42697 20000 11012 21078 38377 48544 52006 82900 333 10053=
36934 42697 30801 11029 21110 38290 48420 51001 82902=
36953 326// 70000 11118 21146 38238 48508 52002 86943 333 11005=
36963 429// 31601 11121 21193 37037 48/// 52003 80001 333 11032=
36974 429// 51601 11072 21115 38015 48546 52006 82041 333 10022=
36982 429// 83403 11133 21173 36515 47099 52003 8807/ 333 11032=
37018 42660 70304 11040 21102 30171 40250 52003 84530 333 91012 90760 91112==
37031 42560 30502 11100 21151 30098 40308 52009 83500==
37054 41440 80402 11103 21122 39901 40314 51007 78588 889//==
37061 42/60 82901 11100 21141 30133 40315 52006 8801/==
37085 41540 82602 11070 21114 30326 40298 52004 70272 885//==
37171 42640 80603 10011 21021 30221 40240 58004 889// 333 85636==
37228 41/20 82901 11101 21117 39400 40289 52005 77172 8802/==
37235 41560 80801 11095 21107 39962 40301 52008 72272 885//==
37472 41520 83003 11073 21086 30317 40293 52007 77172 8872/==
38149 42970 00803 10033 20023 30143 40220 58003 333 10095==
38178 429// 01302 10024 21050 39935 40225 53004 333 10097==
38262 129// 00801 10032 20017 30141 40223 54000 60002 333 10122==
38264 42/70 20604 10064 20036 30123 40216 54000 82030 333 10123==
38345 42998 01001 11001 21046 38855 48548 52008 333 10089=
38353 429// 01801 10028 21020 39372 40280 52004 333 10097=
38388 72598 70902 10103 21012 30105 40175 57004 87500 333 10166 6////=
38392 72997 71006 10068 20084 30103 40206 58002 87030 333 10132 6////=
38396 42960 80804 10064 20028 30091 40216 58005 80007 333 10132==
38403 42/// 50502 10064 21004 30101 40222 52001 85070 333 10124==
38413 429// 01102 10036 21017 39959 40254 52003 333 10103==
38457 12960 03602 10056 20027 39651 40241 57002 60002 333 10130==
38462 429// 00000 11009 21099 38791 48523 52005 333 10102==
38507 72496 83508 10040 20022 30078 40182 52005 8457/ 333 10095 6//// 91010=
38545 72998 20903 10071 20023 30039 40215 53002 82080 333 10141 6////=
38565 129// 01202 10028 20012 39613 40187 58006 60002 333 10132==
38579 129// 00000 10030 20017 39817 40242 54000 60002 333 10123==
38583 12960 00201 10054 20022 39916 40240 58014 60002 333 10131==
38599 31996 00202 10032 20004 39701 40246 57002 71000 333 10121=
38611 41/20 73502 10052 20006 39680 40256 52001 71022 87060 333 10140==
38613 429// 00101 10026 21013 40267 52004 333 10120=
38616 429// 01801 10016 21022 39242 40275 51003 333 10101=
38618 129// 50000 10039 21001 39551 40249 52004 60002 80001 333 10122==
38647 72997 20000 10085 20030 30098 40140 57005 82030 333 10146 6////=
38656 72997 00904 10118 20011 30064 40172 52001 333 10183 6////=
38683 42960 40702 10054 20019 39931 40210 57008 80001 333 10140==
38687 72997 70903 10077 20032 39973 40207 57002 87050 333 10140 6////=
38696 129// 00702 10046 20026 39363 40225 58004 60002 333 10131==
38713 329// 01402 10012 21048 39066 48530 58005 333 10087=
38750 72997 02902 10051 20021 30207 40178 54000 333 10138 6////=
38763 72997 20000 10075 20030 30047 40151 58006 80001 333 10146 6////=
38774 72995 02201 10096 20050 39968 40162 58002 333 10156 6////=
38799 32997 00902 10080 20043 39974 40206 53008 333 10156=
38806 72997 00901 10078 20029 39934 40194 58003 333 10156 6////=
38812 42960 20603 10079 20013 39746 40197 58015 80001 333 10160==
38880 02997 50203 10080 20022 39902 40156 52001 60002 82031 333 10190 6////=
38886 72997 02201 10112 20029 39939 40164 53006 333 10194 6////=
38895 32996 31102 10100 20050 39900 40187 52003 80002 333 10172=
38911 32997 00602 10068 21011 39917 40214 53004 333 10155=
38915 32997 21203 10116 21005 39879 40200 58004 80001 333 10164=
38927 12960 30604 10083 20040 39835 40211 56004 60002 80001 333 10157==
38933 329// 03601 10099 20030 39719 40237 57019 333 10135=
38944 129// 03604 10071 20036 39631 40167 53001 60010 333 10122=
38974 72998 82002 10125 20038 39824 40152 53007 85078 333 10190 6////=
38987 32996 70000 10088 20064 39436 40173 54000 80002 333 10166=
40100 43/70 63510 10135 20055 30160 40176 51013 6///1 333 58///=
40180 12560 52706 10140 20051 30128 40178 52014 60012 85800 333 10182 20133 70000==
40199 02/// /0202 333 70000==
40255 16/// /2706 10077 29080 3//// 4//// 5//// 60062=
40265 11850 33010 10075 20021 39375 40176 52009 60022 70560 83000 333 10125 83358=
40270 11556 42612 10075 20049 39261 40167 52014 60032 78062 84200 333 10115 82825 83630=
40272 11540 62719 10080 20035 39329 40170 52011 60012 70721 86800 333 10125 81825 85630=
40296 36/// /0000 10180 29053 4//// 5////=
40340 32660 43509 10177 20061 40184 52024 84100 333 10234 84845=
40356 42560 42818 10094 20010 39170 48475 84500 333 10144 58024 55/// 84630 555 04410 50154=
40357 41958 02816 10142 20030 39497 40133 70700 333 10200 58035 55///=
40360 42560 62812 10116 20040 39569 40166 86500 333 10182 58029 86630==
40361 42960 02912 10131 20040 39381 40182 333 10176 58047==
40362 42960 02706 10147 20020 39620 40138 333 10214 58008 55///=
40373 42960 02603 10157 20140 39718 40137 333 10217 59017 55///=
40375 42960 03212 10152 21010 39275 40151 333 10196 58032 55///=
40394 42960 02708 10134 20000 39030 48507 333 10178 58043 55/// 555 04410 50155=
40400 42960 03208 10202 20100 30139 40167 333 10239 58035 55///=
40405 42960 03505 10151 20040 39410 40156 333 10218 58044 55000=
40417 42960 01005 10180 20130 30102 40117 333 10238 59035 55///=
40420 42960 21903 10189 20050 39907 40115 80002 333 10263 59034 55/// 82070=
40430 42960 02106 10219 20000 39409 40145 333 10256 58025 55///=
40437 42960 03110 10196 20040 39442 40137 333 10266 59006 55///=
40439 42960 02715 10210 20110 30129 40147 333 10280 58030 55///=
40582 42960 01106 10168 20142 40127 51015 333 55300 00000 10198 20000 30000 41097 51296 60000 55407 40000 90401 91007 91117 91213 91307=
40703 11650 80608 11012 21019 38836 40107 52019 69911 77072 8332/ 333 55006 70001 82935 83640 88458 555 11014 29095=
40706 11440 60703 10038 20001 38566 40100 50001 69931 70582 85370 333 55000 20699 70007 82710 83932 86457 555 10023 29077=
40712 12560 52003 10026 21014 38584 40086 52010 60001 85300 333 55065 21264 70000 83930 83635 555 10010 29075=
40713 12960 81404 10041 21018 38584 40094 53003 60001 8801/ 333 55000 70000 88459 555 10018 29065=
40718 11440 83108 10060 20052 30224 40195 52010 60101 76366 8632/ 333 55000 20176 70118 83912 85615 88557 555 10057 29095=
40723 12960 43403 10034 21045 38924 40165 50001 60001 80006 333 55052 21367 70000 84268 555 10006 29056=
40726 12660 31906 10038 21022 38581 40100 51003 60001 83500 333 55001 70000 83635 555 10015 29065=
40727 12660 31602 10030 21023 38415 40120 50003 60001 83500 333 55000 20798 70000 83640 555 10009 29068=
40732 12460 83302 10084 20060 30192 40167 53005 60001 8662/ 333 55000 70000 86715 88458 555 10073 29085=
40736 12560 82301 10098 20089 30191 40165 58001 60001 8461/ 333 55008 70000 84722 88459 555 10094 29094=
40738 11456 82702 10105 20086 30175 40177 58002 60001 71022 8652/ 333 55057 21031 70000 83715 85627 88457 555 10096 29088=
40739 12965 40000 10070 21079 38655 40146 51008 60001 80006 333 55078 21538 70000 84268 555 10018 29034=
40741 12960 21103 10132 20032 39821 40150 50001 60001 80002 333 55096 70000 82070 555 10087 29051=
40743 12965 20902 10099 21027 39028 40133 54000 60001 80002 333 55066 21420 70000 82070 555 10049 29041=
40745 12960 41903 10099 20039 39008 40149 58007 60001 80002 333 55081 21635 70000 84067 555 10071 29066=
40747 11660 69901 10025 21003 38584 40144 52008 69901 70282 84370 333 55007 20954 79999 81935 83840 86459 555 10014 29082=
40754 12663 70802 10121 21123 38776 40106 52004 60001 82576 333 55069 70000 82640 85460 555 10040 29017=
40762 12962 40000 10064 21071 38532 40156 50003 60001 80002 333 55074 70000 84069 555 10016 29037=
40766 12660 81105 10049 20001 38643 40132 55001 69911 8632/ 333 55039 21968 70001 82940 84645 88457 555 10029 29071=
40768 12665 71401 10019 21019 38204 40144 52006 60001 82570 333 55022 21131 70000 82640 87460 555 10004 29076=
40769 12660 72604 10057 21017 38242 40117 52019 60001 83570 333 55045 21248 70000 83635 86359 555 10027 29059=
40780 11657 71202 10043 20030 38642 40149 52010 60021 71062 83570 333 55004 20843 70024 83640 87458 555 10037 29091=
40782 11560 70802 10059 20034 38832 40145 50000 60011 72162 85370 333 55067 70014 81720 81930 83635 87458 555 10048 29084=
40785 12960 00000 10099 21048 39026 40114 54000 60001 333 55086 24775 70000 555 10043 29035=
40791 12960 41502 10134 21082 39294 40110 56002 60001 84010 333 55012 21266 70000 84460 555 10056 29021=
40792 12662 61101 10107 21072 38680 40112 54000 60001 84502 333 55035 21587 70000 84635 83070 555 10041 29028=
40798 12660 43403 10028 21010 37916 40130 50009 60001 81571 333 55099 21966 70000 81635 83359 555 10012 29076=
40800 12660 12803 10121 21022 38402 40085 52014 60001 81500 333 55085 21815 70000 81640 555 10060 29037=
40809 12660 40910 10080 21094 38483 40140 51014 60001 81470 333 55062 21336 70000 81640 83459 555 10020 29028=
40811 11656 60501 10133 20115 30101 40127 51009 69941 71062 86500 333 55051 70016 86640 555 10124 29089=
40812 11657 83501 10124 20109 39752 40126 52010 60041 76366 8632/ 333 55064 21246 70040 82935 84640 88559 555 10116 29091=
40818 12665 20000 10062 21017 37950 40115 52019 60001 82500 333 55070 218792 70000 82640 555 10029 29057=
40821 12965 21702 10114 21103 38731 40105 52010 60001 81070 333 55061 21512 70000 82359 555 10039 29021=
40829 12660 40202 10142 21075 39588 40158 55003 60001 81570 333 55083 70000 81640 84359 555 10063 29022=
40831 12660 21204 10162 20118 30116 40124 51006 60001 82500 333 55059 70000 82640 555 10138 29075=
40833 12960 32103 10174 20107 30109 40141 52018 60001 83030 333 55034 70000 83360 555 10138 29065=
40841 11660 73102 10068 20051 38218 40118 53005 60011 72162 84370 333 55020 20790 70019 81935 84640 87359 555 10060 29089=
40848 11440 72202 10064 20056 38509 40154 52009 60021 71062 86320 333 55000 22104 70026 81710 82930 84635 87558 555 10060 29094=
40854 12960 00000 10170 20002 38906 40080 52006 60001 333 55056 70000 555 10093 29032=
40856 12960 01406 10119 20028 38628 40137 50004 69901 333 55070 28908 79999 555 10076 29054=
40859 11558 82704 10084 20064 38698 40163 51010 69901 71082 8632/ 333 55003 70012 82930 85635 88459 555 10074 29087=
40875 11556 83603 10199 20122 30126 40138 52022 69961 79596 8492/ 333 55054 21386 70006 82925 84630 88558 555 10156 29061=
40879 11958 62308 10230 20065 39482 40143 52034 60001 70722 86070 333 55061 70000 86360 555 10143 29034=
40882 12670 10202 10210 20113 30088 40123 51012 60001 81100 333 55057 70001 81835 555 10156 29054=
40883 12660 53204 10198 20141 30103 40130 51006 60011 83530 333 55062 70010 83635 84359 555 10165 29070=
40893 11858 43102 10232 20160 30119 40125 52015 60001 70500 84020 333 55080 21123 70000 84457 555 10188 29064=
40898 11958 21304 10237 20203 30126 40135 51020 60001 71000 82050 333 55076 79999 82359 555 10215 29081=
41024 42960 03609 10231 20130 30133 40159 333 10296 55080 58029==
41036 42960 03009 10151 21050 38567 48516 333 10220 58018==
41055 42560 21805 10167 20040 38368 48514 82400 333 10244 58012 82630==
41061 42960 03512 10260 21030 39411 40098 333 10303 59012==
41084 42960 03003 10230 20080 38847 48507 333 10293 58013==
41112 42960 01706 10141 20100 37959 48525 333 10205 55100 58008==
41114 42960 02108 10152 20080 37996 48525 333 10215 58008==
41128 42560 30308 10260 21020 38805 48520 83400 333 10360 55090 59005 83630==
41136 42960 01104 10275 21110 39290 40082 333 59025==
41140 42560 13305 10284 20200 30122 40132 81400 333 10320 58018 81630==
41150 42966 01207 10191 20158 40124 333 10203 59034=
41170 12960 19902 10205 20168 30113 40126 333 10234 59016=
41176 44/62 /0806 10202 20179 30121 40127 333 10235 59019=
41184 42660 53503 10204 20156 40126 82531 333 10299 59017 82640 85360=
41194 12960 30406 10236 20142 30113 40119 60001 83030 333 10279 59016 83364=
41196 12960 53603 10220 20155 30085 40126 60001 85030 333 10281 59015 85365=
41216 42960 40208 10225 20159 30112 40116 84030 333 10269 58022 84368=
41217 42960 60309 10227 20147 30081 40110 8603/ 333 10281 59025 86366=
41480 41557 10709 10250 20208 30126 40135 70544 81500 333 10287 59002 81620=
41506 12920 00000 10025 20014 38523 48210 60001 333 58032==
41508 12920 00000 10022 20008 38670 48340 60001 333 58039==
41515 12420 30000 10024 21001 38540 48020 60001 83500 333 56800 59022==
41516 12440 60000 10080 20010 38522 48800 60001 85510 333 56880 58022==
41517 11940 70000 10050 21024 37760 48820 60001 70422 87570 333 56880 59004==
41518 42440 81801 10094 21006 30001 48010 8852/ 333 5688/ 58000==
41519 12940 30000 10110 20022 38756 48950 60001 80001 333 56008 58043==
41523 12920 00000 10065 20043 39101 48050 60001 333 58058==
41535 12940 00000 10045 20034 38722 48850 60001 333 58040==
41536 12320 30000 10060 20049 39059 48140 60001 83700 333 56800 58050==
41560 12440 50000 10050 20004 38294 48250 60001 83520 333 56880 59009==
41571 41600 40902 10090 20056 39612 40213 70511 81530 333 56880 58074==
41598 11940 02301 10095 20051 39899 40181 60001 70400 333 58047==
41600 11940 00000 10090 20080 39891 40198 60001 70400 333 58075==
41620 11940 01801 10090 21006 38577 48800 60001 70500 333 58017==
41624 11940 00000 10150 20092 39970 40175 60001 70400 333 58044==
41630 11940 00501 10120 20101 30000 40190 60001 70496 333 58057==
41640 11920 00000 10120 20090 39932 40190 60001 71040 333 58065==
41660 12900 62303 10060 21041 38446 48370 60001 82031 333 56088 58018==
41678 11940 00501 10160 20124 30000 40163 60001 70400 333 58033==
41696 12940 00000 10030 21051 38010 48400 60001 333 58014==
41697 12940 00000 10200 20149 30000 40151 60001 333 58026==
41700 11920 00000 10155 20128 30000 40161 60001 71000 333 58044==
41710 42940 21302 10180 21027 39336 40102 82010 333 56080 59017==
41712 42940 00501 10155 21038 39196 48110 333 59006==
41715 11910 00000 10170 20094 30091 40157 60001 70400 333 58025==
41718 11920 00502 10170 20125 30035 40140 60001 70400 333 58023==
41725 11940 00502 10200 20130 30062 40141 60001 70500 333 58028==
41739 12940 00000 10180 20025 39043 48040 60001 333 58002==
41744 42940 00000 10155 21038 38787 48110 333 58015==
41749 11940 00902 10200 20140 30104 40138 60001 70400 333 58028==
41756 11920 31802 10220 20180 30078 40144 60001 70504 80001 333 56008 58005==
41757 12940 41802 10220 20163 30135 40148 60001 84030 333 56080 58020==
41764 12940 00000 10230 20146 30086 40137 60001 333 58024==
41768 12940 00000 10210 20142 30137 40144 60001 333 58034==
41780 12940 00000 10230 20146 30115 40142 60001 333 58032==
41785 12940 00000 10240 20168 30134 40147 60001 333 58029==
41859 01930 00502 10200 20170 30118 40156 70500 333 58013 70000==
41883 02930 00000 10210 20190 30133 40154 333 58013 70000==
41891 01430 30902 10212 20170 30108 40147 70511 81530 333 58004 70000 81615 83365==
41907 01940 00000 10182 20170 30137 40152 70510 333 58015 70000==
41923 01440 32702 10240 20190 30143 40153 70510 81530 333 58013 70000 81616 83360==
41936 01909 00000 10186 20180 30137 40144 74444 333 58014 70030==
41943 01435 10000 10211 20190 30135 40143 70521 81500 333 58006 70000 81618==
41950 11440 20000 10200 20200 30148 40150 60006 70562 82500 333 58014 82617==
41978 01440 30502 10246 20190 30133 40139 70511 83500 333 58006 70000 83618==
41992 01925 00000 10240 20210 30140 40142 70500 333 58009 70000==
42027 21595 82302 10024 20000 38436 48242 76166 8552/ 333 58061 6009/=
42071 21996 09901 10098 20080 40192 71000 333 58060 6031/=
42101 21996 01402 10150 20139 40183 70096 333 58044 6001/=
42111 21594 78201 10140 20133 39465 40180 79596 8692/ 333 58049 6006/ 84618 84830 81935 88456=
42123 32596 30502 10122 20103 40182 82520 333 58069 82630 85460=
42131 32996 03202 10152 20145 40179 333 58029=
42165 32996 03202 10180 20106 40162 333 58054=
42182 31595 60000 10188 20136 40157 70522 84530 333 58026 84630 85360=
42189 21595 60000 10156 20142 39962 40165 71021 83531 333 58029 6996/ 83630 85360 86070=
42314 31595 70000 10182 20155 40167 71022 83530 333 58001 83620 87360=
42328 32996 00504 10206 20079 40132 333 58058=
42339 31995 00000 10204 20055 40149 70500 333 58051=
42348 31995 03204 10224 20085 40140 70500 333 58024=
42361 31995 00000 10186 20159 40145 70500 333 58015=
42379 31995 00000 10164 20143 40149 71000 333 58016=
42410 31594 20000 10178 20158 40147 71000 82500 333 58002 82620=
42415 32996 00000 10186 20133 40174 333 58006=
42452 31996 09901 10204 20171 40134 71000 333 58023=
42492 31994 00000 10218 20180 40150 71000 333 58016=
42559 32996 22301 10204 20122 40129 42030 333 58016 82360=
42571 31996 00000 10210 20137 40145 70500 333 58018=
42591 31994 00000 10208 20189 40157 71000 333 58017=
42623 31495 30000 10140 20096 39283 40169 71000 83500 333 83618=
42634 32996 00000 10232 20185 40150 333 58025=
42647 31996 00000 10246 20125 40142 70400 333 58028=
42667 31996 21402 10196 20082 39555 40149 70500 82030 333 58020 82360=
42675 31995 00000 10200 20149 40143 70500 333 58025=
42701 21595 20000 10184 20171 39410 40148 71011 82500 333 58014 6004/ 82618=
42724 31495 40000 10204 20191 40148 71011 82530 333 58009 82618 83360=
42737 32996 02902 10240 20130 40150 333 58018=
42754 31996 00000 10204 20088 39509 40148 70500 333 58027=
42779 32596 30000 10206 20125 39446 40147 83500 333 58021 83620=
42798 21596 31104 10214 20175 40154 71062 83500 333 58027 6003/ 83620=
42809 21595 52301 10202 20193 40150 71022 82530 333 58013 6016/ 82620 84360=
42840 32996 00000 10234 20169 40138 333 58015=
42867 31995 10202 10218 20123 40138 70500 81030 333 58024 81360=
42874 31996 00000 10240 20203 40133 70500 333 58021=
42886 31595 20000 10208 20169 40108 70590 82500 333 58007 82620=
42895 21495 62302 10210 20194 40149 79596 84930 333 57942 58016 6007/ 84618 81930 84360=
42909 32996 00000 10236 20192 40147 333 58020=
42971 21494 80910 10208 20202 40172 79596 8532/ 333 57911 58046 6012/ 85618 81930 88458=
43003 31995 00000 10266 20142 40131 70400 333 58016=
43014 31996 00000 10210 20101 39490 40142 70544 333 58022=
43041 31596 20000 10240 20168 39520 40135 70500 82500 333 58020 82625=
43063 32996 00000 10206 39515 40145 333 58017=
43086 32996 00000 10256 20238 39948 40126 333 58024=
43110 31996 00000 10242 20205 40129 70544 333 58009=
43117 32996 00501 10262 20180 40124 333 58022=
43128 31596 59901 10260 20207 39532 40135 70522 82531 333 56959 58026 82620 83360 85070=
43150 31996 30000 10260 20221 30088 40149 70511 80001 333 58028 83075=
43185 32996 00000 10242 20221 30132 40136 333 58019=
43189 31596 10000 10240 20222 30137 40146 70510 81500 333 58013=
43192 32996 03602 10270 20250 40123 333 58010=
43201 22496 30000 10250 20173 39380 40100 83500 333 58010 6001/ 83615=
43213 32996 00000 10284 20173 39795 40108 333 58020=
43233 32996 10903 10256 20151 39320 40130 80001 333 58016=
43237 32996 19901 10274 20172 39707 40095 80001 333 58024 81075=
43245 32996 00000 10262 20229 30115 40142 333 58019=
43279 32596 41402 10248 20218 30128 40146 84500 333 58019 84620=
43284 32496 30000 10280 20239 30005 40120 82501 333 58009 82615=
43295 32996 10503 10230 20187 39126 48526 80001 333 58013 81075=
43314 32596 20000 10288 20251 40125 81501 333 58010=
43321 31996 39902 10270 20148 39688 40133 70500 80001 333 58017 83070=
43329 32596 30000 10254 20224 30124 40138 82501 333 58014=
43333 31495 20000 10270 20238 40130 70510 82400 333 58010 81618=
43344 31996 10703 10248 20212 30040 40140 71000 80001 333 58015 81075=
43353 31495 21404 10284 20250 40128 71021 81530 333 56790 58010 83620=
43369 32596 20000 10280 20249 40127 82500 333 58008 82620=
43371 32996 20000 10262 20223 30060 40133 80001 333 58009 82075=
43413 11970 00704 10268 20234 30132 40137 51007 60008 70200 333 553// 20000 58013 91006=
43418 01970 00000 10265 20223 30094 40135 52007 60008 70100 333 58018 60008=
43421 11970 01501 10243 30032 40139 51012 60008 70200 333 553// 20000 58013 91002=
43424 03970 00502 10252 20228 30127 40129 50010 60008 333 58012 60008=
43436 01470 20903 10276 20229 30132 40135 52008 60008 70300 82000 333 55001 58023 60008 82818=
43441 01070 00000 10254 20224 39994 40127 52011 60008 70200 333 58016 60008=
43444 01470 40701 10242 20207 39598 40126 52010 60018 70211 84000 333 55002 58014 60018 84818=
43450 03460 41101 10250 20232 30122 40134 52010 60008 81000 333 58013 60008 81818 83080=
43466 01470 70301 10277 20209 30126 40134 5/010 60008 70322 87100 333 55002 553// 20000 58015 60008 87118 91002=
43467 01465 40202 10280 20231 30125 40131 51012 60008 70211 83100 333 58013 60008 83118=
43473 01470 40601 10101 20027 38147 48521 51004 60008 70311 84000 333 553// 20000 58010 60008 84810 91001=
43486 11460 63101 10262 20231 30032 40132 51010 60008 70511 83006 333 55002 553// 20000 58015 83816 86678 91001=
43495 01470 60701 10274 20239 30120 40133 52013 60008 70320 86000 333 58016 60008 86818=
43497 11470 30203 10263 20000 30117 40134 5/014 60008 70311 83000 333 553// 20006 58017 83818 91004=
44212 429// 01401 11283 21324 39310 40615 52004==
44213 429// 00000 11304 21341 38941 40631 52003==
44214 42970 00000 11205 21239 38369 40552 54000==
44215 429// 00000 11265 21293 38514 40609 52003==
44217 32998 00000 11259 21291 37924 40656 52003 333 91200=
44218 429// 01601 11235 21264 38729 40579 52002==
44219 32999 01203 11267 21292 38748 40607 52003 333 91203=
44265 429// 00404 11099 21156 38916 40399 52010==
44266 329// 03405 11181 21215 37835 40540 52003 333 91205=
44454 42456 30000 10116 20088 38694 48529 83800 333 58020=
51076 14/61 /0801 11155 21177 39444 40378 52003 60001 333 11002 21155 3/103 4/025 58031 70000 90761 91103==
51087 14/50 /3201 11144 21162 39297 40374 52008 60001 71000 333 10038 21144 3/104 4/015 58034 70004 90761 91110==
51156 14/75 /3505 11083 21123 38771 40363 52002 60001 333 11010 21134 3/111 58037 70000 90761 91106==
51243 14/50 /3201 11125 21149 39810 40399 52003 60001 71000 333 11040 21141 3/112 58039 70000 90761 91105==
51334 14/36 /3501 11142 21163 39956 40393 52002 60001 70500 333 11038 21159 3/109 4/012 58034 70000 90761 91103==
51379 14/32 /1101 11179 21201 39393 40420 52005 60001 71000 333 11064 21202 3/106 4/022 58057 70000 90761 91103==
51463 14/64 /1402 11099 21142 39127 40395 52003 60001 333 11059 21124 3/101 4/034 58049 70000 90761 91105==
51573 14/64 /0503 10046 21142 30214 40264 52001 60001 333 10117 21009 3/102 58005 70000 90761 91105==
51644 14/50 /0501 11023 21113 38986 40268 52006 60001 70600 333 10083 21072 3/105 58009 70000 90761 91105==
51656 14/57 /3601 11034 21074 39196 40278 52005 60001 333 10083 21070 3/108 58016 70000 90761 91106==
51709 14/57 /3001 10006 21124 38653 40253 57002 60001 333 10061 21014 3/000 58007 70000 90761 91104==
51711 14/60 /0200 11039 21144 38031 40218 52005 60001 333 10032 21108 3/107 58004 70000 90761 91106==
51716 14/50 /0000 11009 21114 38942 40257 52002 60001 70500 333 10080 21032 3/104 58008 70000 90761 91104==
51765 14/60 /3501 11046 21142 39251 40271 52006 60001 333 10099 21088 3/110 58018 70000 90761 91104==
51811 14/61 /2901 10011 21146 38816 40251 52002 60001 333 10090 21039 3/106 58012 70000 90761 91104==
51818 14/57 /2101 11013 21171 38665 40249 52004 60001 70600 333 10085 21045 3/107 58016 70000 90761 91106==
51886 14/78 /1501 11068 21250 37103 40230 57003 60001 333 10025 21161 3/111 59006 70000 90761 91107==
52203 14/66 /2302 11038 21145 39369 40270 52002 60001 333 10109 21068 3/109 58008 70000 90761 91104==
52602 14/80 /3403 11089 21241 37264 40256 57003 60001 333 10020 21180 3/113 59006 70000 90761 91105==
52818 14/80 /1202 11036 21289 37217 40169 57012 60001 333 10059 21133 3/111 59026 70000 90761 91106==
52908 14/80 /1607 11098 21358 35737 40150 57015 60001 333 11041 21220 3/116 59018 70000 90761 91114==
55228 14/80 /0501 11088 21171 36010 40157 57002 60001 333 11010 21092 3/113 58003 70000 90761 91112==
55299 14/80 /1902 11073 21102 35834 40108 57001 60001 333 10015 21189 3/111 59014 70000 90761 91111==
55578 14/80 /1803 10016 21190 36362 40070 52007 60001 333 10086 21115 3/104 58000 70000 90761 91111==
55591 14/80 /0000 10011 21095 36506 40084 52004 60001 333 10083 21051 3/103 59025 70000 90761 91105==
55664 14/80 /3101 11048 21173 36012 40146 52002 60001 333 10042 21128 3/108 58006 70000 90761 91115==
55773 14/77 /1405 11059 21103 36016 40131 57006 60001 333 10024 21115 3/110 58003 70000 90761 91114==
56004 14/80 /0903 11126 21277 35795 40170 57007 60001 333 11017 21254 3/119 59026 70000 90761 91114==
56018 14/80 /2001 11084 21225 36174 40174 57005 60001 333 10015 21162 3/113 59008 70000 90761 91111==
56312 14/80 /2302 10018 21063 37114 40173 52002 60001 333 10110 21005 3/000 58003 70000 90761 91111==
62306 42560 63215 10134 20052 40237 52009 86800 333 10163==
62309 42560 63507 10142 20050 40215 52009 86800 333 10174==
62332 42560 63116 10144 20062 40200 52010 86800 333 10184==
62337 42960 02910 10144 20083 40191 52012 333 10185==
62366 14556 43311 10145 20057 40207 52018 69902 70762 83130 333 10180==
62387 42960 03609 10173 20098 40191 52011 333 10224==
62393 42960 00000 10160 20054 40212 52005 333 10208==
62405 42960 03004 10182 20059 40179 52015 333 10250==
62414 42960 00104 10203 20028 40177 52013 333 10258==
62419 42960 03404 10204 20022 40168 52010 333 10248==
62459 42960 03019 10190 20108 40167 52014 333 10214==
62465 42960 03106 10200 20078 40163 52021 333 10228==
63333 42980 00000 10196 20080 38174 40195 333 10305 58004=
63450 42980 01502 10197 21031 37748 40265 333 10272 59006=
63471 42580 20902 10260 20118 38852 40096 82100 333 10342 58008 82830=
63474 42580 30000 10165 20091 37615 4//// 83500 333 10260 58005 83623=
41256 32560 19902 10232 20206 30097 40114 81500 91745 333 10268 59022 55000 55407 55408 55507 55508 81630=
41316 32982 01903 10234 20194 30121 40151 91745 333 10278 58001 55000 55407 55408 55507 55508=
