SIPK OPKC 060900=
41504 02997 00000 10090 21046 37840 48482 333 58025 60007 RH38%=
41505 22696 63104 10040 21008 38/// 48/// 83570 333 56990 58/// 83640 86760 71%=
41506 22697 50000 10115 21039 38544 48543 82520 333 56990 58043 60007 82640 83460 34%=
41507 22997 00906 10160 20007 39276 49792 333 58001 60007 35%=
41508 22697 32302 10133 21018 38689 48559 83200 333 56900 58027 60007 83835 35%=
41509 22697 51802 10120 21009 38784 48524 82520 333 56990 58039 60007 82640 83640 RH 38%=
41510 22697 22702 10075 21036 37916 48524 82500 333 56900 58034 60007 82640 45%=
41515 22697 30506 10094 21032 38563 48525 83500 333 56900 58012 60007 83650 41%=
41516 22696 51306 10135 21058 38560 48518 82430 333 56990 58045 60007 82840 84360 RH26%=
41517 22697 30000 10085 21156 37792 48508 83400 333 56900 58043 60007 83800 16%=
41518 22596 71802 10117 20007 38/// 48/// 85720 333 56990 5//// 60007 82720 83640 87461 46%=
41519 22697 30000 10150 21028 38783 48524 83200 333 56900 58038 60007 83840 RH29%=
41520 22997 21804 10050 21124 37631 48269 82030 333 56090 58030 60007 82362 27%=
41523 22997 02304 10170 21009 39123 48546 333 58039 60007 30%=
41524 22997 00000 10165 20015 39391 40256 333 58049 60007 36%=
41525 22697 20000 10040 21054 37684 48409 82100 333 56900 58030 60007 82840 50%=
41528 22997 00000 10185 20047 39250 48547 333 58024 60007 40%=
41529 22996 02702 10210 21003 39847 40227 333 58067 60007 RH 24%=
41534 22997 01302 10200 20031 39784 40197 333 58041 60007 RH 33%=
41535 22697 23102 10130 21069 38745 48515 82500 333 56900 58037 60007 82635 RH24%=
41536 22997 00000 10170 21009 39066 48541 333 58041 60007 30%=
41560 22997 02306 10075 21036 38321 48550 333 59011 60007 RH45%=
41562 22997 01304 10210 21047 39729 40189 333 59047 60007 RH17%=
41565 22995 03106 10100 21063 38687 48553 333 58035 60007 RH 31%=
41567 21996 00000 10210 20048 39704 40116 70500 333 59012 60007 34%=
41567 21996 00000 10210 20048 39704 40116 70500 333 59012 60007 34%=
41571 21996 03118 10190 21026 39610 40191 70500 333 58036 60007 RH23%=
41572 21996 03118 10185 20001 39557 40180 70500 333 58041 60007 RH29%=
41573 22697 31302 10070 21027 37990 48520 83400 333 56900 58030 60007 83640 50%=
41574 22697 23102 10110 20001 38362 48540 82400 333 56900 58024 60007 82640 47%=
41576 21996 03112 10220 21023 40197 70500 333 58026 60007 20%=
41577 21696 12304 10195 20003 39579 40192 70500 81200 333 56900 58036 60007 81840 RH 27%=
41593 21996 00502 10230 20019 39974 40186 70500 333 58036 60007 25%=
41597 22997 02704 10230 20035 40205 333 58035 60007 28%=
41598 21996 03106 10220 21002 39910 40179 70500 333 58030 60007 23%=
41599 21996 02710 10210 20048 39901 40190 70500 333 58032 60007 34%=
41600 21996 02302 10210 20062 40176 70500 333 58028 60007 38%=
41620 32996 03102 10150 21133 38599 48503 333 58028 60007 13%=
41624 22997 00502 10215 20041 40195 333 58041 60007 32%=
41625 22997 00000 10220 20017 40191 333 58049 60007 26%=
41630 21996 03102 10220 20017 40197 70500 333 58035 60007 26%=
41633 22997 00000 10220 20077 4//// 333 5//// 60007 40%=
41634 22997 00000 10175 20032 3//// 4//// 333 5//// 60007 38%=
41635 22997 01302 10235 20044 3//// 4//// 333 5//// 60007 29%=
41636 21996 00000 10235 20044 30016 40199 70500 333 58044 60007 29%=
41638 21996 00000 10220 20064 4//// 70500 333 5//// 60007 36%=
41639 22997 00000 10210 20075 4//// 333 5//// 60007 42%=
41640 21996 02702 10215 20059 39941 40190 70500 333 58032 60007 28%=
41641 21996 03310 10205 20054 39918 40192 70500 333 58033 60007 37%=
41642 21996 03106 10210 20088 4//// 70400 333 5//// 60007 45%=
41643 21996 03104 10200 20120 39912 40189 70400 333 58035 60007 60%=
41644 21996 03104 10215 20095 4//// 70400 333 5//// 60007 46%=
41646 21996 00000 10225 20058 40207 70500 333 58032 60007 34%=
41652 21996 00502 10225 20043 30022 40199 70500 333 58043 60007 30%=
41660 02997 23108 10120 21156 38456 48546 80001 333 56009 58012 60007 82070 RH: 13%=
41661 22997 40000 10145 21110 38410 48537 80001 333 56009 58012 60007 84070 16%=
41669 22997 01302 10230 20079 3//// 4//// 333 5//// 60007 38%=
41670 21996 00000 10220 20034 4//// 70500 333 5//// 60007 29%=
41674 21996 00000 10220 20049 3//// 4//// 70500 333 5//// 60007 33% =
41675 21995 00000 10220 20064 30048 40192 70500 333 58039 60007 36%=
41676 21996 03102 10225 20097 30050 40208 70500 333 58029 60007 44%=
41677 21996 00902 10220 20090 30016 40183 70500 333 58030 60007 43%=
41678 21996 00000 10230 20079 40182 70500 333 58026 60007 38%=
41679 21996 03102 10220 20064 4//// 70500 333 5//// 60007 36%=
41680 21996 00000 10215 20070 40191 70500 333 58038 60007 39%=
41685 22997 00000 10175 21160 38943 48530 333 58026 60007 RH.09%=
41696 22697 70000 10125 21059 38009 48521 82520 333 56990 58003 60007 82640 85460 Rh27%=
41697 22697 40000 10250 21017 40169 84500 333 56900 58009 60007 84640 RH17%=
41700 21996 00506 10230 20066 40179 70500 333 58029 60007 35%=
41701 21996 00506 10230 20079 40191 70500 333 58031 60007 38%=
41710 22997 31306 10200 21139 40136 80001 333 56009 59007 60007 83070 09%=
41712 22997 51306 10180 21102 39218 48538 80001 333 56009 59004 60007 85070 RH14%=
41715 21996 00000 10240 20002 40185 70500 333 58021 60007 RH21%=
41716 21996 00506 10240 20002 40190 70500 333 58025 60007 21%=
41718 21995 00502 10240 20053 40184 70500 333 58023 60007 30%=
41724 21996 33106 10250 20040 40204 83030 333 56090 58026 60007 83360 RH26%=
41725 22996 30502 10235 20028 40182 83030 333 56090 58024 60007 83360 RH26%=
41726 21995 33604 10240 20081 30132 40203 70500 80001 333 56009 58027 60007 83070 RH36%=
41738 22996 61812 10280 21033 40161 86030 333 56090 59005 60007 86460 13%=
41739 22996 40000 10215 20125 39081 48547 84030 333 56090 58003 60007 84360 RH55%=
41742 22997 21802 10280 21033 40164 80001 333 56009 58008 60007 82070 RH 13%=
41743 21996 00502 10225 20097 70400 333 60007 44%=
41744 22996 00000 10155 21018 38800 48525 333 58002 60007 RH 28%=
41745 21996 00504 10250 20070 70400 333 60007 RH32%=
41746 22996 23602 10230 20051 40173 80001 333 58004 60007 82070 RH31%=
41747 21996 13104 10230 20035 40178 70500 81030 333 56090 58018 60007 81360 RH28%=
41748 21996 03602 10235 20086 40193 333 58021 60007 RH39%=
41749 22996 23308 10255 20064 40188 82001 333 56009 58020 60007 82070 RH29%=
41756 22996 32302 10245 20101 40172 80001 333 56009 59001 60007 83070 RH40%=
41757 22996 02306 10260 20099 30164 40176 60001 333 59003 60007 RH36%=
41759 22996 01304 10235 20073 40172 333 59008 60007 RH35%=
41760 01996 21310 10250 20084 40160 70500 80001 333 56009 58012 60007 82080 RH 35%=
41764 21995 00412 10255 21028 30115 40165 70400 333 58001 60007 RH15%=
41765 22996 02304 10270 20061 30143 40179 333 58011 60007 RH26%=
41766 21996 03102 10260 20042 40180 70500 333 58019 60007 70000 RH25%=
41767 22996 00506 10270 20045 3//// 4//// 333 60007 RH24%=
41768 22996 00508 10290 20067 30159 40166 333 58006 60007 RH24%=
41780 21996 00506 10270 21064 30143 40170 70500 333 59001 60007 RH11%=
41783 02996 00504 10265 20017 30129 40158 60002 333 59005 60007 RH 20%=
41785 22996 20506 10265 20035 30150 40163 80001 333 56009 59005 60007 82070 RH 23%=
41786 22996 00504 10270 20028 30108 40145 333 59005 60007 RH 21%=
41BAG 22697 62304 10040 21094 83510 333 56990 60007 83635 86460 37%=
41BKI 22996 00508 10200 21025 39778 40195 333 58044 60007 RH22%=
41SKP 22997 03602 10200 20074 4//// 333 5//// 60007 44%=
43532 22697 20000 10170 20024 39360 40161 82500 333 56900 58033 60007 82640 37%=
43533 22997 03102 10190 20041 39223 48505 333 58004 60007 37%=
43563 22997 02302 10211 20029 40174 333 58035 60007 30%=
41530 21696 23110 10200 21109 39779 40191 70500 81401 333 56909 58038 60007 81840 11%=





Data Generated from File : D:/all data handling/Rmc_lhr/2025020609.FSU.txt
06/02/2025   10:08:36
____________________________________________________________________________________________
15020 24570 53302 11010 21056 30173 40382 51015 85500 333 55307 20837 60007 91005 90730 91106==
15090 24570 63302 11005 21056 30279 40377 51015 84540 333 55310 00400 21245 30674 60007 91005 90730 91105==
15108 21/00 92903 11115 21126 38139 48565 51010 74944 89/// 333 55307 20759 60007 91005 90730 91106==
15150 24/70 53404 11007 21061 30152 40377 51017 85070 333 55303 20690 60007 91006 90730 91107==
15170 24570 30205 11009 21068 39530 42900 51015 83300 333 55307 20917 60007 91007 90730 91107==
15280 21/00 90112 11142 21160 37509 47035 51009 77173 89/// 333 55308 20909 69927 91017 90730 91118==
15310 24670 23503 10007 21060 30265 40356 52015 81140 333 55310 00560 21280 31195 60007 91007 90730 91108==
15335 24570 70102 11002 21049 30342 40350 51015 84530 333 55300 20374 60007 91005 90730 91107==
15350 24570 20105 10025 21069 30237 40362 51012 82200 333 55310 20880 60007 91008 90730 91109==
15360 24570 43510 10000 21031 30312 40330 51010 83530 333 55306 21000 60007 91012 90730 91112==
15420 21570 81600 10006 21032 30245 40362 52016 72682 8537/ 333 55300 20369 69907 91002 90730 91102==
15460 24570 20105 10017 21044 30330 40356 51014 81509 333 55310 21370 60007 91008 90730 91108==
15470 24/70 60903 10008 21038 30228 40361 51016 86070 333 55302 20618 60007 91004 90730 91104==
15480 24970 03104 10008 21053 30320 40339 52012 333 55310 00580 21462 31365 60007 91007 90730 91107==
15549 42570 70203 11019 21051 39912 40351 52011 87500 333 11017 21034 555 576//=
15552 42470 30203 10033 21060 30278 40329 52010 82840 333 10033 21020 555 546// 92034 92438=
15640 41668 63407 10014 21008 30016 40342 52007 77172 82520 333 10019 20004 555 58500 69999=
15655 42568 53404 10032 21074 30305 40339 52013 83841 333 10034 21016 555 546// 92033 92437=
15730 41670 80902 10021 21029 39920 40332 51008 77172 86577 333 10022 20007 555 57000 60899=
16627 42665 30410 10054 21053 30319 40326 51001 81150 333 81835 83356 90730 91116==
16650 42560 30614 10068 21031 30307 40316 52004 81140 333 90730 91125==
16667 42560 23513 10074 21030 30291 40303 51006 82100 333 90730 91130==
16706 42660 20120 10078 20002 30276 40283 53003 82100==
16723 42560 30112 10084 21015 30260 40275 57002 83200 333 90730 91130==
16742 42560 33618 10070 21028 30093 40253 54000 83100 333 90730 91135==
16749 42460 13312 10082 21011 30210 40225 56001 81100 333 90730 91127==
16754 42460 73420 10100 20001 30231 40279 53004 87800 333 82818 86625 90730 91133==
16757 42560 53429 10086 20002 30118 40255 52007 85500 333 90730 91148==
16760 41360 63519 10064 20018 40269 52005 70361 86600 333 82708 86620 90730 91136==
16765 42560 33326 10102 21012 40228 57006 83400 333 90730 91136==
17022 41670 61405 10032 20000 30107 40280 52011 70382 86200 333 86834 90730 91110==
17024 41566 72012 10015 20012 30175 40256 50007 72372 85570 333 82826 85628 87358 90730 91116==
17026 42570 53320 10068 21001 30202 40242 52005 82205 333 82830 85270 90730 91127==
17031 42470 63017 10064 21011 30220 40227 52004 84250 333 82715 84832 86360 90730 91124==
17034 41470 72306 10043 20001 30179 40227 50002 72122 87500 333 84715 87630 90730 91119==
17038 41670 72912 10057 20006 30154 40203 50003 72166 87500 333 87635 90730 91117==
17042 41560 81103 10044 20029 30170 40211 52009 76066 8552/ 333 85630 88458 90730 91109==
17050 42670 43604 10043 21066 30277 40342 50006 82530 333 82635 84360 90730 91110==
17056 42970 03508 10038 21046 30315 40320 52005 333 90730 91117==
17060 41560 73519 10050 21003 30257 40299 52008 72682 85250 333 85829 86357 90730 91127==
17070 41556 80901 11014 21047 39357 40264 51008 77077 8552/ 333 85630 88458 90730 91103==
17074 41570 73504 10000 21020 39275 40246 52004 77022 84520 333 84628 87458 90730 91110==
17084 42670 53506 10014 21040 39291 40224 52006 85500 333 85635 90730 91113==
17085 41470 61007 10029 21038 39717 40222 52006 72277 85570 333 81712 84635 86359 90730 91114==
17092 41470 80000 11015 21033 38792 48424 52012 72277 8772/ 333 82712 85620 88457 90730 91104==
17096 41525 70813 11029 21047 38133 48407 52006 77122 85550 333 85625 87357 90730 91123==
17098 41557 80718 11024 21055 38105 48422 57002 77072 8552/ 333 85625 88457 90730 91128==
17100 41511 60000 10006 20001 39122 40139 50003 77177 84730 333 84730 86357 90730 91106==
17112 42670 40310 10041 21074 30319 40322 52003 82230 333 82835 84360 90730 91117==
17115 42660 73509 10033 21030 30260 40313 52009 84250 333 84835 87360 90730 91120==
17116 41558 70000 10026 20025 30175 40302 52006 78382 85270 333 85830 86359 90730 91103==
17124 42560 53215 10009 21064 39316 40270 52004 85200 333 85825 90730 91124==
17128 42660 40311 10011 21101 39095 40232 58003 84100 333 84840 90730 91118==
17135 42670 40308 10015 21092 39317 40220 50000 84500 333 84640 90730 91116==
17140 41665 60505 11032 21079 38685 48467 52008 72272 84550 333 84635 86360 90730 91118==
17150 41460 63515 10034 21025 30170 40299 53004 70182 86200 333 82715 85835 90730 91125==
17160 42670 43618 11013 21099 39011 48470 52005 84500 333 84636 90730 91125==
17170 42560 71312 10056 21054 38199 48372 55001 83550 333 83630 87357 90730 91125==
17175 42665 20205 10072 21049 30292 40296 58001 82100 333 82840 90730 91109==
17184 41670 63603 10039 21022 30176 40292 51001 70172 84250 333 84838 86360 90730 91108==
17190 41670 53408 11018 21096 39020 48503 50006 72271 85500 333 85635 90730 91115==
17195 41560 70209 11023 21063 38949 48460 52011 77072 85570 333 85625 87358 90730 91120==
17200 41560 83013 10015 21042 39109 40112 52014 70172 8452/ 333 84631 88459 90730 91120==
17202 41322 82308 10004 20004 39035 40092 52013 77177 8652/ 333 84708 86630 88458 90730 91110==
17203 41660 82301 10012 21003 38759 48418 52007 76872 8352/ 333 83636 88458 90730 91105==
17210 41665 70501 10061 20043 39006 40028 57005 70262 84510 333 84640 86460==
17219 42565 30317 10054 21033 30138 40288 50001 83100 333 83830 90730 91124==
17234 42670 10104 10085 21047 30190 40260 50000 81100 333 81840 90730 91109==
17237 42670 63003 10031 21058 39743 40265 57004 84270 333 84837 86360 90730 91111==
17240 42570 30215 10010 21088 39042 40225 55002 83500 333 83630 90730 91132==
17244 42670 43323 11013 21070 38995 48480 50006 84500 333 84635 90730 91136==
17248 42670 63307 11014 21059 38957 48457 51011 83250 333 83835 85360 90730 91114==
17250 42/70 30211 11021 21089 38766 48454 52016 83030 333 83360 91021 90730 91128==
17260 41460 83618 10047 21019 39196 40012 52018 76876 8555/ 333 82711 85620 88358 90730 91132==
17270 41658 80000 10066 20048 39390 40036 52013 76022 8552/ 333 85635 88459 90730 91109==
17275 41665 81304 10036 20029 38843 48372 51005 72122 8552/ 333 85640 88460 90730 91117==
17280 41460 82908 10063 20045 39250 40032 51003 70262 8552/ 333 82710 85635 88459 90730 91114==
17290 42970 03506 10080 21055 30223 40256 53002 333 91016 90730 91119==
17292 42970 00305 10028 21102 39446 40226 55003 333 90730 91115==
17300 42960 03429 10094 21087 30113 40186 51005 333 90730 91147==
17310 42970 00706 10134 21104 30107 40114 50009 333 90730 91118==
17330 42670 12807 10110 21074 30079 40097 50005 81100 333 81840 91020 90730 91124==
17350 42660 10119 10128 21072 39993 40071 52013 81100 333 81840==
17370 42670 52903 10126 21011 30074 40078 52017 83230 333 83835 85360 90730 91110==
17375 42970 00404 10122 21095 30160 40162 55011 333 91018 90730 91118==
33088 42560 70000 11026 21056 30196 40398 52016 87500==
33135 41560 60902 11005 21046 30237 40392 52015 78587 85930==
33177 42560 81001 11007 21031 30142 40391 53022 885//==
33317 42/60 73501 11025 21058 30035 40390 52012 87030==
33393 41227 80000 11008 21015 39973 40383 52011 71022 886// 333 88704==
33415 42570 20000 10001 21067 39970 40385 52013 81401==
33429 42560 71201 11023 21059 39940 40385 52013 85531 333 85627==
33466 41562 80603 11010 21036 30175 40372 52017 72682 883//==
33506 41540 80503 11046 21055 30165 40373 52019 71082 885//==
33562 42560 80302 11012 21035 30063 40383 52013 8555/==
33587 41560 80602 11006 21034 30085 40360 52015 72682 8695/ 333 86920==
33658 42/84 30602 11001 21053 30070 40383 52010 83030==
33663 42570 53602 10000 21042 30269 40369 52008 83530==
33664 42598 33602 11007 21051 30043 40375 52012 83100=
33678 41598 72803 11026 21055 30163 40385 52010 72622 84930=
33679 41497 70203 11008 21040 30167 40368 52016 70282 87900=
33711 42560 80705 11008 21036 30134 40353 52019 883// 333 88921==
33745 42597 73402 11011 21025 30185 40389 52013 86930=
33748 42997 30504 11018 21063 30062 40362 52012 83030=
33754 42598 70103 11002 21035 30205 40358 52018 83330=
33761 41466 80406 11015 21026 30121 40355 52019 77172 8872/==
33791 42472 60505 11020 21038 30218 40352 52018 86500 333 86610==
33815 41598 73504 11020 21050 30135 40354 52017 72682 86930=
33837 42480 80204 11003 21037 30284 40338 53018 885// 333 86711==
33881 42598 63404 11016 21049 30153 40360 52015 83330=
33883 42598 33504 11002 21048 30177 40351 52015 83800=
33885 42598 23604 11008 21047 30220 40368 52017 82240=
33892 42598 83603 11018 21040 30139 40365 52016 883//=
33902 42560 60404 11009 21034 30272 40334 52016 86500==
33924 42570 60706 10017 21034 30300 40313 52013 86900 333 91010 90730 91110==
33946 41439 80309 11014 21016 30062 40293 52002 77374 885// 333 88617 91011 90730 91111==
33983 41/10 90313 10004 21007 30191 40254 58005 78683 89/// 333 91020 90730 91120==
34300 42460 80302 11041 21067 30191 40379 52008 885//==
34336 41570 80504 11023 21062 30252 40360 52004 70272 8531/==
34344 42570 80503 11030 21054 30263 40355 53004 885//==
34356 42/60 20503 11071 21109 30199 40356 54000 82050==
34357 42570 30304 11070 21108 30185 40350 52003 83500 333 90730 91110==
34398 42570 51006 11043 21077 30336 40349 52006 85500==
34415 41470 80703 11039 21058 30261 40363 51009 70272 886//==
34438 42460 70306 11023 21042 30141 40341 52003 87500 333 90730 91110==
34445 42/70 80505 11056 21077 30229 40349 53009 8807/==
34461 42560 60504 11055 21103 30287 40346 50001 86500==
34473 42997 80506 11039 21073 30299 40340 58001 8807/=
34476 42570 80404 11036 21065 30326 40334 58004 8393/==
34504 41259 80604 11049 21062 30171 40356 52012 71022 886//==
34535 42460 80305 11019 21041 30260 40335 52006 885//==
34545 41570 80406 11037 21063 30215 40332 52008 70372 883// 333 91010 90730 91110==
34555 42570 80508 11044 21075 30241 40337 50003 885// 333 91010 90730 91112==
34560 41440 80608 11058 21087 30133 40334 54000 77772 886// 333 88711 91010==
34578 42560 80704 11043 21074 30315 40323 54000 885//==
34579 42570 80504 11043 21066 30277 40322 58001 885//==
34644 42560 80505 11017 21038 30233 40313 52007 8657/ 333 90730 91111==
34646 42570 80505 11023 21039 30229 40314 52011 885// 333 90730 91111==
34655 42560 80607 11025 21062 30253 40316 50004 885// 333 90730 91111==
34662 41470 70304 11037 21077 30309 40321 58002 70282 87500 333 87619==
34691 42/70 80902 11033 21057 30534 40521 52002 8802/==
34720 42470 80305 11017 21040 30266 40307 52002 886// 333 91011 90730 91112==
34727 41440 80509 11011 21029 30266 40297 50001 78588 883// 333 91014 90730 91115==
34743 42460 80605 11021 21046 30215 40308 52010 885// 333 90730 91110==
34759 42460 80506 11030 21043 30162 40299 52008 889// 333 90730 91112==
34772 42570 80507 11041 21076 30305 40309 50003 885// 333 91010 90730 91110==
34785 42470 80706 11027 21065 30321 40298 58003 886//==
34798 42/60 80606 11020 21070 30431 40401 54000 8802/==
34824 41540 80405 11012 21025 30274 40280 57002 78588 883// 333 91010 90730 91112==
34838 41560 80504 10003 21020 30169 40269 52003 77172 885// 333 90730 91110==
34845 41570 80904 11003 21030 30168 40279 52005 70378 8557/ 333 90730 91110==
34858 41540 80704 11028 21057 30177 40289 52011 71022 8657/ 333 90730 91111==
34861 41440 80809 11044 21072 30034 40288 52005 77772 886// 333 91012 90730 91114==
34866 41570 80506 11033 21069 30300 40291 58002 70282 86950 333 90730 91110==
34880 41460 60503 11011 21056 30312 40285 57005 70272 86900==
34887 41570 80504 11030 21054 30305 40281 58003 70172 885//==
34949 42/// /0708 11029 21032 39698 40264 52009 333 91010 90730 91111==
34954 41560 80603 11014 21044 30093 40273 52010 70282 884// 333 90730 91110==
34958 41570 80604 11030 21053 30068 40276 53016 70282 885//==
34975 41470 80703 11032 21056 30280 40276 58002 70272 889// 333 88911==
34984 42460 80204 11015 21041 30305 40274 58003 886//==
35217 42560 61007 11035 21091 30345 40387 52010 86500==
35302 42570 51311 11041 21102 30352 40374 52007 85200 333 90730 91117==
35315 42998 50809 11034 21074 30318 40377 52007 82032=
35344 41598 80710 11045 21080 30107 40407 58009 73673 885//=
35358 41/60 70709 11074 21100 30183 40362 57003 70232 87040==
35368 41999 00510 11074 21123 30106 40385 58013 73630=
35386 41998 01007 11120 21155 39829 40382 57020 73733=
35394 42970 00605 11130 21177 39673 40394 57011==
35404 42998 11009 11045 21092 30337 40346 52007 80001=
35406 42960 21105 11037 21085 30350 40352 52005 80001==
35416 41/70 31110 11045 21093 30243 40368 51001 73631 83030 333 91015 90730 91116==
35426 42684 50505 11044 21091 30078 40380 51001 85500==
35437 41994 70913 11057 21083 30140 40470 58009 73832 83031 333 91018 91118=
35449 41998 00408 11052 21090 30271 40378 57002 73630=
35497 41970 00502 11078 21133 39791 40644 57010 70230==
35498 42998 00202 11102 21145 39434 40353 57015=
35514 42998 50607 11042 21084 30563 40559 52002 80001=
35522 41998 50910 11049 21098 30092 40355 58004 73633 80001 333 91015 91118=
35542 42998 50507 11046 21082 30225 40378 58005 80003=
35563 41598 80906 11110 21135 39557 40367 57015 73632 83502=
35576 42970 00306 11092 21126 39882 40353 57014==
35582 42998 00505 11095 21146 39726 40355 57015=
35594 42999 00902 11120 21169 39472 40356 57014=
35605 42998 20906 11026 21074 30340 40318 58002 80002=
35633 42998 00509 11065 21093 30135 40358 58009=
35671 42970 00705 11084 21116 39899 40348 57011==
35699 42960 20506 11092 21171 39546 40333 57009 80004==
35700 42970 00907 11014 21070 30332 40308 58001==
35715 42999 01106 11026 21068 30330 40315 58004=
35739 42999 00505 11064 21136 30176 40321 58006=
35746 42970 00408 11048 21115 30254 40324 58010==
35777 42997 00505 11082 21139 39976 40337 57009=
35796 42960 50805 11099 21152 39874 40330 57007 80001==
35849 42970 00704 11025 21103 30209 40296 57009==
35895 42998 20205 11115 21147 39864 40332 57009 80002=
35907 42998 00607 10013 21016 30292 40261 58001=
35925 42970 60707 11028 21052 30181 40295 58007 80005==
35927 42998 01106 11010 21064 30286 58008=
35953 42984 00815 11033 21127 30158 40291 58011 333 91018 90730 91120==
35969 42984 00706 11030 21106 30118 40295 58014==
35997 42998 60201 11101 21164 39863 40319 57008 84066=
36259 42984 02802 11266 21305 38348 48630 57012==
36335 42999 00000 11112 21147 39317 40391 57010=
36358 42999 03504 11132 21155 39320 40395 58009=
36394 42997 01302 11153 21192 39959 40412 57008=
36397 42984 00000 11141 21196 39805 40406 57005==
36403 42998 02802 11141 21202 30020 40406 57009=
36418 42999 00501 11208 21236 39760 40434 58005=
36421 42999 01202 11208 21250 39808 40426 57006=
36428 42984 02001 11200 21256 39884 40432 57008==
36439 42998 00000 11071 21157 39054 48552 56003=
36498 41998 20204 11087 21156 39529 40350 57003 70230 80001=
36501 42998 03401 11140 21148 39598 40398 57002=
36535 42984 23201 11198 21244 39743 40433 80001==
36546 42999 01301 11210 21243 39842 40433 57009=
36619 42999 20502 11080 21147 80001=
36622 42998 23606 11131 21168 39527 40376 56004 82040=
36639 42984 01302 11019 21164 39704 40316 58008==
36643 42999 00301 11204 21238 39705 40428 57008=
36665 41996 00201 11213 21232 39625 40419 57008 71000=
36666 42498 32701 11222 21243 39893 40436 57007 82601=
36729 42998 00501 11076 21136 39832 40331 58002=
36736 42999 01205 10003 21107 39762 40318 57009=
36744 42998 70401 11104 21148 39848 40319 57005 87030=
36770 42999 00000 11050 21102 39560 40303 57008=
36786 42999 00000 11027 21107 39362 40292 57001=
36796 42998 00000 11120 21196 39079 48514 57005=
36803 42999 03103 11080 21098 39867 40333 54001=
36806 42998 61608 11118 21211 39854 40428 52005 80002 333 91119=
36819 42998 80501 11103 21131 39669 40310 58009 82024=
36821 42984 51501 11048 21096 39802 40304 58011 80002==
36839 42999 01701 11028 21132 39136 40280 57003=
36843 42998 00401 10033 21119 39094 40256 57002=
36846 42999 21402 11014 21155 38640 48528 58002 80002=
36859 42984 31101 10026 21107 39536 40318 57015 80006==
36870 42960 00000 10040 21073 39240 40241 57006==
36874 42997 51802 11034 21093 39619 40421 57008 80008=
36877 42999 60000 10005 21071 39665 40684 57007 82031=
36885 42999 33402 10015 21096 39131 40258 57005 80001=
36889 42999 00000 11054 21205 37045 47068 53002=
36894 42999 20504 11003 21077 39533 40278 57008 80001=
36905 42999 32701 10001 21096 38778 48536 57004 80002=
36911 42999 30000 10083 20017 39278 40236 57001 80001=
36927 42699 31402 10038 21125 38367 48535 58013 82902=
36934 42599 61203 10024 21039 38287 48420 56004 84932=
36953 42999 60000 11034 21106 38220 48508 57007 80001=
36963 42999 61403 11069 21199 37025 48/// 58006 80001=
36974 42998 31801 11026 21120 38016 48557 57014 80001=
36982 42599 32102 11086 21254 36503 47064 57006 82201=
37018 41670 80405 10055 21032 30106 40182 52003 70382 85834 333 91012 90730 91113==
37031 41460 80504 10015 21017 30046 40246 52001 70272 886//==
37054 41440 80504 11014 21023 39858 40255 52004 72277 886//==
37061 41540 80604 11030 21047 30098 40274 52005 71082 883//==
37085 41570 80506 10004 21005 30290 40262 54000 70262 885//==
37171 42460 80000 10064 20036 30164 40183 52007 889// 333 82714==
37228 41420 82801 11015 21032 39375 40232 57003 77172 8872/==
37235 41340 81002 11004 21006 39919 40245 54000 77774 886//==
37472 41540 83403 10017 20010 30260 40237 57006 76162 8872/==
38149 42970 00303 10011 21078 30176 40255 57018==
38178 42970 00504 10030 21050 39935 40225 57015==
38262 42970 00304 10012 21076 30165 40249 58017==
38264 42970 00105 10033 21084 30146 40242 57016==
38345 42999 81001 10083 21033 38815 48521 57016 8802/=
38353 42998 60000 10086 21103 39352 40240 57007 80004=
38388 42998 00503 10090 21014 30122 40192 57018=
38392 42997 00506 10094 21012 30115 40217 58020=
38396 42960 00506 10083 21036 30093 40218 58023==
38403 42960 00502 10107 21047 30108 40228 57015==
38413 42970 01403 10106 20013 39944 40232 58020==
38457 42960 22301 10145 21094 39637 40209 57011 80001==
38462 42/84 40000 10081 21105 38786 48533 58006 82051==
38507 42997 70809 10126 21038 30068 40169 58019 83031=
38545 42998 01305 10140 20006 30025 40221 57025=
38565 12970 00000 10141 21025 39606 40180 57016 60002==
38579 12960 02001 10140 20002 39800 40207 57012 60002==
38583 11940 01102 10128 20006 39903 40219 58017 60002 71010==
38599 41996 20607 10090 21032 39701 40235 57017 70400 80001=
38611 42/60 31201 10092 21054 39682 40250 57018 83040==
38613 42999 03101 10058 21057 40237 57012=
38616 42998 22701 10074 21054 39244 40244 58016 80001=
38618 42960 63401 10097 21027 39548 40232 57014 80001==
38647 42997 81007 10066 21021 30112 40155 57021 80007=
38656 42998 00904 10122 21009 30069 40177 58026=
38683 42960 21102 10158 21038 39930 40199 57019 80001==
38687 42997 31606 10155 21012 39966 40195 58026 80001=
38696 12984 01401 10148 21054 39359 40190 58017 60002==
38713 42999 00903 10102 21044 39059 48530 58008=
38750 42997 62702 10108 20027 30189 40161 57011 80001=
38763 42597 80702 10058 21005 30070 40176 57013 885// 333 88630=
38774 42898 80802 10116 20004 39971 40164 57025 8807/=
38799 42997 51106 10172 21030 39951 40174 57032 80001=
38806 42997 01604 10164 21030 39929 40182 58020=
38812 42960 22103 10184 21094 39741 40177 57024 80001==
38836 42899 40000 10134 20009 39266 40181 58027 83202=
38880 42997 71203 10120 21002 39906 40156 57027 82531=
38886 42997 61002 10143 21017 39947 40170 57025 85034=
38895 42996 31402 10172 21007 39890 40170 58031 80001=
38911 41996 71509 10176 20021 39907 40192 57022 70522 80002=
38915 42997 61408 10184 21009 39889 40202 58010 80002=
38927 12960 61004 10175 21007 39836 40200 57021 60002 80001==
38933 42998 03201 10161 20068 39725 40226 57021=
38944 42998 03601 10139 20027 39642 40165 58021=
38954 42999 03002 11005 21137 37980 48570 58004=
38974 42998 50901 10171 20013 39828 40151 57036 80002=
38987 42996 50301 10158 20015 39433 40152 57034 80002=
40100 43/60 89903 10101 20043 30098 40114 52028 333 58///=
40180 01660 63110 10138 20044 30067 40116 52012 70361 86800 333 70000==
40199 02/// /3003 333 70000==
40265 41540 43012 10058 20035 39307 40108 52011 70562 84200 333 84825=
40270 41440 72820 10058 20010 39190 40096 52013 70552 87700 333 85820 83625=
40272 41530 72824 10070 20048 39256 40094 57054 70700 87800 333 87825 87825=
40340 41658 42914 10168 20007 30104 40169 52001 70500 84100 333 84835=
40356 42560 72614 10057 20020 39095 48405 87500 333 59028 87630 555 04410 50077=
40357 41908 03531 10132 21020 39425 40057 73000 333 59018=
40360 41557 63024 10085 20040 39497 40086 76063 86500 333 59023 86630=
40361 41640 22838 10136 21040 39323 40119 70700 82500 333 59019 82640=
40362 42660 42713 10166 20020 39571 40081 84100 333 58004 84835=
40373 42960 53312 10200 20020 39672 40081 80002 333 59018 85070=
40375 42960 03111 10152 21030 39230 40101 333 59014=
40394 42960 02410 10168 21040 38969 48452 333 59012 555 04410 50083=
40400 42660 43215 10220 20090 30105 40133 82501 333 58010 82640 84070=
40405 42660 32103 10220 20020 39352 40076 83500 333 59026 83640=
40417 41957 51714 10245 21050 30081 40096 70722 85030 333 59061 85360=
40420 41608 71922 10249 21090 39895 40099 70722 81520 333 59058 81645 87460=
40430 42960 42707 10237 20050 39373 40101 80001 333 59007 84070=
40437 41656 62308 10261 21050 39396 40080 70600 86400 333 59046 86640=
40439 42660 22718 10250 20100 30096 40114 81501 333 58002 81640=
40582 41940 63308 10225 20004 40074 58002 70611 82037 333 55309 01000 10000 22075 30588 41216 51683 62663 55407 41487 82360 86270 90401 91013 91113 91211 91307=
40703 41520 80802 10012 20005 38825 40097 50000 77177 8532/ 333 70128 82930 84635 88557 555 10009 29095 66666 00022 10020 20040 30048 50062 90090=
40706 41458 80708 10030 21023 38551 40091 58002 71622 8332/ 333 70003 81710 83930 88458 555 10010 29068 66666 00042 10041 20048 30052 50058 90075=
40712 41414 80302 10006 20006 38572 40086 54000 77777 8672/ 333 70237 84710 84620 88557 555 10006 29100 66666 00003 10010 20018 30021 50036 90054=
40713 41958 70911 10058 21016 38540 40046 58010 70522 84076 333 70002 84460 85268 555 10028 29059 66666 00042 10048 20055 30061 50074 90098=
40718 41457 83203 10091 20075 30192 40163 58011 75865 8672/ 222// 0//// 20202 333 70106 84710 84615 88457 555 10084 29090 66666 00094 10094 20096 30100 50110 90128=
40723 42660 79901 10084 21066 38909 40155 58028 81570 333 70000 81645 87461 555 10030 29034 66666 00032 10018 20020 30034 50048 90070=
40726 41640 80000 10036 20002 38546 40076 58003 70522 8452/ 333 70066 84635 88458 555 10022 29079 66666 00022 10024 20044 30040 50052 90084=
40727 42660 70000 10075 21020 38360 40043 57013 87300 333 70000 82935 85640 555 10036 29051 66666 00025 10028 20032 30036 50043 90074=
40732 41550 83602 10110 20077 30178 40153 58003 71022 8632/ 333 70003 82920 84626 88458 555 10094 29080 66666 00096 10098 20098 30098 50106 90128=
40736 41557 83101 10118 20069 30174 40148 57012 70522 8361/ 333 70000 83720 88461 555 10095 29072 66666 00100 10095 20088 30090 50096 90121=
40738 41425 62708 10119 20066 30154 40156 58019 70522 84192 333 70000 84815 84066 555 10094 29070 66666 00098 10082 20074 30084 50098 90122=
40739 42965 50902 10110 21113 38637 40119 56020 80006 333 70000 85268 555 10034 29020 66666 00094 10096 20056 30062 50065 90087=
40741 42960 41705 10166 20052 39819 40150 57038 80002 333 70000 84070 555 10111 29047 66666 00130 10096 20079 30086 50096 90117=
40743 42665 41004 10160 21106 39005 40102 57021 81502 333 70000 81635 84070 555 10064 29015 66666 00135 10102 20092 30106 50119 90134=
40745 42960 61203 10120 21015 39003 40150 56028 81074 333 70000 81359 85069 555 10058 29039 66666 00120 10082 20056 30066 50075 90105=
40747 41659 80203 10065 20002 38512 40037 57016 70362 8432/ 333 79999 81935 84640 88558 555 10038 29064 66666 00081 10063 20060 30064 50069 90093=
40754 42660 71405 10116 21112 38746 40071 58020 82476 333 70000 82640 83360 87268 555 10038 29019=
40762 42562 71206 10100 21118 38521 40147 57019 83406 333 70000 83630 86269 555 10027 29020 66666 00084 10056 20036 30048 50066 90090=
40766 41540 82804 10048 20041 38593 40054 58008 76386 8692/ 333 70043 83925 85630 88556 555 10045 29096 66666 00062 10070 20072 30074 50080 90100=
40768 41660 71608 10044 21004 38156 40053 57013 78022 84370 333 70000 81935 83640 87459 555 10024 29071 66666 00054 10042 20042 30048 50040 90058=
40769 42660 82003 10086 21060 38192 40044 57026 8132/ 333 70000 81935 88458 555 10030 29035 66666 00072 10050 20044 30052 50070 90104=
40780 41657 71508 10084 20011 38574 40050 58012 70521 84370 333 70000 81935 83640 87459 555 10052 29060 66666 00076 10070 20074 30074 50080 90100=
40782 41656 80902 10073 20042 38779 40066 58011 78182 8632/ 333 70002 82935 84640 88458 555 10059 29081 66666 00078 10076 20082 30076 50100 90116=
40785 42660 60000 10120 21122 39006 40094 57017 82506 333 70000 82640 86270 555 10040 29017 66666 00120 10096 20086 30090 50110 90160=
40791 42960 83102 10137 21114 39304 40125 57013 8801/ 333 70000 88460 555 10052 29016 66666 00120 10116 20112 30124 50140 90162=
40792 42660 81606 10154 21072 38668 40102 57014 8151/ 333 70000 81635 88460 555 10065 29020 66666 00112 10100 20080 30086 50114 90124=
40798 41558 61305 10033 20008 37894 40099 58020 72688 84370 333 70003 82930 83635 85459 555 10022 29084 66666 00037 10029 20036 30047 50060 90079=
40800 42660 31703 10106 20009 38405 40109 57015 83500 333 70001 83640 555 10062 29051 66666 00154 10078 20050 30060 50084 90170=
40809 42660 81210 10143 21138 38454 40109 57026 8151/ 333 70000 81640 88460 555 10048 29013 66666 00120 10091 20073 30084 50101 90128=
40811 42660 61608 10219 20073 30045 40071 58012 86500 333 70023 86640 555 10143 29039 66666 00170 10168 20168 30176 50186 90208=
40812 42660 61205 10188 20025 39698 40067 57029 86500 333 70000 86640 555 10112 29034 66666 00174 10166 20156 30160 50170 90196=
40818 42665 42006 10094 21060 37931 40101 58025 82530 333 70000 82640 555 10033 29033 66666 00070 10073 20052 30056 50066 90064=
40821 42665 70303 10136 21034 38733 40117 57005 81178 333 70000 81840 84360 87269 555 10065 29031 66666 00094 10090 20098 30105 50106 90134=
40829 42960 51304 10176 21086 39603 40182 57035 83012 333 70000 83459 83070 555 10079 29016 66666 0//// 10110 20108 30108 50142 90178=
40831 41558 71412 10212 20134 30070 40078 57017 70510 87300 333 70058 81725 83930 87635 555 10167 29061 66666 00210 10190 20192 30194 50202 90224=
40833 42660 31413 10247 20012 30052 40083 57028 83500 333 70007 83640 555 10136 29021 66666 00222 10196 20186 30186 50196 90216=
40841 42660 72406 10154 21171 38207 40112 57022 83470 333 70000 83640 87360 555 10048 29009 66666 00068 10064 20072 30090 50110 90144=
40845 41660 71310 10213 20097 30097 40102 58013 72992 83570 333 70005 83640 87460 555 10150 29047=
40848 42660 70000 10106 21009 38499 40138 58009 85370 333 70000 82935 83840 87460 555 10056 29045 66666 00082 10082 20084 30094 50104 90124 77777 00/// 10/// 20/// 30/// 50/// 70/// 99///=
40851 42660 71704 10127 21220 38241 40120 57015 83410 333 70000 83640 86460 555 10029 29007 66666 00128 10106 20102 30106 50116 90150=
40854 42660 72903 10229 21080 38902 40074 57029 81470 333 70000 81640 87460 555 10102 29012 66666 00222 10164 20150 30159 50172 90196=
40856 42660 71410 10131 21100 38631 40161 58027 81576 333 70000 81640 84360 87270 555 10048 29019 66666 00146 10102 20078 30090 50112 90136=
40859 41660 80903 10134 21067 38697 40165 57017 70282 84370 333 79999 82935 83640 87459 555 10056 29024 66666 00152 10106 20104 30116 50128 90149=
40875 41556 71304 10243 20150 30142 40154 58023 70521 81136 333 70000 81830 83360 85269 555 10187 29056 66666 00312 10224 20210 30206 50226 90244=
40879 42965 50202 10239 21051 39480 40154 57036 82076 333 70000 82360 84270 555 10115 29014 66666 00216 10192 20188 30198 50204 90236=
40882 41958 61205 10230 20152 30116 40151 58013 70521 81036 333 70000 81360 85269 555 10183 29061 66666 00240 10202 20194 30210 50218 90244=
40883 41956 61108 10225 20150 30120 40147 58016 70521 82036 333 70000 82360 86270 555 10180 29062 66666 00252 10214 20200 30212 50230 90248=
40893 42960 41405 10228 20146 30151 40157 57020 80006 333 70000 84267 555 10179 29060 66666 00242 10228 20225 30226 50240 90229=
40898 42960 00603 10220 20065 30200 40209 51010 222// 00234 20900 333 70000 555 10150 29037 66666 00320 10280 20230 30250 50258 90268=
41024 42660 43510 10272 20180 30093 40119 84500 333 58009 84640=
41036 42560 22817 10225 20100 38539 48489 82400 333 59013 82630 555 04410 50092=
41055 42960 01004 10233 21030 38340 48485 333 59009 555 04410 50087=
41061 42960 00000 10290 21120 39389 40081 333 59039=
41084 42960 00000 10274 21080 38820 48486 333 59013 555 04410 50036=
41112 42960 02013 10210 20020 37936 48498 333 59007 555 04410 50068=
41114 42960 01916 10240 21060 37972 48499 333 59004 555 04410 50066=
41128 42960 02506 10316 21090 38775 48486 333 59031 555 04410 50072=
41136 41920 01917 10308 21060 39282 40079 70700 333 59048=
41140 41559 32009 10282 20200 30112 40123 70540 83100 333 59009 83830=
41150 42964 81614 10226 20096 40112 8807/ 333 59052 88459=
41184 42960 41006 10269 20097 40147 82031 333 59011 82360 83070=
41194 42960 31507 10278 20038 30132 40138 80001 333 59021 83075=
41196 42960 21608 10273 20034 30105 40145 80001 333 59019 82075=
41216 42960 11608 10269 20030 30136 40140 80001 333 59025 81075=
41217 41958 31412 10269 20030 30107 40136 70600 80001 333 59024 83075=
41246 32960 30807 10243 20169 30150 41132 80001 333 59013 83070=
41254 36/// /1407 10156 21044 38045 49811 333 0E002 55300 25022 59010=
41256 32960 40613 10242 20139 30124 40141 80001 333 59027 55407 55408 55507 55508 84075=
41257 36/// /2802 10267 20057 39647 40134 333 0E016 55300 21675 59025=
41258 36/// /1213 10234 20154 30140 40144 333 0E/// 55306 21623 59024=
41265 36/// /1207 10242 20082 39558 40119 333 0E017 55300 23023 59015=
41267 36/// /0815 10241 20164 30142 40154 333 0E017 59017=
41268 36/// /0906 10269 20106 30098 40145 333 0E016 55300 25022 59017=
41275 36/// /1409 10253 20109 39990 40158 333 0E012 55300 22892 59019=
41288 32460 21010 10247 20154 30137 40159 82500 333 59019 82615=
41315 36/70 /1717 10202 20130 39313 47968 333 0E020 55300 27865 59023=
41396 42965 00606 10243 20077 39398 40110 333 59024=
41480 42560 20615 10269 20161 30135 40143 82500 333 59018 82620=
41506 12460 50000 10115 21039 38544 48430 60001 83520 333 56880 58043==
41508 12460 32301 10133 21018 38689 48590 60001 83200 333 56800 58027==
41515 12460 30503 10094 21032 38563 48250 60001 83500 333 56800 58012==
41516 12440 51303 10135 21058 38560 48180 60001 84430 333 56880 58045==
41517 12060 30000 10085 21156 37792 48080 60001 83400 333 56800 58043==
41518 12440 71801 10117 20007 30001 48010 60001 87720 333 56880 58000==
41519 12460 30000 10150 21028 38783 48240 60001 83200 333 56800 58038==
41523 12960 02302 10170 21009 39123 48460 60001 333 58039==
41535 12460 23101 10130 21069 38745 48150 60001 82500 333 56800 58037==
41536 12960 00000 10170 21009 39066 48410 60001 333 58041==
41560 12960 02303 10075 21036 38321 48500 60001 333 59011==
41571 11940 03109 10190 21026 39610 40191 60001 70500 333 58036==
41598 11940 03103 10220 21002 39910 40179 60001 70500 333 58030==
41600 11940 02301 10210 20062 30000 40176 60001 70500 333 58028==
41620 12940 03101 10150 21133 38599 48030 60001 333 58028==
41624 12960 00501 10215 20041 30000 40195 60001 333 58041==
41630 11940 03101 10220 20017 30000 40197 60001 70500 333 58035==
41640 11940 02701 10215 20059 39941 40190 60001 70500 333 58032==
41660 12960 23104 10120 21156 38456 48460 60001 80001 333 56008 58012==
41678 11940 00000 10230 20079 30000 40182 60001 70500 333 58026==
41696 12460 70000 10125 21059 38009 48210 60001 85520 333 56880 58003==
41697 12460 40000 10250 21017 30000 40169 60001 84500 333 56800 58009==
41700 11940 00503 10230 20066 30000 40179 60001 70500 333 58029==
41710 12960 31303 10200 21139 30000 40136 60001 80001 333 56008 59007==
41712 12960 51303 10180 21102 39218 48380 60001 80001 333 56008 59004==
41715 11940 00000 10240 20002 30000 40185 60001 70500 333 58021==
41718 11920 00501 10240 20053 30000 40184 60001 70500 333 58023==
41725 12940 30501 10235 20028 30000 40182 60001 83030 333 56080 58024==
41739 12940 40000 10215 20125 39081 48470 60001 84030 333 56080 58003==
41744 12940 00000 10155 21018 38800 48250 60001 333 58002==
41749 12940 23304 10255 20064 30000 40188 60001 82001 333 56008 58020==
41756 12940 32301 10245 20101 30000 40172 60001 80001 333 56008 59001==
41757 12940 02303 10260 20099 30164 40176 60001 333 59003==
41759 12940 01302 10235 20073 30000 40172 60001 333 59008==
41764 11920 00406 10255 21028 30115 40165 60001 70400 333 58001==
41768 12940 00504 10290 20067 30159 40166 60001 333 58006==
41780 11940 00503 10270 21064 30143 40170 60001 70500 333 59001==
41785 12940 20503 10265 20035 30150 40163 60001 80001 333 56008 59005==
41859 01/40 32302 10271 20160 30059 40096 70510 83030 333 58007 70000 83362==
41883 02956 02703 10285 20130 30085 40105 333 58016 70000==
41891 01945 01502 10268 20160 30064 40102 70500 333 58013 70000==
41907 01940 03102 10284 20110 30091 40106 70500 333 58018 70000==
41923 01945 02702 10296 20120 30096 40106 70500 333 58017 70000==
41936 01930 03306 10306 20150 30095 40102 70511 333 58016 70000==
41943 01935 00000 10295 20150 30095 40102 70500 333 58010 70000==
41950 01940 00000 10282 20200 30105 40107 70520 333 58019 70000==
41978 01932 02605 10286 20190 30094 40100 70500 333 58006 70000==
41992 01930 00302 10285 20200 30099 40101 70500 333 58007 70000==
42027 32596 32301 10120 21030 38443 48529 83100 333 58052=
42071 31996 02908 10202 20068 40188 70500 333 58030=
42101 32996 03204 10218 20071 40179 333 58019=
42111 31995 03202 10210 20016 39434 40129 70500 333 58010=
42123 32996 00502 10228 20059 40187 333 58031=
42131 32996 02705 10220 20020 40182 333 58021=
42165 32996 00000 10246 20005 40166 333 58023=
42182 31996 02710 10230 20010 40161 70500 333 58013=
42189 31995 02905 10224 20058 40134 70500 333 58008=
42309 21495 80202 10200 20181 40110 71052 8562/ 333 5826/ 6998/=
42314 21495 89902 10200 20184 40108 71022 8352/ 333 58027 6992/ 83618 88459=
42328 32996 40504 10254 20148 40143 80001 333 58010 84070=
42339 31995 00901 10262 21014 40161 70500 333 58013=
42348 32996 03208 10236 21009 40169 333 58020=
42361 31996 00503 10244 20037 40159 70500 333 58017=
42369 31996 02709 10256 20052 40137 70500 333 58019=
42379 31995 02708 10250 20093 40113 70500 333 58020=
42410 31595 50000 10264 20171 40100 70522 82530 333 58013 82620 84360=
42415 32596 60000 10250 20180 40106 83530 333 58019 83620 85360=
42452 31996 00905 10236 20042 40155 70500 333 58015=
42492 31996 09909 10246 20087 40123 70500 333 58027=
42559 32996 00902 10244 20026 40140 333 58020=
42571 31996 03203 10238 20012 40146 70500 333 58029=
42591 32996 02704 10272 20063 40133 333 58029=
42623 31495 33201 10246 20096 39229 40079 70500 83500 333 58017 83618=
42634 32996 20506 10282 21030 40150 333 58001=
42647 31996 00708 10276 20024 40145 70400 333 58007=
42667 32596 20212 10226 20050 39562 40150 82100 333 58023 82830=
42675 32996 23602 10232 20035 40144 82030 333 58044 82360=
42701 31996 23209 10260 20050 39387 40102 70500 82030 333 58020 82360=
42724 31995 02302 10298 20176 40101 70500 333 58013=
42737 32996 00510 10290 20009 40143 333 59007=
42754 32996 00712 10232 20024 39504 40136 333 58015=
42779 32996 03604 10326 20130 39437 40109 333 58032=
42798 31995 00203 10304 20138 40101 70500 333 58025=
42809 31996 03402 10296 20149 40108 70500 333 58017=
42840 32996 03403 10312 20127 40115 333 59007=
42867 31996 00204 10292 20101 40121 70500 333 58028=
42874 32996 00502 10306 20182 40115 333 58009=
42886 31996 03204 10318 20154 40107 70500 333 58020=
42895 32996 00502 10306 20170 40106 333 58020=
42909 32996 00209 10304 20066 40121 222// 20000 333 59009=
42971 31995 00502 10322 20187 40111 70500 333 58016=
43003 31995 03203 10334 20180 40092 70400 333 59008=
43014 31995 01803 10310 20198 39458 40086 70544 333 58006=
43041 31596 43602 10325 20157 39495 40090 70510 84400 333 58011 82625 83830=
43063 32997 00902 10322 20120 39475 40077 333 58003=
43086 32997 01601 10336 20166 39925 40098 333 58006=
43128 32597 21403 10328 20162 39502 40089 81501 333 58009 81620 83070=
43150 31996 32003 10298 20244 30045 40106 70500 80001 333 58001 83075=
43185 32597 20000 10336 20208 30094 40097 82500 333 58004 82620=
43189 32597 10000 10334 20202 30097 40106 81500 333 59001=
43192 32996 02302 10326 20203 40087 333 59006=
43198 32996 21106 10330 20065 39270 40063 80001 333 59002 82075=
43201 32997 00502 10330 20053 39360 40059 333 58002=
43213 32997 00903 10360 20115 39767 40072 333 58005=
43233 32997 01410 10318 20118 39286 40076 333 58001=
43237 32997 31104 10346 20132 39677 40055 80001 333 58005 83075=
43245 32997 10903 10320 20220 30078 40104 80001 333 58007=
43279 32597 21104 10320 20206 30087 40104 81501 333 58003 81620=
43284 32996 01806 10352 20117 39961 40072 333 59007=
43295 32497 10503 10302 20131 39091 48517 80001 333 58005 81075=
43314 32997 02303 10348 20249 40081 333 59014=
43321 31996 30912 10326 20083 39648 40082 70500 80001 333 58001 83070=
43329 32597 31102 10298 20221 30091 40104 81531 333 58001=
43333 31495 30902 10300 20233 40080 70510 83400 333 59008 82618=
43344 31496 50509 10320 20213 39995 40093 70522 83831 333 59005 83616=
43353 31496 42705 10308 20215 40079 70521 81530 333 56790 58001 81620 83359=
43369 32597 30902 10314 20258 40087 83500 333 59001 83620=
43371 31596 22703 10326 20247 30010 40081 70540 81101 333 59001 81820=
44212 42/84 23002 11207 21272 39280 40539 57006 82040==
44213 42/84 80402 11214 21247 38911 40530 54000 8802/==
44214 42970 02702 11105 21250 38366 40454 57015==
44215 42970 01302 11101 21195 38508 40457 57012==
44217 32998 00000 11182 21260 37919 40554 57013 333 91200=
44218 42984 03302 11111 21180 38717 40468 56012==
44219 32999 51802 11179 21222 38751 40540 56006 83038 333 91204=
44265 42984 01002 11122 21188 38944 40447 56005==
44266 31999 20509 11128 21227 37840 40484 53002 70931 81048 333 91115 91212=
44404 42958 00903 10190 20002 38129 48455 80000 333 58004=
44416 42960 02707 10270 20078 39341 40106 80000 333 58001=
44424 42960 02705 10174 21064 37642 47052 80000 333 59005=
44434 41558 11305 10232 20132 39195 48485 70140 81100 333 58008=
44438 42956 02606 10242 20145 39987 40113 80000 333 58019=
44449 41940 02504 10224 20166 39949 40105 70544 80000 333 58021=
44454 42560 23112 10222 20045 38633 48470 82100 333 58000=
44462 41958 02710 10206 20040 38224 48438 70700 80000 333 58013=
44474 41020 22706 10176 20066 38226 48470 70544 82200 333 58014=
44477 41330 32502 10196 20123 38793 48501 70544 83200 333 58010=
44478 41930 01910 10242 20183 30015 40097 70544 80000 333 58015=
48010 41956 01801 10285 20158 39928 40079 70544 333 58015==
48020 42960 10000 10290 20159 80001==
48025 42430 50401 10303 20166 39946 40083 58015 84840==
48048 42958 03201 10326 20234 30024 40079 333 58020==
48052 32958 03603 10343 20184 333=
48062 42558 23205 10310 20267 30078 40085 82500 333 58002==
48064 42958 01401 10320 20215 30012 40068 333 58027==
48094 42560 23202 10329 20190 30069 40079 82800 333 59006==
48109 42960 00401 10300 20223 30099 40103 333 58000==
51076 14/80 /3101 11089 21189 39463 40425 57010 60001 333 11080 21226 3/103 4/025 59012 70000 90761 91102==
51087 14/70 /2701 11090 21171 39310 40426 57005 60001 333 11072 21223 3/106 4/018 59009 70000 90761 91104==
51156 14/80 /1303 11023 21247 38766 40383 57006 60001 333 11010 21163 3/117 59011 70000 90761 91106==
51243 14/57 /1601 11138 21207 39824 40430 57013 60001 333 11117 21216 3/116 59015 70000 90761 91103==
51334 14/50 /2701 11133 21180 39982 40431 57008 60001 70500 333 11095 21219 3/111 4/012 59008 70000 90761 91104==
51379 14/41 /0701 11117 21166 39385 40435 57006 60001 70500 333 11109 21271 3/107 4/023 59010 70000 90761 91103==
51463 14/43 /0102 11119 21161 39121 40415 57005 60001 70500 333 11097 21174 3/101 4/036 59012 70000 90761 91104==
51573 14/77 /1401 10043 21156 30310 40362 57017 60001 333 10049 21063 3/112 58018 70000 90761 91104==
51644 14/62 /3402 10001 21119 39034 40351 57016 60001 333 10002 21089 3/106 4/003 58010 70000 90761 91104==
51656 14/35 /2603 10001 21139 39249 40360 57013 60001 70600 333 10019 21092 3/111 58016 70000 90761 91105==
51709 14/62 /1802 10003 21165 38691 40341 57015 60001 333 10008 21093 3/112 58010 70000 90761 91105==
51711 14/63 /0803 11037 21160 38045 40289 57015 60001 333 11032 21130 3/117 58010 70000 90761 91106==
51716 14/60 /1001 10024 21143 38992 40344 57015 60001 333 10026 21108 3/116 58008 70000 90761 91103==
51765 14/58 /2802 10024 21138 39311 40354 57012 60001 333 10030 21113 3/115 58016 70000 90761 91104==
51811 14/63 /0802 10023 21157 38858 40332 57016 60001 333 10029 21086 3/114 58008 70000 90761 91105==
51818 14/61 /0803 10022 21173 38697 40330 57016 60001 333 10027 21100 3/116 58004 70000 90761 91105==
51886 14/80 /2202 11034 21307 37097 40261 57008 60001 333 11023 21165 3/122 58024 70000 90761 91104==
52203 14/79 /1002 10006 21177 39440 40378 57015 60001 333 10013 21140 3/120 58020 70000 90761 91105==
52602 14/80 /3104 11008 21298 37243 40249 57009 60001 333 10007 21149 3/121 58019 70000 90761 91109==
52818 14/80 /0601 11016 21273 37219 40209 57009 60001 333 10010 21079 3/108 58027 70000 90761 91106==
52908 14/74 /2910 11039 21283 35698 40069 57016 60001 333 11005 21133 3/116 58001 70000 90761 91121==
55228 14/80 /2607 11041 21336 35985 40165 57010 60001 333 11020 21170 3/123 58033 70000 90761 91117==
55299 14/80 /2510 10061 21361 35782 49952 57026 60001 333 10089 21114 3/122 59008 70000 90761 91122==
55578 14/80 /0104 10119 21321 36309 49915 57036 60001 333 10170 21045 3/112 58004 70000 90761 91108==
55591 14/77 /2306 10161 21334 36435 49833 57032 60001 333 10189 20024 3/110 58000 70000 90761 91114==
55664 14/80 /2709 10076 21390 35968 40047 57020 60001 333 10101 21124 3/117 59006 70000 90761 91119==
55773 14/80 /1706 10051 21202 35987 40080 57015 60001 333 10111 21102 3/116 58009 70000 90761 91114==
56004 14/62 /2715 10014 21365 35746 40033 57023 60001 333 10045 21155 3/121 59005 70000 90761 91126==
56018 14/62 /2707 10088 21383 36092 49897 57025 60001 333 10106 21045 3/114 59001 70000 90761 91119==
56312 14/80 /1107 10110 21055 37034 40022 57021 60001 333 10135 20045 3/004 58038 70000 90761 91111==
62306 32560 63220 10133 20034 40233 52016 86800=
62309 42560 63510 10144 20024 40208 52023 86800==
62325 42560 53209 10150 20069 40172 52010 85200==
62332 42560 63020 10152 20048 40162 52015 86800==
62337 32560 62912 10128 20081 40146 52011 86800=
62357 N=
62366 35560 63016 10146 20022 40180 52005 84250=
62387 42560 33211 10160 20051 40202 54000 83200==
62393 32960 03512 10156 20048 40219 54000=
62405 32960 03212 10166 20037 40184 54000=
62414 31930 03416 10176 20037 40178 52002 70700=
62419 32960 03614 10204 20056 40176 52004=
62420 42560 23312 10149 20037 40214 57001 82500==
62435 42/60 50308 10164 20052 40202 52003 85050==
62440 32560 42716 10158 20069 40168 52009 84200=
62455 42560 33009 10162 20040 40175 52003 83200==
62458 42960 03212 10151 20036 40186 52010 85200==
62459 42560 43321 10161 20033 40162 52001 84200==
62465 32960 03306 10202 20049 40158 52003=
63210 32580 23610 10262 20180 40118 82200 333 59027 82833=
63227 32980 01012 10266 20130 40159 333 59002=
41316 32688 31509 10253 20158 30120 40150 83500 90847 333 59021 55407 55408 55507 55508 83635=
