SIPK OPKC 082100=
41504 22995 00000 11025 21111 37909 48580 333 58005 60007 RH51%=
41507 22996 00000 10100 20022 39291 49819 333 58004 60007 58%=
41508 22996 30000 10027 21030 38687 48551 83030 333 56090 59015 60007 83360 67%=
41509 22996 20000 10070 21019 38807 48541 82020 333 56090 58013 60007 82460 RH 53%=
41510 22996 40000 10005 21007 37939 48559 84030 333 56090 59002 60007 84360 91%=
41515 22695 50000 10048 21014 38592 48552 82520 333 56990 58019 60007 82650 83460 63%=
41516 22696 62702 10060 21016 38588 48544 81630 333 56990 59005 60007 81640 85360 RH58%=
41517 21696 70000 11020 21060 37842 48585 70422 83530 333 56990 59004 60007 83640 86360 71%=
41518 22696 41802 10050 21030 38/// 48/// 82520 333 56990 5//// 60007 82640 82462 56%=
41519 22996 30000 10090 21006 38796 48531 80030 333 56090 59016 60007 83362 RH51%=
41520 22695 52702 11010 21098 37658 48316 82570 333 56990 59013 60007 82640 83762 47%=
41523 22996 00000 10060 21001 39100 48502 333 59016 60007 65%=
41524 22996 33604 10150 21049 39368 40233 83020 333 56090 59014 60007 83460 27%=
41525 22696 40000 10040 21037 37695 48411 81520 333 56990 59004 60007 81640 83460 61%=
41528 21996 00000 10085 20053 39238 48514 70400 333 59010 60007 81%=
41529 22696 70000 10125 20062 39776 40164 83620 333 56990 59007 60007 83640 84460 65%=
41530 219// 70000 10140 21004 39744 40171 70522 87030 333 56090 59020 60007 37%=
41534 22696 60000 10110 20056 39738 40161 83520 333 56990 59017 60007 83640 83460 69%=
41535 22696 30000 10055 20007 38720 48484 83500 333 56900 59005 60007 83635 RH71%=
41560 22996 00000 11005 21032 38287 48522 333 59015 60007 RH82%=
41565 22995 23104 10056 21040 38634 48500 82020 333 56090 58001 60007 82460 RH 50% =
41567 21696 60000 10110 20056 39725 40153 70422 83570 333 56990 58008 60007 83640 84360 69%=
41571 219// 63604 10105 21016 39583 40181 70522 82031 333 56099 58002 60007 RH43%=
41572 21996 00000 10090 21022 39518 40161 70511 333 59003 60007 RH45%=
41573 22997 03604 10035 21103 37981 48517 333 59003 60007 36%=
41574 22997 40000 10040 20018 38346 48528 80007 333 56009 59020 60007 84070 85%=
41576 21996 40000 10110 20056 40177 70400 84070 333 56090 59007 60007 84460 69%=
41577 21696 30000 10080 20023 40177 82530 70411 333 56990 59002 60007 82640 81360 RH 67%=
41593 21996 40000 10125 20062 39947 40169 70411 84070 333 56090 58006 60007 84460 65%=
41597 21996 50000 10130 20091 40178 70422 85030 333 56090 59005 60007 85362 77%=
41598 21995 40000 10105 20062 39885 40164 70400 84030 333 56090 59007 60007 84360 75%=
41599 21996 30504 10100 20057 39870 40169 70401 83030 333 56090 58001 60007 83360 74%=
41600 21996 20000 10115 20085 40154 70400 82030 333 56090 59009 60007 82360 82%=
41620 31996 01302 10065 21043 38580 48482 70500 333 59021 60007 46%=
41624 21995 00000 10135 20062 40152 70400 333 59012 60007 61%=
41630 21996 20000 10100 20057 40168 70400 82030 333 56090 59004 60007 82360 74%=
41633 21996 00000 10090 20069 4//// 70400 333 5//// 60007 86%=
41634 22997 00000 10080 20010 3//// 4//// 333 5//// 60007 61%,=
41635 21996 20000 10140 20102 3//// 4//// 70400 82030 333 56090 5//// 60007 82360 78%=
41636 21996 00000 10105 20074 39976 40167 70400 333 59029 60007 81%=
41638 21996 00000 10110 20090 4//// 70400 333 5//// 60007 87%=
41640 21996 00000 10130 20091 39905 40159 70400 333 59002 60007 77%=
41641 21996 00000 10145 20086 39880 40159 70400 333 59004 60007 68% =
41642 21996 00000 10095 20063 4//// 71004 333 5//// 60007 80%=
41643 21995 00000 10095 20074 39874 40159 71000 333 59004 60007 87%=
41644 21995 20000 10120 20101 4//// 71000 82020 333 56090 5//// 60007 82460 88%=
41646 21995 00000 10140 20112 40166 70400 333 59011 60007 83%=
41652 21995 02704 10110 20043 40159 70400 333 59007 60007 63%=
41660 229// 31308 10070 21062 38425 48516 83030 333 56090 59027 60007 83360 39%=
41661 22696 30000 10050 21024 38388 48518 83500 333 56900 58001 60007 83635 59%=
41669 21996 00000 10115 20085 3//// 4//// 70400 333 5//// 60007 82%=
41670 21996 00000 10110 20079 4//// 70400 333 5//// 60007 81%=
41674 21995 00000 10100 20057 3//// 4//// 70400 333 5//// 60007 74%=
41675 21996 00000 10125 20085 30007 40156 70400 333 59006 60007 77%=
41676 21995 00000 10110 20068 30008 40172 70400 333 59019 60007 75%=
41678 21996 30000 10150 20069 40164 70400 83020 333 56090 59011 60007 83460 58%=
41679 21996 30000 10130 20091 4///// 70411 83030 333 56090 5//// 60007 83360 77%=
41680 21995 00000 10120 20090 40160 71000 333 59010 60007 82%=
41685 22997 30000 10105 20000 38926 48503 83020 333 56090 59006 60007 83460 RH48%=
41696 22696 50000 10050 21039 37993 48519 83520 333 56990 58001 60007 83640 82460 RH52%=
41697 22696 60000 10130 20043 40159 86500 333 56900 59019 60007 86640 RH55%=
41700 21995 30000 10125 20085 40144 70400 83030 333 56090 59018 60007 83360 77%=
41701 21995 20000 10110 20090 30011 40158 71000 82030 333 56090 59011 60007 82360 87%=
41710 22696 40000 10180 20025 40092 84500 333 56900 59018 60007 84640 35%=
41712 22996 00000 10130 20021 39173 48484 333 59021 60007 RH48%=
41715 21994 30000 10135 20074 40160 70400 83030 333 56090 59026 60007 83360 RH67%=
41716 21995 00000 10120 20079 40157 70400 333 59020 60007 76%=
41718 21995 00000 10105 20062 40151 70400 333 59016 60007 75%=
41724 21995 00000 10120 20079 40164 70500 333 59025 60007 RH76%=
41725 21996 30000 10140 20080 40143 70500 83030 333 56090 59030 60007 83360 RH67%=
41726 21994 30000 10110 20043 30114 40188 71000 80001 333 56009 59023 60007 83070 RH 63%=
41738 22996 00000 10160 20081 40157 333 59022 60007 RH60%=
41739 22996 00000 10115 20041 39069 48517 333 59016 60007 RH60%=
41742 22996 40000 10160 20028 40150 84030 333 56090 59016 60007 84360 41%=
41743 21996 40502 10140 20080 70400 84060 333 56090 60007 84660 67%=
41744 22996 00000 10105 21016 38779 48499 333 59025 60007 RH 43%=
41745 21995 00000 10140 20091 70400 333 60007 RH72%=
41746 21995 43604 10110 20043 30104 40159 70500 84030 333 56090 59030 60007 84360 RH63%=
41747 21995 00000 10115 20085 40140 71000 333 59030 60007 RH 82%=
41748 21996 03604 10130 20080 40157 70500 333 59023 60007 RH71%=
41749 21996 00000 10140 20091 40142 70400 83030 333 56090 59041 60007 83360 RH72%=
41756 21995 01302 10175 20131 40148 70504 333 59015 60007 RH75%=
41757 22996 00000 10170 20115 30154 40167 333 59016 60007 RH70%=
41759 22996 00000 10125 20074 40148 333 59036 60007 RH71%=
41764 22996 00000 10180 20058 30082 40132 333 59037 60007 RH45%=
41765 22996 00000 10170 20094 30103 40139 333 59030 60007 RH61%=
41767 22996 00000 10135 20085 3//// 4//// 333 60007 RH72%=
41768 22996 00000 10140 20091 30128 40135 333 59023 60007 RH72%=
41780 21996 00000 10155 20075 30112 40140 70500 333 59016 60007 RH59%=
41785 22996 00000 10145 20107 30130 40143 333 59024 60007 RH 78%=
41786 22996 00000 10110 20043 30091 40129 333 59016 60007 RH 63%=
41BKI 22996 40000 10120 21002 39730 40157 84030 333 56090 59018 60007 84360 RH 43%=
41SKP 21996 00000 10090 20057 4//// 70400 333 5//// 60007 80%=
43532 21996 00000 10090 20059 39343 40166 70400 333 59012 60007 81%=
43533 22997 43102 10080 20048 39234 48489 84020 333 56090 58000 60007 84460 80%=
43536 32996 50901 10027 21009 38445 48532 80001 333 59011=
43563 22997 00000 10122 20021 40178 333 58009 60007 51%=
41783 22996 00000 10175 20111 30107 40137 333 59030 60007 RH 66%=

41766 Not Received

Data Generated from File : D:/all data handling/Rmc_lhr/2025020821.FSU.txt
08/02/2025   22:04:10
____________________________________________________________________________________________
15020 24/66 /1602 11043 21082 30221 40434 58002 333 55300 20000 60007==
15090 24569 73301 11035 21079 30337 40436 57002 87500 333 55300 10110 20000 30000 60007 91001 90730 91102==
15108 22970 01009 11087 21181 38178 48598 57007 333 55300 20000 60007 91011 90730 91111==
15150 24570 83402 11041 21084 30204 40433 57002 8457/ 333 55300 20000 60007 91003 90730 91104==
15170 21949 01100 11079 21094 39561 42919 52003 71000 333 55300 20000 60007 91001 90730 91102==
15280 22970 00807 11091 21272 37560 47097 57006 333 55300 20000 60007 91008 90730 91109==
15310 24/66 13503 11042 21080 30316 40409 58007 81030 333 55300 10240 20000 30000 60007 91007 90730 91108==
15335 24969 03403 11042 21074 30391 40398 57010 333 55300 20000 60007 91005 90730 91106==
15350 24570 70405 11036 21081 30293 40422 57002 87500 333 55300 20000 60007 91008 90730 91109==
15360 24470 80411 10023 21047 30354 40372 58011 886// 333 55300 20000 60007 91014 90730 91115==
15420 24568 80502 11029 21071 30293 40412 57002 8357/ 333 55300 20000 60007 91005 90730 91105==
15460 24/68 /0404 11023 21071 30380 40407 57002 333 55300 20000 60007==
15470 24569 80703 11022 21073 30276 40411 54001 8457/ 333 55300 20000 60007 91005 90730 91105==
15480 24466 83104 11012 21055 30360 40378 57013 886// 333 55300 10040 20000 30000 60007 91009 90730 91109==
15549 42570 70503 11048 21068 39951 40396 54000 87500 333 11043 21048 555 585//=
15552 41460 83405 11023 21050 30319 40371 58006 77177 886// 333 11015 21023 555 58000 69999 92035 92437=
15640 42668 73404 11018 21027 30051 40382 54000 87500 333 11015 21018 555 594//=
15655 41568 83412 11010 21048 30328 40363 58011 77172 8802/ 333 11007 21010 91116 555 57300 69922 92037 92437=
15730 42670 80707 11014 21073 39951 40370 51001 83577 333 11003 21014 555 564//=
16627 42565 70416 10024 21042 30330 40336 56005 87500 333 90730 91130==
16650 42460 70419 10044 21010 30315 40325 58001 87800 333 84818 87625 90730 91133==
16667 42560 60116 10068 20019 30275 40287 58004 86800 333 82820 85625 90730 91130==
16723 42560 10110 10080 20023 30234 40249 50001 81200 333 90730 91118==
16742 42460 13611 10090 20024 30065 40223 57002 81100 333 90730 91124==
16749 42960 00000 10062 20023 30189 40203 57004 333 90730 91107==
16754 41460 73418 10098 20068 30206 40254 50000 70262 87600 333 82710 86625 90730 91128==
16760 47/// /0208 10068 20040 39831 40257 54000 7414/ 333 90730 91121==
16765 46/// /3214 10116 20023 30196 40216 52003 333 90730 91124==
17022 41570 71805 10023 20012 30130 40303 58008 72522 85250 333 85833 87360 90730 91108==
17024 46/80 /2211 10019 20007 30206 40285 57006==
17026 47/57 /2002 10040 20027 30249 40289 58004 752//==
17031 42570 72304 10047 20015 30273 40280 57007 87200 333 82722 87836 90730 91115==
17034 41565 72403 10056 20027 30238 40286 57005 78082 84250 333 84830 87358 90730 91106==
17038 41470 70000 10060 20034 30220 40269 57007 78088 87200 333 83716 87828 90730 91117==
17042 46/73 /1104 10062 20025 30235 40275 58006==
17050 46/80 /0108 10003 21056 30304 40369 51004==
17056 42670 73309 10019 21015 30334 40339 50006 84530 333 84635 87360 90730 91121==
17060 41470 73613 10038 20012 30275 40317 58002 78088 87200 333 83715 87825 90730 91128==
17070 42665 70402 11008 21050 39387 40291 58001 84520 333 84634 87460 90730 91107==
17074 46/82 /3402 10001 21006 39315 40277 50000==
17084 42670 60502 10011 21008 39338 40271 58004 84550 333 84635 86359 90730 91107==
17085 42570 80404 10031 21013 39767 40272 58003 8452/ 333 84630 88460 90730 91109==
17092 42960 00701 11090 21104 38884 48504 51002 333 90730 91108==
17096 41660 40906 11054 21071 38233 48505 56002 70171 84500 333 84635 90730 91110==
17098 42660 60608 11075 21101 38197 48513 58001 84530 333 84635 86357 90730 91118==
17100 41657 50000 10000 21042 39220 40244 50000 71022 82530 333 82640 85358 90730 91102==
17112 46/80 /0111 10035 21012 30317 40324 56004==
17115 41460 70322 10047 20004 30259 40312 58003 70282 87200 333 84715 86830 90730 91134==
17116 42570 70308 10047 20017 30174 40299 57004 85250 333 85830 87359 90730 91113==
17124 42660 63306 10002 21043 39335 40283 58005 86500 333 86635 90730 91115==
17128 42660 73404 11005 21067 39135 40269 58005 84150 333 84840 86360 90730 91109==
17135 42670 40401 10024 21045 39358 40258 58003 84500 333 84640 90730 91104==
17140 42665 70601 11032 21048 38736 48515 58004 85550 333 85638 87358 90730 91106==
17150 41460 70214 10035 20026 30167 40295 55001 78082 87200 333 84715 86835 90730 91118==
17160 42670 70303 11001 21069 39063 48520 58005 84570 333 84640 87360 90730 91107==
17170 42560 31012 11038 21132 38314 48489 52001 82530 333 82630 83357 90730 91135==
17175 42665 40602 10053 20000 30280 40284 57006 82130 333 82840 84360 90730 91114==
17184 42670 33505 10043 21004 30159 40274 56002 82130 333 82840 83360 90730 91113==
17190 42670 60000 11010 21061 39040 48524 50000 84550 333 84635 86360 90730 91106==
17195 42470 70000 11012 21035 39006 48516 57004 87500 333 82715 87630 90730 91105==
17200 42960 09901 11044 21071 39211 40229 50001 333 90730 91106==
17202 42670 42405 11017 21036 39147 40218 51003 82540 333 82635 84360 90730 91109==
17203 42970 00000 11002 21087 38880 48530 50001 333 90730 91105==
17210 46/// /0602 10045 21100 39128 40166 52006==
17219 42665 10113 10045 21006 30114 40263 50002 81100 333 81835 90730 91124==
17234 42970 00000 10045 21012 30169 40239 52004 333 90730 91102==
17237 42670 30000 10047 21038 39731 40248 52003 83200 333 83835 90730 91105==
17240 42970 00404 10011 21053 39065 40237 58002 333 90730 91110==
17244 42670 63503 11005 21045 39038 48522 57005 86500 333 86640 90730 91105==
17248 46/80 /1004 11002 21052 39011 40249 58005==
17250 46/77 /0803 11018 21054 38830 40250 58004==
17260 42960 03604 10020 21059 39335 40164 58001 333 90730 91109==
17270 42670 32702 10066 21022 39533 40184 50000 83500 333 83640 90730 91109==
17275 46/69 /0000 10017 21048 38970 40180 50000==
17280 42/60 22404 10017 21044 39385 40184 52006 82030 333 82360 90730 91114==
17290 42970 00105 10095 21053 30188 40220 57005 333 90730 91114==
17292 42970 01001 10038 21062 39444 40214 58001 333 90730 91109==
17300 42960 03412 10089 21039 30147 40219 51005 333 90730 91119==
17310 42970 00805 10112 21046 30189 40196 50000 333 90730 91111==
17330 46/// /2806 10089 21051 30187 40200 58002==
17350 42960 00304 10042 21043 30112 40191 58005==
17370 42/70 30000 10092 21007 30201 40205 50002 83030 333 83360 90730 91111==
17375 42670 20000 10075 20020 30203 40205 52002 82200 333 82835 90730 91102==
33088 42/60 61504 11052 21071 30230 40435 57006 86070==
33135 424// 81003 11061 21084 30311 40470 57002 886// 333 88711==
33177 42960 01103 11057 21074 30156 40410 57008==
33317 424// 80805 11069 21087 30076 40439 58004 8557/ 333 85619==
33393 42460 81406 11055 21078 39981 40399 58008 886// 333 88711==
33415 42560 71405 11053 21078 39997 40422 57004 87500 333 87621==
33429 42460 81504 11061 21081 39980 40433 58003 886// 333 88710==
33466 42564 80902 11057 21087 30251 40453 58004 885//==
33506 41/40 70905 11075 21084 30241 40453 56002 71011 87070==
33562 42660 81202 11056 21074 30125 40452 58002 885//==
33587 42/// 80501 11065 21089 30161 40444 58003 8805/==
33658 42475 81404 11052 21075 30107 40428 57004 886// 333 88714==
33663 42/60 81102 11042 21084 30340 40443 52002 8805/==
33664 42997 81003 11053 21077 30092 40431 58004 8805/=
33678 42898 82802 11062 21093 30233 40456 52005 8805/=
33679 42497 60802 11058 21080 30230 40435 58004 86500=
33711 42960 00102 11068 21084 30206 40432 58006==
33745 42597 60201 11054 21065 30244 40452 58001 85930=
33748 42997 01002 11062 21085 30119 40426 58003=
33754 42997 60202 11066 21090 30275 40434 51003 86030=
33761 42964 00304 11079 21087 30192 40433 57005==
33791 42976 00505 11048 21084 30289 40426 57005==
33815 42998 00502 11053 21080 30197 40420 54000=
33837 42/65 30409 11024 21057 30339 40394 58007 82051==
33881 42598 13602 11064 21085 30210 40422 58004 81500=
33883 42997 03503 11065 21080 30237 40413 57005=
33885 42997 00104 11065 21093 30276 40425 58005=
33892 42997 00404 11061 21079 30184 40408 58004=
33902 42960 00406 11045 21093 30333 40397 58005==
33924 42960 00507 11027 21069 30349 40362 57005 333 91013 90730 91115==
33946 41475 80712 11022 21042 30108 40341 57006 70232 886// 333 88715 91015 90730 91116==
33983 42960 00610 11020 21055 30273 40337 57006 333 91016 90730 91118==
34300 42560 80602 11065 21089 30273 40464 58002 885//==
34336 42960 00303 11109 21128 30347 40460 57007==
34344 42970 03501 11115 21118 30357 40453 58007==
34356 42970 00000 11126 21145 30281 40443 57012==
34357 42970 33301 11114 21132 30271 40440 58012 80001==
34398 429// 40603 11090 21106 30389 40403 57010 80001==
34415 42970 00703 11080 21094 30345 40450 58003==
34438 42960 00304 11121 21133 30234 40443 57001==
34445 42570 32602 11130 21140 30319 40444 58003 83500==
34461 42960 00302 11089 21115 30371 40431 58013==
34473 429// 20205 11076 21112 30374 40416 57009 80001=
34476 41940 70203 11070 21087 30403 40411 58009 71011 87004 333 90730 91110==
34504 42561 50605 11067 21091 30247 40434 54000 85500==
34535 42970 00301 11104 21118 30357 40435 58005==
34545 42970 80403 11091 21108 30306 40427 58009 80005==
34555 41440 80205 11070 21088 30334 40432 55001 71022 886//==
34560 41340 50605 11060 21074 30215 40418 57012 71011 85600 333 85707==
34578 41940 00304 11058 21065 30393 40400 57011 71000==
34579 42970 03602 11078 21105 30355 40401 57008==
34644 42960 00505 11069 21087 30327 40409 57006 333 91010 90730 91111==
34646 42570 50504 11041 21056 30321 40408 57006 85500 333 90730 91110==
34655 42960 00000 11066 21081 30349 40413 58009==
34662 42970 03303 11072 21087 30397 40409 57012==
34691 42970 20000 11079 21120 30609 40596 57005 80002==
34720 42970 00303 11071 21092 30363 40406 57003 333 90730 91111==
34727 42960 00706 11051 21076 30361 40394 57003 333 91010 90730 91113==
34743 42960 00502 11061 21081 30309 40404 57006==
34759 42560 70403 11057 21073 30251 40390 57014 83501==
34772 42/60 60204 11050 21078 30383 40386 57013 8603/==
34785 42960 00303 11072 21104 30399 40375 57008==
34798 42960 00204 11078 21105 30508 40477 58008==
34824 42960 00604 11053 21082 30370 40375 57003==
34838 42960 00503 11046 21088 30271 40373 57006==
34845 42970 00703 11060 21089 30269 40384 58010==
34858 41940 00000 11063 21091 30273 40387 58009 71000==
34861 42960 00504 11069 21098 30129 40390 57011==
34866 42960 03402 11071 21090 30389 40380 58014==
34880 42960 00303 11055 21105 30392 40364 57010==
34887 42970 03602 11068 21101 30290 40366 58012==
34949 42970 00705 11097 21124 39791 40378 57011==
34954 42970 00701 11080 21111 30196 40382 57011==
34958 42970 00000 11116 21132 30168 40385 57011==
34975 42970 00302 11068 21096 30372 40368 58013==
34984 42970 03501 11075 21113 30393 40361 58013==
35217 429// 00302 11125 21160 30354 40397 57011==
35302 429// 00605 11093 21114 30380 40402 57012==
35315 429// 00204 11103 21166 30320 40380 57007=
35344 419// 00409 11145 21181 30060 40370 58006 73633 333 91115=
35358 419// 00205 11158 21185 30170 40353 52007 70230==
35368 419// 00909 11126 21169 30053 40337 58015 73630=
35386 429// 00801 11206 21233 39805 40375 58009=
35394 42970 00201 11214 21244 39639 40382 58009==
35404 429// 00405 11082 21096 30386 40395 57012=
35406 429// 00204 11097 21123 30379 40381 57012==
35416 429// 00103 11110 21147 30232 40361 57015==
35426 429// 03503 11103 21146 30039 40347 58016==
35437 419// 20513 11107 21135 30092 40426 57005 73630 80003 333 91018 91118=
35449 419// 00204 11137 21167 30224 40334 52011 70230=
35497 429// 00902 11113 21186 39786 40650 53008==
35498 429// 00000 11230 21250 39431 40399 52002=
35514 42998 00205 11105 21133 30581 40577 57014=
35522 429// 00402 11120 21167 30074 40342 57013=
35542 429// 00505 11142 21172 30173 40331 52004=
35563 42998 01402 11173 21227 39534 40363 58001=
35576 429// 00304 11206 21236 39861 40352 52003==
35582 429// 00506 11157 21217 39710 40354 53001=
35594 429// 01501 11218 21240 39466 40385 58001=
35605 42998 00504 11094 21106 30378 40355 57010=
35633 429// 00407 11142 21165 30085 40314 58005 333 91115=
35671 42970 00402 11148 21173 39877 40336 52005==
35699 429// 00206 11102 21191 39531 40320 57001==
35700 42970 00605 11090 21101 30369 40344 57011==
35715 42997 00604 11094 21151 30342 40326 57006=
35739 429// 60504 11132 21175 30141 40290 58003 80008=
35746 429// 60205 11122 21149 30204 40275 58006 80001==
35777 429// 00503 11130 21157 39947 40314 52006=
35796 42960 00503 11154 21184 39860 40325 58008==
35849 429// 03303 11134 21169 30167 40259 58006==
35895 42997 03604 11167 21188 39857 40335 52001=
35907 42998 00407 11054 21092 30371 40339 57007=
35925 429// 00202 11124 21144 30184 40303 58008==
35927 429// 00501 11110 21230 30298 58008=
35953 42/// 80403 11059 21102 30112 40245 58002 8807/==
35969 42/// 80908 11052 21126 30071 40248 52002 8807/==
35997 419// 00201 11142 21169 39845 40307 57001 71000=
36259 41584 80501 11348 21382 38252 48553 57014 71122 85902==
36335 429// 00000 11189 21224 39286 40391 57008=
36358 429// 00000 11226 21258 39284 40408 57013=
36394 429// 21403 11248 21266 39917 40386 57018 82040=
36397 41/// 80000 11258 21281 39769 40397 57012 70272 8802/==
36403 419// 52201 11274 21289 39988 40394 57013 71011 83041=
36418 429// 20000 11266 21285 39710 40397 57010 80003=
36421 429// 00000 11335 21354 39765 40414 57010=
36428 429// 00401 11302 21336 39836 40405 58014==
36439 429// 31403 11166 21200 39013 48501 57009 80001=
36498 419// 00205 11135 21200 39495 40329 58010 70230=
36501 429// 00000 11240 21265 39553 40382 57020=
36535 429// 00000 11324 21351 39698 40422 57011==
36546 429// 03001 11313 21331 39797 40412 57010=
36619 429// 03602 11205 21232=
36622 419// 03503 11231 21257 39499 40381 54000 73633=
36639 429// 00702 11240 21284 39667 40332 58010==
36643 429// 02201 11249 21266 39657 40390 57010=
36665 419// 01702 11231 21247 39575 40371 57014 71000=
36666 429// 02702 11314 21337 39845 40407 57009=
36729 42998 01601 11170 21185 39802 40318 58002=
36736 429// 03302 11189 21211 39729 40326 57012=
36744 429// 00502 11167 21196 39820 40302 54000=
36770 429// 00000 11184 21184 39528 40309 57006=
36786 42999 00000 11111 21126 39330 40287 57005=
36796 429// 00000 11207 21232 39054 48473 57003=
36803 42999 00000 11151 21165 39831 40310 58010=
36806 429// 01506 11203 21261 39822 40332 57006=
36819 419// 40502 11124 21140 39646 40291 53006 71011 80001=
36821 419// 20302 11160 21169 39777 40301 57003 71000 80002==
36839 42998 01601 11135 21175 39114 40305 57008=
36843 429// 02705 11028 21070 39070 40256 57003=
36846 429// 00204 11109 21186 38619 48506 57005=
36859 429// 00201 11072 21093 39504 40314 58005==
36870 429// 60201 11037 21058 39214 40243 57010 80001==
36874 429// 02302 11150 21170 39596 40434 57003=
36877 429// 00000 11115 21124 39646 40712 57007=
36885 429// 31602 11057 21082 39105 40261 57010 83030=
36889 429// 02002 11068 21166 37040 47058 57002=
36894 429// 00000 11094 21114 39508 40278 57005=
36905 429// 01202 11027 21099 38748 48506 57008=
36911 429// 30901 10000 21048 39263 40247 53004 80031=
36927 42697 70000 11014 21069 38357 48525 58005 87900=
36934 42597 41201 11043 21070 38272 48400 58004 82902=
36953 426// 70000 11120 21157 38200 48508 58009 84943=
36963 429// 31402 11110 21130 37028 48/// 57006 80001=
36974 42401 11115 38012 48562 56002 82501=
36982 429// 00000 11174 21201 36516 47132 58004=
37018 42960 00405 10005 21079 30190 40268 57005 333 91013 90730 91114==
37031 42960 01102 11056 21105 30153 40361 57011==
37054 42460 80000 11064 21090 39967 40376 57008 885//==
37061 41940 03602 11086 21111 30200 40381 55010 71000==
37085 42940 02503 11066 21081 30393 40366 57015==
37171 42940 00903 10033 20009 30242 40261 58006==
37228 41420 80701 11058 21069 39469 40350 57012 71022 886//==
37235 42560 81002 11053 21073 30029 40365 57010 885//==
37472 42570 63203 11040 21071 30384 40360 58014 82481==
38149 42970 43103 11160 21211 30211 40295 52007 80002==
38262 429// 23101 11125 21163 30187 40275 52004 80002==
38264 42970 02702 11118 21153 30183 40284 52003==
38345 42998 81001 10005 21035 38791 48486 58006 8802/=
38353 429// 21701 11007 21071 39304 40218 57004 80001=
38388 42998 03401 11093 21155 30211 40287 52006=
38392 42997 53003 11107 21143 30173 40284 52002 85030=
38396 42/60 32903 11082 21145 30147 40280 52001 83031==
38403 42/// 82703 11072 21101 30114 40242 52008 8802/==
38413 42/// 82605 11053 21053 39946 40251 52020 8802/==
38457 42960 82201 10038 21021 39634 40227 52024 8654/==
38462 42/// 20000 10009 21037 38752 48487 52004 82050==
38507 42996 43603 11052 21097 30189 40298 58002 80001=
38545 41598 82701 11061 21061 30098 40289 52009 70272 8802/=
38565 126// 83203 10018 20002 39621 40195 52019 60002 885//==
38579 415// 83504 10050 20009 39806 40227 52021 78082 889//==
38583 12660 83201 10055 20009 39904 40228 52018 60002 885//==
38599 42997 82410 10056 20023 39683 40223 52015 85032=
38611 41/40 82603 10058 21028 39619 40180 52009 71022 8807/==
38613 429// 81701 10022 21018 40205 53021 80002=
38616 425// 71801 10051 21035 39186 40200 53018 87500=
38618 42/// 81201 10032 21012 39499 40194 52015 85031==
38647 42597 80602 11032 21056 30234 40279 57005 885//=
38656 42698 80000 11038 21096 30176 40292 58007 885//=
38683 42360 82304 11040 21059 39997 40288 52016 867//==
38687 42697 83201 11040 21040 30048 40296 52003 885//=
38696 425// 62701 10028 20010 39375 40245 52010 86900==
38713 425// 82501 10014 21034 39025 48490 52016 885//=
38750 42997 63102 10002 21025 30326 40296 54000 86030=
38763 41497 80901 11032 21046 30180 40291 58006 700// 885// 333 88620=
38774 42895 80901 11024 21036 30092 40297 58007 8807/=
38799 42597 53202 11020 21035 30061 40305 52004 85500=
38806 42697 72702 11006 21030 30003 40273 52007 87500=
38812 41220 82304 11006 21009 39811 40281 52014 72882 883// 333 82404==
38836 415// 80000 10004 20004 39285 40250 53055 78588 889//=
38880 41193 83602 11020 21023 30022 40289 56002 77175 8802/ 333 88502 96046=
38886 41596 83401 10005 21015 30052 40289 58001 71022 885//=
38895 42596 82801 11002 21020 30001 40302 52004 885//=
38911 42997 83203 10006 21044 39989 40294 52026 8807/=
38915 42597 82703 10036 20018 39954 40286 52010 885//=
38927 41357 82405 10043 20023 39887 40271 52010 78088 889// 333 87708==
38933 315// 81403 10060 20018 39712 40230 52026 76166 8802/=
38944 416// 81804 10055 20028 39659 40200 52024 70522 885//=
38954 428// 30000 11033 21068 37965 48560 52003 82901=
38974 42998 80000 10016 21003 39940 40286 52003 8802/=
38987 42496 80602 10022 20017 39510 40272 58006 885//=
40100 43/70 81004 10125 20032 30201 40217 57002 333 58///=
40180 02660 51201 10099 20039 30160 40210 57001 85800 333 70000==
40199 02/// /0104 10127 20016 30184 40209 52007 333 70000==
40265 41957 00000 10045 20016 39413 40225 57001 71010=
40270 41656 52905 10062 20008 39300 40217 52002 70522 85400 333 85640=
40272 41650 32803 10052 20033 39368 40221 52004 71000 83000 333 83635=
40340 42960 23507 10103 21006 40215 52009 80009 333 82168=
40356 42960 00408 10021 21020 39208 48498 333 58025 555 04410 50213=
40357 42960 03208 10061 21040 39540 40190 333 58022=
40360 42960 03204 10036 21020 39605 40210 333 58020=
40361 42960 02904 10051 21070 39414 40243 333 58017=
40362 42960 03208 10053 21080 39662 40187 333 58004=
40373 42960 03504 10100 21040 39759 40181 333 58003=
40375 42960 00000 10070 21070 39294 40186 333 59004=
40394 42960 03608 10074 21040 39041 48511 333 58003 555 04410 50180=
40400 42960 00204 10163 20050 30142 40170 333 58002=
40405 42960 00109 10112 21020 39426 40185 333 59003=
40417 42960 09902 10114 20020 30153 40168 333 58011=
40420 42960 03505 10117 21050 39955 40169 333 58005=
40430 42960 00103 10164 21100 39415 40167 333 58008=
40437 42960 00405 10125 21050 39463 40170 333 59001=
40439 42960 02810 10174 20100 30130 40148 333 58007=
40582 32860 33412 10148 21009 40173 51012 83030 333 00035 10197 20049 5//// 55095 00671 10298 21734 42309 53040=
40703 42660 70000 11024 21059 38934 40236 51001 84570 333 70000 84635 86459 555 11034 29077 33003=
40706 42560 70905 11050 21124 38666 40259 58001 83375 333 79999 83630 81932 83458 85268 555 11067 29056 30810 40812=
40712 42560 80104 11044 21110 38686 40244 54000 8632/ 333 70010 82930 83640 88459 555 11060 29060 30406 40411=
40713 42662 80812 11026 21121 38646 40203 53002 82577 333 70000 82635 83459 88266 555 11051 29048 30813 40918=
40718 41440 80506 10037 20020 30326 40296 55005 76166 8632/ 333 70351 83912 85615 88556 555 10031 29089 33212=
40723 42360 89901 11022 21056 38989 40260 58008 8552/ 333 70005 82708 84625 88456 555 11032 29078 33208=
40726 41640 83406 11044 21073 38647 40225 53004 71022 8452/ 333 70000 84635 88458 555 11051 29080 33606=
40727 41607 83402 11040 21047 38450 40198 52001 77122 8352/ 333 70030 83640 88560 555 11041 29095 31613=
40732 41556 82702 10036 20026 30298 40273 57010 76162 8632/ 333 70081 82920 85625 88558 555 10032 29093 33205=
40736 41456 80000 10046 20040 30296 40270 57011 76162 8632/ 333 70326 85718 82922 88558 555 10044 29096 33103=
40738 42560 81302 10034 20013 30287 40289 58013 8352/ 333 70039 83630 88458 555 10026 29086 32420=
40739 42665 60304 11025 21067 38691 40217 58004 81506 333 70000 81635 86269 555 11037 29073 32912=
40741 41557 83303 10015 21003 39934 40279 58003 71022 8472/ 333 70034 84725 88458 555 10008 29088 33410=
40743 42662 30405 10025 21056 39070 40206 57013 82502 333 70015 82635 555 11004 29055 33412=
40745 41203 81304 10010 20009 39069 40246 58006 74442 886// 333 70061 88705 555 10009 29099 31107=
40747 41556 83505 11030 21050 38595 40183 53005 77177 8632/ 333 70004 82725 81935 84640 88558 555 11035 29086 33307=
40754 41650 80603 10032 21050 38797 40160 57005 78372 8342/ 333 79999 83640 88560 555 10003 29055 31008=
40762 42660 60000 10002 21026 38544 40201 58011 86006 333 70044 84635 86269 555 11008 29081 33411=
40766 41/07 92804 11016 21018 38641 40142 53005 77174 333 70145 89/07 555 11016 29098 31007=
40768 41610 82801 11042 21043 38196 40166 55003 77177 8242/ 333 70074 82640 88559 555 11041 29099 33406=
40769 41620 80202 11020 21023 38218 40122 56007 77077 8552/ 333 70003 85635 88458 555 11020 29098 30809=
40780 42560 40801 11037 21044 38631 40168 53003 81670 333 70150 81730 84458 555 11038 29095 31408=
40782 41560 82803 10013 20007 38815 40131 50009 72287 8632/ 333 70012 82930 85635 88458 555 10011 29096 31707 41712=
40785 42660 80302 10061 21030 39049 40153 57031 8452/ 333 70000 84640 88460 555 10026 29052 31205=
40791 42660 70601 10080 20005 39320 40145 57016 84520 333 70002 84635 86460 555 10049 29059 33306 40210=
40792 41556 71601 10038 20007 38687 40151 56015 78020 84300 333 70045 84930 83635 555 10025 29080 32908 43514=
40798 42660 22207 10024 21072 37886 40085 57004 82400 333 70000 82635 555 11011 29049 32312=
40800 42965 01502 10024 21021 38386 40101 57016 333 70000 555 10007 29072 31708=
40809 41660 60908 10059 20037 38460 40125 57019 70292 82470 333 70048 82635 86460 555 10049 29086 30908 40811=
40811 42660 63203 10129 20036 30131 40158 53009 86500 333 70000 86640 555 10087 29053 32806=
40812 42660 72302 10118 20020 39762 40139 52004 85370 333 70000 81935 84640 87460 555 10075 29051 32403=
40821 41630 80000 10056 20008 38737 40141 57020 70522 8352/ 333 70002 83640 88459 555 10036 29071 33006 43008=
40829 42960 23510 10097 20032 39592 40157 58007 82030 333 70000 82359 555 10068 29064 33514 43421=
40831 42660 52603 10137 20034 30160 40169 51011 85500 333 70000 85640 555 10091 29050 32506=
40833 42660 61602 10107 20015 30128 40160 50003 86500 333 70000 86640 555 10069 29053 33204=
40841 41660 10000 10044 20021 38195 40079 57014 72121 81400 333 70001 81645 555 10034 29085 32408 42313=
40848 41658 12005 10082 21007 38474 40086 58005 70500 81400 333 70000 81640 555 10044 29053 31708=
40854 42960 00000 10095 20035 38919 40110 57013 333 70000 555 10067 29066 31204=
40859 42660 11505 10100 20046 38670 40108 58003 81400 333 70000 81640 555 10074 29069 32007=
40875 41530 32802 10206 20182 30115 40126 58007 71021 83500 333 70001 83630 555 10191 29086 33307=
40879 42660 40000 10167 20105 39472 40137 58004 81470 333 70000 81640 83360 555 10133 29067 32608 42713=
40882 41930 13105 10184 20135 30098 40133 58002 70500 80001 333 70000 81070 555 10156 29073 33008=
40883 41950 03003 10188 20160 30095 40122 58008 71000 333 70000 555 10171 29084 31206=
40893 41450 21105 10221 20183 30124 40130 58007 70500 82600 333 70000 82715 555 10197 29079 31109=
40898 42960 00000 10216 20158 30133 40142 58009 333 70000 555 10181 29070 31607 4////=
41024 42960 03507 10207 20140 30127 40153 333 58001=
41036 42960 00000 10136 20070 38558 48508 333 59003 555 04410 50115=
41055 42960 00902 10161 20050 38360 48505 333 59008 555 04410 50096=
41061 42960 01206 10157 21030 39430 40133 333 58006=
41084 42960 00103 10190 20080 38842 48503 333 59007 555 04410 50084=
41112 42960 01906 10146 21020 37947 48510 333 59010 555 04410 50082=
41114 42960 01808 10143 21020 37986 48514 333 59006 555 04410 50083=
41128 41930 00302 10173 21020 38806 48515 70600 333 59009 555 04410 50117=
41136 41945 03604 10193 20050 39312 40116 70600 333 58010=
41140 42560 33605 10265 20200 30120 40132 83400 333 59005 83630=
41150 42970 03311 10166 20059 40164 333 58013=
41176 44/57 /3504 10153 20080 30153 40159 333 58019=
41184 41656 42603 10212 20180 40141 70600 83530 333 58013 83640=
41194 41557 43206 10219 20171 30129 40135 70500 84500 333 58013 84620=
41196 41557 43005 10213 20167 30100 40141 70500 84500 333 58013 83620=
41216 41448 13406 10201 20170 30136 40140 70500 81600 333 58023 81715=
41217 41458 43307 10201 20168 30107 40136 70510 84600 333 58021 84715=
41244 36/// /3105 10183 20167 39701 40120 333 0E023 55300 25022 58002=
41246 36/// /1803 10218 20189 30122 40125 333 0E022 55300 25022 59011=
41254 36/// /2704 10089 20055 38042 49846 333 0E007 55300 25022 58002=
41263 36/// /1207 10195 20099 39554 40119 333 0E020 55300 20000 59007=
41267 36/// /1103 10221 20160 30121 40134 333 0E021 58000=
41268 36/// /1909 10214 20162 30083 40130 333 0E022 55300 25022 59003=
41275 36/// /1709 10200 20159 39982 40153 333 0E020 55300 20000 59004=
41288 36/// /1802 10214 20155 30123 40145 333 0E022 59001=
41315 36/70 /0000 10160 20151 39310 47939 333 0E021 55300 27865 59001=
41396 42965 00704 10223 20069 39390 40107 333 59004=
41480 42460 70806 10255 20209 30128 40137 875// 333 59002 83618 86630=
42027 32996 53201 10032 21015 38442 48530 80001 333 59010=
42123 32596 40000 10129 20084 40156 82530 333 59009 82630 84360=
42131 31995 00000 10100 20075 40168 71000 333 59004=
42165 32996 30000 10152 20066 40145 80001 333 59027 83070=
42182 31996 00000 10104 20092 40154 71000 333 58000=
42189 31994 00000 10116 20096 40148 71000 333 58013=
42328 31995 30702 10164 20086 40122 70500 83030 333 59020 83360=
42339 31995 40000 10158 20025 40144 70500 80001 333 59016 84070=
42348 31995 20000 10138 20031 40159 70500 80001 333 59014 82070=
42369 31995 00000 10125 20096 40136 71000 333 59007=
42379 31995 00000 10122 20111 40134 71000 333 58007=
42452 31995 20000 10110 20081 40162 71000 80001 333 59012=
42492 31994 00000 10144 20106 40144 71000 333 58006=
42591 31995 00000 10128 20095 40153 71000 333 59004=
42701 31995 00000 10120 20045 39394 40147 70500 333 58000=
42798 31995 00000 10162 20122 40142 70500 333 58011=
42809 31995 00000 10160 20108 40133 70500 333 59002=
42886 31995 00000 10132 20066 40152 70500 333 58001=
42895 31995 00000 10194 20141 40141 70500 333 58008=
42971 31995 00000 10210 20153 40137 70500 333 58004=
43086 31996 00000 10200 20177 39938 40120 70500 333 59012=
43128 31996 00000 10228 20171 39518 40126 70500 333 59003=
43150 31995 32502 10262 20236 30065 40126 71000 80001 333 58002 83075=
43185 31996 20000 10240 20225 30111 40115 70500 80002 333 58004 82070=
43189 31596 30000 10254 20233 30118 40127 70500 81501 333 58004=
43201 32496 22001 10202 20116 39375 40106 82500 333 58007 82612=
43233 32996 00000 10214 20177 39308 40129 333 58003=
43237 32996 09902 10238 20139 39698 40091 333 58003=
43245 32596 10000 10256 20229 30091 40117 81500 333 58005=
43279 31995 10000 10234 20219 30097 40115 71000 80001 333 59002=
43284 32996 10903 10240 20187 39992 40108 80001 333 58006 81075=
43295 31996 10000 10202 20174 39111 48516 80001 333 58006 81075=
43314 32596 30000 10266 20234 40106 82501 333 58003=
43321 31996 40503 10230 20172 39668 40118 70521 80001 333 59003 84070=
43329 31595 30000 10234 20222 30102 40116 71000 82530 333 59001=
43333 31495 30502 10264 20226 40096 70510 82501 333 59003 82618=
43344 31994 20204 10230 20209 30015 40116 71000 80001 333 59003 82075=
43369 32596 20000 10232 20217 40103 82500 333 58005 82620=
43371 32996 10000 10246 20175 30023 40096 80001 333 59008 81071=
44212 429// 01701 11299 21342 39165 40458 57015==
44213 42/// 40000 11283 21318 38798 40446 57015 84040==
44214 42970 03604 11177 21254 38265 40391 57011==
44215 429// 12601 11232 21267 38392 40427 57013 80009==
44217 32998 00000 11281 21325 37831 40559 57011 333 91202=
44218 42/// 31401 11248 21277 38610 40445 57009 83030==
44219 32999 01002 11273 21298 38633 40472 58008 333 91203=
44265 429// 00301 11270 21300 38865 40452 57010==
44266 329// 03404 11201 21259 37733 40424 57012 333 91205=
44454 41440 50000 10106 20080 38654 48489 71044 83830 333 58009=
51076 14/65 /3001 11245 21274 39403 40372 57006 60001 333 11114 21245 3/103 4/025 59004 70000 90761 91102==
51087 14/71 /0000 11222 21248 39247 40358 57009 60001 333 11074 21222 3/106 4/018 59009 70000 90761 91102==
51156 14/80 /3502 11153 21200 38706 40314 57014 60001 333 11035 21154 3/117 59015 70000 90761 91105==
51243 14/28 /1501 11200 21228 39763 40365 57011 60001 705// 333 11128 21208 3/116 59009 70000 90761 91103==
51334 14/36 /2201 11228 21255 39918 40365 57007 60001 705// 333 11122 21241 3/112 4/012 59010 70000 90761 91103==
51379 14/61 /1502 11229 21257 39332 40360 57010 60001 333 11055 21240 3/107 4/022 59013 70000 90761 91103==
51463 14/70 /0601 11127 21185 39066 40330 57010 60001 333 11060 21143 3/101 4/036 59010 70000 90761 91104==
51573 14/68 /0101 11042 21155 30231 40283 57010 60001 333 10049 21049 3/111 59032 70000 90761 91103==
51644 14/57 /3501 11092 21128 38982 40289 57010 60001 333 10024 21119 3/106 4/002 59022 70000 90761 91107==
51656 14/56 /1301 11100 21126 39193 40298 57008 60001 705// 333 10022 21117 3/113 59023 70000 90761 91107==
51709 14/60 /3003 11036 21156 38652 40268 57011 60001 333 10039 21077 3/107 59020 70000 90761 91105==
51711 14/63 /2601 11120 21160 38017 40250 57006 60001 333 11018 21156 3/117 59008 70000 90761 91108==
51716 14/50 /0000 11072 21125 38942 40276 57013 60001 705// 333 10054 21099 3/112 59024 70000 90761 91105==
51765 14/62 /2701 11091 21143 39259 40297 57004 60001 333 10036 21106 3/114 59023 70000 90761 91106==
51811 14/30 /2901 11065 21155 38817 40274 57010 60001 705// 333 10058 21095 3/113 59023 70000 90761 91106==
51818 14/57 /2101 11071 21181 38662 40272 57011 60001 333 10052 21097 3/114 59020 70000 90761 91106==
51886 14/80 /1101 11111 21226 37104 40238 57005 60001 333 10020 21154 3/117 59003 70000 90761 91116==
52203 14/65 /0901 11119 21179 39362 40288 57006 60001 333 10026 21125 3/117 59023 70000 90761 91104==
52602 14/80 /2701 11142 21280 37258 40276 57008 60001 333 11006 21174 3/118 59021 70000 90761 91110==
52818 14/80 /2301 11105 21230 37228 40222 57006 60001 333 10043 21130 3/118 59016 70000 90761 91106==
52908 14/80 /2305 11205 21309 35746 40293 52001 60001 333 11061 21235 3/126 59007 70000 90761 91115==
55228 14/80 /1702 11096 21196 36025 40173 57004 60001 333 10009 21158 3/114 59010 70000 90761 91111==
55299 14/80 /3601 11131 21319 35826 40137 57007 60001 333 10012 21194 3/121 59026 70000 90761 91113==
55578 14/80 /2404 10054 21250 36341 49946 54000 60001 333 10134 21041 3/104 59009 70000 90761 91114==
55591 14/80 /1003 10015 21216 36470 49957 57002 60001 333 10135 21020 3/106 59022 70000 90761 91105==
55664 14/80 /1401 11085 21246 36004 40107 57003 60001 333 10090 21125 3/114 59003 70000 90761 91120==
55773 14/80 /1201 11120 21165 35997 40123 57010 60001 333 10093 21138 3/117 59003 70000 90761 91113==
56004 14/80 /3101 11181 21279 35807 40240 52001 60001 333 11035 21239 3/123 59014 70000 90761 91113==
56018 14/80 /2001 11106 21298 36157 40148 57009 60001 333 10009 21130 3/117 59031 70000 90761 91113==
56312 14/80 /1303 10036 21056 37080 40088 57010 60001 333 10125 20017 3/003 58010 70000 90761 91114==
62306 42560 42206 10133 20060 40237 54000 84500==
62309 42560 63607 10146 20057 40218 54000 84800==
62332 42560 62608 10138 20084 40219 52002 86500==
62337 42560 41602 10118 20084 40211 57001 84500==
62366 45560 60104 10131 20049 40219 52006 82250==
62387 42960 03404 10092 20042 40216 52003==
62393 42960 03606 10089 20021 40229 54000==
62405 42960 02407 10122 20032 40194 52013==
62414 42960 03505 10136 20003 40188 52008==
62419 42960 03207 10149 20017 40190 52009==
62420 42960 03303 10112 20014 40226 52006==
62435 42960 03203 10116 20011 40208 52005==
62458 42960 00206 10132 20006 40203 52007==
62459 42960 00302 10125 20026 40183 52003==
62465 42960 02803 10156 20033 40174 52001==
41256 329// 39903 10211 20161 30106 40123 92045 333 59008 55000 55407 55408 55507 55508=
41316 32584 53604 10215 20161 30111 40141 85500 92045 333 59002 55000 55407 55408 55507 55508 85625=
