SMPK OPKC 020600=
41504 02697 40000 10020 21065 37903 48563 60001 84800 333 58040 60007 82640 82845 RH 55%= 
41505 22696 52304 10030 21035 38/// 48/// 60002 83520 333 56990 58/// 83640 85460 RH 62%=
41516 02696 30000 10095 21051 38610 48565 60001 83500 333 56900 58031 60007 83640 RH 35%=
41517 01596 60000 10025 21026 37849 48580 60001 70422 83650 333 56990 58037 60007 83715 83635= 
41518 02596 73602 10083 21021 38/// 48/// 60001 84770 333 56990 5//// 60007 81730 83440 87762 RH 49%=
41519 02596 60000 10105 21102 38834 48569 60001 84730 333 56990 58042 60007 81730 83840 83362 RH 22%=
41520 02596 51802 10020 21032 37661 48311 69901 83630 333 56990 58029 60007 81720 82640 83362 RH 68%=
41530 01996 11304 10180 21048 39788 40203 60001 70500 81030 333 56090 58023 60007 81360 RH 21%=
41571 11996 02304 10170 20038 39616 40193 60001 70500 333 58014 RH 41%=
41620 32996 03104 10100 21115 38561 48514 60001 333 58028 60007 RH 21%=
41660 02997 01308 10085 21075 38461 48551 60001 333 58003 60007 RH 31%=
41661 02997 00000 10090 21066 38412 48540 60001 333 58009 60007 RH 33%=
41685 02997 00502 10140 21028 38950 48529 60001 333 58030 60007 RH 31%=
41696 02997 00000 10070 21062 38022 48546 60001 333 58001 60007 RH 39%=
41697 02997 00000 10200 21004 40204 60001 333 58040 60007 RH 25%=
41710 12997 00000 10125 21057 39408 40194 60001 333 59001 RH 28%=
41712 12997 00502 10090 21040 39236 48532 60001 333 59010 RH 39%=
41715 01996 00000 10190 20072 30131 40196 60001 70400 333 58034 60007 RH 46%=
41724 01995 00000 10200 20086 30133 40212 60001 70500 333 58028 60007 RH 48%=
41725 02996 00504 10200 20086 40194 60001 333 58032 RH 48%=
41726 01995 00000 10200 20086 30113 40184 60001 70500 333 58029 60007 RH 48%=
41738 02996 00514 10210 21108 30013 40196 60001 333 59014 60007 RH 11%=
41739 02996 00506 10100 20022 39092 48535 60001 333 59004 60007 RH 58%=
41742 12997 03604 10220 21002 40173 60001 333 58014 RH 23%=
41743 01996 00000 10190 20058 60002 70400 333 60007 RH 45%=
41744 12996 00000 10140 21010 38818 48541 60001 333 58016 RH 36%=
41745 01996 03602 10190 20072 60001 70400 333 60007 RH 46%=
41746 02996 00000 10195 20091 30137 40193 60001 333 58041 60007 RH 51%=
41747 01996 00904 10210 20075 40173 60001 70500 333 58029 60007 RH 42%=
41748 01996 00902 10210 20100 40200 60001 70500 333 58020 60007 RH 49%=
41749 01996 03108 10205 20093 30161 40195 60001 70400 333 58025 60007 RH 49%=
41756 01996 03606 10190 20030 30122 40189 60001 70504 333 59005 60007 RH 34%=
41757 12996 00000 10220 21046 30169 40182 60001 333 59012 60007 RH 16%=
41759 02996 00000 10200 20061 30180 40186 60001 333 58004 60007 RH 40%=
41760 01996 00506 10210 20015 30163 40176 60001 70500 333 58015 60007 RH 27%=
41764 01996 03610 10210 20048 30133 40184 60001 70400 333 58022 60007 RH 34%=
41765 02996 03106 10210 20075 30147 40182 60001 333 58027 60007 RH 42%=
41766 21995 03104 10195 20067 40185 70400 333 58016 60007 RH 43%=
41767 02996 00504 10200 20086 3//// 4//// 60001 333 60007 RH 48%=
41768 02996 03604 10220 20064 30140 40147 60001 333 58002 60007 RH 36%=
41780 01996 00510 10240 20002 30154 40181 60001 70500 333 58020 60007 RH 21%=
41783 02996 02705 10215 20075 30132 40162 60001 333 59031 60007 RH 42%=
41785 02996 03104 10205 20074 30158 40171 60001 333 58016 60007 RH 44%=
41786 02996 03606 10220 20034 30117 40154 60001 333 58031 60007 RH 29%=
41BAG 02697 40000 10015 21054 60001 82510 333 56990 60007 82640 84460 RH 60%=

SMPK OPLA 020600=
=================
41506 02997 03606 10080 21045 38577 48573 60001 333 58042 60007 41%=
41507 02997 00906 10110 20022 39263 49788 60001 333 58004 60007 54%=
41508 02997 02302 10083 21030 38701 48567 60001 333 58030 60007 44%=
41509 02997 02302 10050 21048 38824 48555 60001 333 58044 60007 RH82%=
41510 02997 00000 10040 21008 37946 48563 60001 333 58046 60007 89%=
41515 02997 00000 10058 21072 38565 48526 60001 333 58019 60007 38%=
41523 02997 02302 10110 21008 39121 48532 60001 333 58037 60007 44%=
41524 02697 43102 10160 21049 39358 40220 60001 82520 333 56990 59008 60007 82640 82460 RH 23%=
41525 22997 00000 10050 21029 37696 48419 60001 333 58040 52%=
41528 02997 00000 10135 20028 39272 48552 60001 333 58018 60007 48%=
41529 02996 02302 10200 21004 39829 40209 60001 333 58036 60007 25%=
41534 02997 00000 10175 20051 39786 40202 60001 333 58036 60007 44%=
41535 02997 00000 10110 21008 38743 48511 60001 333 58023 60007 44%=
41536 02997 00000 10140 20022 39079 48548 60001 333 58016 60007 45% =
41560 02997 02304 10040 21022 38320 48551 60001 333 58002 60007 RH64%=
41562 02997 03104 10180 21025 39724 40189 60001 333 58034 60007 RH25%=
41565 02996 03106 10083 21094 38688 48552 60001 333 58023 60007 27%=
41567 01996 00000 10150 20043 39745 40167 60001 70500 333 58031 60007 43%=
41572 01996 03110 10170 20024 39558 40185 60001 70500 333 58025 60007 RH 37%=
41573 02697 41304 10085 20008 37986 48512 60001 82570 333 56990 58039 60007 82640 83360 58%=
41574 02697 22302 10100 20027 38369 48548 60001 82500 333 56900 58023 60007 82640 61%=
41576 01996 00000 10180 20058 40206 60001 70500 333 58023 60007 45% =
41577 01996 02302 10170 20024 39580 40197 60001 70500 333 56000 58005 60007 RH 37%=
41593 01996 00502 10190 20045 39975 40192 60001 70500 333 58034 60007 38%=
41597 01996 00000 10145 20074 40216 60001 70400 333 58029 60007 63%=
41598 01996 03104 10170 20070 39910 40184 60001 70400 333 58023 60007 52%=
41599 01995 30000 10145 20107 39900 40195 60001 70444 83070 333 56090 58023 60007 83460 78%=
41600 01996 00000 10150 20113 39885 40185 60001 70444 333 58028 60007 78%=
41624 01996 03104 10190 20072 39991 40192 60001 70500 333 58037 60007 46%=
41625 01996 03104 10165 20057 39977 40180 60001 70400 333 58029 60007 50%=
41630 01995 03102 10180 20044 40196 60001 70500 333 58030 60007 41%=
41633 02997 00000 10180 20083 4//// 60001 333 5//// 60007 53%=
41634 02997 00000 10155 20030 3//// 4//// 60001 333 60001 5//// 60007 43%=
41635 01996 02302 10195 20053 3//// 4//// 60001 70500 333 5//// 60007 39%=
41636 01996 00000 10170 20082 30012 40199 60001 70400 333 58044 60007 56%=
41638 01996 02704 10155 20087 4//// 60001 70400 333 5//// 60007 64%=
41639 01996 00502 10170 20082 3//// 4//// 60001 70400 333 5//// 60007 56%=
41640 01995 00000 10165 20109 39939 40193 60001 70440 333 58030 60007 70%=
41641 01994 00000 10135 20116 39914 40194 60001 71040 333 58023 60007 88%=
41642 01995 00000 10135 20106 3//// 4//// 60001 71040 333 5//// 60007 83%=
41643 01/92 90000 10120 20120 39908 40192 60001 74344 333 58027 60007 89/// 100%=
41644 01996 00000 10155 20075 3//// 4//// 60001 70400 333 5//// 60007 59%=
41646 01991 03602 10105 20085 39991 40212 60001 74444 333 58033 60007 87%=
41652 01996 00506 10195 20053 30024 40203 60001 70500 333 58034 60007 39%=
41669 02997 00000 10200 20086 3//// 4//// 60001 333 5//// 60007 48%=
41670 01996 03602 10170 20043 4//// 60001 70500 333 5//// 60007 43%=
41674 01996 00504 10180 20058 3//// 4//// 60001 70500 333 5//// 60007 45%=
41675 01996 00000 10180 20071 30054 40200 60001 70500 333 58037 60007 49%=
41676 01995 03102 10185 20090 30051 40210 60001 70400 333 58037 60007 54%=
41677 01996 00000 10170 20082 30016 40184 60001 70400 333 58040 60007 56%=
41678 01996 00000 10180 20083 40189 60001 70400 333 58040 60007 53%=
41679 01/93 90000 10120 20111 4//// 60001 74344 333 5//// 60007 89/// 94%=
41680 01994 00000 10155 20108 39994 40197 60001 70400 333 58034 60007 74%=
41700 01995 00000 10180 20106 40186 60001 70400 333 58034 60007 62%=
41701 01994 00000 10180 20106 30060 40204 60001 70400 333 58038 60007 62%=
41716 01996 00504 10195 20067 30102 40207 60001 70540 333 58030 60007 43%=
41718 01995 00000 10180 20083 30086 40191 60001 70400 333 58045 60007 53%=
41BKI 01996 01304 10180 21005 39777 40197 60001 70500 333 58025 60007 RH28%=
41SKP 01993 00000 10120 20111 3//// 4//// 60001 74244 333 5//// 60007 94%=
43532 02997 00000 10130 20072 39379 40194 60001 333 58016 60007 68%=
43533 02997 00000 10130 20021 39260 48522 60001 333 20045 58017 60007 48%=
43536 31595 82302 10055 20025 38473 48559 70522 8351/ 333 58031 RH 89%=
43563 02997 02304 10156 20056 39488 40183 60001 333 58022 60007 52%=

==================
41526 Not Received
41533 Not Received
41564 Not Received
41568 Not Received
41592 Not Received
41594 Not Received
41672 Not Received
41781 Not Received
==================

UPPK OPKC 020600=
=================
PPAA 5206/ 41517 NO ASCENT DUE TO ST CLOUDS=
PPAA 52051 41780 NO ASCENT DUE TO PAF FLIGHT=
PPAA 5206/ 41516 NO ASCENT DUE TO AIR MOVEMENT=
PPAA 5206/ 41739 NO ASCENT DUE TO SECURITY RISK=
PPAA 5206/ 41749 NO ASCENT DUE TO TECHICAL FAULT=
PPAA 5206/ 41715 NO ASCENT DUE TO BALLOON OUT OF STOCK=
PPAA 5206/ 41764 NO ASCENT DUE TO PAF FLYING AT BULARI AIR BASE=

PPAA 5206/ 41506 MISDA DUE TO TECHNICAL FAULT=
PPAA 5206/ 41624 MISDA DUE TO TECHNICAL FAULT=
PPAA 5206/ 41646 MISDA DUE TO TECHNICAL FAULT=
PPAA 5206/ 41675 MISDA DUE TO TECHNICAL ISSUE=
PPAA 5206/ 41515 MISDA DUE TO TECHNICAL PROBLEM=
PPAA 5206/ 41598 MISDA DUE TO TECHNICAL PROBLEM=
PPAA 5206/ 41600 MISDA DUE TO TECHNICAL PROBLEM=
PPAA 5206/ 41640 MISDA DUE TO TECHNICAL PROBLEM=
PPAA 5206/ 41678 MISDA DUE TO TECHNICAL PROBLEM=
PPAA 5206/ 41718 MISDA DUE TO TECHNICAL PROBLEM=

Data Generated from File : D:/all data handling/Rmc_lhr/2025020206.FSU.txt
02/02/2025   07:06:51
___________________________________________________________________________
15020 04570 81001 10008 21026 30081 40288 57010 60002 8457/ 333 10019 21018 31103 55300 20001 60007 70000 91001 90760 91101==
15090 04566 60000 11003 21019 30200 40297 57007 60002 86500 333 10013 21024 34104 55300 10090 20000 30000 60007 70000 91001 90760 91102==
15108 01/00 9//// 11071 21075 38094 48515 57007 60002 74541 89/// 333 11064 21106 49068 55300 20000 60007 70008==
15150 07550 81601 10002 21003 30072 40295 55010 60002 7101/ 8557/ 333 10009 21014 31103 55300 20001 60007 91001 90760 91102==
15170 01448 82401 11050 21059 39468 42845 55011 60002 71022 8467/ 333 10030 21085 34105 55300 20001 60007 70001 91002 90760 91102==
15280 01005 62709 11085 21095 37510 47048 57007 60002 74143 86500 333 11078 21110 49085 55300 20001 60007 70003 91012 90760 91115==
15310 07/39 60601 11015 21018 30207 40298 57007 60002 7101/ 86070 333 10038 21017 34103 55300 10060 20000 30000 60007 91002 90760 91103==
15335 07507 21001 11031 21036 30293 40300 57005 60002 7343/ 82500 333 10053 21033 34105 55300 20007 60007 91002 90760 91102==
15350 04570 80302 10021 20005 30175 40300 57009 69912 885// 333 10055 20021 31002 55300 20001 60007 70002 91002 90760 91103==
15360 04969 03405 10015 21001 30279 40297 54001 60002 333 10058 20013 60007 70000 91006 90760 91106==
15420 04570 80702 10037 20007 30173 40288 55006 60002 8357/ 333 10061 20006 31102 55300 20000 60007 70000 91005 90760 91105==
15460 04/70 71102 10036 20012 30267 40293 56006 60002 87070 333 10058 20029 31002 55300 20002 60007 70000 91003 90760 91104==
15470 04570 80704 10042 20021 30149 40279 58005 60002 8457/ 333 10076 20040 30004 55300 20000 60007 70000 91006 90760 91106==
15480 04570 40000 10044 21001 30279 40297 57002 60002 84500 333 10071 20039 31002 55300 10200 20000 30000 60007 91001 90760 91104==
15549 11530 61403 10051 20044 39845 40269 57005 60002 71022 86500 333 10064 20050 70000 555 31003 595//=
15552 12460 80701 10056 20037 30237 40287 53002 60002 885// 222// 00081 10201 333 10091 20056 55004 70000 555 31006 587// 92023 92427=
15640 11668 70000 10047 20027 39965 40285 56002 60002 70341 87500 333 10072 20037 55062 70000 555 31001 587//=
15655 11560 80703 10080 20065 30247 40281 57005 69902 70262 885// 222// 00084 10201 333 10086 20066 70000 555 31/// 40000 590// 70600 92022 92427=
15730 11620 80000 10067 20056 39865 40267 53003 60002 71022 8652/ 333 10117 20065 55027 70000 555 31/// 593//=
16627 11356 70705 10082 20078 30260 40267 53002 60002 71022 87600 333 20068 30/// 55082 70000 83708 87615 90730 91114==
16650 11357 69902 10090 20086 30238 40247 57004 60002 71011 83601 333 20088 31/// 55063 70000 83708 83068 90730 91109==
16667 12/60 71107 10114 20086 30226 40236 57019 60002 82058 333 20084 30/// 55080 70000 82358 86268 90730 91112==
16706 12960 19903 10120 20108 30223 40230 52001 60002 80001 333 20100 30/// 55083 70000==
16723 12960 00000 10100 20079 30220 40234 53001 60002 333 20094 30/// 70000 90730 91105==
16742 12960 09902 10132 20093 30074 40230 53003 60002 333 20116 30/// 70000 90730 91110==
16749 12960 09903 10122 20111 30213 40227 55000 60002 333 20104 30/// 55089 70000 90730 91105==
16754 12560 21610 10088 20071 30192 40242 52002 60002 81101 333 20086 30/// 55084 70000 90730 91116==
16757 12960 12207 10120 20101 30102 40237 52006 60002 80001 333 20109 30/// 55078 70000 90730 91109==
16760 12460 19903 10040 20023 40258 52003 60002 81701 333 20028 30/// 55086 70000 90730 91105==
16765 12560 13304 10126 20091 40233 52008 60002 81101 333 20113 30/// 70000 90730 91108==
17022 11570 71604 10077 20073 30115 40284 54000 60022 70152 85570 333 20071 32006 55060 20938 70016 85628 87359 90760 91107==
17024 12670 62208 10095 20065 30191 40270 52006 60002 84570 333 20061 31004 55070 84634 86360 90760 91129==
17026 11570 62905 10088 20075 30240 40280 52009 69942 70282 84250 333 20080 32003 55055 20896 70004 84830 86358 90760 91113==
17031 11456 71303 10068 20049 30274 40281 52010 60002 71011 84250 333 20003 30101 83710 84830 87359 90760 91106==
17034 12670 61802 10095 20011 30241 40288 52015 60002 83230 333 20074 30004 55000 83835 86360==
17038 12970 01701 10091 20002 30231 40280 52013 60002 333 20059 30/// 90760 91112==
17042 12970 01105 10083 21015 30249 40290 52015 60002 333 20040 30002 55000 90760 91111==
17050 12670 60000 10085 20056 30222 40285 52005 60002 83230 333 20080 30006 55066 83835 86360 90760 91108==
17056 12670 70507 10088 20062 30278 40282 55001 60002 84530 333 20069 30007 55007 20536 84635 87360 90760 91115==
17060 12460 50707 10083 20057 30239 40280 56003 60002 83640 333 20065 30004 70002 83715 85358 90760 91113==
17070 12562 71801 10037 20020 39389 40273 53002 60002 87500 333 20034 31101 55/// 20929 87630 90760 91103==
17074 12570 52302 10017 20011 39323 40274 53006 60002 83150 333 20012 30104 55066 21051 83833 85360 90760 91105==
17084 12670 63301 10007 20001 39357 40292 52007 60002 84550 333 21014 31106 55075 26326 84635 85360 90760 91103==
17085 12570 51604 10021 21017 39783 40288 52008 60002 83550 333 20005 34101 55075 83630 85360 90760 91107==
17092 11957 00000 11068 21102 38951 48561 52013 60002 71000 333 21105 34111 55054 21419 90760 91105==
17096 11002 91101 11240 21240 38296 48577 52010 60002 74911 333 21256 3/126 42009 55086 20528 90760 91103==
17098 12960 02704 11136 21163 38239 48560 52008 60002 333 21177 34119 90760 91106==
17100 11956 00000 11027 21106 39270 40309 52014 60002 70500 333 21067 30110 55022 20687 90760 91103==
17112 11940 50503 10087 20083 30254 40256 53003 60002 71022 80001 333 20072 30006 55053 21013 85070 90760 91110==
17115 12460 30407 10083 20063 30222 40274 55003 60002 83700 333 20069 31006 55050 20946 83715 90760 91120==
17116 11540 70000 10053 20053 30152 40276 55000 60002 71000 85250 333 20042 30002 55075 21055 82720 84835 86359 90760 91103==
17124 11103 90000 11009 21009 39347 40294 53004 69902 74911 333 34104 90760 91104==
17128 11958 00503 11030 21050 39159 40292 53003 60002 71000 333 21051 34107 55044 20427 90760 91105==
17135 12970 01001 11010 21014 39382 40285 53005 60002 333 21011 34105 55082 23571 90760 91103==
17140 12665 20601 11010 21028 38766 48544 51003 60002 82500 333 21026 34104 82640 90760 91103==
17150 11428 70000 10068 20068 30141 40267 53001 60002 71041 87700 333 20032 31003 55039 20871 87710 90760 91103==
17160 12970 00000 11009 21064 39093 48548 52006 60002 333 21025 34107 55093 21260 90760 91106==
17170 12560 10502 11016 21081 38378 48551 52006 60002 81500 333 21086 30/// 81630 90760 91106==
17175 12665 61201 10082 20067 30237 40241 52006 60002 81106 333 20072 31004 55065 21030 81840 86270 90760 91106==
17184 11/35 30000 10047 20045 30140 40254 53005 60002 71000 82041 333 20043 31003 55090 21327 82360 83070 90760 91102==
17190 11950 03601 11005 21005 39063 48552 53003 60002 71000 333 21010 34105 55062 90760 91103==
17195 12970 00705 11045 21076 39050 48551 52010 60002 333 21088 34110 55071 21139 90760 91107==
17200 12960 02002 11006 21047 39263 40291 52015 60002 333 21072 34/// 90760 91108==
17202 12970 02903 11016 21058 39202 40287 52014 60002 333 21077 34/// 90760 91106==
17203 12970 01701 11016 21106 38939 48580 52011 60002 333 21043 34106 55082 21285 90760 91103==
17210 12970 00000 10046 21091 39191 40240 52011 60002 333 20017 30102 55082==
17219 11956 33404 10041 20030 30099 40246 53004 60002 71000 80001 333 20034 30002 55082 21273 83068 90760 91107==
17234 12970 00402 10075 20051 30177 40246 53005 60002 333 20071 31004 55068 21214 90760 91106==
17237 12970 02301 10062 20030 39747 40258 53003 60002 333 20054 31001 55074 90760 91103==
17240 12970 00000 10015 20000 39103 40274 53004 60002 333 20000 34105 55091 21390 90760 91104==
17244 11958 00601 11009 21032 39069 48552 52007 60002 71000 333 21023 34/// 90760 91105==
17248 12970 00000 10000 21055 39048 48545 51001 60002 333 21031 34106 55000 90760 91103==
17250 12970 00304 11030 21071 38870 48550 50003 60002 333 21046 30106 55093 21306 90760 91110==
17260 12960 03402 10057 21016 39377 40208 52009 60002 333 20004 30101 90760 91105==
17270 12970 00000 10100 21066 39580 40231 52012 60002 333 30101 90760 91106==
17275 12970 00000 10076 21126 39029 48548 52010 60002 333 20059 30005 55094 90760 91110==
17280 12970 03101 10005 21077 39444 40261 52014 60002 333 21060 30110 55078 21269 90760 91104==
17290 12970 00201 10125 20080 30206 40238 53006 60002 333 20120 30005 55086 90760 91105==
17292 11950 00000 10010 21001 39479 40252 53006 60002 71000 333 20008 34101 55017 20511==
17300 12960 03407 10092 20040 30173 40245 53008 60002 333 20067 30007 90760 91111==
17310 12970 00703 10138 20029 30221 40228 53013 60002 333 20123 30006 55000 90760 91105==
17330 12970 03102 10110 21010 30227 40245 52012 60002 333 20102 30005 90760 91107==
17350 12960 03501 10069 20035 30154 40234 53007 60002 333 20040==
17370 12970 00000 10125 20076 30236 40240 52007 60002 333 20109 31004 55084 90760 91102==
17375 12970 03601 10111 20034 30233 40235 53011 60002 333 20092 30004 55075 21411 90760 91103==
33088 32597 32502 11005 21021 30058 40256 57006 83500 333 21005 555 14101=
33135 32697 82604 11006 21024 30088 40241 53002 885// 333 21014 88636 555 14101=
33177 32597 82302 10005 21032 30019 40264 57011 885// 333 20004 555 11000=
33317 12997 82801 11009 21026 39919 40268 57004 69902 8807/ 333 21012 555 14101=
33393 32560 80000 11004 21029 39869 40274 57009 885// 333 21005 88631=
33415 32697 80000 10004 21013 39863 40273 57006 885// 333 20003 555 11101=
33429 32697 82902 11001 21028 39838 40274 57006 885// 333 21003 88633 555 14101=
33466 31559 72502 11001 21022 30068 40262 53004 71011 82531 333 21001 555 14101=
33506 12997 72502 10004 21010 30042 40244 53007 60012 87030 333 20001 555 11000=
33562 32560 52601 11014 21031 39967 40284 54000 82530 333 21019 555 14102=
33587 31996 30000 11015 21027 30002 40276 53002 71011 80001 333 21015 555 14103 34103=
33658 32978 60000 11011 21030 39972 40283 57009 86030 333 21016 555 14101=
33663 32597 70000 10000 21024 30185 40285 57002 86530 333 21021 555 14100=
33664 32997 72001 11001 21031 39952 40280 57010 87030 333 21011 555 80017=
33678 32898 72802 11014 21048 30084 40300 52003 87050 333 21032=
33679 32497 60301 11020 21032 30093 40293 53002 86500 333 21036=
33711 32760 22703 11004 21016 30048 40265 53007 82500 333 21005 82650 555 14102=
33745 32597 70000 11017 21017 30105 40308 57007 85930 333 21044 555 80015=
33748 32997 61901 11007 21032 39994 40290 57006 86030 333 21014 555 80011=
33754 32998 60000 11028 21044 30134 40288 58005 86030 333 21029=
33761 32560 72802 11017 21033 30051 40283 52002 87500 333 21028 555 14102=
33791 12984 02602 11016 21025 30140 40273 52003 69952 333 21016 555 14103=
33815 32598 23401 11011 21047 30078 40295 53001 82501 333 21024=
33837 32976 02801 11009 21037 30236 40290 53003 333 21016 555 14102=
33881 31596 21201 11009 21201 30087 40292 57009 71000 81530 333 21017 555 80010=
33883 32998 02102 11024 21024 30119 40292 57011 333 21029 555 80017=
33885 31596 72001 11018 21020 30168 40306 57002 71011 87500 333 21031 555 80011=
33892 31996 00000 11030 21037 30088 40313 57004 71000 333 21034 555 80020=
33902 32997 02702 11020 21029 30226 40288 52008 333 21022 555 14104=
33924 12570 20202 10027 21015 30272 40285 52005 60002 82500 333 20024==
33946 11132 80304 10020 20015 30054 40282 52009 69902 71042 886// 333 20019 88702==
33983 11540 63304 10043 20036 30197 40259 52010 69972 71062 85530 333 20029==
34300 11497 60000 10005 21006 30052 40234 53007 60072 70282 86500 333 20004 43001 555 13000=
34336 41440 82201 10030 20023 30104 40209 52001 71082 8532/ 333 20025==
34344 42570 82102 10031 20031 30119 40208 54000 885// 333 20024==
34356 42/60 81703 10012 21006 30081 40231 54000 8807/==
34357 42560 81503 10018 20003 30061 40218 55003 885//==
34398 11240 81905 11015 21026 30276 40289 53003 60002 71022 886// 333 21019==
34415 11670 82501 10010 20002 30138 40237 53009 60022 70262 885// 333 20010 555 11001=
34438 41340 82503 10027 20027 30027 40221 53004 71082 883// 333 20025==
34445 41320 81703 10023 20023 30105 40221 52002 75122 886//==
34461 42560 81703 10026 20001 30178 40235 57002 885//==
34473 31496 81505 10001 21008 30223 40262 54000 71022 886// 333 21003=
34476 41540 71405 11003 21015 30256 40264 54000 71022 83934 333 21006==
34504 12570 23003 11008 21026 30081 40261 53009 69912 82500 333 21010=
34535 42560 82503 10038 20018 30158 40230 53009 885//==
34545 41440 81903 10026 20020 30118 40231 53006 71022 886//==
34555 41440 81904 10022 20010 30151 40244 55001 71022 886//==
34560 41360 81806 10029 20013 30048 40241 54000 70262 886// 333 88709==
34578 41/40 81402 10004 21002 30257 40264 54000 71022 8808/ 333 21010==
34579 41540 81002 10006 21005 30224 40268 52001 71011 885//==
34644 41540 82302 10020 20019 30158 40236 52006 71064 8657/ 333 20015==
34646 41/20 82303 10022 20022 30156 40240 52008 76062 8802/ 333 20022==
34655 41540 81704 10016 20011 30183 40245 53007 71022 886// 333 20015==
34662 42470 71503 10030 20006 30241 40253 53005 87500 333 87618==
34691 12/70 61404 11019 21035 30503 40490 53005 60002 86030 333 21029==
34720 41440 33201 10026 20021 30206 40247 52011 71062 83600==
34727 41440 62803 10033 20026 30225 40256 52010 71022 84430==
34743 41410 81902 10009 20004 30154 40245 52010 71042 885// 333 20007==
34759 41540 81803 10009 20001 30120 40255 53009 71022 885// 333 20008==
34772 42/70 61303 10000 21011 30267 40270 53003 8603/ 333 21017==
34785 41320 81004 11027 21033 30304 40281 52005 71011 886//==
34798 11940 81003 11014 21034 30412 40382 53007 60002 71010 80007 333 21031==
34824 41540 83302 10040 20033 30254 40259 52013 78082 889//==
34838 41/10 81501 10005 21007 30156 40255 52007 71022 85025==
34845 42570 82402 10018 20004 30144 40254 52008 885//==
34858 41/20 70000 11003 21006 30146 40257 52010 71011 86032 333 21008==
34861 41/02 92106 10017 20003 30006 40253 52006 74542 89/// 333 20014==
34866 42470 81603 10028 20007 30271 40262 53005 885// 333 20022==
34880 41/40 71002 11018 21022 30302 40275 52005 71011 82031==
34887 41540 70000 10001 21010 30293 40270 53003 71011 87500==
34949 42/// /2805 10040 20024 39708 40260 52012==
34954 42560 80000 10003 21003 30086 40264 52010 885// 333 21030==
34958 42570 80000 11011 21011 30060 40266 52010 885//==
34975 42470 81101 10028 20010 30268 40264 53005 885// 333 88619==
34984 41440 80602 10017 20007 30300 40269 53005 71022 886//==
35217 12560 81602 11024 21040 30282 40323 57003 60002 885// 333 21047==
35302 11540 82006 11021 21033 30285 40306 54000 60002 72842 886// 333 21021==
35315 32598 81205 11016 21040 30257 40315 57010 885// 333 21033=
35344 32599 82101 11015 21024 30061 40356 53010 885// 333 21021=
35358 12/60 82001 11012 21048 30161 40335 53010 60002 8802/ 333 21022==
35368 32999 81804 11059 21107 30104 40382 52014 8807/ 333 21045=
35386 11597 82603 11038 21056 39831 40366 52012 69930 78582 889// 333 21064=
35394 11560 82303 11048 21072 39671 40369 52014 60022 78573 889// 333 21076==
35404 31/93 91706 11013 21016 30289 40297 57002 74742 333 21016=
35406 12560 81404 11024 21036 30315 40317 53002 60002 885// 333 21035==
35416 12570 81103 11017 21041 30217 40340 52001 60002 885// 333 21043==
35426 12584 80000 11013 21046 30056 40354 53006 60002 885// 333 21022==
35437 31/92 91601 11018 21029 30117 40440 52006 74542 333 21029=
35449 31596 81701 11018 21039 30254 40360 52010 71022 885// 333 21028=
35497 11/60 82301 11072 21081 39828 40681 52011 60022 77177 8802/ 333 21081==
35498 11698 82601 11090 21110 39472 40390 52010 60030 72272 885// 333 21107=
35514 32598 81405 11026 21039 30534 40530 53003 885// 333 21049=
35522 32698 81304 11017 21055 30088 40346 53002 885// 333 21044=
35542 32598 82701 11004 21025 30208 40359 52008 885// 333 21013=
35563 32598 80000 11060 21090 39582 40378 52011 885// 333 21100=
35576 12570 72301 11064 21100 39925 40392 52013 69962 87500 333 21104==
35582 11698 82305 11069 21098 39766 40391 52010 69950 72272 885// 333 21076=
35594 11997 82702 11062 21089 39520 40388 52014 69920 77172 8807/ 333 21156=
35605 32598 81106 11022 21037 30333 40311 53005 885// 333 21023=
35633 315// 80000 11012 21032 30138 40356 53008 71022 885// 333 21023=
35671 11540 81301 11044 21060 39944 40387 52013 69902 71072 885// 333 21055==
35699 11/60 70000 11092 21147 39611 40403 52005 69922 70272 87030 333 21133==
35700 11/40 81306 11016 21024 30334 40310 53003 60002 71022 8807/ 333 21023==
35715 32599 81406 11024 21060 30341 40326 53001 885// 333 21024=
35739 32699 82001 11028 21066 30213 40357 53009 885// 333 21058=
35746 11520 80902 11021 21027 30295 40364 52011 60002 72842 885// 333 21053==
35777 32597 81403 11050 21104 30036 40395 52012 885// 333 21085=
35796 11/60 60801 11113 21147 39955 40418 52006 60002 70272 86070 333 21166==
35849 12570 80000 11004 21055 30269 40357 52005 60002 885// 333 21020==
35895 32998 60202 11116 21141 39948 40421 52010 80001 333 21154=
35907 32998 00905 10016 21009 30307 40276 53005 333 20002=
35925 11540 81404 11027 21014 30223 40337 53005 60002 71022 887// 333 21031==
35927 31596 81406 11012 21027 30323 53006 71022 885// 333 21021=
35953 11540 80602 11019 21057 30230 40363 52009 60002 77072 885// 333 21025==
35969 12/84 20505 11032 21105 30190 40369 52007 60002 82030 333 21071==
35997 31696 50201 11104 21148 39942 40402 53011 71022 82570 333 21165=
36259 42584 80000 11264 21295 38295 48584 57004 83902==
36335 11599 82506 11056 21083 39313 40362 52008 69960 73673 8352/ 333 21105=
36358 31699 72904 11056 21089 39311 40352 52011 70232 87500 333 21128=
36394 11596 81605 11072 21085 39932 40369 52004 69950 78583 883// 333 21191=
36397 11/70 81610 11102 21122 39788 40381 52004 60002 73673 8807/==
36403 11797 81106 11065 21097 30002 40375 53003 69950 77173 8657/ 333 21213=
36418 11996 80901 11121 21140 39770 40421 52006 69940 77172 8802/ 333 21181=
36421 11998 81101 11119 21141 39818 40415 52003 69930 70272 8801/ 333 21168=
36428 12784 71802 11080 21116 39892 40415 51005 60002 82550 333 21201==
36439 12998 81204 11127 21169 39074 48558 51002 69900 8801/ 333 21209=
36498 11696 71403 11123 21136 39574 40411 52009 69930 77172 86530 333 21167=
36501 11596 82010 11090 21119 39582 40364 52014 69920 77073 8872/ 333 21120=
36535 11684 70000 11123 21157 39757 40426 52007 69942 70272 87500 333 21249==
36546 32999 81401 11153 21180 39852 40430 52003 8802/ 333 21242=
36619 32999 60000 11114 21165 86050 333 21206=
36622 11596 82102 11107 21135 39559 40402 51003 69940 78582 889// 333 21163=
36639 12/84 70000 11073 21154 39772 40401 52010 60002 87050 333 21215==
36643 31596 82501 11133 21165 39718 40422 51003 71022 8557/ 333 21210=
36665 31796 72702 11153 21180 39642 40418 52012 71011 82501 333 21146=
36666 11996 80000 11126 21136 39902 40425 52005 69910 71022 82046 333 21254=
36729 32598 63002 11108 21123 39905 40414 53006 82530 333 21185=
36736 32999 73301 11096 21142 39835 40417 52005 83035 333 21198=
36744 32998 50702 11082 21134 39928 40399 52008 85030 333 21183=
36770 32999 61301 11070 21126 39640 40395 52005 86030 333 21185=
36786 32999 61402 11046 21124 39435 40379 52008 85072 333 21122=
36796 32998 30000 11155 21204 39147 48564 52005 80001 333 21227=
36803 32699 63102 11110 21130 39935 40411 52004 86540 333 21173=
36806 31999 61508 11078 21177 39917 40406 53004 73633 80001 333 21106=
36819 32998 51103 11084 21112 39749 40391 53015 80001 333 21122=
36821 12984 00402 11076 21111 39889 40401 52008 60002 333 21165==
36839 32999 03001 11107 21178 39214 40404 52006 333 21191=
36843 32998 51001 11021 21115 39166 40362 52005 80002 333 21126=
36846 32999 30903 11103 21187 38696 48577 52006 81039 333 21175=
36859 12984 20000 11028 21126 39607 40411 52004 60002 80009 333 21142==
36870 12960 00501 11060 21082 39314 40363 52006 60002 333 21100==
36874 31/93 93601 11090 21101 39698 40525 52010 74544 333 21123=
36877 32999 03601 11079 21114 39738 40799 52010 333 21169=
36885 32999 00202 11042 21136 39201 40363 52007 333 21115=
36889 31999 01803 11082 21192 37073 47090 52007 70230 333 21147=
36894 32999 00000 11044 21107 39612 40376 52005 333 21100=
36905 32999 00801 11048 21128 38832 48576 52003 333 21149=
36911 42999 00000 10002 21073 39339 40330 58001 333 21126=
36927 42999 01402 11006 21105 38420 48582 52007 333 21094=
36934 42598 41102 10005 21077 38332 48458 57013 82532 333 21052=
36953 32999 00000 11126 21152 38265 48508 58001 333 21250=
36963 42999 01103 11127 21210 37059 48/// 52007 333 21220=
36974 42998 00902 11098 21176 38077 48625 52003 333 21200=
36982 42999 00701 11117 21292 36534 47107 52005 333 21281=
37018 42670 81203 10095 20038 30190 40265 52011 86932==
37031 42/60 81502 11003 21021 30068 40270 52011 8807/ 333 21012==
37054 42970 00000 11022 21031 39879 40278 52010==
37061 41920 42002 11013 21015 30094 40269 52010 72841 80001 333 21020==
37085 42570 80402 10042 20032 30290 40262 53006 885//==
37171 42560 80903 10073 20030 30250 40269 52009 8655/ 333 86622==
37228 42970 61602 10029 21076 39414 40261 52008 80004==
37235 42970 52201 10011 21007 39941 40266 52010 80004 333 21020==
37472 15472 81996 62401==
38149 42970 21006 10000 21012 30258 40338 53010 80002 333 21040==
38178 41960 00204 11024 21046 30037 40335 53002 71000 333 21064==
38262 12970 20803 11011 21024 30247 40331 53001 60002 80001 333 21059==
38264 42970 10604 11007 21035 30236 40333 52004 80001 333 21057==
38345 42999 01201 10013 21062 38870 48558 57004 333 21122=
38353 42998 03501 11007 21088 39418 40344 52002 333 21115=
38388 72998 00903 11004 21069 30239 40312 57002 333 21032 6////=
38392 72997 00905 10014 21021 30215 40321 53008 333 21044 6////=
38396 42960 00604 10003 21048 30200 40330 52007 333 21050==
38403 42960 00904 11003 21110 30206 40331 52008 333 21036==
38413 42970 00602 10001 21075 30035 40337 52013 333 21039==
38457 11940 00000 10047 21026 39710 40307 52006 60002 71000 333 21027==
38462 42984 00000 11008 21125 38820 48550 58001 333 21100==
38507 71957 40000 10068 20025 30169 40274 52003 70241 84030 333 21015 6//// 555 50066=
38545 72998 00704 10020 21037 30132 40313 52007 333 21042 6////=
38565 12970 00000 10018 21019 39679 40257 53009 60002 333 21074==
38579 12960 00000 10025 21018 39878 40307 52006 60002 333 21034==
38583 11940 00901 11015 21021 39983 40318 52005 60002 71000 333 21041==
38599 31995 00704 10022 21009 39762 40313 50001 71000 333 21043=
38611 41920 01203 10028 21030 39740 40325 52004 71000 333 21027==
38613 42999 00201 10026 21056 40314 52003 333 21062=
38616 42997 01801 10026 21047 39279 40313 51001 333 21075=
38618 12960 90000 10039 21020 39609 40311 52006 60002 80008 333 21033==
38647 72998 20000 10030 21035 30229 40272 52015 80001 333 21032 6////=
38656 72998 00902 10030 21028 30183 40295 54000 333 21020 6////=
38683 41940 00902 10023 21014 30015 40299 52006 71000 333 21034==
38687 72997 00201 10026 21020 30059 40301 52002 333 21057 6////=
38696 12960 01402 10016 21022 39417 40295 53006 60002 333 21020==
38713 32997 00501 10032 21072 39097 48560 53005 333 21064=
38750 32597 83601 10060 20009 30312 40283 52002 885// 333 20000=
38763 72997 01003 10012 21023 30172 40281 52008 333 21006 6////=
38774 72997 01302 10020 21017 30089 40291 52008 333 21006 6////=
38799 32997 02001 10035 21015 30062 40300 58001 333 21054=
38806 72997 00000 10048 21047 30011 40277 52001 333 21054 6////=
38812 41940 00702 10033 21011 39821 40285 58002 71000 333 21025==
38836 31697 02501 10042 20017 39297 40247 52001 71000 333 21023=
38880 02997 01502 10025 21014 30018 40280 52007 60002 333 21021 6////=
38886 72997 01302 10050 21009 30052 40251 52001 333 21036 6////=
38895 32996 01801 10050 21016 30004 40299 53011 333 21018=
38911 48524 60464 8494/ 333 20189 51111 55035 59004 70461 81708 84620 81921 87358 63866 32580 7=
38915 72997 00000 10060 21003 39960 40288 53005 333 21015 6////=
38927 11945 00000 10060 20015 39898 40279 50006 60002 71000 333 21012==
38933 31996 03601 10054 20005 39768 40291 54000 71000 333 21020=
38944 32997 03601 10050 20000 39676 40219 52003 333 21011=
38954 32999 03002 11064 21129 38031 48640 52015 333 21128=
38974 72998 00000 10042 21013 39935 40277 52001 333 21013 6////=
38987 32996 50000 10046 21018 39527 40285 52008 80002 333 20011=
40100 43/80 01005 10139 20031 30238 40254 53009 6///1 333 58///=
40180 12960 11101 10104 20049 30187 40238 52010 60002 80001 333 10140 20081 70000==
40199 333 70000==
40255 36/// /0000 10122 29066 3//// 4//// 5////=
40265 31910 30000 10030 20020 39453 40268 52011 71044 80002 333 21004 30104 83070=
40270 31930 22702 10078 20047 39336 40248 52008 70400 82001 333 20050 30102 82070=
40272 31940 20404 10040 20010 39404 40265 52006 70700 82030 333 21020 30103 82360=
40296 31957 10000 10154 20103 30701 40224 5//// 70500 81001 333 20145 30013 81070=
40310 32960 00000 10036 20006 39013 48471 5//// 333 20010 30101=
40340 31956 20106 10128 20070 30162 40228 52004 70500 82000 333 20108 30010 82070=
40356 42960 00704 10052 21040 39255 48545 333 20020 58020==
40357 42960 03507 10073 21030 39594 40245 333 20042 58039=
40360 42960 00000 10044 21030 39647 40255 333 20021 58015=
40361 42960 02103 10073 21030 39465 40292 333 20038 58025=
40362 42960 02803 10079 21040 39722 40248 333 20035 58042=
40373 42960 03308 10116 21050 39809 40234 333 20076 58024=
40375 42960 30905 10076 21020 39341 40232 80002 333 20040 58000 83070=
40394 42960 00604 10088 21010 39095 48559 333 20026 58026 555 04410 50244=
40400 42960 00505 10193 21020 30162 40190 333 20155 58016=
40405 42960 03608 10103 20000 39485 40250 333 20056 58039=
40417 42960 02906 10148 21030 30199 40216 333 20089 58002=
40420 42960 02302 10143 21050 39999 40212 333 20097 58000=
40430 42960 00307 10145 21010 39485 40247 333 20120 58043=
40437 42960 03006 10139 21020 39511 40223 333 20087 58005=
40439 42/60 20304 10216 20030 30143 40161 81031 333 20160 58015 81360==
40582 31958 03106 10133 21020 40216 51014 70500 333 55310 00409 10007 21168 30342 40912 51255 61510 55407 40826 90400 91009 91109 91207 91303=
41024 41950 00720 10252 20010 30118 40144 70700 333 20216 58002==
41036 42960 00504 10107 21010 38598 48546 333 20090 58018==
41055 42960 01304 10171 20020 38388 48535 333 20126 58005==
41061 42960 03508 10156 21060 39483 40197 333 20109 59002==
41084 42960 00702 10165 20000 38881 48534 333 20106 58001==
41112 42960 03306 10141 20030 37967 48539 333 20085 58003==
41114 42960 03304 10144 20040 38005 48541 333 20083 58003==
41128 42960 00908 10158 21040 38852 48553 333 20090 59001==
41136 42960 00912 10179 21090 39377 40198 333 20120 59005==
41140 42560 21105 10268 20220 30143 40153 82200 333 20227 58004 82830==
41150 42964 02910 10182 20104 40209 333 20161 30016 58003=
41170 41959 03306 10202 20084 30193 40207 70500 333 20160 58002=
41176 44/62 /3608 10190 20130 30201 40207 333 20124 58002=
41184 42960 32107 10220 20063 40185 83030 333 20100 59012 83360=
41194 12960 02104 10201 20092 30179 40185 60001 333 20160 59007=
41196 12960 22004 10206 20082 30147 40189 60001 82030 333 20115 59009 82360=
41216 42660 23112 10214 20139 30191 40195 82500 333 20166 58002 82630=
41217 42560 32910 10211 20134 30161 40191 83500 333 20161 30015 58001 83630=
41506 02997 03606 10080 21045 38577 48573 60001 333 58042 60007=
41508 12960 02301 10083 21030 38701 48670 60001 333 58030==
41515 12960 00000 10058 21072 38565 48260 60001 333 58019==
41516 12440 30000 10095 21051 38610 48650 60001 83500 333 56800 58031==
41517 11440 60000 10025 21026 37849 48800 60001 70422 83650 333 56880 58037==
41518 12940 73601 10083 21021 30001 48010 60001 87770 333 56880 58000==
41519 12440 60000 10105 21102 38834 48690 60001 83730 333 56880 58042==
41523 12960 02301 10110 21008 39121 48320 60001 333 58037==
41535 12960 00000 10110 21008 38743 48110 60001 333 58023==
41536 12960 00000 10140 20022 39079 48480 60001 333 58016==
41560 12960 02302 10040 21022 38320 48510 60001 333 58002==
41571 11940 02302 10170 20038 39616 40193 60001 70500 333 58014==
41598 11940 03102 10170 20070 39910 40184 60001 70400 333 58023==
41600 11940 00000 10150 20113 39885 40185 60001 70444 333 58028==
41620 12940 03102 10100 21115 38561 48140 60001 333 58028==
41624 11940 03102 10190 20072 39991 40192 60001 70500 333 58037==
41630 11920 03101 10180 20044 30000 40196 60001 70500 333 58030==
41640 11920 00000 10165 20109 39939 40193 60001 70440 333 58030==
41660 12960 01304 10085 21075 38461 48510 60001 333 58003==
41678 11940 00000 10180 20083 30000 40189 60001 70400 333 58040==
41696 12960 00000 10070 21062 38022 48460 60001 333 58001==
41697 12960 00000 10200 21004 30000 40204 60001 333 58040==
41700 11920 00000 10180 20106 30000 40186 60001 70400 333 58034==
41710 12960 00000 10125 21057 39408 40194 60001 333 59001==
41712 12960 00501 10090 21040 39236 48320 60001 333 59010==
41715 11940 00000 10190 20072 30131 40196 60001 70400 333 58034==
41718 11920 00000 10180 20083 30086 40191 60001 70400 333 58045==
41725 12940 00502 10200 20086 30000 40194 60001 333 58032==
41739 12940 00503 10100 20022 39092 48350 60001 333 59004==
41744 12940 00000 10140 21010 38818 48410 60001 333 58016==
41749 11940 03104 10205 20093 30161 40195 60001 70400 333 58025==
41756 11940 03603 10190 20030 30122 40189 60001 70504 333 59005==
41757 12940 00000 10220 21046 30169 40182 60001 333 59012==
41759 12940 00000 10200 20061 30180 40186 60001 333 58004==
41764 11940 03605 10210 20048 30133 40184 60001 70400 333 58022==
41768 12940 03602 10220 20064 30140 40147 60001 333 58002==
41780 11940 00505 10240 20002 30154 40181 60001 70500 333 58020==
41785 12940 03102 10205 20074 30158 40171 60001 333 58016==
41859 01908 02702 10191 20180 30106 40144 74344 89/// 333 59001 70000==
41883 01950 00000 10230 20180 30122 40143 70500 333 59003 70000==
41891 01940 01802 10248 20160 30098 40137 70500 333 59006 70000==
41907 01930 02702 10245 20200 30121 40136 70540 333 58002 70000==
41923 01930 50000 10266 20200 30127 40136 70520 83430 333 59001 70000 82615 83360==
41936 01306 52307 10254 20210 30128 40135 74242 85600 333 58002 70000 85710==
41943 01905 02702 10240 20210 30134 40142 74544 89/// 333 58006 70000==
41950 01335 70000 10244 20210 30135 40137 70544 84610 333 58000 70000 81708 84616 86459==
41978 01440 32308 10266 20190 30131 40138 70541 83500 333 58001 70000 83616==
41992 01/30 30000 10265 20210 30135 40137 70510 83030 333 58000 70000 83362==
42027 31595 82302 10055 20025 38473 48559 70522 8351/ 333 58031=
42071 31/92 99902 10130 20126 40194 74544 333 58021=
42101 31994 03401 10154 20133 40192 71044 333 58015=
42111 31996 02301 10216 20066 39443 40136 70500 333 58008=
42123 31995 00000 10166 20106 40190 70500 333 58026=
42131 31695 23202 10150 20125 40192 71044 82500 333 58026=
42165 31995 03602 10214 20053 40182 70500 333 58041=
42182 31993 22703 10172 20125 40176 70444 82030 333 58023 82360=
42189 31995 03201 10222 20119 40153 70540 333 58006=
42309 31495 51403 10226 20167 40131 70522 82530 333 59012=
42314 31596 69902 10220 20142 40130 70522 81530 333 59010 81620 86360=
42328 31995 00505 10214 20122 40163 70500 333 58039=
42339 31995 03204 10222 20030 40173 70500 333 58035=
42348 31995 00504 10226 20083 40163 70500 333 58031=
42361 31994 00000 10220 20138 40160 70500 333 58026=
42369 31995 09902 10270 20112 40151 70500 333 58008=
42379 31995 03202 10242 20124 40139 70500 333 59004=
42410 31594 30000 10234 20139 40139 70500 81530 333 59004 81620 83360=
42415 32996 00000 10224 20142 40141 333 59010=
42452 31996 00902 10216 20120 40169 70500 333 58025=
42492 31995 02703 10252 20141 40146 70544 333 59001=
42559 32996 03601 10254 20104 40133 333 58018=
42571 31996 00000 10262 20133 40143 70500 333 58018=
42591 31995 20000 10262 20120 40155 70500 82030 333 58012 82360=
42623 31495 40000 10212 20103 39254 40116 70520 82530 333 58001 82618 84360=
42634 32996 00000 10216 20051 40170 333 58014=
42647 31995 00202 10256 20076 40157 70400 333 58010=
42667 32996 00205 10248 20088 39566 40150 333 58018=
42675 31996 03201 10254 20135 40133 70500 333 58008=
42701 31995 20000 10262 20151 39405 40119 70500 82030 333 59002 82360=
42724 31494 42701 10252 20203 40135 70500 82530 333 59002 82618 83360=
42737 32996 03210 10240 20117 40161 333 58008=
42754 32996 00506 10240 20077 39513 40147 70500 333 58015=
42779 32996 00000 10280 20154 39443 40127 333 58009=
42798 31994 30000 10270 20182 40132 70400 83030 333 59001 83360=
42809 31/93 93401 10254 20224 40138 71144 333 58003=
42840 32996 23402 10264 20078 40152 80001 333 58001 82075=
42867 31996 01102 10294 20171 40138 70500 333 58014=
42874 31996 00000 10312 20178 40130 70500 333 58008=
42886 31995 01406 10320 20181 40133 70500 333 58005=
42895 31595 73602 10260 20224 40137 70520 84530 333 58001 84620 85360=
42909 32996 09902 10266 20111 40153 222// 20000 333 58002=
42971 31995 00000 10312 20193 40136 70500 333 59001=
43003 31995 00000 10300 20133 40135 70400 333 58001=
43014 31995 00903 10300 20197 39486 40118 70544 333 58010=
43041 31996 01802 10310 20129 39525 40126 70500 333 58007=
43063 32997 20902 10294 20100 39514 40125 80001 333 58010 82070=
43086 31996 00000 10296 20225 39955 40130 70500 333 59044=
43110 31995 32301 10310 20179 40132 70544 80001 333 58002 83078=
43117 32997 11402 10326 20231 40119 80001 333 58009=
43128 32997 10904 10310 20133 39533 40126 81070 333 58008 81360=
43150 31995 21803 10290 20232 30080 40141 70540 80001 333 58001 82075=
43185 32597 21802 10306 20230 30129 40132 82500 333 58004 82620=
43189 32597 30000 10286 20220 30136 40145 82530 333 58002=
43192 32996 33202 10300 20230 40125 80002 333 58002=
43198 32496 31403 10318 20127 39305 40103 82501 333 56309 58005 82612=
43201 32997 39902 10320 20087 39389 40092 80001 333 58005 83075=
43213 32997 30502 10332 20056 39800 40108 80002 333 58000=
43233 32897 51406 10294 20100 39323 40123 83032 333 58003=
43237 32997 30902 10324 20121 39714 40096 80001 333 58003 83075=
43245 32597 41104 10308 20206 30111 40138 83501 333 58007=
43279 32597 59902 10306 20207 30117 40135 84501 333 59004 84620 84075=
43284 32496 70203 10304 20218 30004 40118 81507 333 58002 81615 86272=
43295 32997 10502 10286 20166 39119 48541 80001 333 59003 81075=
43314 32597 22303 10336 20252 40117 82400 333 59002=
43321 31496 60705 10280 20194 39679 40122 70522 83501 333 59004 83612 85070=
43329 32597 20702 10304 20233 30114 40128 82500 333 59002=
43333 31495 40000 10298 20201 40121 70510 84400 333 58008 82618 83820=
43344 31496 50205 10300 20214 30024 40123 71022 84401 333 59008 83616 83820=
43353 31496 42504 10310 20229 40113 70521 81530 333 56790 59002 83620=
43369 32597 41802 10308 20265 40122 84500 333 58005 84620=
43371 32596 50901 10326 20231 30038 40109 70521 81501 333 59003 81620 84071=
43404 22470 50602 10297 20253 30116 40119 54000 85000 333 553// 20357 58000 60008 91005 555 60008==
43410 22470 60705 10292 20246 30122 40125 50002 85200 333 58000 60008 91007 555 60008==
43413 22470 50203 10303 20260 30119 40124 5/003 83201 333 553// 20549 59001 60008 91005==
43415 22470 30701 10304 20215 30017 40125 56001 83000 333 58002 60008 70000 555 60008==
43418 22470 40902 10290 20247 30083 40124 52005 84200 333 58002 60008 70000 555 60008==
43421 22470 50602 10310 20219 30015 40119 5/004 83101 333 553// 20490 59003 60008 91004==
43422 22470 30501 10297 20223 39986 40118 5/004 83000 333 59001 60008 555 60008==
43424 22470 10503 10315 20234 30107 40109 57005 81100 333 59009 60008 555 60008==
43436 22470 40504 10288 20245 30119 40122 54000 83000 333 58003 60008 70000 555 60008==
43441 22470 30204 10308 20207 39974 40105 51006 81101 333 59001 60008 70000 555 60008==
43444 22470 41402 10283 20201 39581 40112 58001 81000 333 58000 60008 70000 555 60008==
43450 22/70 40304 10314 20210 30099 40111 56006 333 59004 60008 70000 84/80 555 60008==
43466 22/70 20503 10323 20164 30096 40104 5/006 333 553// 20542 59005 60008 91006 555 60008==
43467 22470 20203 10327 20189 30102 40108 54000 81100 333 59004 60008 555 60008==
43473 22470 70805 10190 20070 38134 48496 52004 81000 333 553// 20544 59003 60008 91008 555 60008==
43475 22470 60203 10308 20224 30113 40117 57001 83201 333 553// 20516 58001 60008 91006 555 60008==
43476 22468 63203 10228 20154 38789 48536 51002 81000 333 58001 60008 70000 555 60008==
43479 22470 43402 10242 20171 39277 54000 83100 333 58000 60008 555 60008==
43486 22470 21501 10320 20203 30005 40103 58006 81000 333 553// 20558 59004 60008 91003==
43495 22470 12002 10290 20237 30095 40108 52002 81000 333 59002 60008 555 60008==
43497 22470 10502 10333 20000 30092 40109 5/003 81000 333 553// 20583 58002 60008 91006==
44212 42984 40102 11220 21272 39260 40523 57002 80007==
44213 42984 62501 11223 21282 38889 40511 57002 80008==
44214 42/70 53205 11133 21234 38316 40415 58008 83041==
44215 41970 71102 11193 21231 38460 40476 57005 70371 80008==
44217 32998 60000 11186 21251 37872 40497 58003 80003 333 91200=
44218 41/40 73602 11179 21216 38678 40472 57003 70421 82048==
44219 32999 01602 11208 21239 38699 40500 58004 333 91203=
44265 42984 33101 11158 21214 38953 40480 54000 80004==
44266 32999 01502 11141 21247 37785 40429 58006 333 91202=
44404 42958 00903 10170 20021 38144 48479 80000 333 59002=
44416 42960 01003 10204 20070 39379 40158 80000 333 58007=
44424 42960 00603 10133 21048 37676 47087 80000 333 58004=
44434 41456 11405 10186 20114 39237 48520 70240 81100 333 59002=
44438 41925 02104 10216 20157 30019 40148 70544 80000 333 59005=
44449 41925 01704 10199 20170 39984 40143 70544 80000 333 59006=
44454 41456 22902 10196 20045 38665 48501 70044 82100 333 58000=
44462 42458 12701 10183 20086 38249 48464 81100 333 58002=
44474 41120 10704 10161 20053 38245 48492 70544 81100 333 59009=
44477 41920 01902 10198 20115 38816 48520 74044 80000 333 59008=
44478 41912 02603 10214 20187 30051 40133 71044 80000 333 59008=
48010 42956 01801 10245 20136 39958 40109 333 59010==
48020 42960 00401 10230 20143==
48025 42430 40402 10246 20150 39992 40133 59001 84800==
48048 42957 00403 10272 20191 30058 40113 333 59004==
48052 32457 20000 10309 20169 82400 333 56900=
48062 42558 23205 10290 20248 30113 40120 82500 333 59010==
48064 42958 02201 10270 20172 30036 40093 333 59006==
48094 42959 03202 10305 20160 30105 40115 333 58001==
51076 14/59 /1801 11154 21187 39488 40463 52007 60001 333 11109 21222 3/102 4/026 58022 70000 90761 91102==
51087 14/62 /2301 11164 21195 39328 40456 52001 60001 333 11096 21231 3/105 4/019 58016 70000 90761 91103==
51156 14/66 /1002 11111 21147 38774 40418 52002 60001 333 11056 21175 3/114 58017 90761 91104==
51243 14/48 /2401 11100 21131 39838 40432 57001 60001 70500 333 11068 21126 3/111 58020 70000 90761 91103==
51334 14028 02003 11081 21116 39991 40431 54000 69901 72270 333 11031 21161 3/109 4/013 58018 90761 91104==
51379 14/73 /0902 11117 21146 39401 40432 52002 60001 333 11060 21211 3/106 4/023 58008 70000 90761 91105==
51463 14/00 /3002 11127 21143 39140 40419 52004 60001 74540 333 11045 21131 3/101 4/036 58005 70001 90761 91104==
51573 14/68 /0902 10026 21121 30326 40378 57008 60001 333 10030 21057 3/112 58037 70000 90761 91104==
51644 14/61 /3001 10005 21122 39063 40387 52001 60001 333 10015 21133 3/108 4/003 58035 70000 90761 91102==
51656 14/60 /2301 11001 21093 39275 40390 57001 60001 333 10027 21124 3/114 58039 70000 90761 91104==
51709 14/64 /0901 11006 21192 38725 40376 52001 60001 333 10038 21094 3/112 58037 70000 90761 91105==
51711 14/65 /2401 11050 21178 38077 40338 57002 60001 333 10010 21150 3/121 58035 70000 90761 91104==
51716 14059 00101 10013 21161 39024 40380 52001 60001 333 10039 21115 3/117 58035 70000 90761 91103==
51765 14/66 /1103 10021 21098 39335 40378 57006 60001 333 10050 21124 3/115 58045 70000 90761 91106==
51811 14/62 /3402 11019 21180 38894 40377 52002 60001 333 10071 21107 3/118 58039 70000 90761 91105==
51818 14/50 /3303 10000 21203 38730 40366 52003 60001 70600 333 10075 21113 3/119 58035 70000 90761 91107==
51886 14/78 /1802 11067 21226 37139 40329 57008 60001 333 11024 21149 3/120 58041 70000 90761 91108==
52203 14/71 /0802 11010 21104 39462 40397 57005 60001 333 11003 21116 3/116 58048 70000 90761 91106==
52602 14/79 /2605 11073 21244 37306 40356 52001 60001 333 11021 21137 3/117 58050 70000 90761 91118==
52818 14/65 /2602 11057 21140 37282 40355 57006 69921 72200 333 11007 21111 3/116 58050 70006 90761 91109==
52908 14/77 /2908 11098 21380 35744 40305 57001 60001 333 11061 21220 3/126 58023 70000 90761 91114==
55228 14/80 /1902 11053 21266 36026 40247 52002 60001 333 11011 21167 3/123 58036 70000 90761 91104==
55299 14/67 /2712 10069 21395 35810 49951 57006 60001 333 10089 21118 3/124 58006 70000 90761 91128==
55578 14/80 /1402 10121 21289 36348 49941 57017 60001 333 10173 21054 3/112 58008 70000 90761 91108==
55591 14/78 /2205 10176 21325 36454 49867 57025 60001 333 10189 21019 3/113 59004 70000 90761 91110==
55664 14/80 /2607 10085 21344 36003 40059 57017 60001 333 10116 21125 3/118 58011 70000 90761 91111==
55773 14/80 /3002 10079 21244 35998 40084 57009 60001 333 10087 21145 3/120 58002 70000 90761 91104==
56004 14/80 /2906 11074 21304 35806 40257 57005 60001 333 11013 21207 3/126 58025 70000 90761 91115==
56018 14/77 /2406 11017 21294 36154 40156 57012 60001 333 10088 21132 3/119 58053 70000 90761 91111==
56312 14/80 /1403 10105 21077 37041 40041 57035 60001 333 10115 20015 3/001 59012 70000 90761 91106==
62306 42960 00000 10118 20081 40239 52008==
62309 42560 41903 10159 20119 40228 84500 333 20152==
62332 42560 40806 10176 20097 40235 52005 82104 333 20162==
62337 42560 21702 10104 20061 40234 52004 82500 333 20054==
62366 45/60 30304 10129 20111 40224 52010 83030 333 20112==
62387 41/10 43205 10092 20079 40207 52007 71000 84030 333 20080==
62393 42960 00000 10092 20056 40214 54000 333 20073==
62405 42960 00103 10120 20008 40198 52012 333 20080==
62414 42960 00105 10144 20021 40189 52015 333 20110==
62419 42960 00508 10181 20066 40175 52018 333 20124==
62420 42960 60203 10119 20092 40220 52008 80004 333 20112==
62435 42960 03603 10137 20046 40190 52014 333 20099==
62440 42560 30000 10120 20089 40228 83500 333 20108==
62455 42960 03504 10133 20074 40218 333 20110==
62458 42960 00000 10130 20002 40209 52013 333 20090==
62459 42960 00607 10127 20045 40204 52014 333 20104==
62465 42960 02808 10189 20092 40190 333 20178==
63210 32980 00000 10261 20190 40153 333 20190 58000=
63227 32980 00511 10205 20130 40197 333 20170 59003=

==================
42747 Not Received
42686 Not Received
42398 Not Received
==================
