SMPK OPKC 030600=
41504 02697 50000 10015 21106 37909 48570 60001 82230 333 56990 58006 60007 82845 83360 RH39%=
41506 02697 53608 10080 21085 38561 48558 60001 82520 333 56990 59016 60007 82640 83460 30%=
41507 02697 30906 10100 21007 39279 49806 60001 83100 333 56900 58016 60007 83840 47%=
41508 02697 62302 10067 21063 38675 48541 60001 83220 333 56990 59026 60007 83835 83460 39%=
41509 02697 61802 10045 21055 38816 48548 60001 82520 333 56990 59008 60007 82640 85460 RH 48%=
41510 02697 40000 10045 21030 37920 48533 60001 84030 333 56090 59026 60007 84360 58%=
41515 02997 40504 10052 21067 38590 48550 60001 84020 333 56090 58025 60007 84460 42%=
41516 02996 00902 10090 21040 38628 48583 60001 85070 333 56090 58018 60007 85460 RH39%=
41517 02696 40000 10040 21118 37874 48604 60001 70422 81530 333 56990 58025 60007 81640 83360 31%=
41518 02696 73602 10078 21038 38/// 48/// 60001 83470 333 56990 5//// 60007 83440 84762 43%=
41520 02997 31804 10005 21087 37679 48332 60001 83030 333 56090 58018 60007 83362 50%=
41523 02697 60000 10100 21042 39109 48519 60001 84021 333 56990 59012 60007 84460 82070 36%=
41524 02997 30000 10140 21028 39380 40250 60001 83020 333 56090 58029 60007 83362 RH 31%=
41525 22997 41804 10060 21041 37675 48394 60001 80002 333 56009 59021 84070 48%=
41528 02697 30000 10145 20029 39230 48519 60001 83500 333 56900 59042 60007 83640 46%=
41529 02996 60502 10195 21014 39789 40168 83031 333 56099 59015 60007 83360 83070 RH 24%
41530 019// 10000 10120 20029 39718 40137 60003 70500 81030 333 56090 59046 81364 52%=
41534 02997 30000 10140 20056 39743 40163 60001 83500 333 56900 59043 60007 83640 RH 57%=
41535 02997 30000 10130 21009 38709 48480 60001 83030 333 56090 59034 60007 83360 38%=
41536 02997 30000 10140 20007 39044 48515 60001 83010 333 56090 59035 60007 83360 40% =
41536 32596 32302 10082 21013 38465 48551 83400 333 59008 RH 69%=
41560 02997 00000 10050 21024 38320 48550 60001 333 58000 60007 RH59%=
41562 02997 03102 10185 21036 39678 40141 60001 333 59046 60007 RH22%=
41565 22996 03104 10106 21034 38665 48531 60001 333 59023 60007 RH 38% =
41567 01996 00000 10160 20028 39706 40125 60001 70500 333 59039 60007 41%=
41572 01996 20000 10190 21007 39510 40130 60001 70500 80001 333 56009 59048 60007 82070 RH 26%=
41573 02997 01304 10125 20022 37966 48484 60001 333 59020 60007 49%=
41574 02997 00502 10140 20017 38367 48544 60001 333 59002 60007 43%=
41576 01995 00000 10175 20064 40169 60001 70500 333 59036 60007 48%=
41577 01696 20000 10190 21007 39542 40153 60001 70500 81530 333 56990 59038 60007 81640 81360 RH 26%=
41593 01996 01802 10180 20044 39936 40153 60001 70500 333 59039 60007 41%=
41597 01996 00000 10160 20081 40171 60001 70400 333 59036 60007 60%=
41598 01996 00000 10170 20082 39878 40151 60001 70400 333 59032 60007 56%=
41599 01/91 90000 10100 20093 39868 40167 60001 74544 333 59032 60007 89/// 93%=
41600 01993 90000 10105 20105 39858 40162 60001 74544 8//// 333 59027 60007 89/// 100%=
41620 32996 02302 10100 21150 38570 48473 60001 333 59042 60007 16%=
41624 01996 01302 10180 20044 39942 40143 60001 70500 333 59049 60007 41%=
41625 01996 00902 10180 20058 39932 40133 60001 70400 333 59045 60007 45%=
41630 01996 01802 10180 20095 40160 60001 70400 333 59035 60007 58%=
41633 02997 00000 10165 20063 4//// 60001 333 5//// 60007 51%=
41634 02997 00000 10165 20030 3//// 4//// 60001 333 5//// 60007 40%=
41635 01996 00904 10180 20058 3//// 4//// 60001 70500 333 5//// 60007 45%=
41636 01996 01802 10205 20054 39971 40156 60001 70500 333 59041 60007 37%=
41638 01996 01802 10185 20065 4//// 60001 70500 333 5//// 60007 46%=
41639 01996 01304 10135 20085 3//// 4//// 60001 70040 333 5//// 60007 72%=
41640 01995 01802 1017020070 39909 40160 60001 70400 333 59030 60007 52%=
41641 01994 01810 10135 20096 39885 40165 60001 70440 333 59029 60007 77%=
41642 01994 03102 10110 20090 3//// 4//// 60001 71040 333 5//// 60007 87%=
41643 01/92 90000 10100 20100 39878 40164 60001 74344 333 59030 60007 89/// 100%=
41644 01996 00000 10160 20069 3//// 4//// 60001 70400 333 5//// 60007 55%=
41646 01995 01804 10175 20100 39962 40179 60001 70400 333 59029 60007 61%=
41652 01996 01302 10210 20062 39984 40163 60001 70500 333 59040 60007 38%=
41660 22997 21306 10020 21084 384212 48514 82030 333 21011 56090 590239 60007 70000 82360 RH: 46%=
41661 02997 43102 10090 21066 38387 48516 60001 82031 333 56099 59025 60007 82360 83070 33%=
41669 02997 00000 10190 20059 3//// 4//// 60001 333 5//// 60007 42%=
41670 01996 00000 10175 20077 4//// 60001 70400 333 5//// 60007 52%=
41674 01995 02306 10180 20083 3//// 4//// 60001 70400 333 5//// 60007 53%=
41675 01994 02308 10200 20074 30009 40152 60001 70500 333 59045 60007 44%=
41676 01996 01302 10185 20065 30011 40171 60001 70500 333 59040 60007 46%=
41677 01996 02302 10180 20058 39982 40150 60001 70500 333 59034 60007 45%=
41678 01996 00000 10170 20070 40168 60001 70400 333 59022 60007 52%=
41679 01994 00000 10115 20105 4//// 60001 72840 333 5//// 60007 94%=
41680 01995 02304 10175 20100 39962 40164 60001 70400 333 59032 60007 61%=
41685 02997 00000 10145 21038 38942 48523 60001 333 59008 60007 RH.28%=
41696 02697 52304 10070 21027 38008 48532 60001 82520 333 56990 59011 60007 82640 83460 Rh50%=
41697 02997 00000 10190 20013 40170 60001 333 59034 60007 RH31%=
41700 01995 00504 10195 20079 40150 60001 70500 333 59034 60007 47%=
41701 01996 01808 10200 20086 30026 40169 60001 70500 333 59034 60007 48%=
41710 12997 02302 10155 21060 39366 40140 60001 333 59042 R.H.22%=
41712 12997 01302 10135 21018 39204 48514 60001 333 59032 RH35%=
41715 01995 02702 10190 20085 30099 40164 60001 70500 333 58032 60007 RH50%=
41716 01995 00000 10190 20072 30071 40176 60001 70540 333 59031 60007 46%=
41718 01995 00000 10170 20094 30061 40167 60001 70400 333 59025 60007 61%=
41724 01995 01804 10210 20043 30100 40179 60001 70500 333 59033 60007 RH34%=
41725 02996 01302 10205 20068 40167 60001 333 59027 RH41%=
41726 01995 00000 10210 20062 30107 40178 60001 70500 333 59006 60007 RH38%=
41738 01696 20000 10210 20075 39999 40181 60001 70502 82500 333. 56900 59014 60007 82630. Rh42%=
41739 02996 00000 10135 20042 39091 48541 60001 333 59001 60007 RH53%=
41742 12997 03602 10220 20017 40167 60001 333 59006 RH 26%=
41743 01996 00000 10190 20085 60001 70400 333 60007 RH 50%=
41744 12996 00000 10140 21010 38799 48522 60001 333 59019 RH 36%=
41745 01996 03102 10195 20067 60001 70400 333 60007 RH 43%=
41746 01996 03602 10180 20095 30114 40168 60001 70400 333 59023 60007 RH58%=
41747 01996 00902 10205 20068 40154 60001 70500 333 59019 60007 RH41%=
41749 01996 03104 10210 20088 30137 40171 60001 70400 333 59024 60007 RH45%=
41756 01996 03104 10205 20093 30112 40178 60001 70504 333 59010 60007 RH49%=
41757 12996 00000 10220 20049 30160 40173 60001 333 59009 60007 RH33%=
41759 02996 00000 10220 20097 30163 40169 60001 333 59017 60007 RH44%=
41760 01996 00506 10220 20077 30148 40161 60001 70500 333 59015 60007 RH40%=
41764 01996 03608 10210 20015 30122 40173 60001 70400 333 58011 60007 RH27%=
41765 02996 03604 10215 20070 30133 40169 60001 333 59014 60007 RH39%=
41766 21995 00502 10190 20072 40173 70400 333 59012 60007 RH46%=
41767 02996 00000 10190 20072 3//// 4//// 60001 333 60007 RH46%=
41768 02996 03102 10225 20058 30146 40153 60001 333 58004 60007 RH34%=
41780 01996 00206 10240 20002 30139 40166 60001 70500 333 59015 60007 RH21%=
41783 02996 00506 10205 20039 30127 40157 60001 333 59005 60007 RH 34%=
41785 02996 00502 10200 20061 30148 40161 60001 333 59010 60007 RH 40%=
41786 02996 03608 10230 20019 30105 40142 60001 333 59012 60007 RH 23%=
41BAG 02697 42302 10025 21058 60001 81510 333 56990 60007 81640 84460 54%=
41BKI 02996 20000 10180 21005 39733 40151 60001 82001 333 56009 59044 60007 82070 RH 28%=
41SKP 01995 00000 10165 20109 3//// 4//// 60001 70400 333 5//// 60007 70%=
43532 02697 20000 10120 20035 39370 40187 60001 82500 333 56900 59009 60007 82640 56%=
43533 02997 03106 10155 20043 39252 48523 60001 333 59008 60007 47%=
43563 02997 02302 10172 20038 39461 40151 60001 333 59027 60007 41%=
41748 01996 01302 10200 20109 40172 60001 70500 333 59028 60007 RH56%= 
41505 22696 52304 10050 21057 38/// 48/// 60002 83520 333 56990 58/// 83640 84460 47 %=
41660 02997 33112 10090 21088 38427 48519 60001 83030 333 56090 59040 60007 83360 RH25%=

Data Generated from File : D:/all data handling/Rmc_lhr/2025020306.FSU.txt
03/02/2025   07:01:34
____________________________________________________________________________________________
15020 11441 82902 11002 21010 30037 40243 52005 69902 7717/ 8572/ 333 10006 21002 3/000 42998 55300 20001 70005 91004 90760 91106==
15090 01343 83302 10007 20001 30142 40238 53007 69952 77176 8672/ 333 10010 20001 3/000 41998 55300 10060 20000 30000 69917 70020 91004 90760 91104==
15108 01/00 90500 11106 21116 38048 48476 52002 60022 77174 89/// 333 11064 21106 49074 55300 20000 69957 70074 91003 90760 91103==
15150 01450 83404 10008 20000 30016 40237 53008 60022 72272 8472/ 333 10022 20003 31000 55300 20000 69917 70023 91007 90760 91107==
15170 01518 80601 11011 21014 39411 42800 53005 69922 72874 8587/ 333 10002 21017 3/101 47997 55300 20000 60007 70003 91001 90760 91102==
15280 01005 83108 11101 21114 37448 47982 56008 60002 74143 885// 333 11066 21101 49085 55300 20000 60007 70000 91015 90760 91116==
15310 07448 83502 10002 20002 30124 40214 52010 60032 7716/ 8372/ 333 10051 20002 3/000 43997 55300 10070 20000 30000 60037 70032 91004 90760 91108==
15335 07459 83302 10031 20026 30199 40206 53009 60032 7616/ 8672/ 333 10064 20030 31003 55300 20001 60037 70030 91003 90760 91105==
15350 02566 60204 10019 20013 30095 40220 53007 60002 86500 333 10051 20019 31002 55300 20000 60007 70000 91008 90760 91108==
15360 01461 83607 10053 20051 30172 40189 55004 60042 7616/ 8672/ 333 10073 20053 60047 70037 91009 90760 91109==
15420 04560 82101 10046 20026 30095 40209 53005 60002 885// 333 10048 21006 31102 55300 20000 60007 70000 91002 90760 91102==
15460 07450 82602 10047 20037 30183 40209 52003 60002 7101/ 8367/ 333 10056 20036 31001 55300 20001 60007 70000 91005 90760 91105==
15470 07558 82504 10048 20038 30083 40212 55001 60002 7101/ 8457/ 333 10060 20047 30004 55300 20000 60007 70000 91006 90760 91106==
15480 07457 82903 10056 20040 30177 40195 54000 60002 7101/ 886// 333 10085 20056 31006 55300 10020 20001 30001 60007 70000 91008 90760 91108==
15549 11510 82903 10023 20020 39781 40207 53001 69932 75154 886// 333 10059 20023 70003 555 31002 59800 61799 70600=
15552 11458 82701 10058 20046 30147 40197 57002 60002 71022 886// 222// 00080 10301 333 10086 20055 55000 70000 555 31002 592// 92024 92426=
15640 12570 20000 10045 20038 39888 40206 57005 60002 82500 333 10075 20045 55000 70004 555 31004 595//=
15655 12560 82501 10083 20066 30165 40198 57004 60002 885// 222// 00082 10201 333 10088 20082 70000 555 31/// 589// 92021 92427=
15730 11650 80000 10053 20039 39807 40209 57002 60002 71022 8652/ 333 10083 20053 55000 70002 555 31/// 591//=
16627 11359 70605 10032 20022 30200 40207 53002 60002 71021 87600 333 20008 30/// 55021 70000 82708 87625 90730 91107==
16650 11458 10000 10064 20059 30193 40202 52002 60002 71000 81100 333 20064 31/// 55043 70000 90730 91102==
16667 11456 50000 10104 20088 30200 40211 54000 60002 71011 85800 333 20088 30/// 55066 70000 82818 84620 90730 91105==
16706 12560 10000 10062 20058 30191 40198 52001 60002 81100 333 20058 30/// 55084 70000==
16723 11958 09902 10070 20052 30193 40206 55002 60002 71000 333 20060 30/// 70000 90730 91103==
16742 12460 29902 10130 20107 30049 40205 53004 60002 81140 333 20128 30/// 70000 90730 91104==
16749 12460 10000 10136 20101 30186 40200 51004 60002 81100 333 20102 30/// 55050 70000 90730 91103==
16754 12560 11710 10098 20082 30157 40206 57003 60002 81101 333 20096 30/// 55081 70000 90730 91113==
16760 12560 10000 10056 20042 40221 54000 60002 81101 333 20055 30/// 55082 70000 90730 91105==
16765 12560 39903 10130 20097 40206 52004 60002 82150 333 20129 30/// 70000 82820 83356 90730 91106==
17022 11557 71302 10056 20055 30043 40211 52002 60002 71011 85670 333 20048 31003 55000 20419 85725 87360 90760 91105==
17024 12670 32012 10052 20041 30121 40200 58001 60002 83400 333 20040 32002 55000 70004 83635 90760 91118==
17026 12470 61302 10093 20075 30171 40210 55004 60002 83605 333 20081 30004 55013 20523 83719 86270 90760 91108==
17031 11658 40902 10047 20045 30198 40204 57012 60002 71011 81130 333 20021 30001 81836 84360 90760 91106==
17034 12670 52301 10075 20034 30171 40218 57009 60002 83230 333 20065 30004 55000 83835 85360==
17038 12970 30000 10089 20036 30171 40220 57004 60002 80001 333 20054 30/// 83070 90760 91110==
17042 12970 61103 10089 21003 30186 40226 57008 60002 80008 333 20033 30001 55000 86270 90760 91108==
17050 12/65 31901 10069 20047 30145 40208 58004 60002 83030 333 20069 30004 55000 83359 90760 91103==
17056 12665 53205 10078 20057 30203 40207 55002 60002 83230 333 20060 31005 55040 20867 83835 85360 90760 91107==
17060 11457 70000 10085 20065 30170 40211 55001 60002 71011 87600 333 20048 30000 87711 90760 91104==
17070 11550 70000 11004 21009 39333 40223 55000 60002 71022 84520 333 34105 84630 87459 90760 91103==
17074 11550 82303 10016 20010 39266 40220 55003 60002 71022 8552/ 333 21008 30105 55063 21072 85622 88457 90760 91106==
17084 12/65 40000 10000 21005 39303 40234 56001 60002 84030 333 21019 34106 55064 23973 84360 90760 91102==
17085 11956 00000 10005 21008 39726 40227 58001 60002 71000 333 21003 34101 55062 90760 91108==
17092 11/57 40000 11063 21096 38917 48531 52004 60002 71000 84030 333 21096 34110 55056 21428 84362 90760 91106==
17096 11103 91402 11228 21235 38269 48552 53002 60002 74944 333 21253 3/125 43008 55078 20440 90760 91103==
17098 12960 02904 11143 21161 38213 48536 55000 60002 333 21172 34118 90760 91107==
17100 12970 03001 11009 21100 39241 40274 51002 60002 333 21057 30110 55024 20749 90760 91103==
17112 11958 00000 10058 20050 30198 40200 55001 60002 71000 333 20056 30002 55017 20896 90760 91105==
17115 11416 30000 10031 20031 30160 40212 56001 69922 72844 83200 333 20019 31001 55064 20984 70002 82710 83835 90760 91104==
17116 11930 00801 10039 20039 30088 40212 57006 60002 71000 333 20034 31002 55043 20854 90760 91103==
17124 11002 90000 11036 21039 39295 40243 54000 69902 74944 333 20473 34105 90760 91104==
17128 11948 32901 11024 21043 39105 40236 56003 60002 71000 80001 333 21029 34106 55046 20448 83068 90760 91107==
17135 12/65 40401 10003 21001 39331 40228 55000 60002 84030 333 21004 34104 55078 23567 84360 90760 91104==
17140 12665 60501 10002 21018 38720 48503 56001 60002 84250 333 21029 34104 84840 86360 90760 91103==
17150 11116 70000 10057 20057 30086 40212 50000 60002 71022 87600 333 20024 31002 55038 20699 87703 90760 91104==
17160 12670 10000 11015 21062 39046 48507 56002 60002 81500 333 21032 34108 55083 21252 81640 90760 91102==
17170 12560 10703 11020 21090 38359 48533 51002 60002 81500 333 21085 30/// 81630 90760 91106==
17175 12665 41701 10078 20067 30193 40197 55000 60002 82130 333 20068 31003 55054 20929 82840 84360 90760 91102==
17184 11940 00000 10021 20019 30100 40214 55000 60002 71000 333 20015 31002 55077 21151 90760 91102==
17190 11930 03301 11009 21009 39017 48510 53002 60002 71011 333 21013 34105 55069 90760 91103==
17195 12970 10604 11039 21065 39002 48509 55000 60002 80001 333 21082 34110 55069 21143 81070 90760 91108==
17200 12960 01902 11007 21051 39232 40247 51004 60002 333 21070 34/// 90760 91110==
17202 12970 02202 11012 21053 39177 40256 52006 60002 333 21062 34/// 90760 91107==
17203 12970 20000 11002 21098 38918 48562 52004 60002 80002 333 21036 34105 55084 21285 82070 90760 91103==
17210 12670 21401 10047 21080 39174 40222 53005 60002 82100 333 20019 34101 55082 82840 90760 91103==
17219 11919 00301 10035 20028 30068 40216 52003 60002 71000 333 20024 30002 55082 21285 90760 91104==
17234 12670 20202 10077 20069 30148 40217 53003 60002 82200 333 20072 31005 55068 21248 82840 90760 91107==
17237 12970 00000 10063 20031 39708 40218 54000 60002 333 20058 31002 55073 90760 91102==
17240 12970 00301 10016 21001 39067 40232 53003 60002 333 20001 34105 55092 21369 90760 91103==
17244 11956 01301 11003 21028 39023 48511 53002 60002 71000 333 21030 34/// 90760 91107==
17248 12970 00000 11013 21053 39002 48503 57003 60002 333 21030 34106 55000==
17250 12970 00304 11025 21078 38829 48514 55001 60002 333 21045 34105 55091 21315 90760 91109==
17260 12960 02804 10009 21032 39354 40190 53004 60002 333 21004 30101 90760 91106==
17270 12670 32701 10083 21046 39559 40210 53003 60002 81130 333 20031 30003 81840 83360 90760 91105==
17275 12970 00000 10080 21091 39012 48530 52004 60002 333 20061 30003 55093 90760 91117==
17280 12960 00000 10015 21063 39425 40236 52006 60002 333 21049 30109 55084 21298 90760 91105==
17290 12/70 30102 10123 20093 30176 40208 55000 60002 83030 333 20122 30007 55086 83360 90760 91104==
17292 11905 00000 10009 21001 39451 40224 52005 60002 74200 333 20008 31000 55016 20494==
17300 12960 03406 10084 20045 30137 40209 53001 60002 333 20069 30007 90760 91110==
17310 12970 50702 10136 20074 30186 40193 53007 60002 80001 333 20133 30007 55000 85070 90760 91104==
17330 12/70 63002 10108 20039 30189 40207 53005 60002 83031 333 20103 30007 83360 86070 90760 91108==
17350 12960 43402 10081 20017 30117 40197 51003 60002 80001 333 20057 30/// 84070==
17370 12670 50000 10123 20050 30200 40204 53002 60002 83130 333 20111 31005 55085 83835 85360 90760 91103==
17375 12/70 33601 10110 20067 30200 40202 53007 60002 83030 333 20098 30006 55075 21428 83360 90760 91103==
33088 32597 22803 11027 21038 30034 40233 52007 82500 333 21034 555 14105=
33135 32697 72703 11009 21048 30052 40204 57002 87500 333 21020 87640 555 14102=
33177 12597 52702 11026 21039 30007 40254 52008 69932 85500 333 21027 43001 555 13103=
33317 32597 52801 11042 21047 39886 40238 52005 82530 333 21042 555 14103=
33393 11560 83102 11023 21042 39858 40266 52014 69942 70272 885// 333 21026 47997 88630=
33415 11697 83201 11010 21020 39834 40245 52008 69902 72682 8695/ 333 21011 47997 555 17102=
33429 11497 73203 11024 21037 39800 40238 53007 69952 70282 86530 333 21028 47001 84712 555 17102=
33466 11556 80000 11011 21021 30023 40217 54000 69942 78582 889// 333 21012 47001 555 1/100=
33506 32597 72301 11007 21038 30015 40217 56002 86530 333 21010 555 14000=
33562 11560 83202 11004 21013 39919 40233 53003 69932 72682 8595/ 333 21005 47001 555 17101=
33587 11495 80000 11002 21017 39948 40219 57001 69952 78582 889// 333 21008 46997 88917 555 16000=
33658 11562 83003 10001 21016 39940 40249 52009 69912 70382 883// 333 21002 43997 84933 555 13000=
33663 11597 72901 10006 21005 30131 40230 53002 69902 70282 85950 333 20006 43997 555 13000=
33664 11595 62902 11014 21017 39909 40237 53005 69972 71082 83530 333 21019 47002 555 80015=
33678 11596 72804 11016 21017 30026 40244 57003 69922 71082 84970 333 21018 47001 555 80014=
33679 11496 83101 11008 21018 30033 40231 57003 69992 71082 889// 333 21010 40001 88915=
33711 32660 80000 11010 21026 39999 40216 57003 885// 333 21026 88649 555 14101=
33745 11597 72802 11005 21005 30050 40251 53001 60012 70282 86930 333 21006 43001 555 80013=
33748 11596 80202 11004 21004 39934 40228 53004 69952 78582 889// 333 21006 42001 555 80013=
33754 11598 83201 10001 21005 30075 40226 58001 69932 70282 883// 333 21002 43997 88924=
33761 11432 83501 11008 21011 39992 40222 54000 69932 72272 886// 333 21008 47001 555 17100=
33791 32965 83101 11008 21014 30086 40218 56010 8805/ 333 21008 555 14101=
33815 11597 83501 10000 20000 30009 40223 53001 60032 78384 889// 333 21004 41005 93707=
33837 11257 80504 10010 20001 30153 40206 56002 60092 76876 8872/ 333 20002 555 11001=
33881 11595 83501 11001 21002 30021 40224 53007 60042 71082 883// 333 21002 43003 555 80010=
33883 11597 83402 10001 21003 30045 40217 53007 60072 70282 883// 333 20000 42005 93703 555 80017=
33885 11596 80203 10003 20002 30082 40228 53009 60082 71084 82340 333 21001 43001 555 80012=
33892 12/93 90302 11009 21009 39994 40213 54000 60072 333 21011 555 43010 80021=
33902 11595 83102 10001 21002 30149 40210 57011 60062 78582 889// 333 20001 47001 555 13000=
33924 11560 81005 10023 20004 30189 40202 57012 69962 78082 889// 333 20010==
33946 12464 81102 10032 20025 39982 40207 57008 60002 886// 333 21006 88715==
33983 12560 80000 11008 21018 30155 40218 57005 60002 8152/ 333 21041==
34300 32597 72701 11008 21038 30036 40219 56001 87500 333 21014 555 14101=
34336 41460 80000 11004 21018 30119 40225 52004 70282 883//==
34344 42570 72401 10004 21002 30131 40221 52003 87500 333 21004==
34356 42/60 60000 11009 21014 30073 40224 54000 86050 333 21016==
34357 42/70 82501 11003 21024 30062 40221 53002 8805/ 333 21005==
34398 11240 81605 11009 21019 30226 40239 57003 60002 71022 886// 333 21020==
34415 32970 60000 11014 21025 30123 40223 53001 85031 333 21014 555 14101=
34438 42560 82101 11016 21026 30032 40229 53002 83542 333 21024==
34445 41570 81402 11014 21014 30110 40227 52002 70272 8357/==
34461 42/60 70000 11018 21034 30169 40226 57001 87050==
34473 11/93 92202 10006 20000 30188 40228 53005 60020 74542 333 21004=
34476 41/05 91302 10006 20001 30221 40229 53004 74584 89///==
34504 32462 80000 11003 21015 30039 40218 57006 8555/ 333 21007=
34535 42570 80000 11018 21029 30158 40232 54001 8597/ 333 21024==
34545 42570 80000 11028 21035 30117 40232 54000 81535==
34555 42570 70000 11005 21032 30144 40238 57003 83534==
34560 41/40 62102 11017 21017 30033 40229 57001 72841 86030 333 21041==
34578 41/40 80000 10020 20015 30225 40232 52003 71064 8808/==
34579 41510 81701 10016 20013 30188 40232 53005 71062 885//==
34644 41540 50000 11020 21026 30151 40230 57007 71011 85500==
34646 42/60 61501 11023 21027 30147 40232 57001 81034==
34655 41540 80000 11017 21020 30174 40236 55002 71042 886//==
34662 42970 80000 10004 21018 30222 40234 52002 80005==
34691 11/70 80000 11018 21027 30459 40446 53002 60002 72842 8807/ 333 21025==
34720 42470 80000 10006 21005 30185 40226 57005 886//==
34727 41440 81301 10000 21006 30195 40226 57006 71011 885//==
34743 41/10 80000 11010 21014 30143 40235 57001 71022 8805/ 333 21017==
34759 41420 80000 10030 20022 30100 40234 57001 71022 889// 333 20023==
34772 41440 81602 10025 20015 30231 40234 53001 71022 886//==
34785 41440 81601 10002 21009 30266 40243 51001 71022 886//==
34798 11/60 80801 11012 21028 30373 40343 53001 60002 70242 8805/ 333 21018==
34824 41540 80902 10010 21005 30219 40224 57007 71022 885//==
34838 41460 80402 10016 20002 30124 40222 56007 70361 886// 333 20014==
34845 41440 80501 10019 20013 30118 40228 57003 78082 883// 333 20015==
34858 41/05 90000 10036 20036 30123 40232 55000 76164 89///==
34861 41/02 91202 10029 20029 39982 40227 57004 74754 89///==
34866 41/02 91301 10042 20042 30240 40231 57002 74542 89/// 333 20040==
34880 41440 81502 10018 20006 30268 40241 52002 71022 886// 333 21001==
34887 41540 81102 10007 21001 30262 40239 53002 71042 885// 333 20006==
34949 42660 71702 10034 20020 39673 40224 57002 84530 333 20020==
34954 41240 80000 10036 20026 30056 40230 57002 71022 886// 333 20026==
34958 41420 80000 10006 20006 30029 40233 57002 71021 886//==
34975 42470 80000 10048 20031 30235 40231 54000 885// 333 88619==
34984 41440 80902 10009 20004 30272 40241 53004 71041 886//==
35217 11560 81605 11022 21037 30228 40269 57004 69942 70252 885// 333 21034==
35302 11520 81807 11012 21029 30234 40255 57003 60002 71022 886// 333 21029==
35315 325// 81305 11030 21040 30220 40278 57003 885// 333 21035=
35344 11599 81204 11046 21062 30046 40344 51003 69900 70272 885// 333 21055=
35358 12/60 30902 11084 21112 30172 40352 53002 60002 83040 333 21110==
35368 32999 30901 11102 21138 30099 40381 57001 80001 333 21169=
35386 31595 50000 11060 21075 39870 40412 52002 72842 333 21074=
35394 11540 81003 11044 21053 39716 40415 52005 69902 71042 8651/ 333 21058==
35404 31496 81706 11011 21018 30241 40249 57002 71022 886// 333 21020=
35406 11/05 91703 11014 21014 30263 40265 57001 60002 74542 89/// 333 21026==
35416 12570 81404 11021 21046 30165 40288 57003 60002 885// 333 21034==
35426 12684 81305 11038 21079 30014 40313 57002 60002 885// 333 21046==
35437 32598 81402 11040 21070 30085 40410 58002 885// 333 21050=
35449 32998 70704 11094 21120 30242 40350 53003 80006 333 21092=
35497 12970 00903 11047 21075 39853 40700 52006 60002 333 21066==
35498 31998 02001 11090 21119 39504 40425 52007 70142 333 21110=
35514 31596 81404 11025 21031 30481 40477 54000 71022 885// 333 21024=
35522 31496 81405 11037 21059 30041 40300 57001 71022 886// 333 21036=
35542 32998 70903 11072 21093 30189 40343 53002 80002 333 21066=
35563 32598 81804 11102 21122 39585 40395 53005 83502 333 21132=
35576 12970 00503 11130 21154 39930 40410 52002 60002 333 21160==
35582 32998 00505 11098 21139 39802 40436 52016 333 21115=
35594 32999 01001 11132 21149 39542 40436 52002 333 21158=
35605 32598 81104 11015 21039 30280 40258 57001 885// 333 21025=
35633 32998 20403 11056 21086 30104 40326 57002 80003 333 21045=
35671 12970 01003 11114 21137 39936 40392 52002 60002 333 21137==
35699 12560 60505 11058 21080 39629 40412 52005 60002 86500 333 21134==
35700 11520 81603 11016 21016 30283 40259 53001 60002 71022 885// 333 21022==
35715 32999 01504 11019 21057 30290 40275 57004 333 21029=
35739 32999 60703 11050 21109 30164 40308 53001 80001 333 21032=
35746 12970 50604 11062 21097 30243 40312 54000 60002 80001 333 21069==
35777 32997 00907 11082 21128 30015 40377 53002 333 21151=
35796 12960 00606 11102 21131 39955 40416 54000 60002 333 21185==
35849 12970 50704 11057 21114 30210 40299 57005 60002 80001 333 21079==
35895 31996 00105 11125 21141 39943 40417 58002 71000 333 21185=
35907 31597 81302 10019 20016 30261 40230 57006 75152 886// 333 21011=
35925 11540 81404 11034 21044 30177 40292 56003 60002 71022 887// 333 21056==
35927 32998 81107 11029 21053 30276 53001 8805/ 333 21042=
35953 12984 20603 11038 21079 30168 40301 57001 60002 80001 333 21083==
35969 12984 20707 11050 21129 30144 40323 58005 60002 80001 333 21094==
35997 31996 00501 11094 21134 39923 40380 58007 71000 333 21157=
36259 42584 32701 11262 21297 38342 48624 52007 82902==
36335 31996 81101 11051 21063 39376 40430 52008 71042 8802/ 333 21055=
36358 31/96 90000 11042 21057 39383 40426 52010 74542 333 21056=
36394 11597 81205 11066 21082 39999 40438 52010 69930 70232 883// 333 21100=
36397 12/84 81802 11080 21107 39849 40439 52012 69922 8802/ 333 21109==
36403 11998 40903 11062 21121 30063 40438 52010 69980 70271 81041 333 21078=
36418 11999 23501 11113 21145 39813 40465 52007 60010 70171 80003 333 21134=
36421 11999 21102 11114 21136 39865 40463 52007 60010 70171 80001 333 21142=
36428 11/84 60000 11116 21178 39934 40466 52006 69952 70272 82041 333 21159==
36439 11798 21207 11139 21172 39116 48598 51004 69920 73631 81501 333 21202=
36498 32698 80204 11053 21067 39607 40423 52006 8653/ 333 21109=
36501 31696 80000 11035 21040 39648 40419 52010 72842 885// 333 21052=
36535 12984 30000 11115 21159 39800 40470 52004 60022 80001 333 21138==
36546 11999 21702 11106 21131 39894 40464 52009 60010 70172 80003 333 21162=
36619 31999 00702 11166 21187 70240 333 21187=
36622 32998 60000 11059 21115 39594 40425 52006 86040 333 21167=
36639 12984 01001 11103 21200 39786 40423 52020 60002 333 21246==
36643 32999 22701 11108 21145 39760 40460 51003 80003 333 21149=
36665 32796 22902 11127 21157 39685 40457 52009 82502 333 21156=
36666 12498 73202 11113 21139 39940 40463 52004 69920 82680 333 21163=
36729 32998 00401 11165 21184 39915 40436 58005 333 21234=
36736 32999 03402 11108 21157 39850 40435 58003 333 21229=
36744 32998 00605 11097 21133 39918 40391 53003 333 21158=
36770 32999 00000 11058 21157 39631 40383 58015 333 21220=
36786 32999 00000 11001 21106 39423 40350 58004 333 21153=
36796 32998 00000 11205 21250 39142 48545 58006 333 21264=
36803 32999 02903 11171 21185 39951 40439 53002 333 21188=
36806 31999 61608 11097 21189 39926 40420 52009 73631 80002 333 21133 91116=
36819 32998 30701 11094 21124 39727 40370 53004 80001 333 21143=
36821 12984 00202 11076 21120 39866 40378 58003 60002 333 21161==
36839 32999 00401 11088 21181 39189 40366 57004 333 21200=
36843 32998 00000 11005 21126 39140 40326 58004 333 21109=
36846 32999 00505 11082 21179 38680 48561 56001 333 21175=
36859 12984 00801 11024 21130 39594 40396 58001 60002 333 21154==
36870 12960 00201 11062 21092 39290 40338 58004 60002 333 21110==
36874 31694 82301 11119 21135 39676 40511 58004 71042 885// 333 21190=
36877 32999 03601 11069 21106 39713 40767 57004 333 21182=
36885 32999 02902 11059 21123 39179 40345 58001 333 21119=
36889 32999 01801 11058 21215 37068 47090 54000 333 21112=
36894 32999 00706 11056 21116 39590 40355 58004 333 21123=
36905 32999 00000 11032 21107 38821 48566 54000 333 21115=
36911 42999 02503 10004 21070 39286 40271 57007 333 21126=
36927 42999 03602 10008 21095 38411 48573 58003 333 21070=
36934 42598 50803 10004 21055 38325 48458 58005 83932 333 21062=
36953 32999 00000 11081 21141 38260 48508 58006 333 21243=
36963 42999 01403 11090 21229 37050 48/// 54000 333 21204=
36974 42998 00000 11096 21166 38059 48607 58006 333 21225=
36982 42999 22101 11094 21296 36541 47114 54000 80001 333 21253=
37018 41570 81204 10080 20064 30142 40217 57003 72582 889// 333 90760 91110==
37031 41560 81302 10028 20008 30024 40223 57003 78082 889// 333 20024==
37054 42660 70701 10044 20002 39838 40225 56007 82530 333 21031==
37061 41/00 90000 11011 21014 30062 40237 57003 74540 89/// 333 21026==
37085 42570 82001 10050 20027 30267 40240 55001 885//==
37171 41660 80804 10071 20062 30207 40226 57004 78082 889// 333 20065 88946==
37228 42/70 11701 10027 21055 39380 40224 57007 81030 333 21018==
37235 42560 82801 10017 20010 39913 40236 57008 885// 333 21015==
37472 41540 81602 10060 20035 30264 40241 57003 71022 8557/==
38149 42570 60402 11014 21034 30213 40291 53001 82502 333 21089==
38178 41960 00402 10004 21016 39972 40265 57006 71000 333 21065==
38262 12970 00401 11024 21040 30199 40283 54000 60002 333 21072==
38264 42970 00203 11019 21047 30184 40281 57002 333 21074==
38345 42999 02501 10011 21073 38823 48513 57005 333 21136=
38353 42998 03102 11025 21089 39367 40295 57005 333 21104=
38388 72998 00201 11020 21087 30187 40260 57011 333 21044 6////=
38392 72997 00503 10002 21031 30164 40271 53002 333 21059 6////=
38396 42960 00503 10001 21043 30140 40269 58005 333 21049==
38403 42960 00504 10015 21085 30135 40259 57001 333 21028==
38413 42970 00804 10010 21066 39940 40238 57035 333 21033==
38457 12960 02301 10054 21034 39653 40244 52003 60002 333 21024==
38462 42984 00000 10044 21104 38775 48514 57002 333 21075==
38507 72998 20000 10056 21002 30149 40253 54000 80001 333 21019 6//// 555 50066=
38545 72998 00301 10020 21037 30075 40255 53002 333 21046 6////=
38565 12870 30000 10022 21042 39616 40190 57002 60002 80003 333 21070==
38579 12960 70000 10032 21012 39818 40243 57002 60002 80001 333 21041==
38583 11940 00901 10015 20007 39919 40248 57004 60002 71044 333 21052==
38599 31995 00608 10035 21013 39697 40241 58010 71000 333 21034=
38611 41920 01501 10032 21025 39679 40260 57003 71000 333 21033==
38613 42999 01701 10046 21072 40238 57008 333 21056=
38616 42998 00000 10044 21109 39227 40249 53002 333 10070 2////=
38618 12960 03601 10056 21025 39546 40240 57004 60002 333 21034==
38647 72997 00903 10012 21040 30203 40246 52007 333 21030 6////=
38656 72998 00000 10010 21045 30150 40263 53010 333 21040 6////=
38683 41920 61102 10012 21008 39955 40239 52006 71041 80001 333 21044==
38687 71996 62901 10012 21044 30016 40032 53011 71011 80001 333 21050 6////=
38696 12984 60702 10038 21028 39356 40221 57004 60002 80005 333 21030==
38713 32998 83601 10069 21083 39041 48510 56009 80004 333 21054=
38750 72997 02701 10062 20032 30295 40266 52007 333 20013 6////=
38763 72997 30000 11002 21038 30151 40260 52009 80009 333 21032 6////=
38774 72997 02801 10052 21010 30062 40260 52010 333 21004 6////=
38799 32997 32901 10031 21020 30015 40252 58004 80001 333 21054=
38806 72997 60000 10020 21023 39962 40225 53005 80002 333 21050 6////=
38812 41920 4//01 10035 21009 39760 40221 57003 71000 80001 333 21021==
38836 31698 62502 10042 20019 39249 40187 52007 71000 333 21017=
38880 02997 03302 10072 21006 39991 40248 51006 60002 333 21014 6////=
38886 72997 60000 10026 21020 30021 40255 53006 84034 333 21037 6////=
38895 32996 62701 10070 21009 39955 40247 52002 80001 333 21020=
38911 32998 53102 10034 21023 39936 40237 54000 80002 333 21014=
38915 73/00 19939 20002 39922 40251 52004 85070 333 20000 6////=
38927 11950 52201 10049 20013 39850 40231 50004 60002 71042 80001 333 21008==
38933 31996 03201 10056 20010 39718 40238 58002 71000 333 21016=
38944 31996 00000 10048 20018 39624 40163 58005 71000 333 21011=
38954 32999 00000 11079 21135 37980 48610 58020 333 21126=
38974 72998 31101 10058 21005 39907 40247 53007 83080 333 20001 6////=
38987 32996 72601 10022 21035 39496 40246 58010 80002 333 21010=
40100 43/60 70703 10137 20044 30191 40207 57003 6///1 333 58///=
40180 12960 72701 10116 20066 30143 40193 52009 60002 83036 333 10154 20094 70000==
40199 02/// /0205 333 70000==
40255 36/// /0000 10095 29054 3//// 4//// 5////=
40265 31950 81804 10082 21021 39417 40220 52007 70522 84026 333 20034 30100 84460 84270=
40270 31930 50000 10076 20009 39302 40209 52006 70400 85008 333 20064 30001 85270=
40272 31950 30605 10075 21021 39367 40212 52003 70500 80001 333 20038 30002 83070=
40296 31757 20000 10170 20109 30709 40233 5//// 70500 82200 333 20120 30010 81850=
40310 32960 32604 10070 20048 39014 48475 5//// 333 20030 30/// 83830=
40340 31956 43508 10134 20024 30134 40199 52010 70500 84000 333 20116 30010 84070=
40356 42960 01106 10050 21050 39228 48525 333 20027 59027 555 04410 50219=
40357 42960 22704 10074 21040 39572 40221 80002 333 20051 59022 82070=
40360 42960 01004 10052 21050 39614 40219 333 20026 59033=
40361 42960 12303 10069 21060 39441 40267 80008 333 20028 59024 81270=
40362 42960 02306 10112 21030 39701 40226 333 20047 59021=
40373 42960 02704 10116 21020 39809 40235 333 20058 58000=
40375 42960 31005 10068 21090 39313 40203 83030 333 20035 59028 83360=
40394 42960 02106 10074 21040 39080 48543 333 20022 59015 555 04410 50232=
40400 42960 20405 10196 20000 30140 40168 80002 333 20152 59022 82070=
40405 42960 02502 10092 20000 39480 40248 333 20037 59005=
40417 42960 03210 10142 21040 30205 40221 333 20069 58006=
40420 42960 03405 10147 21070 30013 40226 333 20089 58014=
40430 42960 20506 10150 21040 39471 40231 80001 333 20108 59014 82070=
40437 42960 02802 10114 21050 39523 40244 333 20052 58012==
40439 42660 40000 10184 20070 30129 40147 81501 333 20152 59014 81640 83070=
40582 31958 02604 10132 21024 40224 51008 70500 333 55310 00470 10011 21253 30362 40922 51280 61616 55407 40891 90400 91005 91105 91203 91301=
40703 12960 00000 11004 21091 38950 40248 55000 60001 333 30109 5//// 70000 555 11030 29052=
40706 11957 00402 10004 21105 38678 40258 53001 60001 70500 333 34109 70000 555 11029 29044=
40712 11957 02702 10002 21077 38702 40247 52005 60001 70500 333 34112 5//// 70000 555 11022 29055=
40713 11957 00901 10025 21078 38681 40227 53009 60001 70500 333 34106 70000 555 11010 29047=
40718 12960 01601 10113 20062 30277 40248 54000 60001 222// 0//// 20000 333 31103 50181 70000 555 10089 29071=
40723 11450 70000 11006 21029 38985 40255 51006 60001 71021 87500 333 30111 70000 87630 555 11014 29084=
40726 12960 00000 11014 21082 38687 40260 52008 60001 333 34114 5//// 70000 555 11034 29060=
40727 12960 00000 11008 21068 38508 40270 52008 60001 333 34112 70000 555 11027 29064=
40732 12560 70000 10094 20063 30263 40238 51012 60001 87300 333 30003 50111 70000 82923 86627 555 10080 29081=
40736 12960 70000 10088 20044 30278 40252 53007 60001 87070 333 31101 50081 70000 87459 555 10069 29074=
40738 11925 02603 10073 20061 30267 40269 51013 60001 71000 333 30108 50151 70000 555 10068 29092=
40739 12965 00801 10057 21123 38700 40213 51007 60001 333 30105 5//// 70000 555 10002 29026=
40741 12960 30000 10065 20028 39902 40242 51006 60001 80001 333 30102 70000 83070 555 10050 29077=
40743 12965 11003 10046 21075 39079 40212 52011 60001 80001 333 30102 70000 81070 555 10006 29041=
40745 11957 60000 10024 21029 39063 40241 51007 60001 70520 80006 333 30109 70000 86269 555 10005 29068=
40747 12960 00000 11014 21064 38670 40263 52007 60001 333 34110 70000 555 11030 29069=
40754 11958 32402 10068 21105 38838 40200 52005 60001 70500 80001 333 30103 5///1 70000 83069 555 10013 29028=
40762 12965 20000 10049 21109 38551 40196 52009 60001 80002 333 30107 70000 82069 555 11001 29031=
40766 12980 30000 10015 21074 38727 40250 52009 60001 80002 333 30111 70000 83070 555 11015 29052=
40768 12965 00000 10019 21062 38234 40228 50003 60001 333 31110 5//// 70000 555 11010 29055=
40769 11956 00000 11009 21057 38310 40237 52006 60001 70500 333 30109 5//// 70000 555 11025 29070=
40780 12960 31203 10051 21080 38702 40230 58002 60001 80001 333 34104 5//// 70000 83070 555 10007 29038=
40782 12962 00000 10054 21037 38898 40233 52008 60001 333 30107 5//// 70000 555 10020 29052=
40785 12960 00000 10073 21051 39108 40219 57010 60001 333 30103 5//// 70000 555 10028 29041=
40791 12970 01602 10081 21108 39377 40214 52014 60001 333 30103 5//// 70000 555 10022 29025=
40792 12965 00000 10066 21130 38723 40198 52015 60001 333 30106 5//// 70000 555 10006 29023=
40798 12960 01501 10006 21087 37975 40235 51004 60001 333 30112 5//// 70000 555 11025 29050=
40800 12960 00000 10098 21079 38486 40222 51007 60001 333 30109 5//// 70000 555 10034 29028=
40809 12962 11102 10057 21118 38492 40184 51008 60001 80005 333 30/// 5//// 70000 81270 555 10002 29027=
40811 11957 03102 10121 20014 30181 40207 52015 60001 70500 333 30003 50271 70000 555 10076 29048=
40812 12960 01501 10134 20027 39812 40191 52013 60001 333 30003 50381 70000 555 10086 29048=
40821 12962 01201 10065 21095 38819 40238 51008 60001 333 30104 5//// 70000 555 10012 29031=
40829 12960 03406 10108 21032 39627 40209 51011 60001 333 30106 5///1 70000 555 10054 29037=
40831 11958 02703 10116 21007 30212 40220 52008 60001 70500 333 30005 50781 70000 555 10067 29043=
40833 11950 11601 10123 20029 30189 40222 52012 60001 70500 80001 333 30003 50341 70000 81070 555 10082 29053=
40835 12960 01501 10105 20008 39381 40227 52011 60001 333 30101 50341 70000 555 10064 29051=
40841 12965 02302 10038 21087 38261 40217 52008 60001 333 30108 5//// 70000 555 11006 29040=
40845 12960 03305 10171 20092 30211 40216 52014 60003 333 30014 50381 70000 555 10130 29060=
40848 11957 00000 10052 21012 38547 40216 52012 60001 70500 333 30106 5///1 70000 555 10026 29063=
40854 12960 02902 10119 21065 38972 40183 52011 60001 333 30002 50311 70000 555 10050 29027=
40856 12960 01203 10093 21085 38650 40193 51008 60001 333 30109 5///1 70000 555 10030 29028=
40859 11956 00000 10062 21038 38729 40223 51011 60001 70500 333 30106 5///1 70002 555 10024 29049=
40875 12960 09901 10192 20066 30179 40191 52012 60001 333 30006 50351 70035 555 10129 29044=
40879 12962 00000 10137 21018 39511 40195 51011 60001 333 30005 50531 70000 555 10073 29034=
40882 12960 03303 10218 20067 30161 40196 53019 60001 333 30010 50701 70000 555 10141 29038=
40883 12960 03502 10207 20003 30167 40195 53016 60001 333 30007 50381 70000 555 10116 29026=
40893 12960 00702 10194 20084 30176 40182 52012 60001 222// 00180 20300 333 31013 50421 70050 555 10137 29049=
40898 12960 00403 10201 20098 30166 40175 51007 60001 222// 00230 20801 333 30011 50701 70000 555 10146 29052=
41024 42/60 41403 10270 21010 30105 40131 84010 333 20243 59013 84460==
41036 42960 01606 10138 21010 38586 48535 333 20090 59012==
41055 42960 01104 10130 21040 38395 48544 333 20100 58007==
41061 42960 01011 10160 21090 39504 40219 333 20083 58021==
41084 42960 00000 10145 21030 38890 48540 333 20105 58009==
41112 42960 00000 10127 21030 37967 48540 333 20074 58000==
41114 42960 00000 10128 21030 38006 48543 333 20080 58001==
41128 42960 01304 10158 21080 38864 48564 333 20080 58012==
41136 42960 00811 10179 21090 39386 40208 333 20117 58009==
41140 42560 21306 10276 20220 30140 40153 82100 333 20228 59003 82830==
41150 42964 03112 10179 20111 40217 333 20145 30014 58008=
41176 44/57 /3307 10160 20091 30213 40219 333 20079 58012=
41184 42660 21907 10197 20090 40205 82500 333 20110 58020 82640=
41194 12660 52104 10203 20094 30188 40194 60001 85500 333 20162 58009 85645=
41196 12660 21905 10195 20089 30158 40200 60001 82100 333 20145 58011 82845=
41216 32660 13210 10202 20084 30203 40207 81500 333 20169 58012 81645=
41217 42660 22911 10201 20076 30173 40203 82500 333 20178 30016 58012 82645=
41244 36/// /3005 10164 20061 39767 40193 333 0E017 20115 55300 25022 58016=
41246 32960 02504 10215 20070 30187 41162 333 20144 30015 58008=
41254 36/// /2107 10091 21027 38047 49853 333 0E001 20030 55300 25022 59002=
41255 36/// /1204 10189 20068 39657 40173 333 0E014 20114 59003=
41256 22560 22712 10215 20060 30176 40193 82500 333 20179 58008 55407 55408 55507 55508 70002 82725=
41258 36/// /2810 10214 20089 30181 40185 333 0E/// 20204 55306 20816 58006=
41263 36/// /1201 10189 20058 39596 40165 333 0E013 20110 55300 20625 59005=
41265 36/// /0201 10197 20066 39590 40162 333 0E016 20126 55300 21204 59002=
41267 26/// /3313 10220 20124 30174 40187 333 0E019 20200 58003 70002=
41268 32560 33611 10225 20122 30133 41157 83400 333 20182 3/018 58000 83625=
41275 36/// /3422 10195 20051 30042 40214 333 0E011 20110 55300 21167 58010=
41288 32960 03015 10211 20055 30171 40193 333 20193 3/019 58007=
41315 36/70 /0121 10163 20023 39363 48418 333 0E017 20125 55300 27865 58021=
41316 32586 10216 10237 20043 30174 40204 80001 333 20208 58011 55407 55408 55507 55508 81075=
41506 12460 53604 10080 21085 38561 48580 60001 83520 333 56880 59016==
41508 12460 62301 10067 21063 38675 48410 60001 83220 333 56880 59026==
41515 12960 40502 10052 21067 38590 48500 60001 84020 333 56080 58025==
41516 12940 00901 10090 21040 38628 48830 60001 85070 333 56080 58018==
41517 11440 40000 10040 21118 37874 48040 60001 70422 83530 333 56880 58025==
41518 12940 73601 10078 21038 30001 48010 60001 84470 333 56880 58000==
41523 12660 60000 10100 21042 39109 48190 60001 84021 333 56880 59012==
41535 12960 30000 10130 21009 38709 48800 60001 83030 333 56080 59034==
41536 12960 30000 10140 20007 39044 48150 60001 83010 333 56080 59035==
41560 12960 00000 10050 21024 38320 48500 60001 333 58000==
41598 11940 00000 10170 20082 39878 40151 60001 70400 333 59032==
41600 11905 90000 10105 20105 39858 40162 60001 74544 89/// 333 59027==
41620 12940 02301 10100 21150 38570 48730 60001 333 59042==
41624 11940 01301 10180 20044 39942 40143 60001 70500 333 59049==
41630 11940 01801 10180 20095 30000 40160 60001 70400 333 59035==
41640 11920 01801 10170 20070 39909 40160 60001 70400 333 59030==
41660 12960 21303 10020 21084 38421 48140 60001 82030 333 21012 56080 59023 70000==
41678 11940 00000 10170 20070 30000 40168 60001 70400 333 59022==
41696 12460 52302 10070 21027 38008 48320 60001 83520 333 56880 59011==
41697 12960 00000 10190 20013 30000 40170 60001 333 59034==
41700 11920 00502 10195 20079 30000 40150 60001 70500 333 59034==
41710 12960 02301 10155 21060 39366 40140 60001 333 59042==
41712 12960 01301 10135 21018 39204 48140 60001 333 59032==
41715 11920 02701 10190 20085 30099 40164 60001 70500 333 58032==
41718 11920 00000 10170 20094 30061 40167 60001 70400 333 59025==
41725 12940 01301 10205 20068 30000 40167 60001 333 59027==
41739 12940 00000 10135 20042 39091 48410 60001 333 59001==
41744 12940 00000 10140 21010 38799 48220 60001 333 59019==
41749 11940 03102 10210 20088 30137 40171 60001 70400 333 59024==
41756 11940 03102 10205 20093 30112 40178 60001 70504 333 59010==
41757 12940 00000 10220 20049 30160 40173 60001 333 59009==
41759 12940 00000 10220 20097 30163 40169 60001 333 59017==
41764 11940 03604 10210 20015 30122 40173 60001 70400 333 58011==
41768 12940 03101 10225 20058 30146 40153 60001 333 58004==
41780 11940 00203 10240 20002 30139 40166 60001 70500 333 59015==
41785 12940 00501 10200 20061 30148 40161 60001 333 59010==
41859 01430 60000 10220 20170 30109 40147 70544 83520 333 58003 70000 83618 86458==
41883 02956 02702 10262 20120 30121 40141 333 59001 70000==
41891 01940 00902 10245 20170 30101 40140 70500 333 58003 70000==
41907 01930 03602 10260 20100 30124 40139 70540 333 58003 70000==
41923 01945 00000 10280 20090 30132 40142 70540 333 58005 70000==
41943 01930 03603 10270 20160 30131 40138 70540 333 59003 70000==
41950 01930 00000 10253 20200 30140 40142 70542 333 58005 70000==
41978 01925 03607 10273 20170 30129 40135 70641 333 59002 70000==
41992 01930 00304 10274 20150 30131 40133 70500 333 59004 70000==
42027 32596 32302 10082 21013 38465 48551 83400 333 59008=
42071 31993 39902 10106 20102 40169 74444 83020 333 59026 83459=
42101 31995 32901 10160 20128 40173 71040 80002 333 59018 83070=
42111 31996 01801 10204 20088 39435 40131 70500 333 59008=
42123 31995 00000 10158 20101 40165 70544 333 59025=
42131 31695 40502 10118 20102 40177 71042 84500 333 59017=
42165 31995 00000 10202 20068 40152 70500 333 59029=
42182 31994 09902 10202 20098 40156 70440 333 59017=
42189 31995 03202 10216 20062 40149 70540 333 59005=
42309 31596 30702 10232 20148 40146 70510 81530 333 58014=
42314 31996 20000 10226 20149 40145 70500 82030 333 58015 82360=
42328 32996 00505 10212 20111 40133 333 59029=
42339 31995 00902 10224 20069 40140 70500 333 59033=
42348 31995 00905 10216 20019 40152 70500 333 59012=
42361 31995 00000 10226 20102 40158 70540 333 59001=
42379 31995 02705 10242 20110 40139 70500 333 58003=
42410 31595 50000 10228 20147 40154 70522 82530 333 58013 82620 84360=
42415 32996 01102 10230 20157 40151 333 58010=
42452 31994 20902 10210 20121 40147 70510 82030 333 59011=
42492 31995 02703 10256 20106 40146 70500 333 58000=
42559 32996 00902 10236 20137 40136 333 58000=
42571 31996 00000 10248 20123 40148 70500 333 58003=
42591 31995 00000 10260 20126 40159 70500 333 58004=
42623 31495 61401 10214 20110 39259 40120 70522 84530 333 58005 84618 86360=
42634 32896 20000 10232 20028 40156 82030 333 59013 82358=
42647 31895 40000 10260 20130 40141 70422 84030 333 59016 84358=
42667 32996 01405 10270 20129 39552 40132 333 59014=
42675 31996 00501 10256 20158 40133 70500 333 58000=
42701 31996 03402 10252 20109 39409 40125 70500 333 58004=
42724 31994 02002 10262 20180 40139 70540 333 58004=
42737 31896 43203 10248 20090 40148 70421 84030 333 59013 84358=
42754 32996 01605 10292 20115 39494 40113 333 59019=
42779 32996 00000 10270 20141 39447 40133 333 58004=
42798 31995 00703 10276 20112 40136 70500 333 58005=
42809 31595 30502 10264 20171 40144 70521 81530 333 58006 81620 83360=
42840 32996 23402 10270 20126 40142 80001 333 59010 82075=
42867 31996 01803 10314 20161 40129 70500 333 59002=
42874 32996 03202 10310 20172 40132 333 58001=
42886 31995 03603 10310 20143 40131 70500 333 59003=
42895 31595 43602 10276 20213 40139 70540 82530 333 58002 82620 83360=
42909 32896 59902 10252 20145 40144 85030 222// 20000 333 59009 85358=
42971 31595 40502 10294 20230 40138 70541 83530 333 58002 83620=
43003 31995 03204 10288 20138 40135 70400 333 58001=
43014 31995 01105 10302 20185 39484 40113 70544 333 59002=
43041 31996 00000 10302 20171 39523 40124 70500 333 59002=
43063 32997 00703 10298 20142 39512 40123 333 59002=
43086 32997 00000 10322 20190 39950 40124 333 59005=
43128 32997 01404 10318 20118 39533 40124 333 58000=
43150 31995 31403 10304 20228 30071 40132 70500 80001 333 59009 83075=
43185 32597 12502 10290 20208 30125 40128 81500 333 59004 81620=
43189 31997 00000 10314 20202 30127 40136 70240 333 59009=
43192 32996 00000 10304 20212 40130 333 58005=
43198 32997 01109 10300 20105 39308 40112 333 58003=
43201 32997 00502 10310 20080 39389 40095 333 58000=
43213 32997 01102 10312 20097 39804 40114 333 58004=
43233 32497 31108 10276 20129 39324 40129 81531 333 58001=
43237 32997 11103 10316 20063 39716 40100 80001 333 58002 81075=
43245 32997 11102 10294 20210 30112 40139 80001 333 58001=
43279 31597 43602 10302 20213 30119 40137 82501 333 58002 82620=
43284 32496 21403 10312 20189 30005 40118 81501 333 58001 81615=
43295 32997 10503 10278 20105 39120 48540 80001 333 58001 81075=
43314 32597 22303 10334 20237 40124 82400 333 58007=
43321 31496 70908 10266 20185 39691 40136 70522 82541 333 58012 82615 86358=
43329 32597 30000 10300 20214 30126 40140 82430 333 58012=
43333 31495 40504 10296 20219 40105 70510 83501 333 59016 83618=
43344 31496 50505 10294 20217 30040 40139 70522 84801 333 58016 82616 83820=
43369 32597 23202 10304 20265 40126 82500 333 58004 82620=
43371 32497 30000 10320 20240 30051 40122 82401 333 58013 82617=
43404 22/70 40703 10307 20235 30124 40127 5/004 333 553// 20612 58008 60008 84818 91006==
43410 22470 20704 10290 20216 30131 40135 50004 82200 333 58009 60008 91006 555 60008==
43413 22470 10403 10296 20233 30127 40132 5/001 81000 333 553// 20571 58008 60008 91005==
43415 22470 30502 10300 20217 30021 40129 56003 83000 333 58004 60008 70000 555 60008==
43418 22470 10501 10285 20213 30090 40131 52003 81100 333 58007 60008 70000 555 60008==
43421 22470 50602 10311 20218 30022 40126 5/002 84101 333 553// 20593 58007 60008 91005==
43422 22470 30902 10293 20213 39991 40124 5/002 83000 333 58005 60008 555 60008==
43424 22470 30504 10294 20229 30119 40121 54000 83100 333 58012 60008 555 60008==
43436 22470 30503 10284 20225 30118 40121 56001 82000 333 59001 60008 70000 555 60008==
43441 22470 40902 10301 20201 39981 40112 58007 82101 333 58007 60008 555 60008==
43444 22470 41403 10290 20195 39586 40115 54004 81000 333 58005 60008 555 60008==
43450 22470 10302 10310 20222 30112 40124 56003 81000 333 58013 60008 555 60008==
43466 22/70 40201 10307 20174 30109 40117 56009 333 553// 20551 58013 60008 81818 91003==
43467 21/65 50000 10308 20208 30113 40119 57007 70511 333 58011 60008 555 60008==
43473 22/70 71203 10191 20043 38137 48500 57003 84000 333 553// 20423 58003 60008 91005 555 60008==
43475 22470 60503 10311 20225 30117 40121 57005 83201 333 553// 20557 58004 60008 91007 555 60008==
43476 22470 63602 10239 20131 38789 48537 56003 83000 333 58000 60008 70000 555 60008==
43479 22470 73401 10240 20182 39279 57006 86100 333 58002 60008 555 60008==
43486 21465 61301 10310 20216 30014 40112 56010 70521 82000 333 553// 20566 58009 60008 91002 555 60008==
43495 22468 72303 10285 20255 30102 40115 5/030 82000 333 58070 60008 70000 555 60008==
43497 22470 70302 10313 20000 30095 40112 5/009 85000 333 553// 20517 58003 60008 91005==
44212 42984 33001 11214 21277 39294 40559 52003 80007==
44213 42984 20000 11233 21276 38919 40553 52003 80008==
44214 42/70 12705 11122 21227 38351 40449 54000 81040==
44215 42/70 20801 11154 21209 38495 40485 52003 82041==
44217 32998 10000 11188 21251 37901 40538 52005 80004 333 91200=
44218 41940 23202 11162 21216 38708 40496 50002 70400 80004==
44219 32999 32502 11235 21261 38726 40553 51006 80004 333 91202=
44265 42/84 21701 11170 21223 38964 40500 54000 81041==
44266 32999 22103 11131 21254 37801 40432 58001 80001 333 91203=
44404 42958 00903 10210 20034 38137 48462 80000 333 59007=
44416 42960 02003 10207 20085 39366 40149 80000 333 59013=
44424 42960 01102 10142 21056 37683 47090 80000 333 58007=
44434 41557 11404 10192 20110 39230 48515 70140 81100 333 59007=
44438 41940 01506 10210 20132 30017 40146 70544 80000 333 59002=
44449 41925 01306 10212 20168 39987 40146 70544 80000 333 58003=
44454 41450 22303 10191 20081 38657 48492 70544 82100 333 59008=
44462 41430 50901 10135 20086 38247 48466 70444 85600 333 59002=
44474 41915 00503 10138 20076 38256 48503 70544 80000 333 58011=
44477 41330 32102 10210 20114 38824 48528 74044 83200 333 58008=
44478 41314 50804 10220 20193 30059 40141 71044 85600 333 58008=
48020 42958 00401 10230 20143==
48025 42440 50401 10350 20233 30002 40142 58009 85800==
48048 42957 00401 10272 20191 30068 40123 333 58010==
48052 32957 01802 10304 20158 333=
48062 42558 23605 10295 20248 30118 40125 82500 333 58005==
48064 42958 11401 10278 20203 30041 40097 80001 333 58004==
48094 42959 03202 10315 20190 30099 40109 333 59006==
48109 42460 20402 10293 20230 30117 40121 82500 333 59007==
51076 14/67 /1301 11134 21179 39508 40482 52005 60001 333 11112 21225 3/102 4/026 58020 70000 90761 91102==
51087 14/60 /1801 11128 21191 39353 40481 52004 60001 333 11121 21217 3/105 4/018 58025 70000 90761 91103==
51156 14/80 /1102 11078 21155 38803 40439 52004 60001 333 11073 21168 3/115 58029 70000 90761 91106==
51243 14/58 /0601 11098 21131 39865 40459 54000 69901 70070 333 11077 21118 3/109 4/001 58027 90761 91103==
51334 14035 02102 11108 21127 30018 40463 57002 69901 77077 333 11056 21176 3/110 4/011 58027 90761 91104==
51379 14/61 /1700 11121 21138 39433 40462 52002 60001 333 11081 21177 3/106 4/023 58032 70000 90761 91103==
51463 14/48 /3102 11121 21142 39164 40457 52002 60001 71000 333 11106 21156 3/101 4/036 58024 70000 90761 91103==
51573 14/65 /1002 10019 21116 30334 40386 57007 60001 333 10052 21053 3/112 58008 70000 90761 91104==
51644 14/58 /0801 11008 21121 39064 40393 54000 60001 333 10019 21136 3/108 4/003 58001 70000 90761 91103==
51656 14/60 /2902 10000 21094 39275 40392 57001 60001 333 10014 21128 3/115 58000 70000 90761 91103==
51709 14/65 /2001 10005 21182 38717 40364 57002 60001 333 10020 21094 3/112 59008 70000 90761 91105==
51711 14/68 /0902 11048 21190 38074 40331 52002 60001 333 11022 21163 3/122 59003 70000 90761 91104==
51716 14059 01401 10015 21179 39017 40375 57004 60001 333 10033 21121 3/118 59007 70000 90761 91102==
51765 14/65 /3402 10010 21108 39335 40380 57004 60001 333 10047 21135 3/118 58000 70000 90761 91104==
51811 14/63 /3502 11005 21186 38886 40375 57003 60001 333 10033 21119 3/119 59008 70000 90761 91103==
51818 14/60 /0302 10008 21196 38726 40364 57001 60001 333 10028 21107 3/119 59004 70000 90761 91103==
51886 14/80 /2901 11066 21270 37151 40373 57011 60001 333 11021 21188 3/126 58012 70000 90761 91103==
52203 14/70 /0802 11006 21111 39454 40392 57008 60001 333 10013 21129 3/118 59008 70000 90761 91104==
52602 14/75 /1402 11053 21232 37315 40402 57009 60001 333 11043 21208 3/125 58009 70000 90761 91104==
52818 14/80 /0302 11019 21213 37283 40356 57008 60001 333 11019 21171 3/123 58001 70000 90761 91104==
52908 14/65 /2612 11075 21321 35773 40363 57005 60001 333 11075 21235 3/128 58029 70000 90761 91120==
55228 04980 /1401 11020 21333 36058 40270 57003 60002 70000 333 10004 21175 3/125 54405 58032 60001 70000 90720 91104=
55299 14/80 /2710 10022 21388 35878 40203 57003 60001 333 10072 21194 3/126 58068 70000 90761 91120==
55578 04980 /0702 10108 21369 36405 40048 57006 60002 70000 333 10171 21060 3/114 54415 58057 60001 70000 90720 91109=
55591 14/80 /2503 10134 21352 36529 40011 57009 60001 333 10191 21020 3/111 58075 70001 90761 91106==
55664 04980 /0801 10061 21331 36047 40191 57012 60002 70000 333 10115 21141 3/119 54415 58044 60001 70000 90720 91103=
55773 04972 /3612 10109 21369 36023 40085 57007 60002 70000 333 10109 21090 3/117 54405 58025 60001 70000 90720 91118=
56004 14/79 /2905 11056 21315 35838 40320 57008 60001 333 11040 21230 3/127 58032 70000 90761 91111==
56018 14/78 /2704 10006 21300 36190 40215 57022 60001 333 10019 21179 3/122 58036 70000 90761 91108==
56312 04980 /1402 10119 21051 37070 40072 57032 60002 70000 333 10122 21016 3/103 54405 58029 60001 70000 90720 91104=
62306 32960 00000 10123 20093 40207 52003 333 20121=
62309 32560 62003 10145 20098 40195 5//// 86800 333 20142=
62332 32960 82003 10158 20111 40200 52006 80007 333 20154=
62337 32960 41902 10104 20077 40191 52003 80004 333 20079=
62366 34956 50105 10135 20086 40190 52010 70520 80004 333 20120=
62387 31950 02702 10086 20061 40183 52006 71000 333 20066=
62393 32960 00000 10097 20025 40198 52007 333 20086=
62405 32960 00503 10140 20084 40180 52011 333 20110=
62414 32960 03607 10150 20081 40164 52007 333 20131=
62419 32960 00305 10187 20124 40153 52010 333 20118=
62420 32960 63402 10101 20053 40194 52012 80004 333 20086=
62435 32960 42802 10120 20041 40173 52004 80004 333 20074=
62440 31930 00000 10132 20092 40199 5//// 71000 333 20116=
62455 32960 00104 10130 20050 40185 5//// 333 20113=
62458 32960 00000 10127 20022 40188 52007 333 20094=
62459 32960 00106 10139 20031 40182 57012 333 20113=
63210 32980 00316 10252 20150 40161 333 20195 58008=
63227 32980 00409 10201 20090 40205 333 20164 58008=
63330 33580 21103 10142 20103 37801 40272 82501 333 20095 59004 82620=
63331 31960 0//// 10216 20089 38093 40213 704// 333 20135 59006=
63332 32980 01802 10152 20110 38220 40145 333 20078 59012=
63333 32980 00000 10158 20094 38180 40196 333 20100 59009=
63334 32980 20000 10170 20058 37634 80001 333 20102 59001 82070=
63340 32580 23602 10175 20069 37937 40157 82100 333 20122 59020 82825=
63402 31570 50000 10150 20134 7102/ 85500 333 20104 85627=
63403 31960 00000 10176 20111 7050/ 333 20155=
63450 32980 01303 10154 20067 37749 40266 333 20094 59006=
63453 31850 12601 10186 20133 39088 40317 7050/ 81030 333 20129 59011 81358=
63460 33580 23604 10190 20126 82100 333 20122 82824=
63474 32980 00000 10156 20018 37601 4//// 333 20060 59007=
63478 32980 00909 10264 20153 39809 40128 333 2//// 59006=
63500 32980 00000 10230 20152 333 20183=
63533 31970 10302 10210 20076 38515 4//// 7050/ 80001 333 20170 59004 81070=
41936 31907 12103 10274 20170 30130 40137 74142 81030 333 56090 58002 70000 81362=
43110 31995 02302 10315 20143 40135 70544 333 58003=
43117 32997 01402 10310 20215 40127 333 58004=
