SIPK OPKC 080900=
41504 22997 40000 10080 21085 37904 48552 84030 333 56090 58016 60007 84360 RH30%=
41505 22696 62304 10075 21036 38/// 48/// 82530 333 56990 58/// 82640 84360 45%=
41506 22997 43608 10135 21060 38551 48547 84020 333 56090 58000 60007 84460 25%=
41507 22997 00000 10180 20009 39296 49809 333 58001 60007 32%=
41508 22697 31802 10200 21047 38667 48541 83200 333 56900 59011 60007 83835 18%=
41509 22997 04502 10150 21072 38780 48523 82020 333 56090 59008 60007 82460 RH 21%=
41510 22997 20000 10125 20047 37914 48502 82030 333 56090 59003 60007 82360 55%=
41515 22997 40904 10128 21096 38585 48548 84020 333 56090 58032 60007 84460 20%=
41516 22996 62304 10150 21049 38588 48546 86070 333 56090 59023 60007 86460 RH25%=
41517 22997 21304 10070 21082 37841 48563 80001 333 56009 59013 60007 82070 33%=
41518 22697 70000 10139 21028 38/// 48/// 83470 333 56990 5//// 60007 83440 84762 31%=
41519 22997 50000 10155 21038 38799 48540 8000 2 333 56009 59004 60007 85070 RH26%=
41520 22997 21802 10075 21153 37651 48281 82030 333 56090 59022 60007 82362 18%=
41523 22997 02304 10200 21006 39099 48521 333 59023 60007 25%=
41524 22997 00506 10210 21071 39363 40210 333 59020 60007 14%=
41525 22697 21804 10090 21066 37691 48402 82100 333 56900 58003 60007 82640 33%=
41528 22697 20000 10180 20025 39222 48520 82500 333 56900 59030 60007 82640 35%=
41529 22996 22302 10240 21019 39788 40161 83030 333 56090 59002 60007 83360 RH 18%=
41530 21996 31804 10240 21072 39736 40140 70500 80001 333 56009 59024 60007 83070 12%=
41534 22697 30000 10235 21000 39736 40141 83500 333 56900 59035 60007 83640 22%=
41535 22997 53102 10175 21061 38720 48493 80020 333 56090 59008 60007 85460 RH19%=
41536 22997 30000 10210 21045 39038 48523 83010 333 56090 59019 60007 83360 18%=
41560 22997 41302 10080 21028 38330 48558 84030 333 56090 59003 60007 84360 RH46%=
41562 22997 31302 10195 21014 39701 40163 83030 333 56090 59020 60007 83360 RH 24%=
41565 22996 33104 10139 21098 38674 48542 83020 333 56090 58015 60007 83460 RH 18% =
41567 21996 00504 10205 20054 39698 40110 70500 333 59006 60007 37%=
41571 21996 61804 10220 21099 39572 40146 70522 82031 333 56099 59030 60007 RH11%=
41572 21996 02712 10225 21055 39513 40127 70500 80001 333 59021 60007 84070 RH 15%=
41573 22697 51304 10140 20013 37977 48493 82520 333 56990 59013 60007 82640 83460 43%=
41574 22997 52302 10165 21020 38354 48530 80006 333 56009 59014 60007 85070 28%=
41576 21696 73608 10200 21004 40176 70500 81570 333 56990 59006 60007 81640 86460 25%=
41577 21696 61302 10230 20000 39540 40144 70510 83530 333 56990 59020 60007 83640 83360 RH 22%=
41593 21996 42302 10250 20023 39933 40143 70511 84070 333 56090 59024 60007 84460 23%=
41597 21996 51802 10230 20092 40164 70522 85030 333 56090 59011 60007 85362 41%=
41598 21696 70502 10205 20023 39890 40160 70500 83530 333 56990 59007 60007 83640 84360 30%=
41599 21696 52706 10210 20048 39869 40156 70512 82570 333 56990 59009 60007 82640 83460 34%=
41600 21996 30000 10210 20100 40146 70500 83030 333 56090 59014 60007 83360 49%=
41620 32696 23602 10185 21060 38592 48497 82500 333 56900 59012 60007 82640 18%=
41624 22996 30502 10250 20040 40149 83020 333 56090 59025 60007 83460 26%=
41625 21696 60502 10240 20002 39936 40133 70500 83530 333 56990 59028 60007 83640 83360 21%=
41630 21996 22304 10240 20020 40157 70500 82030 333 56090 59019 60007 82360 24%=
41633 22997 40000 10245 20030 4//// 84030 333 56090 5//// 60007 84360 25%=
41634 22996 43102 10220 21044 3//// 4//// 84030 333 56090 5//// 60007 84360 17%=
41635 22997 30000 10250 20040 3//// 4//// 83030 333 56090 5//// 60007 83360 26%=
41636 21996 42302 10240 20038 39974 40156 70522 84070 333 56090 59032 60007 84462 27%=
41638 21996 22304 10250 20055 4//// 70500 82030 333 56090 5//// 60007 82360 29%=
41639 21696 50000 10190 20030 4//// 70520 82530 333 56990 5//// 60007 82640 83460 34%=
41640 21996 23002 10240 20020 39905 40151 70500 333 59011 60007 24%=
41641 2996 02808 10230 20019 39878 40150 70500 333 59012 60007 25%=
41642 21996 43102 10230 20079 4//// 70500 80001 333 56009 5//// 60007 84070 38%=
41643 21996 40902 10205 20104 39875 40151 70410 84070 333 56090 59017 60007 84460 52%=
41644 21996 40000 10220 20064 4//// 70400 84020 333 56090 5//// 60007 84460 36%=
41646 21996 02306 10245 20062 39955 40166 70500 333 59027 60007 31%=
41652 21696 20508 10230 20092 40158 70500 82500 333 56900 59031 60007 82640 41%=
41660 22997 423016 10170 21096 38424 48512 84030 333 56090 59023 60007 84360 RH15%=
41661 22997 41304 10185 21017 38376 48501 84030 333 56090 59019 60007 84360 25%=
41669 22997 41302 10260 20073 3//// 4//// 84030 333 56090 5//// 60007 84360 30%=
41670 21996 20000 10230 20051 4//// 70500 82030 333 56090 5//// 60007 82362 31%=
41674 21996 21808 10220 20064 3//// 4//// 70500 82030 333 56090 5//// 60007 82360 36%=
41675 21996 42306 10240 20020 30007 40149 70500 84070 333 56090 59032 60007 84460 24%=
41676 21996 03102 10235 20086 30026 40183 70500 333 59024 60007 39%=
41677 21996 22302 10230 20051 39983 40148 70500 82030 333 56090 59025 60007 82362 31%=
41678 21996 00000 10240 20081 40161 70500 333 59024 60007 36%=
41679 21996 33102 10250 20070 4//// 70511 83030 333 56090 5//// 60007 83360 32%=
41680 21995 02304 10250 20096 40155 70500 333 59023 60007 38%=
41685 22997 32302 10210 21101 38914 48507 83020 333 56090 59030 60007 83460 RH11%=
41696 22697 52306 10160 21049 37997 48503 82520 333 56990 59002 60007 82640 83460 Rh23%=
41697 22697 60000 10240 20068 40154 86500 333 56900 59036 60007 86640 RH33%=
41700 21996 32304 10250 20055 40145 70500 83030 333 56090 59030 60007 83360 29%=
41701 21996 42702 10260 20058 30026 40166 70500 84030 333 56090 59022 60007 84360 27%=
41710 22997 00000 10235 21053 40083 333 59018 60007 RH14%=
41712 22997 02306 10230 21135 39178 48512 333 59011 60007 RH8%=
41715 21996 40000 10230 20051 40155 70500 84030 333 56090 59035 60007 84360 RH31%=
41716 21996 30000 10260 20006 30051 40153 70510 83030 333 56090 59040 60007 83360 19%=
41718 21996 32304 10260 20042 40152 70500 83030 333 56090 59029 60007 83360 25%=
41724 21995 53104 10220 20077 40173 85030 333 56090 59035 60007 85360 RH40%=
41725 22996 43104 10215 20056 40137 84030 333 56090 59049 60007 84360 RH35%=
41738 22996 31812 10280 21095 40147 83040 333 56090 59026 60007 83460 RH08%=
41739 22996 32306 10210 20116 39082 48547 83030 333 56090 59006 60007 83360 RH55%=
41742 22997 83102 10280 20012 40144 84031 333 56099 59018 60007 84360 84070 RH 18%=
41743 21996 40502 10230 20104 70400 80001 333 56009 60007 84070 RH 45%=
41744 22996 30000 10160 20007 38805 48530 83020 333 56090 59019 83460 RH 35%=
41745 21996 20502 10260 20099 70400 80001 333 56090 60007 82070 RH36%=
41746 21995 40000 10250 20055 30094 40147 70500 84030 333 56090 59040 60007 84360 RH29%=
41747 21996 33102 10220 20090 40156 70500 83030 333 56090 59022 60007 83360 RH43%=
41748 21996 83602 10220 20090 40164 70500 84530 333 56990 59014 60007 84635 84360 RH43%=
41749 22996 31806 10265 20094 40152 80001 333 56009 59038 60007 83070 RH34%=
41756 22996 21306 10255 20148 40161 80001 333 56009 59017 60007 82070 RH51%=
41757 22996 02308 10265 20129 30151 40163 60001 333 59016 60007 RH43%=
41759 22996 30502 10265 20081 40159 83010 333 56090 59020 60007 83460 RH31%=
41760 01996 51806 10255 20091 40153 70500 80001 333 56009 59017 60007 85080 RH35%=
41764 21996 41304 10270 20028 30093 40142 70500 80001 333 56009 59026 60007 84070 RH21%=
41765 22996 20000 10270 20061 30145 40149 82030 333 56090 59031 60007 82360 RH26%=
41766 21996 43102 10275 20106 40181 84500 333 56090 59000 60007 70000 84630 RH35%=
41767 22996 20000 10280 20078 3//// 4//// 80001 333 56009 60007 82070 RH28%=
41768 22696 20000 10310 20088 30137 40144 82500 333 56900 59023 60007 82635 RH25%=
41780 22696 31308 10290 21039 30117 40144 8350 333 56900 59025 60007 83630 RH12%=
41780 22696 31308 10290 21039 30117 40144 83500 333 56900 59025 60007 83630 RH12%COR=
41783 02996 30902 10285 20057 30112 40141 80030 60002 333 56090 59029 60007 83360 RH 24%=
41785 22996 40502 10270 20089 30137 40150 83030 333 56090 59004 60007 83360 RH32%=
41786 22996 42702 10290 21006 30104 40140 82030 333 56099 59015 60007 82362 82072 RH 15%=
41BAG 22697 42302 10050 21098 60002 84500 333 56900 60007 84640 33%=
41BKI 22996 41304 10230 21021 39741 40152 84030 333 56090 59020 60007 84360 RH19%=
41SKP 22997 00000 10220 20064 4//// 333 5//// 60007 36%=
43532 22997 00000 10190 20026 39339 40133 333 59012 60007 34%=
43533 22997 30000 10220 20015 39222 48512 83020 333 56090 59003 60007 83460 26%=
43563 22697 40000 10228 20034 40136 84500 333 56900 59012 60007 84640 28%=
41726 21995 33604 10215 20095 30110 40181 70500 80001 333 56009 59016 60007 83070 RH 46%=

Data Generated from File : D:/all data handling/Rmc_lhr/2025020809.FSU.txt
08/02/2025   10:01:47
____________________________________________________________________________________________
15020 21557 81003 11043 21071 30238 40452 54001 77172 8457/ 333 55300 20212 69907 91005 90730 91106==
15090 21440 80802 11033 21082 30356 40455 50003 77172 8552/ 333 55300 00180 20390 30387 69907 91004 90730 91104==
15108 22984 11206 11054 21162 38194 48610 52004 80001 333 55310 21338 60007 91007 90730 91108==
15150 24564 83502 11021 21060 30216 40445 52003 8657/ 333 55300 20204 60007 91003 90730 91105==
15170 24965 13401 11060 21098 39585 42940 58003 80001 333 55310 20980 60007 91002 90730 91102==
15280 22984 01408 11088 21140 37573 47111 52004 333 55310 21685 60007 91011 90730 91111==
15310 27558 73603 11033 21061 30342 40434 50001 7717/ 85570 333 55302 00220 20494 30485 69907 91007 90730 91107==
15335 27460 83604 11030 21059 30417 40425 50000 7247/ 8672/ 333 55300 20146 69907 91008 90730 91109==
15350 24570 80606 11031 21074 30312 40441 51007 885// 333 55300 20202 60007 91009 90730 91110==
15360 22469 80310 10002 21031 30386 40405 50003 886// 333 55300 20120 60007 91013 90730 91114==
15420 22560 80503 11027 21060 30313 40432 51008 8437/ 333 55300 20197 60007 91005 90730 91106==
15460 24466 80104 11024 21051 30395 40421 50005 8472/ 333 55300 20231 60007 91008 90730 91109==
15470 24/64 80503 11022 21052 30295 40430 51004 8807/ 333 55300 20272 60007 91005 90730 91105==
15480 27460 83103 11019 21041 30382 40400 58002 7101/ 8672/ 333 55300 00040 20107 30092 69907 91009 90730 91109==
15549 41566 80206 11040 21059 39958 40402 53004 70272 886// 333 11039 21042 555 58500 64199=
15552 41460 83406 11010 21032 30329 40381 54000 77777 886// 333 11010 21016 555 58300 69999 92036 92437=
15640 42670 83404 11003 21027 30064 40394 54000 885// 333 11003 21022 555 584//=
15655 42565 73612 10008 21022 30348 40383 54000 87500 333 10011 21004 555 580// 92046 92447=
15730 42670 80703 11002 21066 39969 40387 53001 84857 333 10000 21048 555 562//=
16627 42565 60316 10044 21045 30347 40354 58003 83450 333 83625 84358 90730 91122==
16650 42460 70417 10052 21019 30339 40349 50003 87600 333 82715 83818 86625 90730 91125==
16667 42560 33615 10074 20003 30303 40315 51003 83100 333 90730 91129==
16706 42560 60119 10082 20031 30288 40295 52001 86500==
16723 42560 20213 10088 21016 30260 40275 54000 82200 333 90730 91116==
16742 42460 13515 10090 20006 30086 40245 57004 81100 333 90730 91122==
16749 42460 13105 10112 21014 30218 40233 56001 81100 333 90730 91110==
16754 41359 73320 10102 20068 30231 40280 51003 76162 87600 333 82708 86625 90730 91129==
16760 42560 73412 10068 20037 40279 53001 87800 333 84820 87625 90730 91117==
16765 42560 33319 10120 20013 40240 57004 83100 333 90730 91127==
17022 41570 71204 10031 20025 30153 40326 58001 72582 85250 333 85830 87360 90730 91105==
17024 41556 72112 10018 20015 30231 40312 57003 76262 85570 333 85626 87359 90730 91116==
17026 41570 72802 10051 20030 30273 40313 50003 76062 85570 333 85628 87358 90730 91117==
17031 42570 72604 10071 21002 30295 40302 57002 84250 333 84833 87358 90730 91113==
17034 41670 72404 10058 20021 30257 40305 58002 72582 83250 333 83835 87360 90730 91110==
17038 41670 73304 10076 20015 30238 40287 58002 70282 87200 333 87835 90730 91114==
17042 42670 63003 10084 20035 30255 40296 58003 83250 333 83835 86360 90730 91106==
17050 42670 63607 10017 21047 30315 40381 58004 83570 333 83635 86358 90730 91115==
17056 42670 63407 10044 20000 30344 40349 58009 83530 333 83635 86360 90730 91115==
17060 41460 70114 10051 20029 30290 40332 57005 78082 87200 333 84713 87825 90730 91126==
17070 42665 71201 10002 21030 39406 40312 57006 84520 333 84634 87460 90730 91104==
17074 41570 82402 10008 20002 39335 40303 58006 77077 8552/ 333 85627 88458 90730 91105==
17084 42670 73406 10028 21015 39361 40297 58005 84570 333 84635 87360 90730 91111==
17085 42570 60302 10046 21028 39790 40295 58004 83550 333 83630 86360 90730 91107==
17092 42670 60000 10017 21054 38892 48512 57007 84550 333 84645 86357 90730 91104==
17096 42660 71010 11031 21064 38240 48512 58003 84550 333 84635 87357 90730 91117==
17098 41560 70507 11028 21066 38208 48524 57004 72272 85530 333 85625 87357 90730 91112==
17100 42670 50000 10030 21032 39237 40263 58003 83530 333 83635 85360 90730 91105==
17112 41460 70308 10030 21006 30341 40344 58002 70272 85570 333 82710 84630 87360 90730 91115==
17115 42460 73616 10046 20026 30282 40335 58002 87200 333 84710 87830 90730 91129==
17116 42670 60406 10063 20008 30196 40322 58008 83250 333 83835 85360 90730 91110==
17124 42660 40107 10022 21063 39357 40308 58006 84500 333 84640 90730 91112==
17128 42670 30206 10021 21078 39157 40302 58009 83100 333 83840 90730 91110==
17135 42670 80804 10032 21052 39383 40288 58008 8452/ 333 84640 88460 90730 91109==
17140 41656 70604 11022 21062 38758 48535 58002 71072 85550 333 85638 87357 90730 91109==
17150 42460 70112 10044 20021 30190 40319 57005 87200 333 83713 86835 90730 91118==
17160 42670 70307 10000 21066 39087 48539 58002 84570 333 84640 87360 90730 91112==
17170 42560 71114 11005 21115 38316 48491 58003 82550 333 82630 87360 91025 90730 91125==
17175 42665 30605 10073 21006 30306 40310 58002 83100 333 83840 90730 91115==
17184 42670 20107 10073 21030 30180 40295 58004 82100 333 82840 90730 91114==
17190 42670 70000 11009 21066 39061 48542 58006 87500 333 87635 90730 91104==
17195 41470 60000 10012 21042 39028 48534 58001 72277 86500 333 82713 85630 90730 91104==
17200 42660 20000 10041 21021 39221 40234 58002 82500 333 82640 90730 91106==
17202 42670 32213 10035 21002 39148 40216 58008 82540 333 82635 83360 90730 91116==
17203 42670 50506 10057 21084 38881 48533 57004 83150 333 83840 85360 90730 91116==
17210 42670 72301 10068 20023 39123 40167 58001 83150 333 83840 87360==
17219 42565 23618 10077 21023 30138 40288 57006 82100 333 82830 90730 91125==
17234 42970 01401 10096 21018 30202 40272 50000 333 90730 91104==
17237 42670 10000 10056 21054 39761 40282 58008 81100 333 81840 90730 91102==
17240 42970 00511 10045 21061 39079 40254 56011 333 91025 90730 91125==
17244 42670 60210 10008 21074 39063 48544 58002 86500 333 86635 90730 91116==
17248 42670 70503 10003 21041 39035 48528 58002 84130 333 84840 87360 90730 91107==
17250 42670 70404 11007 21051 38852 48533 50001 84570 333 84640 87360 90730 91112==
17260 42560 73610 10078 21019 39338 40167 50002 84550 333 84630 87359 90730 91118==
17270 42670 53605 10107 21012 39531 40186 58002 83550 333 83640 85360 90730 91116==
17275 42670 23601 10057 21013 38967 48483 50000 82100 333 82840 91011 90730 91114==
17280 42660 43010 10095 21028 39378 40173 57006 82550 333 82640 84360 90730 91116==
17290 42970 03606 10106 21055 30217 40250 57006 333 90730 91122==
17292 42970 03601 10068 21077 39460 40233 58005 333 90730 91110==
17300 42960 03211 10117 21046 30169 40241 58003 333 90730 91119==
17310 42970 00905 10151 21048 30208 40215 50002 333 90730 91111==
17330 42970 02906 10125 21036 30203 40221 58002 333 91017 90730 91123==
17350 42960 03306 10150 21050 30124 40203 58003==
17370 42670 62201 10127 20041 30212 40216 50003 83230 333 83835 86360 90730 91104==
17375 42970 01301 10132 21041 30224 40226 57005 333 90730 91107==
33088 42560 71104 11040 21085 30258 40463 58004 87500==
33135 42460 81003 11048 21084 30333 40492 54000 885// 333 88618==
33177 42570 71205 11036 21069 30187 40440 58002 87500==
33317 42560 71305 11062 21092 30100 40463 58002 84570==
33393 42460 71305 11024 21068 30009 40423 58002 87500 333 87616==
33415 42460 81104 11048 21076 30022 40447 52001 885// 333 88614==
33429 41460 81304 11062 21089 30002 40456 58001 72272 885// 333 88613==
33466 42463 80603 11051 21080 30269 40471 58004 886//==
33506 42560 70505 11060 21083 30263 40475 58002 87500==
33562 41560 81303 11048 21080 30144 40471 58001 77172 885//==
33587 42560 80902 11052 21089 30178 40461 54000 885// 333 88627==
33658 41468 81106 11039 21065 30126 40446 54000 70272 886// 333 88713==
33663 41/70 80902 11039 21093 30355 40458 52002 70272 8802/==
33664 41496 80903 11054 21081 30112 40452 58002 77072 8872/=
33678 41598 82803 11055 21085 30245 40473 57004 72682 889//=
33679 41497 80702 11042 21072 30256 40460 52002 72682 889//=
33711 42460 80506 11048 21076 30231 40456 52002 886// 333 88711==
33745 41597 70402 11043 21063 30263 40471 58001 70282 85930=
33748 42597 81103 11046 21081 30140 40445 52003 883//=
33754 41698 80402 11038 21071 30293 40449 51001 70272 885// 333 88634=
33761 41468 80506 11049 21067 30211 40450 52001 70272 886//==
33791 42470 30505 11048 21093 30314 40451 56001 83600 333 83714==
33815 41598 80602 11045 21075 30217 40439 53007 72682 889//=
33837 42467 80406 11032 21067 30369 40424 51001 87501 333 87715==
33881 41597 80404 11039 21070 30234 40444 52002 72682 883//=
33883 41598 83604 11038 21054 30261 40436 54000 70282 883//=
33885 42597 80404 11046 21085 30310 40451 52011 885//=
33892 41598 80404 11042 21065 30220 40446 58001 72682 883//=
33902 42560 40407 11021 21085 30361 40424 58004 84100==
33924 42560 80609 11022 21044 30379 40392 54000 885// 333 91016 90730 91117==
33946 41466 80712 11022 21042 30132 40365 58002 73632 886// 333 88714 91015 90730 91118==
33983 42560 50512 11014 21055 30290 40354 58007 85500 333 91017 90730 91118==
34300 42560 70602 11057 21091 30295 40486 58003 87500==
34336 42670 60603 11050 21094 30376 40487 58003 86500==
34344 42670 60403 11053 21085 30388 40482 58003 86500==
34356 42960 03602 11068 21100 30314 40473 58006==
34357 42570 50203 11057 21093 30303 40469 57007 85500==
34398 42970 00704 11025 21066 30418 40431 58009==
34415 42670 30704 11040 21090 30369 40472 58004 83100==
34438 42960 00406 11065 21097 30265 40471 52005==
34445 42970 20306 11068 21091 30350 40473 58006 80001==
34461 42460 60202 11040 21087 30403 40462 58008 86600==
34473 42997 00205 11047 21088 30407 40448 57007=
34476 42970 00104 11047 21086 30439 40447 58003==
34504 42575 20706 11050 21087 30266 40453 58003 82500==
34535 42570 20303 11064 21103 30387 40464 58002 82100==
34545 42970 00306 11062 21098 30335 40455 58006 333 90730 91110==
34555 42970 00405 11039 21088 30362 40459 57009==
34560 42960 20707 11033 21087 30248 40450 57006 82600==
34578 42960 00304 11032 21106 30430 40438 57006==
34579 42970 00104 11044 21100 30391 40436 58006==
34644 42960 00605 11026 21083 30351 40433 58004 333 91010 90730 91112==
34646 42670 10605 11032 21079 30349 40435 57002 81100 333 90730 91111==
34655 42960 00305 11023 21092 30373 40436 58010==
34662 42970 00305 11026 21096 30428 40440 58010==
34691 42970 30506 11025 21071 30639 40626 58010 80002==
34720 42970 00405 11048 21105 30383 40425 57005 333 91011 90730 91113==
34727 42560 20607 11045 21079 30380 40412 57006 82500 333 91015 90730 91115==
34743 42960 00504 11026 21089 30333 40428 57007==
34759 42960 20405 11032 21095 30281 40419 58008 80001==
34772 42970 00407 11033 21122 30417 40420 58008 333 91011 90730 91111==
34785 42970 00407 11030 21152 30429 40406 58012 333 91011 90730 91111==
34798 42970 00106 11038 21142 30535 40504 58011==
34824 42960 00605 11028 21075 30384 40389 57008 333 91010 90730 91111==
34838 42460 10505 11025 21083 30287 40389 57007 81600 333 91010 90730 91110==
34845 42570 20804 11035 21081 30291 40404 58006 81531==
34858 42960 00702 11040 21100 30295 40409 58005==
34861 42970 00708 11051 21115 30153 40411 57006 333 91010 90730 91112==
34866 42970 00506 11036 21109 30418 40409 58010==
34880 42960 00204 11029 21134 30420 40392 57012==
34887 42970 00204 11032 21011 30419 40396 58005==
34949 42470 20807 11055 21071 39809 40388 57003 82400 333 91010==
34954 42570 30503 11037 21089 30216 40399 57007 83500==
34958 42570 20503 11040 21085 30188 40399 57007 82500==
34975 42970 00604 11042 21104 30398 40394 58006==
34984 42970 00104 11029 21103 30418 40386 58013==
35217 42960 00304 11073 21112 30388 40431 58007==
35302 42970 00707 11052 21118 30413 40435 58006==
35315 42998 00205 11084 21131 30354 40415 57002=
35344 41998 00311 11096 21132 30067 40371 58011 73633 333 91016 91117=
35358 41960 00509 11107 21143 30163 40343 52007 73633==
35368 41999 00207 11117 21170 30053 40336 58002 73630=
35386 41998 00405 11148 21187 39811 40369 58010 73633=
35394 42970 00705 11138 21190 39653 40375 58003==
35404 42998 20705 11044 21109 30416 40425 57009 80001=
35406 42960 20604 11057 21100 30411 40413 58009 80001==
35416 42970 00207 11070 21140 30264 40391 58009==
35426 42984 00307 11086 21140 30056 40363 58013==
35437 41998 00413 11095 21147 30114 40448 58012 73630 333 91018 91118=
35449 41998 00408 11108 21154 30214 40323 58007 73633=
35497 42970 00505 11072 21171 39778 40628 58002==
35498 42998 00000 11090 21173 39424 40338 57003=
35514 42998 30206 11050 21099 30613 40609 58011 80006=
35522 42998 00802 11092 21154 30099 40365 57003=
35542 42998 00505 11112 21146 30170 40326 58007=
35563 42998 01502 11125 21191 39523 40335 58001=
35576 42970 00605 11122 21182 39853 40328 54000==
35582 42998 00505 11103 21183 39700 40329 58001=
35594 42999 01001 11110 21172 39460 40338 58003=
35605 42998 63609 11041 21120 30406 40384 58014 80004=
35633 42598 30313 11110 21141 30090 40316 58009 83500 333 91017 91118=
35671 42970 00505 11096 21131 39859 40308 58002==
35699 42960 00208 11077 21141 39531 40313 58010==
35700 42970 20505 11052 21116 30397 40372 58015 80005==
35715 42999 00505 11065 21141 30364 40349 58017=
35739 42999 00207 11116 21178 30153 40301 58006=
35746 42970 00206 11108 21161 30204 40275 58008==
35777 42997 00505 11066 21122 39924 40280 58003=
35796 42960 00404 11079 21129 39861 40313 58007==
35849 42970 03503 11100 21173 30173 40263 58006==
35895 42998 00105 11094 21139 39852 40316 58008=
35907 42598 60409 11039 21080 30397 40365 58002 86500=
35925 42670 20206 11088 21112 30196 40313 58015 81101==
35927 42598 30504 11089 21150 30317 58011 83500=
35953 42984 00202 11070 21127 30113 40247 58003==
35969 42984 00905 11014 21093 30056 40231 58005==
35997 42998 50502 11090 21140 39844 40297 58008 83056=
36259 41684 22701 11246 21290 38279 48568 57010 71100 81502==
36335 42999 00000 11053 21154 39299 40346 58005=
36358 42999 03502 11162 21186 39303 40389 58008=
36394 42997 21202 11190 21239 39950 40409 58008 80002=
36397 42984 02502 11177 21225 39791 40399 58011==
36403 41996 02502 11177 21223 30011 40402 58006 71000=
36418 42999 00701 11211 21250 39727 40399 58005=
36421 42999 01303 11203 21250 39778 40393 57011=
36428 42984 01901 11211 21272 39851 40399 58010==
36439 42998 00000 11096 21161 39029 48532 56004=
36498 41998 03411 11079 21150 39504 40320 58001 73630=
36501 42998 00000 11174 21195 39584 40394 58008=
36535 42984 00000 11186 21232 39712 40396 58007==
36546 42999 01301 11210 21243 39812 40402 58008=
36619 42999 03602 11103 21168=
36622 42998 03305 11192 21233 39503 40371 58006=
36639 42984 03401 11010 21150 39669 40276 58010==
36643 42999 00203 11165 21207 39676 40386 58004=
36665 42996 00802 11182 21204 39599 40381 58006=
36666 42498 10000 11202 21235 39861 40398 58009 81600=
36729 42998 02002 11062 21125 39798 40293 58006=
36736 42999 01203 10010 21137 39728 40281 58013=
36744 42998 00605 11077 21148 39825 40290 58008=
36770 42999 03602 11010 21078 39531 40261 58004=
36786 42999 00000 10002 21095 39336 40253 54000=
36796 42998 00000 11075 21158 39051 48497 58007=
36803 42999 03002 11069 21115 39823 40286 58013=
36806 42998 01608 11138 21216 39827 40323 58005 333 91117=
36819 42998 82301 11074 21127 39645 40277 58005 82024=
36821 42984 40302 11050 21117 39779 40280 58007 80002==
36839 42999 00201 11016 21123 39115 40251 58009=
36843 42998 01501 10064 21074 39072 40217 58005=
36846 42999 20903 10006 21096 38618 48508 57007 80011=
36859 42984 01201 10068 21077 39498 40265 58017==
36870 42960 60301 10026 21062 39217 40222 58007 80002==
36874 42998 30501 11035 21094 39595 40396 58010 80001=
36877 42999 03501 10013 21068 39647 40661 57007=
36885 42999 62702 11013 21076 39107 40244 58008 82031=
36889 42999 30000 11040 21205 37036 47059 58002 80002=
36894 42999 50000 10027 21051 39504 40238 58013 83044=
36905 42999 51701 10024 21081 38749 48506 58011 80002=
36911 42999 70000 10092 20009 39230 40175 57006 82031=
36927 42699 71402 10042 21110 38350 48515 58014 87900=
36934 42599 80803 10028 21020 38270 48400 57010 84932=
36953 42899 20000 11003 21121 38196 48508 58016 81041=
36963 42798 71402 11060 21108 37025 48/// 58004 87500=
36974 42798 60000 11007 21088 38006 48543 52009 85501=
36982 42598 82005 11072 21166 36503 47062 58013 8457/=
37018 42670 30305 10044 21049 30215 40292 57004 82532 333 91012 90730 91112==
37031 42960 00905 11001 21084 30165 40368 57008 333 90730 91110==
37054 42560 80704 11039 21073 39981 40387 58003 885//==
37061 42460 20603 11035 21087 30218 40396 58007 82500==
37085 42570 70203 11032 21071 30414 40386 58007 87500==
37171 42770 82801 10087 20034 30262 40281 58004 885// 333 88656==
37228 41410 83501 11043 21056 39488 40365 57005 77772 886//==
37235 42670 82901 11027 21064 30045 40378 57007 885//==
37472 41540 82904 11009 21069 30398 40374 58012 71022 8557/==
38149 42970 53506 11088 21160 30194 40276 57008 80002==
38178 42770 83302 11058 21142 39890 40178 58030 80005==
38262 42970 63304 11085 21149 30173 40261 58013 80002==
38264 42970 43004 11075 21152 30166 40265 57008 80003==
38345 42999 32501 10097 21033 38789 48495 58009 82032=
38353 42998 62602 10082 21054 39312 40196 58005 83031=
38388 42598 73602 11060 21128 30190 40264 51007 87030=
38392 42997 73305 11062 21126 30146 40255 52002 87030=
38396 42/60 72905 11043 21133 30116 40247 52002 8707/==
38403 42/60 83202 11040 21166 30098 40223 52008 8802/==
38413 42/70 81102 11008 21097 39919 40219 52001 8802/==
38457 42/60 83503 10155 20000 39582 40148 57018 8802/==
38462 41684 80000 10043 20018 38759 48505 58011 70277 8592/==
38507 42998 20106 10010 21098 30183 40290 54000 80001=
38545 41597 83104 11048 21065 30025 40209 58001 77987 77987 889//=
38565 12670 82203 10062 20012 39560 40131 54000 60002 8397/==
38579 12560 70402 10125 20002 39731 40139 57016 60002 83971==
38583 12/60 80201 10143 20011 39832 40143 58023 60002 83041==
38599 42997 60810 10116 21041 39633 40158 57017 80002=
38611 41/40 71602 10122 21012 39624 40182 57020 70522 87040==
38613 42998 41601 10092 21014 40181 58009 80002=
38616 42599 23201 10115 21025 39184 40174 58013 82500=
38618 42960 60000 10132 21047 39494 40165 57023 80001==
38647 41497 70803 11013 21036 30221 40265 57001 70272 87720=
38656 42698 83404 11026 21049 30147 40261 58003 885//=
38683 41640 82303 10048 20046 39899 40177 52006 78082 883// 333 88934==
38687 41397 82904 10008 20008 39965 40206 52004 76186 8802/ 333 88507=
38696 12660 82303 10108 20013 39305 40143 54000 60002 885//==
38713 42998 80203 10110 21047 38995 48480 58015 8807/=
38750 42997 63605 10053 21008 30321 40292 52008 86030=
38763 41496 80502 11036 21054 30168 40279 52004 77177 8802/ 333 88517=
38774 41495 83104 11016 21030 30069 40273 52001 71022 886//=
38799 42597 82905 10020 21008 39982 40219 52006 885//=
38806 41596 81804 10028 20007 39923 40189 52002 78082 889//=
38812 41640 81905 10047 20008 39730 40187 52005 78082 889// 333 88946==
38836 42698 80901 10160 20093 39192 40088 57028 889//=
38880 41296 83105 10003 20003 39990 40251 58003 71022 886// 333 88706=
38886 41596 80305 10018 20005 30018 40253 52011 71022 885//=
38895 42596 82603 10030 20014 39938 40234 52004 885//=
38911 41698 82605 10064 21014 39886 40182 52002 78082 8597/=
38915 42597 82903 10062 20000 39885 40212 52015 885//=
38927 11924 82510 10102 21007 39802 40174 51008 60002 73033 8895/ 333 86966==
38933 42998 73601 10216 20105 39650 40136 58019 82032=
38944 42998 63402 10199 20015 39553 40061 58024 86030=
38954 42899 30000 10023 21073 37961 48550 58021 82901=
38974 42598 83202 10050 20025 39902 40241 52004 8271/=
38987 41496 80000 10025 20012 39497 40257 52001 72272 885//=
40100 43/80 49904 10143 20020 30215 40231 50003 333 58///=
40180 02660 32001 10134 20029 30171 40221 52001 83500 333 70000==
40199 02/// /0105 333 70000==
40265 41545 43112 10078 20005 39410 40221 57002 70521 84100 333 84830=
40270 42560 63112 10070 21005 39300 40220 52002 86800 333 83830 84635=
40272 41550 22913 10076 21003 39367 40220 57001 70500 82100 333 82830=
40340 41558 63608 10160 20033 30160 40226 57005 70500 86200 333 86830=
40356 42660 33016 10062 21050 39193 48489 83200 333 58004 83840 555 04410 50189=
40357 42560 63220 10102 21060 39520 40164 86500 333 59011 86630=
40360 42660 33214 10107 21020 39602 40203 83400 333 58013 83640=
40361 42960 02725 10108 21050 39405 40216 333 59004=
40362 42660 42810 10142 21010 39653 40176 84100 333 59006 84835=
40373 42960 02608 10164 21030 39754 40176 333 58005=
40375 42660 40305 10108 21020 39306 40198 84200 333 58005 84840=
40394 41959 02508 10124 21040 39030 48499 70600 333 59011 555 04410 50174=
40400 42960 03010 10209 20070 30145 40173 333 59009=
40405 42960 01705 10150 21020 39420 40167 333 59012=
40417 42960 03309 10191 21010 30152 40169 333 58036=
40420 42960 03613 10189 21050 39959 40168 333 58030=
40430 41925 09902 10201 21030 39415 40157 70600 333 59010=
40437 42960 00105 10163 21050 39464 40174 333 58006=
40439 42960 03503 10238 20080 30134 40152 333 58000=
40582 32960 03108 10179 21007 40169 58015 333 55310 01184 10000 22632 30737 40986 51505 63368 55407 41895 90401 91011 91113 91209 91305=
40703 42660 70000 10020 21045 38943 40243 57007 84510 333 70000 84635 87459 555 11004 29062 66666 00004 10006 20024 30040 50062 90090=
40706 41560 70908 10001 21089 38672 40255 58010 71522 84966 333 79999 82630 83935 87267 555 11027 29051 66666 00029 10014 20034 30049 50061 90076=
40712 41450 81402 11016 21051 38689 40237 58008 70572 8632/ 333 70005 82717 82930 83635 88458 555 11027 29077 66666 00008 10011 20018 30021 50036 90054=
40713 42665 50913 10015 21089 38657 40211 58008 81472 333 70000 81635 83068 555 11019 29046 66666 00015 10033 20050 30061 50074 90097=
40718 41450 83604 10049 20032 30341 40311 57002 76166 8532/ 222// 0//// 20103 333 70302 83912 85615 88556 555 10042 29089 66666 00066 10074 20076 30086 50100 90124=
40723 41458 73404 10030 21027 38970 40230 57011 77072 85570 333 70011 81710 85630 87358 555 10009 29066 66666 00060 10046 20038 30042 50052 90070=
40726 41656 43303 11010 21078 38658 40229 57012 70511 84500 333 70005 84635 555 11031 29060 66666 00018 10020 20040 30038 50052 90084=
40727 42665 51508 11004 21072 38469 40219 57012 84530 333 70000 83640 83360 555 11026 29060 66666 01007 10013 20028 30037 50045 90074=
40732 41456 83205 10058 20044 30314 40288 58006 76062 8632/ 333 70054 85711 82920 88558 555 10052 29091 66666 00088 10086 20090 30096 50108 90127=
40736 41558 82602 10072 20053 30312 40286 58004 76166 8532/ 333 70228 84720 81922 88558 555 10064 29088 66666 00080 10080 20084 30090 50100 90120 77777 00/// 10030 20041 30040 50040 70/// 99///=
40738 41457 82605 10059 20046 30296 40298 50000 78082 8632/ 333 70031 84711 82925 88457 555 10054 29091 66666 00070 10070 20078 30088 50100 90124=
40739 42665 13403 10059 21091 38685 40197 57013 81500 333 70052 81635 555 10009 29033 66666 00072 10074 20042 30052 50066 90090=
40741 41557 83104 10048 20035 39901 40243 50002 71022 8572/ 333 70034 85725 88458 555 10043 29091 66666 00077 10080 20087 30097 50104 90118=
40743 42560 71003 10062 21027 39081 40216 58002 84370 333 70077 83725 81930 85360 555 10028 29053 66666 00077 10077 20097 30115 50125 90134=
40745 41465 73203 10039 21005 39053 40220 58001 72272 86710 333 70061 83710 84630 86460 555 10022 29073 66666 00052 10052 20064 30078 50086 90105=
40747 42660 70104 11004 21091 38620 40203 57009 84520 333 70000 84640 87460 555 11031 29052 66666 00003 10016 20035 30054 50069 90093=
40754 42660 12303 10062 21097 38831 40206 57013 81100 333 70000 81835 555 10010 29031=
40762 41558 83204 10015 21031 38545 40181 53007 78522 8832/ 333 79999 81930 84635 88459 555 11002 29071 66666 00050 10052 20046 30066 50072 90090=
40766 42765 41105 10071 21049 38645 40143 57019 82450 333 70000 82656 84359 555 10026 29042 66666 00054 10040 20046 30058 50078 90102=
40768 42965 73404 11029 21066 38232 40216 57018 87010 333 70000 87459 555 11040 29076 66666 00001 10012 20017 30031 50040 90058=
40769 42660 30302 10010 21075 38273 40191 57015 82501 333 70000 82640 555 11019 29053 66666 00026 10020 20032 30040 50065 90104=
40780 41650 71703 10045 21003 38639 40168 58010 70622 84370 333 70000 81935 83640 87458 555 10025 29071 66666 00044 10040 20050 30054 50080 90104=
40782 41658 42805 10096 20007 38819 40132 58020 70600 84500 333 70000 84645 555 10057 29054 66666 00082 10064 20070 30066 50098 90116=
40785 42660 60703 10065 21046 39102 40222 57022 83510 333 70000 83640 86460 555 10025 29045 66666 00080 10073 20092 30086 50100 90156 77777 00/// 10000 20/// 30/// 50/// 70/// 99///=
40791 42562 53304 10119 21010 39362 40191 57015 83670 333 70035 82730 555 10065 29041 66666 00130 10126 20126 30134 50144 90163=
40792 42660 62904 10069 20018 38718 40181 58006 84570 333 70075 84635 83359 555 10047 29070 66666 00112 10116 20108 30104 50118 90124=
40798 41659 31902 10069 21014 37916 40113 57018 70510 83200 333 70000 83835 555 10034 29056 66666 00091 10048 20032 30047 50062 90080=
40800 42665 51302 10087 21035 38439 40159 57019 83530 333 70000 83640 85360 555 10038 29042 66666 00150 10084 20076 30080 50092 90120=
40809 41556 82303 10073 20051 38487 40153 58005 76022 8432/ 333 70060 82720 82930 88558 555 10062 29086 66666 00117 10103 20097 30103 50108 90128=
40811 41958 02602 10182 20033 30128 40155 58012 70500 333 70000 555 10113 29037 66666 00174 10152 20162 30172 50190 90208=
40812 41907 41101 10151 20046 39762 40140 58012 70644 84030 333 70000 84360 555 10101 29049 66666 00152 10142 20138 30152 50172 90196=
40821 41657 83301 10051 20006 38793 40209 57019 70522 8452/ 333 70031 84640 88459 555 10032 29072 66666 00086 10087 20103 30113 50113 90132=
40829 41950 33609 10224 20034 39571 40128 58015 70710 83070 333 70000 83359 555 10130 29029 66666 00222 10172 20140 30138 50144 90174=
40831 42660 32204 10176 20024 30161 40170 58010 83100 333 70000 83840 555 10107 29036 66666 00224 10172 20176 30184 50206 90226=
40833 41650 50000 10185 20011 30134 40166 57013 70610 85400 333 70000 85640 555 10107 29031 66666 00214 10186 20178 30186 50196 90216=
40841 42660 22405 10153 21015 38211 40090 57025 82400 333 70000 82640 555 10077 29032 66666 00104 10102 20088 30096 50110 90142=
40845 41957 03308 10175 20050 30161 40166 58006 70600 333 70000 555 10115 29044 66666 00188 10178 20174 30180 50190 90202=
40848 42660 21806 10158 20005 38489 40104 57021 82100 333 70020 82835 555 10086 29035 66666 00134 10116 20096 30100 50106 90124=
40854 42660 20704 10160 20037 38937 40115 57010 82200 333 70000 82840 555 10100 29044 66666 00280 10220 20170 30170 50176 90200=
40856 42660 22706 10192 20013 38619 40102 57019 82100 333 79999 82840 555 10105 29030 66666 00148 10122 20104 30104 50112 90134=
40859 41657 51403 10154 20062 38687 40125 58017 70510 85300 333 70013 81935 84640 555 10106 29054 66666 00186 10140 20116 30120 50128 90149=
40875 41556 60605 10235 20170 30128 40140 58018 70562 85370 333 70001 82925 84630 85360 555 10195 29067 66666 00266 10226 20226 30220 50235 90246=
40879 42970 31602 10241 20021 39470 40137 58030 83030 333 70000 83360 555 10133 29024 66666 00252 10224 20202 30206 50212 90234=
40882 41557 51205 10253 20170 30092 40127 58018 70522 82550 333 70000 82625 84359 555 10201 29060 66666 00242 10222 20216 30224 50222 90244=
40883 41556 42105 10245 20168 30106 40133 58014 70511 82130 333 70000 82830 83360 555 10197 29062 66666 00266 10228 20246 30222 50232 90246=
40893 41550 31209 10237 20177 30137 40143 57021 70500 83510 333 70000 83630 83459 555 10199 29069 66666 00254 10244 20238 30239 50247 90242=
40898 42960 01604 10243 20156 30120 40129 57043 222// 00234 20900 333 70000 555 10190 29058 66666 00314 10270 20234 30240 50254 90268=
41024 42660 23212 10254 20130 30131 40157 82500 333 58001 82640=
41036 42960 02807 10249 21040 38556 48506 333 58000 555 04410 50116=
41055 42960 02110 10277 21160 38353 48498 333 59008 555 04410 50088=
41061 42960 01208 10205 21040 39440 40141 333 58024=
41084 42960 00303 10251 20020 38839 48497 333 59005 555 04410 50088=
41112 42960 02214 10202 20000 37955 48522 333 58005 555 04410 50108=
41114 42560 12211 10230 21140 37991 48522 81200 333 58005 81822 555 04410 50096=
41128 41935 01504 10240 21020 38819 48527 70600 333 58016 555 04410 50132=
41136 41920 00707 10234 20020 39331 40122 70600 333 58032=
41140 42560 32807 10302 20210 30134 40142 83100 333 58003 83830=
41150 42962 03215 10187 20070 40165 333 58043=
41170 42960 03309 10223 20059 30142 40155 333 58028=
41176 44/60 /3411 10222 20067 30150 40156 333 58029=
41184 42660 32010 10296 20135 40128 83500 333 59011 83635=
41194 41956 02014 10274 20150 30122 40128 70600 333 59011=
41196 41956 02015 10276 20146 30094 40134 70600 333 59009=
41216 41658 42407 10248 20177 30134 40138 70600 81530 333 58005 81630 83368=
41217 42760 22012 10259 20142 30103 40132 82500 333 58002 82650=
41246 36/// /0910 10248 20199 30131 40134 333 0E021 55300 25022 59014=
41253 36/// /3406 10268 20142 39765 40120 333 0E018 55300 25022 59009=
41258 36/// /0710 10238 20184 30136 40139 333 0E/// 55309 21897 58001=
41262 36/// /1507 10259 20132 39942 40135 333 0E017 55300 22954 59003=
41263 36/// /2003 10236 20106 39558 40115 333 0E016 55300 22941 59007=
41265 36/// /1504 10252 20038 39553 40112 333 0E017 55300 23105 59012=
41267 36/// /0609 10252 20176 30125 40137 333 0E019 59004=
41268 36/// /2203 10285 20129 30083 40129 333 0E020 55300 25022 59008=
41275 36/// /1405 10261 20131 39987 40155 333 0E013 55300 22978 59003=
41288 36/// /1008 10260 20158 30127 40149 333 0E022 59012=
41315 36/70 /1803 10228 20146 39316 48002 333 0E021 55300 27865 59003=
41316 32588 19910 10256 20166 30116 40146 81500 333 59006 55407 55408 55507 55508 81630=
41396 42965 00805 10273 20128 39405 40109 333 58011=
41480 41458 71008 10268 20194 30140 40148 875// 333 59004 83618 87630=
41506 12960 43604 10135 21060 38551 48470 60001 84020 333 56080 58000==
41508 12460 31801 10200 21047 38667 48410 60001 83200 333 56800 59011==
41515 12960 40902 10128 21096 38585 48480 60001 84020 333 56080 58032==
41516 12940 62302 10150 21049 38588 48460 60001 86070 333 56080 59023==
41517 12960 21302 10070 21082 37841 48630 60001 80001 333 56008 59013==
41518 12960 70000 10139 21028 30001 48010 60001 84470 333 56880 58000==
41519 12960 50000 10155 21038 38799 48400 60001 80002 333 56008 59004==
41523 12960 02302 10200 21006 39099 48210 60001 333 59023==
41535 12960 53101 10175 21061 38720 48930 60001 85020 333 56080 59008==
41536 12960 30000 10210 21045 39038 48230 60001 83010 333 56080 59019==
41560 12960 41301 10080 21028 38330 48580 60001 84030 333 56080 59003==
41571 11940 61802 10220 21099 39572 40146 60001 70522 82031 333 56088 59030==
41598 11440 70501 10205 20023 39890 40160 60001 70500 84530 333 56880 59007==
41600 11940 30000 10210 20100 30000 40146 60001 70500 83030 333 56080 59014==
41620 12440 23601 10185 21060 38592 48970 60001 82500 333 56800 59012==
41624 12940 30501 10250 20040 30000 40149 60001 83020 333 56080 59025==
41630 11940 22302 10240 20020 30000 40157 60001 70500 82030 333 56080 59019==
41640 11940 23001 10240 20020 39905 40151 60001 70500 333 59011==
41660 12960 23008 10170 21096 38424 48120 60001 84030 333 56080 59023==
41678 11940 00000 10240 20081 30000 40161 60001 70500 333 59024==
41696 12460 52303 10160 21049 37997 48030 60001 83520 333 56880 59002==
41697 12460 60000 10240 20068 30000 40154 60001 86500 333 56800 59036==
41700 11940 32302 10250 20055 30000 40145 60001 70500 83030 333 56080 59030==
41710 12960 00000 10235 21053 30000 40083 60001 333 59018==
41712 12960 02303 10230 21135 39178 48120 60001 333 59011==
41715 11940 40000 10230 20051 30000 40155 60001 70500 84030 333 56080 59035==
41718 11940 32302 10260 20042 30000 40152 60001 70500 83030 333 56080 59029==
41725 12940 43102 10215 20056 30000 40137 60001 84030 333 56080 59049==
41739 12940 32303 10210 20116 39082 48470 60001 83030 333 56080 59006==
41744 42940 30000 10160 20007 38805 48300 83020 333 56080 59019==
41749 12940 31803 10265 20094 30000 40152 60001 80001 333 56008 59038==
41756 12940 21303 10255 20148 30000 40161 60001 80001 333 56008 59017==
41757 12940 02304 10265 20129 30151 40163 60001 333 59016==
41759 12940 30501 10265 20081 30000 40159 60001 83010 333 56080 59020==
41764 11940 41302 10270 20028 30093 40142 60001 70500 80001 333 56008 59026==
41768 12440 20000 10310 20088 30137 40144 60001 82500 333 56800 59023==
41780 12440 31304 10290 21039 30117 40144 60001 83500 333 56800 59025==
41785 12940 40501 10270 20089 30137 40150 60001 83030 333 56080 59004==
41859 01950 01302 10251 20100 30095 40132 70500 333 58009 70000==
41883 02950 00000 10260 20060 30108 40128 333 58001 70000==
41891 01950 02704 10275 20090 30088 40126 70500 333 58002 70000==
41907 01940 03104 10250 20070 30113 40128 70500 333 58001 70000==
41923 02956 03204 10270 20020 30115 40124 333 59004 70000==
41936 01940 03006 10274 20080 30120 40127 70500 333 59007 70000==
41943 02956 03103 10275 20060 30112 40119 333 59005 70000==
41950 02950 03202 10265 20050 30123 40125 333 59003 70000==
41978 01957 03313 10276 20050 30109 40115 70500 333 59004 70000==
41992 01930 00305 10288 20060 30111 40113 70500 333 59010 70000==
42027 31595 71801 10116 21060 38438 48524 70522 85420 333 59018=
42071 31996 32906 10216 20045 40153 70500 83030 333 59009 83360=
42101 32996 32904 10232 20076 40151 83030 333 59006 83360=
42111 31996 60701 10236 20091 39418 40105 70522 84031 333 58000 84360 86075=
42123 32996 20000 10256 20052 40143 82030 333 59027 82360=
42131 32996 12703 10248 20010 40157 80001 333 59009=
42165 32996 40000 10274 21013 40132 80001 333 59032 84070=
42182 31996 02704 10252 20039 40136 70500 333 59015=
42189 31995 03203 10220 20103 40131 70500 333 59002=
42309 31996 30000 10246 20179 40120 70500 83030 333 58002=
42314 31996 33605 10250 20170 40117 70500 83030 333 59001 83360=
42328 32996 50000 10284 20188 40119 80001 333 59029 85070=
42339 31995 31402 10280 20010 40134 70500 80001 333 59029 83070=
42348 32996 51806 10260 21019 40145 82031 333 59018 82360=
42361 31996 40000 10260 20053 40144 70510 80001 333 59010 84070=
42369 31995 02708 10256 20076 40138 70500 333 59005=
42379 31995 22503 10238 20123 40129 70500 80001 333 58004 82070=
42410 31595 11802 10262 20161 40121 70500 81500 333 58006 81620=
42415 31995 00000 10252 20161 40126 70500 333 58013=
42452 31996 40902 10246 21002 40139 70500 80001 333 59021=
42492 31996 03203 10266 20116 40117 70500 333 59001=
42559 32996 30000 10270 20053 40142 80002 333 59012 83075=
42571 31996 23201 10254 20049 40137 70500 80001 333 59008 82075=
42591 32996 10000 10244 20062 40151 81030 333 58008 81360=
42623 31596 13202 10248 20040 39235 40087 70500 81100 333 59006 81820=
42634 32896 30000 10326 20071 40135 83030 333 59014 83358=
42647 31996 40708 10300 20099 40130 70422 80001 333 59012 84070=
42667 32996 03408 10262 20013 39552 40132 333 59008=
42675 32996 33203 10252 20045 40135 83040 333 59016 830360=
42701 32596 23204 10252 21065 39396 40112 82030 333 58000 82360=
42724 31996 02702 10266 20116 40121 70500 333 59003=
42737 32996 20704 10334 20097 40122 80001 333 59011 82070=
42754 32996 20902 10288 20105 39492 40113 80001 333 59017 82075=
42779 32996 03604 10274 20045 39435 40119 333 59010=
42798 31996 00202 10302 20028 40114 70500 333 59001=
42809 31996 03603 10260 20082 40130 70500 333 59002=
42840 32996 02703 10340 20172 40118 333 59004=
42867 31996 00503 10314 20121 40120 70500 333 59014=
42874 32996 03402 10313 20122 40119 333 59012=
42886 32996 03204 10334 20155 40116 333 59008=
42895 32996 00901 10282 20106 40128 333 58000=
42909 32996 02503 10286 20208 40122 222// 20000 333 59002=
42971 31996 03402 10312 20162 40126 70500 333 59004=
43003 31995 03204 10336 20162 40107 70400 333 59002=
43014 31595 21804 10328 20210 39466 40090 70540 82500 333 59011 82620=
43041 31596 10000 10324 20132 39502 40097 70500 81100 333 59005 81830=
43063 32597 10000 10330 20202 39489 40090 81500 333 59001 81626=
43086 32997 00000 10328 20183 39930 40104 333 59009=
43110 31995 02705 10330 20158 40109 70544 333 59005=
43117 32597 23602 10336 20223 40094 82500 333 59008=
43128 32597 41403 10326 20171 39511 40099 82530 333 59008 82620 84360=
43150 31996 31402 10304 20241 30059 40120 70500 80001 333 59007 83075=
43185 32997 01803 10324 20211 30102 40105 333 59009=
43189 32997 20000 10314 20242 30107 40116 80001 333 59007=
43192 32996 02303 10336 20190 40099 333 59008=
43198 32996 20910 10322 20090 39282 40076 80001 333 59005 82012=
43201 32997 02302 10332 20107 39372 40071 333 59003=
43213 32997 09901 10364 20111 39773 40078 333 59013=
43233 32997 11408 10316 20199 39295 40087 80001 333 59007=
43237 32997 21106 10344 20143 39683 40061 80001 333 59011 82075=
43245 32597 11104 10324 20185 30084 40110 81400 333 59014=
43279 32597 30504 10320 20217 30100 40117 82501 333 59007 82620 83075=
43284 32996 02508 10338 20169 39972 40084 333 59014=
43295 32997 10502 10300 20161 39098 48522 80001 333 59004 81075=
43314 32997 12305 10348 20237 40092 80001 333 59011=
43321 31996 30710 10314 20106 39661 40097 70500 80001 333 59003 83070=
43329 32597 41102 10302 20240 30100 40114 82531 333 59006=
43333 31495 13601 10304 20225 40090 70510 81500 333 59002 81618=
43344 31496 60509 10322 20194 30007 40104 70522 82531 333 59010 82616 83360=
43353 31496 22906 10316 20174 40091 70521 81500 333 56700 59007 81620=
43369 32497 40903 10322 20239 40100 84400 333 59002 83618=
43371 32597 22701 10332 20192 30022 40093 81501 333 59008 81620=
44212 42/84 30202 11198 21240 39199 40442 57012 83040==
44213 42684 70000 11173 21225 38834 40411 57009 87500==
44214 42970 22705 11111 21238 38284 40355 57013 80001==
44215 42970 61104 11126 21207 38416 40364 57013 80008==
44217 32998 00000 11164 21247 37845 40436 57013 333 91202=
44218 42984 03604 11158 21205 38632 40401 56011==
44219 32999 43002 11186 21208 38652 40426 57011 82038 333 91202=
44265 42984 21401 11073 21170 38877 40339 56012 80001==
44266 32999 40705 11105 21218 37744 40328 57007 80008 333 91206=
44404 42358 20903 10202 20008 38125 48453 81101 333 59003=
44416 42960 11304 10252 20112 39344 40115 80001 333 59001=
44424 42560 22306 10189 21043 37637 47057 81101 333 59001=
44434 41457 11106 10205 20127 39216 48496 70140 81100 333 59013=
44438 41940 01704 10225 20137 30008 40137 70544 80000 333 58011=
44449 41950 01608 10230 20156 39968 40127 70544 80000 333 58006=
44454 42457 22607 10201 20086 38642 48478 82100 333 58006=
44462 42/56 80903 10116 20070 38238 48459 88600 333 58013=
44474 41010 20907 10146 20072 38244 48481 70544 82200 333 58014=
44477 41330 52702 10170 20125 38821 48526 71044 85400 333 58028=
44478 41930 02504 10236 20172 30047 40129 70544 80000 333 58013=
48010 42957 01801 10300 20166 39948 40096 333 58005==
48020 42960 00401 10288 20159==
48025 42430 30401 10291 20159 39963 40105 58003 83400==
48048 42958 03601 10327 20234 30028 40083 333 59011==
48052 32957 03602 10343 20184 333=
48062 42558 23208 10300 20207 30104 40110 82500 333 58007==
48064 42958 01401 10320 20215 30023 40079 333 59006==
48094 42459 13202 10335 20220 30082 40092 81200 333 59008==
48109 42460 30401 10295 20223 30111 40114 83900 333 58004==
51076 14/69 /2101 11126 21192 39417 40372 57006 60001 333 11053 21197 3/103 4/025 59020 70000 90761 91102==
51087 14/80 /2702 11093 21169 39261 40359 57006 60001 333 11053 21174 3/106 4/018 59024 70000 90761 91103==
51156 14/80 /1103 11042 21188 38719 40328 57008 60001 333 11035 21151 3/117 59026 70000 90761 91106==
51243 14/50 /2301 11129 21198 39775 40378 57009 60001 70500 333 11128 21208 3/116 59023 70000 90761 91103==
51334 14/44 /0301 11124 21176 39926 40372 57011 60001 70500 333 11122 21241 3/112 4/012 59027 70000 90761 91103==
51379 14/49 /0101 11072 21145 39341 40372 57003 60001 70500 333 11055 21240 3/107 4/022 59020 70000 90761 91103==
51463 14/64 /3601 11074 21165 39077 40346 57006 60001 333 11060 21147 3/101 4/036 59019 70000 90761 91103==
51573 14/68 /1601 10046 21153 30247 40299 57022 60001 333 10047 21049 3/111 59048 70000 90761 91104==
51644 14/58 /2403 10021 21133 38990 40302 57018 60001 333 10023 21119 3/107 4/002 59035 70000 90761 91106==
51656 14/34 /2604 10021 21121 39200 40304 57020 60001 70700 333 10022 21117 3/114 59036 70000 90761 91108==
51709 14/61 /1602 10035 21157 38649 40271 57019 60001 333 10036 21077 3/110 59030 70000 90761 91105==
51711 14/62 /0904 11023 21150 38012 40240 57016 60001 333 11021 21156 3/120 59022 70000 90761 91107==
51716 14058 02002 10052 21159 38945 40280 57024 60001 333 10052 21099 3/115 59032 70000 90761 91105==
51765 14/64 /2503 10034 21153 39268 40305 57016 60001 333 10036 21106 3/115 59036 70000 90761 91106==
51811 14/58 /1203 10052 21166 38807 40265 57034 60001 333 10054 21095 3/116 59037 70000 90761 91106==
51818 14/57 /1003 10048 21182 38656 40268 57031 60001 333 10050 21097 3/116 59029 70000 90761 91107==
51886 14/80 /2004 10008 21254 37100 40243 57012 60001 333 10014 21154 3/120 59012 70000 90761 91109==
52203 14/77 /2702 10024 21183 39384 40305 57014 60001 333 10026 21125 3/117 59043 70000 90761 91105==
52602 14/80 /3005 11009 21243 37266 40302 57010 60001 333 11006 21180 3/122 59011 70000 90761 91109==
52818 14/74 /3004 10036 21264 37235 40245 57003 60001 333 10043 21130 3/120 59018 70000 90761 91110==
52908 14/73 /3010 11079 21316 35745 40298 57016 60001 333 11061 21235 3/126 58011 70000 90761 91123==
55228 14/80 /2506 10005 21218 36016 40201 57021 60001 333 10009 21158 3/122 59005 70000 90761 91111==
55299 14/80 /2707 10007 21329 35839 40184 57021 60001 333 10010 21194 3/125 58015 70000 90761 91117==
55578 14/80 /2804 10127 21285 36332 49945 57042 60001 333 10130 21041 3/111 58002 70000 90761 91115==
55591 14/80 /0801 10127 21285 36481 49973 57041 60001 333 10132 21020 3/109 58015 70000 90761 91106==
55664 14/80 /2706 10081 21294 35980 40075 57032 60001 333 10090 21125 3/117 58002 70000 90761 91113==
55773 14/80 /1109 10055 21107 35991 40097 57016 60001 333 10093 21138 3/119 58004 70000 90761 91114==
56004 14/80 /2806 11044 21352 35801 40272 57023 60001 333 11035 21239 3/130 58006 70000 90761 91115==
56018 14/80 /2802 10006 21348 36158 40141 57031 60001 333 10014 21130 3/118 58030 70000 90761 91110==
56312 14/80 /1103 10123 21052 37042 40031 57036 60001 333 10125 20017 3/000 58008 70000 90761 91107==
62306 42560 63209 10144 20050 40254 52001 86800==
62309 42560 60304 10156 20024 40236 52006 86800==
62325 42560 61104 10168 20067 40235 57003 86500==
62332 42560 63508 10144 20041 40232 52006 86800==
62337 42560 60000 10142 20086 40224 52001 86800==
62366 45560 60112 10137 20014 40230 57001 86227==
62387 42960 03610 10147 20058 40232 57007==
62393 42960 00112 10129 20026 40244 57006==
62405 42960 03403 10165 20026 40203 57008==
62414 42960 03508 10166 20019 40206 57004==
62419 42960 00410 10161 20025 40199 57010==
62420 42960 00207 10146 20015 40240 57002==
62432 42960 00106 10140 20030 40263 52004==
62435 42960 00114 10157 20019 40224 57004==
62440 42560 63408 10152 20056 40233 52001 86200==
62455 42560 43508 10151 20050 40225 57001 84200==
62458 42560 60206 10157 20018 40216 57002 84220==
62459 42560 22609 10172 20035 40191 54000 82100==
62465 42960 03008 10137 20057 40196 52003==
63210 32680 10310 10268 20210 40124 81100 333 58002 81838=
41256 329// 30510 10245 20174 30126 40143 90845 333 59001 55407 55408 55507 55508=
