SIPK OPKC 090900=
41504 22697 70000 10085 21075 37866 48512 83230 333 56990 59038 60007 83845 86360 RH31%=
41505 22696 62304 10080 21041 38/// 48/// 82530 333 56990 58/// 82640 84360 45%=
41506 22697 63604 10140 21049 38534 48531 83520 333 56990 59017 60007 83640 84460 26%=
41507 22697 31802 10200 20042 39279 49789 83500 333 56900 59017 60007 83640 35%=
41508 22697 72302 10167 21061 38667 48540 83520 333 56990 58000 60007 83635 84460 21%=
41509 22697 50502 10160 21049 38770 48515 81530 333 56990 59010 60007 81640 84362 RH 23%=
41510 22697 61802 10120 20022 37916 48516 82530 333 56990 58002 60007 82640 84360 53%=
41515 22997 50506 10101 21063 38581 48543 82520 333 56990 59004 60007 82650 83460 31%=
41516 22997 51302 10155 21086 38568 48526 85040 333 56090 59020 60007 85462 RH18%=
41517 22697 50000 10085 21098 37817 48535 83530 333 56990 59024 60007 83640 83360 26%=
41518 22697 70000 10144 21028 38/// 48/// 83470 333 56990 5//// 60007 83440 85762 31%=
41519 22997 50000 10165 21087 38886 48529 81502 333 56909 59013 60007 81640 85070 RH17%=
41520 22697 51806 10080 21085 37639 48268 82430 333 56990 59012 60007 82840 83362 30%=
41523 22997 32304 10210 20013 39089 48523 80001 333 56009 59001 60007 83070 27%=
41524 22697 53602 10205 21058 39358 40208 82520 333 56990 59005 60007 82640 83460 16%=
41525 22697 43606 10090 21013 37684 48395 81520 333 56990 59007 60007 81640 83460 48%=
41528 22997 00000 10200 20028 39213 48517 333 59009 60007 32%=
41529 22996 00902 10255 20049 39780 40152 333 58007 60007 RH27%=
41530 21996 43606 10250 21030 39724 40131 70511 81031 333 56099 59012 60007 81360 83070 16%=
41534 22997 00000 10245 20012 39730 40134 333 59006 60007 22%=
41535 22697 62702 10195 21016 38714 48489 83520 333 56990 59006 60007 83635 84460 RH24%=
41536 22597 70000 10220 21002 39037 48514 83520 333 56990 59001 60007 83630 87460 23%=
41560 22997 00000 10085 21037 38314 48538 333 59016 60007 RH42%=
41562 22997 41302 10230 21045 39690 40147 84030 333 56090 59011 60007 84360 RH 16%=
41565 22996 33104 10144 21038 38657 48526 83020 333 56090 59017 60007 83460 RH 28% =
41567 21996 00000 10215 20041 39702 40112 70500 333 58004 60007 32%=
41571 21966 32304 10240 21039 39561 40129 70500 81031 333 56099 59011 60007 RH15%=
41572 21996 02708 10240 21039 39505 40113 70500 333 59008 60007 RH15%=
41573 22697 31304 10155 20025 37976 48491 83500 333 56900 59001 60007 83630 42%=
41574 22697 42302 10160 21012 38351 48527 84400 333 56900 59003 60007 84640 31%=
41576 21996 02306 10270 21012 40150 70500 333 59017 60007 16%=
41577 21996 01302 10245 21026 39531 40131 70500 333 56000 59009 60007 RH 16%=
41593 21996 02302 10260 20042 39923 40131 70500 333 59010 60007 25%=
41597 22997 02702 10245 20076 40149 333 59012 60007 34%=
41598 21996 02302 10260 20042 39865 40130 70500 333 59025 60007 25%=
41599 21996 02706 10230 20051 39853 40138 70500 333 59016 60007 31%=
41600 21996 00000 10240 20053 39840 40129 70500 333 59013 60007 30%=
41620 32696 20502 10185 21060 38585 48490 82500 333 56900 59007 60007 82640 18%=
41624 22997 00902 10260 20073 40133 333 59015 60007 30%=
41625 21996 01304 10255 20015 39924 40120 70500 333 59012 60007 21%=
41630 21996 22702 10245 20062 40143 70500 82030 333 56090 59013 60007 82360 31%=
41633 22997 00000 10255 20033 4//// 333 5//// 60007 24%=
41634 22997 03102 10230 21020 3//// 4//// 333 5//// 60007 19%,=
41635 22997 00000 10250 20055 3//// 4//// 333 5//// 60007 29%=
41636 21996 03102 10245 20076 39973 40155 70500 333 59001 60007 34%=
41638 21996 01804 10245 20062 4//// 70500 333 5//// 60007 31%=
41639 22997 03104 10230 20051 4//// 333 5//// 60007 31%=
41640 21996 02702 10250 20023 39892 40137 70500 333 59013 60007 23%=
41641 21996 23007 10250 20055 39867 40135 70500 82030 333 56090 59011 60007 82360 29%=
41642 21996 03102 10235 20086 4//// 70500 333 5//// 60007 39%=
41643 21996 02702 10235 20122 39863 40134 70500 333 59012 60007 49%=
41644 21996 00000 10230 20079 4//// 70400 333 5//// 60007 38%=
41646 21996 03104 10250 20070 40159 70500 333 59007 60007 32%=
41652 21996 00504 10235 20086 40152 70500 333 59005 60007 39%=
41660 22997 72308 10145 21060 38423 48512 82430 333 56990 59003 60007 82840 85360 RH29%=
41661 22697 80000 10150 20003 38369 48495 83520 333 56990 59007 60007 83635 85460 37%=
41669 22997 02302 10260 20099 3//// 4//// 333 5//// 60007 36%=
41670 21996 21802 10240 20068 4//// 70500 333 5//// 60007 33%=
41674 21996 12304 10230 20079 3//// 4//// 70500 81030 333 56090 5//// 60007 81360 38%=
41675 21995 00000 10250 20070 39996 40137 70500 333 59011 60007 32%=
41676 21996 00000 10240 20094 30011 40168 70500 333 59015 60007 39%=
41677 21996 02304 10240 20094 39971 40135 70500 333 59012 60007 39%=
41678 21996 30000 10260 20099 40145 70500 83020 333 56090 59014 60007 83460 36%=
41679 21996 20000 10240 20081 4//// 70500 82030 333 56090 5//// 60007 82360 36%=
41680 21996 32304 10255 20104 40143 70510 83030 333 56090 59012 60007 83362 39%=
41685 22997 01802 10200 21102 38906 48498 333 59008 60007 RH12%=
41696 22697 52308 10150 20003 38002 48511 82520 333 56990 58005 60007 82640 83460 RH37%=
41697 22997 00000 10260 20042 40139 333 59014 60007 RH25%=
41700 21996 03606 10260 20086 40129 70500 333 59015 60007 33%=
41701 21996 00504 10270 20061 40153 70500 333 59013 60007 26%=
41710 22997 21306 10230 20062 40068 80001 333 56009 59015 60007 82070 RH34%=
41712 22997 32306 10240 20065 39156 48520 83030 333 56090 59022 60007 83360 RH32%=
41715 21996 00000 10240 20068 40140 70500 333 59015 60007 RH33%=
41716 21996 00504 10260 20042 40140 70500 333 59012 60007 25%=
41718 21995 00504 10265 20094 40131 70500 333 59021 60007 34%=
41724 21996 03104 10260 20111 40151 70500 333 59019 60007 RH39%=
41725 22996 03104 10250 20084 40134 333 59001 60007 RH35%=
41726 21995 00504 10265 20150 30086 40157 70500 333 59024 60007 RH49%=
41738 22996 02708 10260 20073 40135 333 59013 60007 RH30%=
41739 22996 42308 10225 20134 39080 48548 80001 333 56009 59008 60007 84070 RH57%=
41742 22997 01802 10295 21015 40144 333 58001 60007 RH13%=
41743 21996 00502 10250 20108 70400 333 60007 RH41%=
41744 22996 30000 10215 21057 38776 48506 83020 333 56090 59029 60007 83460 RH16%=
41745 21996 03106 10240 20081 70400 333 60007 RH36%=
41746 22996 03604 10260 20099 40150 333 59003 60007 RH36%=
41747 21996 03104 10250 20070 40138 70500 333 59017 60007 RH32%=
41748 22996 00502 10245 20089 40144 333 59020 60007 RH37%=
41749 22996 03108 10270 20101 40138 333 59014 60007 RH35%=
41756 22596 21804 10245 20155 40144 82400 333 56900 59018 60007 82625 RH57%=
41757 22996 01808 10260 20144 30141 40153 60001 333 59009 60007 RH49%=
41759 22996 02302 10255 20127 40142 333 59017 60007 RH45%=
41760 01996 00904 10245 20101 40133 70500 333 59020 60007 RH40%=
41764 21996 00000 10280 20048 30080 40130 70400 333 59013 60007 RH23%=
41765 22996 00000 10285 20072 30109 40141 333 59005 60007 RH26%=
41766 21996 03102 10275 20084 40151 333 59030 60007 70000 RH30%=
41767 22996 00000 10280 20092 3//// 4//// 333 60007 RH31%=
41768 22996 02702 10305 20079 30127 40134 333 59010 60007 RH24%=
41780 21996 01302 10290 20015 30109 40136 70500 333 59008 60007 RH17%=
41783 02996 00502 10285 20057 30093 40122 60002 333 59019 60007 RH24%=
41785 22996 03102 10280 20128 30123 40136 333 59014 60007 RH39%=
41786 22996 00404 10320 20026 30085 40120 333 59019 60007 RH16%=
41BAG 22697 42302 10055 21088 60002 84500 333 56900 60007 84640 35%=
41BKI 22996 20000 10250 21017 39726 40133 82030 333 56090 59015 60007 82360 RH 17%=
41SKP 21996 03102 10220 20090 4//// 70500 333 5//// 60007 43%=
43532 22997 00000 10220 20015 39319 40103 333 59020 60007 26%=
43533 22997 30000 10235 20027 39213 48507 83020 333 56090 59009 60007 83460 26%=
43563 22997 00000 10272 20045 40110 333 59015 60007 24%=



Data Generated from File : D:/all data handling/Rmc_lhr/2025020909.FSU.txt
09/02/2025   09:56:59
____________________________________________________________________________________________
15020 24565 81102 11055 21085 30209 40423 52002 8657/ 333 55300 20374 60007 91004 90730 91105==
15090 21440 70601 11046 21080 30324 40424 50002 71022 87500 333 55300 00190 20392 30386 60007 91003 90730 91104==
15108 22984 01209 11070 21185 38166 48585 50002 333 55310 21501 60007 91011 90730 91112==
15150 24565 53303 11045 21088 30189 40419 54000 83870 333 55302 20638 60007 91005 90730 91105==
15170 24970 00000 11044 21094 39556 42918 58004 333 55310 21040 60007 91001 90730 91102==
15280 22984 01203 11092 21203 37550 47087 52002 333 55310 21788 60007 91004 90730 91106==
15310 24461 70103 11047 21079 30306 40399 51004 87600 333 55302 00320 20596 30577 60007 91007 90730 91108==
15335 27560 70104 11047 21076 30384 40391 52003 7101/ 84530 333 55300 20420 60007 91007 90730 91108==
15350 24970 00405 11019 21089 30276 40404 54001 333 55310 20909 60007 91008 90730 91109==
15360 24/70 70312 10001 21043 30347 40365 50001 87070 333 55300 20432 60007 91015 90730 91115==
15420 24564 50000 11012 21071 30278 40396 54000 85800 333 55302 20683 60007 91002 90730 91104==
15460 24463 80204 11037 21071 30367 40394 52006 886// 333 55300 20402 60007 91007 90730 91108==
15470 24570 80602 11017 21082 30265 40400 54001 8457/ 333 55300 20584 60007 91004 90730 91104==
15480 24465 73003 11017 21052 30350 40369 52002 87600 333 55300 00200 20376 30321 60007 91006 90730 91108==
15549 42560 73603 11049 21069 39938 40383 53001 87500 333 11048 21057 555 584//=
15552 42565 43406 11001 21054 30297 40349 53003 84500 333 10000 21022 555 568// 92036 92437=
15640 42674 43207 11017 21045 30038 40369 53008 83230 333 11014 21034 555 581//=
15655 41568 83412 11006 21046 30309 40344 54000 70272 885// 333 11005 21014 91116 555 57100 60099 92047 92447=
15730 41970 83604 11012 21047 39944 40362 54000 70272 87077 333 11011 21035 555 57700 63635=
16627 42560 70308 10026 21055 30329 40335 51004 87800 333 82820 86635 90730 91117==
16650 42460 70518 10050 21029 30310 40319 51003 87600 333 83715 87625 90730 91127==
16667 42560 63616 10068 20008 30276 40289 50007 86800 333 82820 85630 90730 91132==
16706 41560 50119 10080 20033 30252 40259 51002 70252 85500==
16723 42560 30215 10094 21014 30231 40245 52012 83200 333 90730 91125==
16742 42460 13515 10102 20017 30058 40216 54000 81100 333 90730 91125==
16749 42460 10205 10126 20026 30185 40199 52003 81100 333 90730 91110==
16754 42460 63518 10112 20046 30203 40253 52010 84860 333 81818 84625 85358 90730 91128==
16757 42560 73222 10106 20073 30088 40224 52008 84520 333 84625 87458 90730 91133==
16760 41440 73613 10062 20038 40253 52010 76066 87600 333 83710 86625 90730 91124==
16765 42560 33222 10130 20023 40206 58017 83200 333 90730 91130==
17022 41570 71604 10026 20025 30117 40290 51001 72582 84270 333 84833 87359 90730 91107==
17024 41558 82110 10019 20017 30192 40273 52002 76166 8652/ 333 86630 88558 90730 91115==
17026 41568 82804 10052 20035 30228 40268 52001 76022 8452/ 333 84628 88458 90730 91114==
17031 41465 73009 10054 20032 30258 40265 50000 70282 87200 333 84712 87827 90730 91118==
17034 42670 62401 10073 20013 30219 40266 58004 83250 333 83835 86360 90730 91105==
17038 42670 53103 10085 20021 30205 40254 50000 83230 333 83835 85360 90730 91113==
17042 42670 70000 10085 20024 30222 40262 58004 84250 333 84835 87360 90730 91103==
17050 42670 73506 10005 21067 30284 40350 58004 84570 333 84635 87358 90730 91113==
17056 42670 63312 10012 21030 30318 40323 58002 83530 333 83635 86360 91022 90730 91124==
17060 41460 70411 10053 20024 30261 40297 55000 78022 87200 333 83712 87825 90730 91120==
17070 42565 82501 10004 21042 39375 40278 54000 8552/ 333 85630 88460 90730 91103==
17074 41570 82101 10009 20003 39298 40262 58003 77077 8552/ 333 85623 88457 90730 91106==
17084 42670 62801 10024 21010 39321 40253 58004 86500 333 86635 90730 91103==
17085 42670 51201 10060 21025 39750 40252 58004 83550 333 83635 85360 90730 91105==
17092 42660 10000 11014 21071 38882 48500 58005 81500 333 81645 90730 91104==
17096 42660 30912 11048 21094 38233 48506 58002 81540 333 81635 83358 90730 91116==
17098 42660 52706 11041 21106 38196 48513 58001 83530 333 83635 85357 90730 91112==
17100 42670 30000 10027 21054 39232 40258 58004 81530 333 81640 83358 90730 91105==
17112 42665 70309 10027 21027 30314 40317 50000 85570 333 85635 87360 90730 91118==
17115 42460 73615 10028 21001 30257 40310 50000 87200 333 84710 86830 90730 91130==
17116 41570 70305 10047 20010 30168 40294 58001 70252 85510 333 83720 84633 87459 90730 91108==
17124 42660 73310 10013 21058 39326 40274 50001 87500 333 87635 90730 91117==
17128 41560 50609 10023 21067 39123 40255 58002 70282 83250 333 83825 84359 90730 91115==
17135 42670 60203 10028 21035 39345 40245 58006 84550 333 84640 86360 90730 91108==
17140 41657 70602 11009 21051 38722 48503 58002 72277 85570 333 85635 87358 90730 91110==
17150 41460 73615 10032 20018 30161 40289 50001 78388 87200 333 84713 86835 90730 91124==
17160 41670 60409 10008 21067 39046 48505 58005 70272 84550 333 84636 86360 90730 91116==
17170 42660 11209 10001 21153 38324 48499 58001 81500 333 81640 90730 91120==
17175 42665 60706 10056 21019 30281 40285 50000 83250 333 83840 85360 90730 91110==
17184 42670 43407 10053 21004 30157 40272 52003 84200 333 84840 90730 91116==
17190 41670 70504 10000 21068 39027 48514 58001 70272 84550 333 84635 87360 90730 91107==
17195 42570 60504 11012 21059 38994 48503 58003 86500 333 86630 90730 91110==
17200 42960 01404 10024 21059 39221 40244 50000 333 90730 91108==
17202 42670 21804 10043 21049 39155 40225 58002 82500 333 82635 90730 91108==
17203 42970 00602 10046 21108 38888 48537 58002 333 90730 91111==
17210 42670 42601 10066 21081 39148 40194 50001 84100 333 84840 90730 91106==
17219 42565 10220 10072 21008 30107 40256 58003 81500 333 81630 90730 91132==
17234 42970 00804 10105 21026 30170 40240 50001 333 90730 91112==
17237 42670 41601 10058 21035 39731 40248 58003 82230 333 82840 84360 90730 91105==
17240 42570 30510 10044 21048 39048 40218 58005 83200 333 83830 90730 91124==
17244 41565 73608 10013 21041 39027 48512 50000 72272 85550 333 85628 87359 90730 91114==
17248 42670 80303 10008 21038 38999 48498 58001 8552/ 333 85635 88459 90730 91107==
17250 42670 60503 11008 21057 38817 48502 50000 83550 333 83640 86360 90730 91110==
17260 42960 01005 10082 21068 39340 40169 50000 333 90730 91111==
17270 42970 00405 10093 21067 39544 40198 50000 333 90730 91113==
17275 42670 60000 10036 21013 38989 48501 50006 86500 333 86640 90730 91108==
17280 42960 00608 10074 21063 39402 40205 50002 333 90730 91114==
17290 42970 00108 10107 21046 30184 40216 50002 333 90730 91121==
17292 42970 00302 10064 21070 39434 40204 58003 333 90730 91110==
17300 42960 03212 10116 21036 30137 40209 58003 333 90730 91118==
17310 42970 01903 10153 21014 30179 40186 51005 333 90730 91111==
17330 42670 32904 10123 21041 30184 40202 58002 81130 333 81840 83360 90730 91116==
17350 42560 50108 10122 21069 30107 40187 50000 82160 333 82830 85358==
17370 42670 53205 10138 20042 30187 40191 58004 83130 333 83835 85360 90730 91109==
17375 42670 21501 10133 21031 30190 40192 58001 82200 333 82835 90730 91105==
33088 42560 61403 11061 21085 30224 40430 52001 85270==
33135 42360 80901 11064 21088 30290 40449 57005 886// 333 88709==
33177 42570 71104 11048 21073 30151 40404 52001 87500==
33317 42570 51004 11072 21091 30064 40427 54000 85500==
33393 42460 51303 11040 21079 39974 40389 58001 85500 333 85613==
33415 42660 60401 11054 21083 39984 40409 58003 84530==
33429 42360 60903 11066 21090 39967 40420 57001 84630 333 84708==
33466 41558 80802 11073 21082 30232 40435 58005 71022 885//==
33506 42560 80503 11062 21085 30217 40428 57005 885//==
33562 42660 80802 11066 21090 30110 40438 50000 885//==
33587 42560 80701 11069 21089 30145 40429 57001 85501==
33658 42480 41205 11044 21078 30091 40410 57003 84600 333 84714==
33663 42570 60602 11056 21086 30322 40425 57003 86500==
33664 42998 80903 11069 21090 30079 40420 54000 8805/=
33678 42898 60803 11076 21105 30215 40443 52004 86050=
33679 42497 70302 11053 21086 30224 40429 57001 87500 333 87619=
33711 42460 80505 11058 21080 30190 40415 57005 886// 333 88710==
33745 42597 60403 11060 21071 30230 40439 53001 86900=
33748 42597 60802 11061 21088 30101 40406 57004 86300=
33754 42698 50302 11049 21073 30260 40418 56005 82131=
33761 42563 50306 11060 21073 30177 40416 57003 85500==
33791 42467 60405 11050 21075 30272 40409 57005 86600 333 86711==
33815 42598 63002 11055 21087 30183 40406 53003 86500=
33837 42465 60304 11030 21070 30334 40389 52001 83501 333 83710==
33881 42598 60203 11045 21073 30198 40408 53001 86300=
33883 42598 63506 11046 21071 30224 40398 54000 86500=
33885 42597 60105 11047 21091 30264 40411 54000 86500=
33892 42998 60204 11053 21085 30170 40397 53005 86050=
33902 42560 20407 11030 21069 30322 40385 58005 82501==
33924 42560 60608 11020 21048 30336 40349 57003 86500 333 91013 90730 91116==
33946 41473 60615 11024 21054 30096 40329 58001 73632 83502 333 83618 91019 90730 91120==
33983 42560 30510 11014 21058 30258 40322 57001 82501 333 91014 90730 91119==
34300 42560 30802 11055 21097 30242 40432 57009 83500==
34336 42970 00303 11090 21130 30318 40430 58007==
34344 42970 00202 11078 21114 30329 40423 57007==
34356 42960 00302 11081 21119 30253 40411 57008==
34357 42970 00202 11074 21103 30242 40408 58008==
34398 42/70 20707 11028 21069 30352 40365 58016 82040==
34415 41465 80701 11067 21087 30317 40421 57008 77772 887//==
34438 42660 30405 11092 21114 30205 40411 57006 83500==
34445 42970 50303 11096 21116 30292 40415 58003 80001==
34461 42/60 30303 11050 21101 30342 40401 57011 83030==
34473 42997 20206 11057 21096 30345 40385 58009 80001=
34476 42970 00205 11059 21094 30370 40378 58014==
34504 41359 80605 11073 21094 30224 40411 58004 72272 8772/==
34535 41570 23503 11087 21124 30329 40406 57005 70271 82800==
34545 41570 70305 11084 21113 30278 40398 58007 70182 87500==
34555 41440 80406 11063 21084 30303 40400 58004 71022 886//==
34560 42460 50406 11057 21087 30185 40387 57010 85600 333 85710==
34578 42960 00204 11033 21076 30358 40365 58016==
34579 42970 03403 11048 21084 30316 40361 57015==
34644 42560 80504 11058 21084 30302 40384 58007 8657/==
34646 42570 80504 11049 21073 30296 40383 57004 885//==
34655 42560 50403 11049 21085 30319 40383 58006 85500==
34662 42970 03604 11045 21087 30365 40377 58014==
34691 42/70 33606 11037 21086 30560 40547 57017 82032==
34720 42560 60504 11066 21099 30338 40380 57008 83631 333 90730 91111==
34727 41440 80605 11064 21087 30340 40372 57008 78588 883// 333 90730 91110==
34743 42460 60403 11048 21080 30282 40377 57006 84530==
34759 42560 30405 11039 21075 30228 40366 58010 83500==
34772 42970 00106 11021 21092 30350 40353 57014 333 91011 90730 91111==
34785 42970 00105 11025 21109 30359 40336 58017==
34798 42970 60205 11046 21107 30477 40446 58008 80005==
34824 42560 70705 11025 21064 30349 40354 57010 87500 333 90730 91111==
34838 41560 80505 11049 21086 30251 40353 58008 78781 889//==
34845 41440 80704 11054 21079 30247 40361 58006 77172 8872/==
34858 41540 70601 11059 21087 30248 40363 58007 71072 87500==
34861 42570 50506 11068 21423 30100 40358 57009 85500==
34866 42570 20204 11032 21083 30360 40350 58013 82500==
34880 42960 03503 11028 21101 30357 40329 57015==
34887 42970 03602 11033 21088 30361 40337 58011==
34949 42/// /0606 11060 21088 39766 40344 57009==
34954 42560 70303 11048 21083 30170 40354 58011 87500==
34958 42570 80302 11048 21086 30142 40353 58011 885//==
34975 42970 00102 11029 21084 30344 40340 58011==
34984 42970 03403 11024 21089 30363 40331 58013==
35217 42960 00603 11045 21112 30339 40381 52001==
35302 42970 00711 11032 21117 30357 40379 58007 333 90730 91115==
35315 42998 00707 11046 21114 30306 40365 54000=
35344 42999 00407 11090 21135 30081 40385 54000=
35358 42960 00505 11115 21159 30172 40352 57005==
35368 42999 00201 11071 21134 30079 40358 52003=
35386 42998 00000 11132 21175 39818 40373 52004=
35394 42970 12703 11057 21169 39637 40336 58002 80001==
35404 42998 20707 11031 21119 30345 40354 58015 80001=
35406 42/60 50807 11053 21094 30350 40352 58005 85030==
35416 42/70 20505 11056 21129 30233 40358 52008 82030==
35426 42984 03402 11049 21127 30056 40358 51003==
35437 41998 20712 11070 21113 30115 40445 58001 73630 80003 333 91016 91116=
35449 42998 00307 11111 21155 30242 40351 52005=
35497 42970 03601 11063 21143 39789 40637 58002==
35498 42998 00000 11082 21160 39425 40336 57004=
35514 42998 50705 11065 21125 30570 40566 52004 85030=
35522 42998 00504 11063 21128 30085 40348 52007=
35542 42998 40506 11095 21142 30194 40350 52001 80003=
35563 42998 00000 11080 21177 39559 40360 52006=
35576 42970 00503 11098 21163 39877 40349 58002==
35582 42998 01003 11115 21185 39718 40351 58003=
35594 42999 02001 11074 21165 39466 40332 58004=
35605 42998 30708 11054 21105 30353 40330 58001 83080=
35633 42998 30308 11085 21123 30105 40329 58007 80003=
35671 42/70 20804 11071 21129 39894 40340 58003 82040==
35699 42960 00503 11022 21136 39535 40301 58002==
35700 42/70 70903 11061 21110 30353 40328 52002 82035==
35715 42999 01004 11077 21137 30341 40325 58001=
35739 42999 50504 11090 21165 30161 40307 54000 80008=
35746 42/70 80306 11046 21122 30225 40294 54000 85052==
35777 42997 70205 11091 21136 39972 40333 58004 80004=
35796 42/60 20402 11074 21144 39866 40317 58003 82031==
35849 41570 80402 11051 21092 30195 40284 52007 70272 885//==
35895 42998 60104 11085 21138 39862 40325 58007 80002=
35907 42598 70605 11052 21093 30349 40317 58009 87500=
35925 42970 30502 11071 21105 30193 40310 58006 80002==
35927 42998 01101 11068 21147 30307 58007=
35953 41584 81005 11020 21070 30150 40282 52007 70272 885//==
35969 41/84 80501 11026 21087 30129 40307 52005 77072 8802/==
35997 42998 63601 11089 21155 39858 40311 58008 84036=
36259 41584 80000 11222 21252 38158 48458 57027 71522 85902==
36335 42999 13502 11056 21139 39271 40316 57009 80002=
36358 42999 03402 11056 21105 39257 40292 57013=
36394 42697 71403 11147 21181 39862 40310 57021 82532=
36397 42/84 52702 11126 21173 39703 40293 57032 82071==
36403 41996 80701 11150 21198 39926 40309 57016 71022 8807/=
36418 42999 70702 11203 21230 39672 40338 57018 85033=
36421 42999 83001 11176 21226 39715 40319 57019 8807/=
36428 42784 71202 11204 21253 39792 40336 57023 82550==
36439 42798 80602 11104 21145 38963 48471 57017 8355/=
36498 42998 03404 11072 21144 39479 40291 57007=
36501 42999 00000 11064 21143 39509 40278 57017=
36535 42/84 60000 11198 21247 39657 40341 57013 82031==
36546 42999 00000 11197 21238 39754 40337 57021=
36619 42999 00000 11115 21181=
36622 42998 20000 11106 21163 39467 40302 57008 82040=
36639 42984 02201 11069 21179 39651 40271 57014==
36643 42899 20102 11189 21219 39619 40332 57011 82080=
36665 41996 30103 11175 21201 39545 40320 57006 71000 80004=
36666 42498 52303 11210 21231 39804 40340 57016 82601=
36729 42998 02402 11086 21150 39789 40288 58013=
36736 42999 02201 11051 21158 39713 40278 57015=
36744 42998 30403 11081 21149 39841 40308 58003 80001=
36770 42999 00000 10010 21074 39540 40265 58003=
36786 42999 00000 11041 21097 39341 40273 52002=
36796 42998 00000 11082 21163 39048 48497 58009=
36803 42999 02804 11101 21135 39827 40295 54000=
36806 42999 01508 11135 21234 39810 40305 57007=
36819 42998 82701 11071 21118 39663 40296 58003 80004=
36821 42984 53502 11032 21124 39793 40292 58001 80002==
36839 42999 20301 11042 21133 39128 40277 58001 80001=
36843 42998 00901 10034 21106 39080 40240 58001=
36846 42999 20601 10010 21147 38627 48520 58002 80002=
36859 42984 00000 10070 21065 39500 40266 57012==
36870 41940 53601 10031 21040 39235 40240 52001 71011 80001==
36874 42998 51801 11023 21089 39617 40416 54000 80006=
36877 42999 43101 10015 21057 39674 40690 52005 80001=
36885 42999 02702 11016 21065 39125 40265 52002=
36889 42999 50000 11030 21129 37053 47070 54000 83012=
36894 42996 00000 11021 21066 39521 40270 56003=
36905 42999 00000 10015 21059 38753 48506 58007=
36911 42998 50000 10038 21011 39294 40266 52022 80005=
36927 42699 60902 10062 21086 38357 48525 58010 82952=
36934 42597 81403 10031 21004 38274 48400 58007 86932=
36953 42999 61201 10048 21054 38187 48508 57016 80002=
36963 42999 61402 11009 21116 37028 48/// 58008 80001=
36974 42998 71801 11002 21071 38003 48533 57013 80005=
36982 42599 33204 11054 21174 36513 47072 58010 82201=
37018 42670 60304 10018 21076 30184 40262 52001 86200 333 91010 90730 91113==
37031 42960 00505 11011 21112 30126 40330 57013==
37054 42660 20704 11042 21106 39941 40346 57009 82500==
37061 42460 20502 11023 21088 30171 40348 58013 82500==
37085 42570 33303 11035 21088 30368 40340 58009 83500==
37171 42670 21602 10106 20032 30231 40249 58003 82100==
37228 41420 83501 11055 21080 39447 40324 57008 71022 886//==
37235 42670 72202 11039 21082 30004 40337 57009 8750/==
37472 42960 03105 11001 21083 30352 40329 57012==
38149 42970 03403 11061 21120 30214 40295 58012==
38178 42/70 62503 11054 21126 39960 40259 52005 86080==
38262 12970 03002 11050 21123 30200 40286 58007 60002==
38264 42970 0//01 11046 21133 30191 40288 57015==
38345 41696 80000 10034 21004 38843 48534 52001 710// 885//=
38353 42998 62703 10059 21024 39364 40260 52010 80001=
38388 42998 32701 11036 21116 30204 40278 58002 80003=
38392 42997 43602 11037 21123 30177 40285 58011 80002=
38396 42960 51802 11026 21143 30155 40285 58012 80001==
38403 42960 01801 11038 21105 30147 40273 52007==
38413 42970 02903 11044 21058 39997 40303 58006==
38457 42460 82402 10043 20015 39664 40258 57012 8852/==
38462 41684 60000 10078 21030 38780 48524 58016 70277 83950==
38507 42698 70107 10003 21090 30184 40291 54000 83501=
38545 42998 53201 11042 21084 30104 40288 58010 80003=
38565 12660 80000 11025 21052 39650 40226 58001 60002 885//==
38579 41520 83503 10020 20009 39827 40253 57023 75152 886//==
38583 42560 83603 10059 20019 39937 40261 58012 8872/==
38599 42498 82407 10054 20021 39705 40247 58013 8655/ 333 84620=
38611 41/40 70602 10087 20028 39667 40225 57005 71022 87040==
38613 42998 81701 10076 20021 40231 58017 8802/=
38616 42597 73601 10058 20029 39218 40232 58013 87500=
38618 42960 81002 10093 20021 39540 40223 57014 80008==
38647 42597 81003 11027 21050 30229 40274 57002 886//=
38656 42998 70204 11010 21071 30173 40286 58016 87080=
38683 41440 63604 11012 21025 39980 40268 58028 71022 865// 333 86610==
38687 42497 80504 11012 21025 30029 40274 58026 885// 333 88614=
38696 12660 80702 10022 21006 39373 40244 58022 60002 885//==
38713 41/93 93401 10008 20003 39064 48520 58013 74342=
38750 42597 82601 10037 20008 30311 40282 54000 885//=
38763 42597 80702 11014 21034 30162 40272 57003 885// 333 88620=
38774 41495 80902 11008 21027 30077 40281 58012 71022 886//=
38799 42597 80703 10002 21038 30034 40274 57018 885//=
38806 42697 73603 11006 21024 39980 40250 58024 87500=
38812 41640 80104 10010 20002 39784 40249 57021 71022 883// 333 88946==
38836 41596 70000 10056 20047 39247 40186 57037 74542 86932=
38880 41397 81102 11002 21014 30006 40271 58011 77177 8802/ 333 88509=
38886 41597 80201 10008 21028 30035 40271 58016 72272 885//=
38895 42596 80801 10007 21023 39968 40268 58017 885//=
38911 42998 83504 10030 21028 39944 40245 57029 8807/=
38915 42597 81102 10063 20010 39904 40231 57037 885//=
38927 12560 70404 10083 20036 39836 40212 57044 60002 87500 333 87622==
38933 42797 73602 10080 20030 39748 40264 58023 86530=
38944 41696 50000 10076 20002 39616 40151 57041 70522 85500=
38954 42999 50000 10041 21094 37945 48540 58022 80001=
38974 41497 80000 10004 21005 39914 40260 58026 77177 8872/ 333 88513=
38987 41495 80103 10002 21001 39465 40229 58023 77177 8802/=
40100 43/80 62113 10147 20056 30190 40206 50001 333 58///=
40180 02660 81803 10128 20053 30148 40198 57004 8800/ 333 70000==
40199 02/// /0503 10169 20014 30171 40196 57007 333 70000==
40255 46/// /0000 10085 29066 3//// 4//// 5////=
40296 41859 21401 10186 20044 30673 40200 57005 70500 82031 333 81357=
40340 42960 03605 10153 20005 40203 57007=
40356 42960 01912 10090 21010 39200 48495 333 58007 555 04410 50197=
40357 42960 00000 10099 21030 39552 40204 333 58032=
40360 42960 30000 10098 20000 39602 40209 83030 333 58000 83360=
40361 42960 01106 10103 21040 39419 40233 333 58014=
40362 42960 03205 10109 20000 39685 40214 333 58032=
40373 42960 03308 10136 21040 39780 40203 333 58026=
40375 42960 00905 10134 21060 39281 40168 333 59025=
40394 42960 02302 10102 21090 39053 48518 333 58023 555 04410 50203=
40400 42960 22604 10220 20080 30138 40166 80001 333 59007 82070=
40405 42960 00505 10127 21060 39447 40205 333 58027=
40417 42960 33409 10206 20030 30168 40183 80008 333 58016 83270=
40420 42960 43607 10188 21030 39974 40183 80001 333 58015 84070=
40430 42960 11206 10180 21020 39435 40184 80001 333 58020 81070=
40437 42960 30206 10152 21040 39482 40195 83030 333 58018 83358=
40439 42960 20306 10246 20080 30129 40147 80001 333 59005 82070=
40582 32960 03307 10154 20000 40202 58006 333 55310 01089 10000 22635 30741 40883 51373 63376 55407 41894 90401 91011 91113 91207 91305=
40703 42960 01503 11002 21077 38944 40252 58004 333 70000 555 11024 29057 66666 01002 10000 20022 30030 50060 90090=
40706 42580 60809 11014 21127 38669 40267 50000 82475 333 70000 82630 85267 555 11044 29042 66666 00021 10001 20026 30044 50059 90079=
40712 42670 12202 11020 21125 38693 40253 58005 81500 333 70006 81635 555 11046 29045 66666 00008 10011 20018 30021 50036 90054=
40713 42664 21108 10000 21111 38666 40230 50004 82100 333 70000 82835 555 11032 29043 66666 00015 10030 20047 30057 50073 90097=
40718 41450 83306 10037 20027 30329 40299 58003 72766 8532/ 222// 0//// 20203 333 70382 82915 83615 88456 555 10033 29093 66666 00070 10074 20076 30086 50100 90120=
40723 41460 83007 11004 21046 38958 40232 58013 70272 8657/ 333 70001 83710 86623 88457 555 11018 29074 66666 00012 10024 20020 30036 50052 90070=
40726 42560 33604 11026 21111 38674 40263 50002 83100 333 70004 83830 555 11049 29052 66666 00012 10014 20034 30040 50050 90082=
40727 41656 63404 11039 21080 38487 40256 50006 70521 86520 333 70043 83640 86460 555 11050 29073 66666 01003 10014 20024 30033 50043 90074=
40732 42560 73407 10062 20028 30303 40277 58005 85370 333 70094 82920 84625 87458 555 10048 29079 66666 00074 10076 20084 30092 50106 90126=
40736 41460 83301 10065 20022 30310 40284 52010 70262 8661/ 333 70237 86717 88460 555 10048 29074 66666 00072 10072 20078 30086 50096 90119 77777 00/// 10029 20040 30039 50040 70/// 99///=
40738 41425 80000 10037 20021 30286 40288 54000 76166 8652/ 333 70025 83710 84620 88556 555 10031 29090 66666 00062 10064 20070 30084 50100 90124=
40739 41660 80402 11007 21031 38661 40201 57013 77177 8552/ 333 70006 85635 88559 555 11015 29084 66666 00004 10008 20030 30048 50063 90090=
40741 41530 80305 10012 21001 39898 40244 58025 77077 8672/ 333 70019 86720 88557 555 10007 29091 66666 00050 10056 20070 30084 50100 90118=
40743 41405 81802 10021 20006 39026 40165 57017 72277 8472/ 333 70034 84710 88459 555 10015 29090 66666 00019 10034 20067 30097 50122 90134=
40745 41206 81604 11018 21021 39034 40220 58019 77377 8672/ 333 70034 86705 88556 555 11018 29098 66666 00014 10026 20048 30066 50079 90105=
40747 42660 43503 10007 21094 38632 40225 50000 84100 333 70006 84835 555 11025 29047 66666 00056 10020 20033 30048 50065 90093=
40754 41559 82705 10006 21045 38814 40194 58001 70572 83777 333 70014 81727 83635 88269 555 11012 29069=
40762 41503 80506 11024 21030 38489 40145 58020 77522 8632/ 333 70006 82930 85635 88259 555 11025 29096 66666 00010 10018 20032 30050 50071 90092=
40766 42560 51902 10004 21057 38687 40217 50007 85830 333 70153 81720 84840 555 11017 29063 66666 01018 10031 20046 30056 50075 90102=
40768 42662 43401 11036 21059 38238 40222 50004 83370 333 70134 81935 83640 555 11042 29084 66666 00007 10006 20015 30026 50034 90058=
40769 42660 50401 10014 21037 38264 40178 50006 83570 333 70186 83635 84459 555 11006 29069 66666 00022 10022 20036 30042 50064 90104=
40780 42660 11401 10037 21013 38673 40221 51009 81500 333 70150 81640 555 10017 29070 66666 00040 10040 20050 30050 50080 90100=
40782 42660 42702 10049 21014 38859 40194 58002 84200 333 70030 84840 555 10024 29064 66666 00090 10066 20068 30064 50098 90116=
40785 41657 80000 10011 20011 39103 40224 52009 71075 8852/ 333 70123 84635 88459 555 10011 29100 66666 00012 10050 20086 30086 50100 90156 77777 00/// 10000 20/// 30/// 50/// 70/// 99///=
40791 42665 53302 10122 20001 39290 40112 56005 82570 333 79999 82640 84360 555 10070 29043 66666 00140 10126 20110 30122 50140 90164=
40792 42560 72402 10083 20050 38639 40089 58013 86570 333 70011 86630 84359 555 10067 29080 66666 00084 10082 20078 30090 50124 90126=
40798 42660 12609 10026 21106 37912 40139 50002 81500 333 70000 81635 555 11018 29037 66666 00066 10039 20034 30049 50063 90080=
40800 42670 33106 10089 21106 38415 40137 54000 83500 333 70000 83640 555 10023 29024 66666 00118 10078 20072 30078 50098 90120=
40809 41560 72506 10132 20018 38415 40054 57017 71721 87930 333 70012 83930 84835 555 10078 29046 66666 00114 10095 20084 30096 50110 90129=
40811 41658 22702 10153 20047 30163 40189 58006 70500 82100 333 70000 82840 555 10103 29049 66666 00168 10150 20160 30172 50180 90208=
40812 42960 01402 10143 21010 39790 40169 54000 333 70000 555 10079 29035 66666 00146 10136 20130 30146 50170 90194=
40821 41659 23405 10112 21025 38736 40124 58005 70500 82200 333 70000 82840 555 10055 29038 66666 00138 10104 20089 30100 50114 90135=
40829 42960 00304 10172 20055 39545 40112 58033 333 70000 555 10114 29046 66666 00196 10158 20142 30142 50152 90176=
40831 42660 33206 10146 20023 30194 40203 58007 83100 333 70000 83840 555 10092 29044 66666 00210 10168 20180 30188 50206 90226=
40833 42960 02802 10164 21007 30164 40197 58002 333 70000 555 10092 29031 66666 00220 10190 20180 30168 50196 90216=
40841 42660 12512 10143 21111 38177 40066 57016 81100 333 70001 81840 555 10050 29016 66666 00098 10092 20092 30104 50110 90142=
40845 42960 03407 10168 20041 30187 40192 58005 333 70000 555 10109 29043 66666 00184 10180 20166 30172 50190 90202=
40848 42960 02805 10100 21112 38495 40131 58007 333 70000 555 10028 29021 66666 00104 10094 20088 30100 50110 90124 77777 00/// 10/// 20/// 30/// 50/// 70/// 99///=
40851 42960 02308 10130 21123 38215 40079 58008 333 70000 555 10041 29016 66666 00170 10120 20110 30118 50124 90150=
40854 42660 32505 10219 21021 38878 40052 57022 83400 333 70000 83640 555 10109 29020 66666 00268 10180 20160 30170 50182 90198=
40856 41630 22515 10181 20045 38586 40076 57027 70700 82100 333 70011 82835 555 10111 29040 66666 00186 10150 20124 30122 50124 90136=
40859 42960 02404 10138 21076 38677 40123 58005 333 70000 555 10056 29022 66666 00180 10130 20112 30122 50132 90150=
40875 41925 02206 10232 20144 30116 40127 57018 70500 555 10180 29058 66666 00314 10240 20228 30222 50236 90246=
40879 42660 73107 10189 20115 39462 40133 58013 83270 333 70000 83840 84360 555 10147 29062 66666 00234 10220 20206 30212 50216 90236=
40882 42960 33109 10214 20088 30108 40143 58014 80006 333 70000 83270 555 10147 29044 66666 00240 10216 20214 30226 50228 90244=
40883 41958 32808 10242 20119 30105 40132 58016 70500 80001 333 70000 83070 555 10172 29046 66666 00260 10240 20226 30230 50232 90246=
40893 41556 41505 10233 20188 30123 40129 58014 70511 81130 333 70000 81825 84360 555 10204 29076 66666 00261 10252 20244 30246 50251 90249=
40898 41558 11705 10244 20175 30110 40119 57028 70500 81100 222// 00234 20901 333 70000 81825 555 10201 29066 66666 00312 10274 20244 30260 50260 90266=
41024 42960 03512 10258 20100 30128 40154 333 59003=
41036 42960 09902 10227 20040 38564 48514 333 58008 555 04410 50131=
41055 42960 00904 10212 20030 38364 48511 333 58011 555 04410 50124=
41061 42860 31310 10205 21050 39444 40149 83030 333 58004 83358=
41084 42960 00705 10222 21010 38855 48512 333 58016 555 04410 50109=
41112 42960 02114 10207 20010 37950 48514 333 59005 555 04410 50089=
41114 42960 02217 10231 21090 37985 48514 333 59006 555 04410 50082=
41128 41930 00904 10222 20010 38812 48519 70600 333 59007 555 04410 50133=
41136 41957 00510 10246 20080 39324 40130 70600 333 59007=
41140 42560 13107 10298 20200 30131 40142 81100 333 59003 81830=
41150 42670 43112 10190 20085 40180 81105 333 58015 81830 84275=
41176 44/68 /3608 10217 20063 30167 40173 333 58017=
41194 42660 43011 10224 20131 30146 40152 81501 333 58024 81635 83075=
41196 42960 32611 10224 20126 30113 40154 80001 333 58020 83075=
41216 42760 43311 10222 20125 30155 40159 84500 333 58021 84656=
41217 42660 43211 10220 20115 30125 40155 84500 333 58023 82635 83650=
41244 36/// /2606 10225 20150 39713 40126 333 0E022 55300 25022 58001=
41246 32560 50410 10254 20187 30127 41113 83431 333 5//// 83630=
41256 32960 03512 10259 20203 30108 40125 333 59018 55407 55408 55507 55508=
41258 36/// /0105 10248 20200 30119 40122 333 0E/// 55310 22653 59017=
41265 36/// /2004 10271 20119 39539 40093 333 0E019 55300 23025 59014=
41267 36/// /3407 10258 20178 30108 40121 333 0E018 59016=
41268 32960 02012 10291 20147 30067 41101 333 59018=
41275 36/// /2405 10266 20149 39984 40151 333 0E015 55300 22947 59004=
41288 32560 43404 10250 20180 30121 40143 84500 333 5//// 84620=
41304 36/// /1404 10291 20158 39812 40120 333 0E018 55300 23163 59002=
41315 36/70 /0000 10242 20142 39314 47993 333 0E021 55300 27865 59001=
41316 32988 01709 10255 20173 30112 40142 333 59003 55407 55408 55507 55508=
41396 42965 01003 10292 20099 39399 40099 333 59006=
41480 42460 61206 10275 20196 30135 40143 86800 333 59005 82818 86625=
41506 12460 63602 10140 21049 38534 48310 60001 84520 333 56880 59017==
41508 12460 72301 10167 21061 38667 48400 60001 84520 333 56880 58000==
41515 12460 50503 10101 21063 38581 48430 60001 83520 333 56880 59004==
41516 12960 51301 10155 21086 38568 48260 60001 85040 333 56080 59020==
41517 12460 50000 10085 21098 37817 48350 60001 83530 333 56880 59024==
41518 12960 70000 10144 21028 30001 48010 60001 85470 333 56880 58000==
41519 12460 50000 10165 21087 38886 48290 60001 81502 333 56808 59013==
41523 12960 32302 10210 20013 39089 48230 60001 80001 333 56008 59001==
41535 12460 62701 10195 21016 38714 48890 60001 84520 333 56880 59006==
41536 12460 70000 10220 21002 39037 48140 60001 87520 333 56880 59001==
41560 12960 00000 10085 21037 38314 48380 60001 333 59016==
41571 11966 32302 10240 21039 39561 40129 60001 70500 81031 333 56088 59011==
41598 11940 02301 10260 20042 39865 40130 60001 70500 333 59025==
41600 11940 00000 10240 20053 39840 40129 60001 70500 333 59013==
41620 12440 20501 10185 21060 38585 48900 60001 82500 333 56800 59007==
41624 12960 00901 10260 20073 30000 40133 60001 333 59015==
41630 11940 22701 10245 20062 30000 40143 60001 70500 82030 333 56080 59013==
41640 11940 02701 10250 20023 39892 40137 60001 70500 333 59013==
41660 12460 72304 10145 21060 38423 48120 60001 85430 333 56880 59003==
41678 11940 30000 10260 20099 30000 40145 60001 70500 83020 333 56080 59014==
41696 12460 52304 10150 20003 38002 48110 60001 83520 333 56880 58005==
41697 12960 00000 10260 20042 30000 40139 60001 333 59014==
41700 11940 03603 10260 20086 30000 40129 60001 70500 333 59015==
41710 12960 21303 10230 20062 30000 40068 60001 80001 333 56008 59015==
41712 12960 32303 10240 20065 39156 48200 60001 83030 333 56080 59022==
41715 11940 00000 10240 20068 30000 40140 60001 70500 333 59015==
41718 11920 00502 10265 20094 30000 40131 60001 70500 333 59021==
41725 12940 03102 10250 20084 30000 40134 60001 333 59001==
41739 12940 42304 10225 20134 39080 48480 60001 80001 333 56008 59008==
41744 12940 30000 10215 21057 38776 48060 60001 83020 333 56080 59029==
41749 12940 03104 10270 20101 30000 40138 60001 333 59014==
41756 12340 21802 10245 20155 30000 40144 60001 82400 333 56800 59018==
41757 12940 01804 10260 20144 30141 40153 60001 333 59009==
41764 11940 00000 10280 20048 30080 40130 60001 70400 333 59013==
41768 12940 02701 10305 20079 30127 40134 60001 333 59010==
41780 11940 01301 10290 20015 30109 40136 60001 70500 333 59008==
41785 12940 03101 10280 20128 30123 40136 60001 333 59014==
41859 01940 02702 10254 20130 30070 40107 70500 333 59025 70000==
41883 02950 00000 10257 20110 30088 40108 333 59020 70000==
41891 01950 02004 10265 20100 30064 40102 70500 333 59024 70000==
41907 01940 02702 10252 20070 30095 40110 70500 333 59018 70000==
41923 02950 00000 10264 20050 30102 40111 333 59013 70000==
41936 01930 02707 10278 20100 30100 40107 70500 333 59020 70000==
41943 01950 02903 10275 20090 30106 40113 70500 333 59006 70000==
41950 02950 00000 10167 20100 30112 40114 333 59011 70000==
41978 01945 03008 10263 20060 30102 40109 70500 333 59007 70000==
41992 01930 03308 10280 20070 30110 40112 70500 333 59001 70000==
42027 32596 32701 10156 21016 38424 48511 83500 333 59014=
42071 31996 22906 10230 20065 40135 70500 82030 333 59016 82360=
42101 32996 02902 10254 20104 40136 333 59012=
42111 31996 13203 10264 20032 39411 40091 70500 81030 333 59007 81360=
42123 32996 02301 10256 20064 40135 333 59008=
42131 32996 02701 10262 20074 40133 333 59022=
42165 32996 23201 10278 20013 40118 82030 333 59013 82360=
42182 31996 20000 10264 20035 40123 70500 82030 333 59012 82360=
42189 31595 63202 10240 20125 40120 70522 82530 333 59008 82625 86360=
42309 31596 22302 10264 20160 40089 70500 82100 333 59030=
42314 31996 10204 10272 20133 40084 70500 81030 333 59031 81360=
42328 32996 30502 10290 20188 40100 80001 333 59019 83070=
42339 31995 20501 10302 20036 40110 70500 82030 333 59020 82360=
42348 32996 21805 10270 20003 40128 82030 333 59015 82360=
42361 21020 00000 10274 20078 40124 70500 333 59019 60005==
42369 31996 02908 10274 20048 40121 70500 333 59016=
42379 31995 02903 10242 20140 40109 70500 333 59020=
42410 31595 22703 10266 20162 40098 70500 82500 333 59023 82620=
42415 32996 00000 10264 20175 40098 333 59029=
42452 31996 00904 10266 20092 40115 70500 333 59021=
42492 31996 02703 10244 20122 40116 70500 333 59021=
42559 32996 00903 10286 20097 40102 333 59012=
42571 31996 00000 10290 20032 40111 70500 333 59022=
42591 32996 02704 10264 20096 40127 333 59022=
42623 31496 13202 10250 20083 39223 40075 70500 81500 333 59012 81618=
42634 32996 00000 10326 20071 40119 333 59015=
42647 31996 00000 10324 20090 40112 70400 333 59018=
42667 32996 03202 10288 20090 39531 40107 333 59021=
42675 32996 13201 10284 20083 40108 80001 333 59022 81070=
42701 32996 03205 10264 20004 39381 40093 333 59015=
42724 31996 02301 10264 20127 40108 70500 333 59013=
42737 32996 01404 10340 20085 40110 333 59012=
42754 32996 02905 10304 20101 39480 40096 333 59012=
42779 32996 00000 10298 20097 39422 40099 333 59013=
42798 31996 03204 10304 20025 40102 70500 333 59012=
42809 31996 02703 10276 20081 40113 70500 333 59017=
42840 32996 03602 10340 20128 40109 333 59009=
42867 31996 01102 10326 20115 40102 70500 333 59016=
42874 31996 01402 10324 20073 40109 70500 333 59009=
42886 32997 03403 10312 21040 40014 333 59004=
42895 32996 00503 10278 20166 40113 333 59015=
42909 32996 02903 10286 20194 40114 222// 20000 333 59008=
42971 31996 02701 10316 20159 40117 70500 333 59009=
43003 31995 03204 10338 20177 40098 70400 333 59009=
43014 31596 22303 10326 20197 39457 40081 70540 82500 333 59009 82620=
43041 31996 00503 10318 20048 39494 40091 70500 333 59008=
43086 32997 01402 10332 20184 39921 40093 333 59009=
43110 31995 02703 10326 20203 40101 70544 333 59008=
43117 32997 00502 10350 20239 40079 333 59012=
43128 32997 21404 10320 20175 39506 40094 82030 333 59005 82360=
43150 31595 41404 10316 20245 30057 40118 70500 82501 333 59002 82620 83075=
43185 31596 21802 10318 20234 30100 40103 70500 82500 333 59002 82620=
43189 32597 20000 10318 20234 30107 40116 82500 333 58000=
43192 32996 02302 10330 20219 40095 333 59004=
43198 32996 20906 10320 20117 39278 40075 80001 333 59004 82075=
43201 32997 30504 10324 20114 39363 40063 80001 333 59009 83075=
43213 32597 11402 10360 20153 39766 40071 81100 333 59007=
43233 32997 20913 10312 20183 39289 40081 80001 333 59006=
43237 32597 21108 10338 20147 39677 40056 81501 333 59006 81620=
43245 32597 41106 10314 20219 30081 40107 84500 333 59003=
43279 32596 21106 10312 20221 30093 40110 82500 333 59007 82620=
43284 32996 12510 10326 20207 39967 40079 80001 333 59005 81075=
43295 32997 10502 10292 20166 39091 48515 80001 333 59007 81075=
43314 32997 12304 10342 20239 40087 80001 333 59005=
43321 31496 40712 10320 20095 39648 40083 70500 81501 333 59013 81615 83070=
43329 32597 30703 10300 20237 30091 40104 82501 333 59009=
43333 31495 40503 10300 20237 40088 70522 83401 333 59002 82618=
43344 31496 50510 10318 20225 30005 40103 70522 82531 333 59002 82616 83360=
43353 31496 22704 10314 20212 40080 70521 81530 333 56790 59011 81620=
43369 32597 20503 10324 20228 40091 82500 333 59009 82620=
43371 31596 62702 10326 20217 30013 40084 70521 81512 333 59009 81620 83458=
44212 42/70 63603 11198 21251 39083 40311 57028 86010==
44213 42/84 80000 11213 21310 38725 40310 57018 8802/==
44214 42670 83208 11083 21235 38173 40195 57027 82570==
44215 42670 80904 11148 21201 38311 40253 57025 88500==
44217 32998 60000 11111 21222 37763 40267 57022 83041 333 91202=
44218 42/84 63603 11171 21213 38524 40280 56034 82046==
44219 32999 51206 11148 21197 38552 40278 56033 80006 333 91207=
44265 42/84 31201 11117 21194 38836 40317 56018 82041==
44266 32999 52406 11055 21243 37672 40178 57023 83048 333 91206=
44404 42958 00903 10210 20042 38127 48452 80000 333 58002=
44416 42960 02505 10256 20127 39340 40108 80000 333 59004=
44424 42460 22415 10183 21034 37645 47065 82100 333 58008=
44434 41457 31404 10216 20100 39206 48493 70140 83800 333 59010=
44438 41940 02605 10240 20146 39991 40120 70544 80000 333 59017=
44449 41930 02504 10234 20184 39948 40104 70544 80000 333 59020=
44454 41457 22608 10200 20074 38637 48476 70041 82100 333 59005=
44462 41350 32703 10181 20075 38240 48455 74000 83200 333 59002=
44474 41020 21804 10159 20059 38232 48472 70544 82200 333 59012=
44477 41440 12002 10200 20121 38798 48505 70544 81200 333 59023=
44478 41940 02705 10250 20188 30022 40104 70544 80000 333 59025=
48010 42957 01801 10290 20159 39921 40072 333 59024==
48020 42960 00401 10288 20159==
48025 41430 43601 10297 20253 39945 40082 59023 70511 84800==
48048 42959 01808 10345 20240 30022 40076 333 59007==
48052 32957 01404 10352 20202 333=
48062 42558 22705 10285 20220 30097 40104 82500 333 59006==
48064 42958 01401 10320 20236 30019 40076 333 59003==
48094 42459 33202 10334 20170 30084 40094 83800 333 58002==
48109 42960 00401 10295 20239 30098 40101 333 59013==
51076 14/70 /1801 11120 21186 39366 40330 57023 60001 333 11113 21250 3/103 4/025 59051 70000 90761 91102==
51087 14/77 /0802 11106 21183 39216 40326 57019 60001 333 11092 21227 3/106 4/017 59045 70000 90761 91103==
51156 14/71 /1104 11068 21184 38668 40278 57018 60001 333 11041 21160 3/118 59051 70000 90761 91106==
51243 14/56 /1502 11125 21195 39725 40325 57024 60001 70500 333 11122 21211 3/117 59050 70000 90761 91104==
51334 14/32 /3402 11136 21186 39877 40323 57030 60001 70500 333 11120 21235 3/113 4/012 59049 70000 90761 91103==
51379 14/50 /0101 11082 21157 39296 40322 57010 60001 70500 333 11067 21248 3/107 4/022 59045 70000 90761 91104==
51463 14/07 /3002 11101 21147 39037 40304 57010 60001 72800 333 11053 21131 3/101 4/036 59040 70000 90761 91104==
51573 14/64 /1602 10051 21149 30203 40254 57025 60001 333 10052 21056 3/112 59044 70000 90761 91104==
51644 14/59 /2502 10036 21132 38956 40256 57022 60001 333 10036 21111 3/107 59034 70000 90761 91105==
51656 14/57 /2604 10039 21130 39164 40261 57024 60001 333 10039 21125 3/114 59036 70000 90761 91107==
51709 14/59 /0901 10039 21159 38622 40231 57023 60001 333 10039 21058 3/108 59027 70000 90761 91104==
51711 14/67 /0904 10012 21141 37992 40202 57014 60001 333 10015 21135 3/118 59020 70000 90761 91107==
51716 14056 02702 10054 21141 38917 40246 57024 60001 333 10054 21090 3/114 59028 70000 90761 91104==
51765 14/56 /2903 10041 21137 39229 40262 57021 60001 70600 333 10043 21119 3/115 59039 70000 90761 91107==
51811 14060 01502 10064 21169 38787 40235 57024 60001 333 10068 21077 3/115 59020 70000 90761 91104==
51818 14/59 /1502 10073 21176 38633 40230 57022 60001 333 10073 21085 3/115 59023 70000 90761 91104==
51886 14/78 /2908 10024 21232 37081 40194 57019 60001 333 10024 21145 3/120 59019 70000 90761 91115==
52203 14/64 /2903 10027 21159 39340 40263 57020 60001 333 10032 21122 3/118 59044 70000 90761 91105==
52602 14/80 /2602 11003 21246 37244 40253 57015 60001 333 10000 21178 3/122 59022 70000 90761 91105==
52818 14/80 /0702 10036 21232 37212 40200 57016 60001 333 10052 21134 3/120 59023 70000 90761 91107==
52908 14/56 /3014 11075 21390 35734 40267 57015 60001 333 11061 21216 3/125 59011 70000 90761 91126==
55228 14/80 /2607 11010 21260 36012 40165 57018 60001 333 10007 21139 3/120 59004 70000 90761 91115==
55299 14/80 /2806 11022 21211 35821 40158 57020 60001 333 10012 21148 3/122 59018 70000 90761 91117==
55578 14/80 /3205 10112 21325 36309 49908 57037 60001 333 10134 21020 3/109 59023 70000 90761 91118==
55591 14/80 /2903 10121 21265 36443 49920 57031 60001 333 10135 21015 3/109 59038 70000 90761 91108==
55664 14/80 /2608 10070 21266 35963 40048 57032 60001 333 10088 21113 3/116 59017 70000 90761 91119==
55773 14/80 /1606 10040 21120 35973 40096 57019 60001 333 10060 21135 3/118 59018 70000 90761 91113==
56004 14/70 /2908 11047 21369 35798 40227 57017 60001 333 11040 21213 3/125 59003 70000 90761 91119==
56018 14/79 /2702 11007 21286 36150 40148 57016 60001 333 10009 21109 3/113 59008 70000 90761 91110==
56312 14/80 /1304 10100 21091 37039 40044 57031 60001 333 10123 20031 3/003 59003 70000 90761 91110==
62306 42560 62411 10147 20102 40228 52004 86800==
62309 21557 63006 10139 20105 40215 52007 76162 86800 333 69947==
62325 21560 63107 10154 20097 40200 57002 70262 86800 333 60027==
62332 42560 62412 10150 20078 40199 57001 86500==
62337 42/60 32107 10152 20051 40199 57001 83030==
62366 44556 62606 10152 20062 40203 57003 70522 84250==
62387 42960 03108 10155 20060 40223 52007==
62393 42960 03610 10148 20024 40236 52008==
62405 41956 03302 10167 20028 40196 52004 70500==
62414 42960 03608 10168 20014 40191 52002==
62419 42960 00308 10178 20025 40189 54000==
62420 42960 03303 10156 20052 40225 52003==
62435 42/60 50210 10162 20019 40205 57002 85050==
62440 42560 62910 10154 20053 40204 57004 86800==
62455 42960 03504 10159 20048 40206 57004==
62458 42960 03209 10154 20028 40199 57001==
62459 42/60 32917 10172 20048 40173 57012 83030==
62465 42960 03406 10198 20052 40183 52002==
41759 22996 02302 10255 20127 40142 333 59017 60007=
