SMPK OPKC 121800=
41504 02695 60000 10010 21080 37801 48460 60003 83510 333 56990 59034 60007 83640 86460 51%=
41507 02996 04502 10110 20070 39249 49773 60003 333 58003 60007 76%=
41508 02696 20000 10037 20010 38683 48548 60013 82500 333 56900 58006 60007 82635 84%=
41509 02996 20000 10080 20010 38772 48509 69943 82030 333 56090 58008 60007 82360 61%=
41510 02696 53102 11015 21028 37922 48543 60023 82530 333 56990 58013 60007 82640 83460 91%=
41515 02995 20000 10050 21030 38566 48527 60003 82020 333 56090 59004 60007 82460 56%=
41516 02696 40000 10080 21038 38522 48480 60003 84030 333 56090 59011 60007 84360 43%=
41517 01696 60000 10030 21051 37770 48499 60003 70422 83530 333 56990 59010 60007 83635 83360 55%=
41518 02696 81808 10117 21123 38/// 48/// 60003 8352/ 333 5699/ 5//// 60007 83640 88461 17%=
41519 02696 63102 10120 21046 38730 48472 60003 83520 333 56990 59019 60007 83640 83462 31%=
41520 02595 81802 10005 21051 37613 48262 60003 8562/ 333 56990 59004 60007 82720 83640 88462 66%=
41523 02996 00000 10090 20023 39102 48510 60003 333 58004 60007 63%=
41524 02696 60502 10090 20059 39386 40272 60023 86500 333 56900 58009 60007 86640 81%=
41525 12996 03104 10000 21026 37662 48398 60003 333 59002 82%=
41528 01996 00000 10080 20048 39240 48513 60003 70400 333 59016 60007 80%=
41529 02996 21304 10120 20029 39792 40182 60003 82020 333 56090 58001 60007 82462 54%=
41530 019// 12306 10135 21044 39754 40175 60003 70500 80001 333 56009 59001 60007 81070 28%=
41534 02996 00000 10100 20044 39760 40187 60003 333 58005 60007 68%=
41535 02996 00000 10070 20011 38724 48489 60003 333 58003 60007 66%=
41536 02996 03602 10105 20028 39066 48528 60003 333 58012 60007 59%=
41560 02996 00000 10050 20004 38317 48547 60003 333 58002 60007 72%=
41562 02996 00000 10130 20043 39685 40157 60003 333 58000 60007 55%=
41565 02996 01304 10078 21021 38653 48519 60003 333 58003 60007 49%=
41567 01996 00000 10130 21003 39732 40157 60003 70500 333 58008 60007 40%=
41571 119// 00504 10105 20029 39598 40197 60003 70500 333 58032 59%=
41572 01996 01306 10090 21040 39537 40181 60003 70500 333 58010 60007 39%=
41573 02997 01302 10040 21037 37968 48502 60003 333 58002 60007 57%=
41574 02997 00000 10025 20014 38360 48542 60003 333 59003 60007 92%=
41576 02997 03104 10125 20006 40191 60003 333 58011 60007 44%=
41577 01996 00000 10090 20009 39562 40194 60003 70400 333 56000 58014 60007 57%=
41593 01996 20000 10130 20043 39955 40176 60003 70411 82030 333 56090 58023 60007 82360 55%=
41597 01996 00000 10150 20043 40185 60003 70500 333 58003 60007 49%=
41598 01996 00000 10115 20022 39894 40172 60003 70400 333 58017 60007 53%=
41599 01996 03106 10115 20074 39880 40179 60003 70400 333 58018 60007 76%=
41600 01996 03102 10130 20068 39867 40169 60003 70400 333 58014 60007 66% =
41620 31996 00502 10080 21055 38589 48491 60003 70500 333 58009 60007 37%=
41624 01995 00000 10140 20056 39955 40160 60003 70400 333 58014 60007 57%=
41625 01996 00000 10150 20069 39959 40163 60003 70400 333 58016 60007 58%=
41630 01996 02304 10110 20056 40183 60003 70400 333 58018 60007 69%=
41633 01996 00000 10110 20056 4//// 60003 70400 333 5//// 60007 69%=
41634 02997 00000 10090 20035 3//// 4//// 60003 333 5//// 60007 69Â„…=
41635 01996 00000 10115 20036 3//// 4//// 60003 70400 333 5//// 60007 58%=
41636 01996 02302 10125 20074 39994 40185 60003 70400 333 58026 60007 71%=
41638 01996 00000 10150 20113 4//// 60003 70400 333 5//// 60007 78%=
41639 01996 03102 10140 20043 3//// 4//// 60003 70400 333 5//// 60007 52%=
41640 01996 00000 10170 20094 39920 40171 60003 70400 333 58021 60007 61%=
41641 01996 00000 10155 20087 29899 40177 60003 70400 333 58026 60007 64%=
41642 01996 00000 10140 20068 3//// 4//// 60003 70400 333 5//// 60007 62%=
41643 01995 00000 10135 20085 39889 40171 60003 70400 333 58021 60007 72%=
41644 01996 00000 10140 20102 4//// 60003 70400 333 5//// 60007 78%=
41646 01995 00000 10140 20080 39977 40196 60003 70400 333 58023 60007 67%=
41652 01996 02302 10150 20056 30003 40185 60003 70400 333 58022 60007 53%=
41660 029// 32304 10070 20106 38485 48575 60003 80001 333 56009 58007 60007 83070 27%=
41661 02996 20000 10080 21045 38432 48560 60003 80001 333 56009 58007 60007 82070 41%=
41669 01996 00000 10140 20080 3//// 4//// 60003 70400 333 5//// 60007 67%=
41670 01996 00000 10135 20085 3//// 4//// 60003 70400 333 5//// 60007 72%=
41674 01996 00000 10130 20091 3//// 4//// 60003 70400 333 5//// 60007 77%=
41675 01996 00000 10150 20069 30030 40177 60003 70400 333 58024 60007 58%=
41676 01995 00000 10165 20099 30029 40189 60003 70400 333 58018 60007 66%=
41677 01996 00000 10150 20092 39994 40163 60003 70400 333 58028 60007 68%=
41678 01996 00000 10170 20070 40181 60003 70400 333 58026 60007 52%=
41679 01996 00000 10170 20105 4//// 60003 70400 333 5//// 60007 65%=
41680 01996 00000 10130 20068 39978 40181 60003 70400 333 58024 60007 66%=
41685 02997 20902 10140 21172 38944 48524 60003 82020 333 56090 58015 60007 82460 10%=
41696 02996 00000 10045 21047 38017 48544 60003 333 58006 60007 51%=
41697 02996 00000 10190 20013 40179 60003 333 58016 60007 31%=
41700 01995 00000 10150 20103 40176 60003 70400 333 58027 60007 73%=
41701 01995 00000 10135 20106 30049 40195 60003 71000 333 58032 60007 83%=
41710 12996 43102 10180 21027 39409 40181 60003 84010 333 56090 58004 84460 24%=
41712 12996 00504 10130 20007 39225 48531 60003 333 58016 43%=
41715 01994 00000 10175 20089 30124 40191 60003 70400 333 58039 60007 57%=
41716 01996 00000 10155 20087 30085 40191 60003 70400 333 58030 60007 64%=
41718 01995 00000 10140 20091 30076 40183 60003 70400 333 58025 60007 72%=
41724 01995 00000 10160 20069 30119 40199 60003 70500 333 58027 60007 55%=
41725 01996 00000 10175 20064 30093 40172 60003 70500 333 58030 60007 48%=
41738 02996 02305 10230 20035 30030 40211 60003 333 58020 60007 28%=
41739 02996 00000 10170 20008 39076 48534 60003 333 58006 60007 33%=
41742 12996 01802 10225 20043 40166 60003 333 58017 30%=
41743 01996 00000 10170 20094 60003 70400 333 60007 61%=
41744 12996 00000 10140 20000 38809 48532 60003 333 58008 31%=
41745 01996 03602 10190 20108 60003 70400 333 60007 59%=
41746 02996 03604 10170 20082 30133 40187 60003 333 58035 60007 58%=
41747 01996 00000 10155 20087 40169 60003 70400 333 58025 60007 64%=
41748 01995 00000 10180 20106 30121 40184 60003 70500 333 58021 60007 62%=
41749 01996 00000 10165 20081 30152 40185 60003 70400 333 58032 60007 60%=
41756 01995 00000 10200 20149 30119 40185 60003 70504 333 58013 60007 73%=
41757 12996 00000 10210 20142 30166 40179 60003 333 58013 65%=
41764 02996 00000 10200 20098 30120 40171 60003 333 58011 60007 52%=
41765 02996 00000 10205 20116 30141 40176 60003 333 58018 60007 56%=
41766 01996 00000 10165 20109 30162 40192 60003 74000 333 58033 60007 70%=
41767 22996 00000 10200 20130 3//// 4//// 60003 333 60007 64%=
41768 02996 02302 10185 20123 30166 40173 60003 333 58026 60007 67%=
41780 01996 00000 10220 20144 30148 40175 60003 70400 333 58017 60007 62%=
41783 02996 00000 10210 20122 30133 40163 60003 333 58017 60007 57%=
41785 02996 00000 10205 20146 30154 40167 60003 333 58005 60007 69%=
41786 02996 00000 10195 20091 30121 40158 60003 333 58021 60007 51%=
41BKI 02996 00000 10130 21003 39750 40176 60003 333 58003 60007 40%=
41SKP 01996 00000 10130 20080 3//// 4//// 60003 70400 333 5//// 60007 71%=
43532 01996 00000 10085 20042 39351 40177 60003 70400 333 59012 60007 74%=
43533 02997 00000 10100 20059 39232 48492 60003 333 59008 60007 76%=
43536 32596 20502 10030 21003 38426 48515 82500 333 59007 79%=
43563 02997 00502 10122 20007 39477 40181 60003 333 58013 60007 46%=
41726 01995 00000 10190 20096 30118 40190 60003 70500 333 58032 60007 55%= 


UPPK OPKC 121800=
PPAA 62171 41780 MISDA NO ASCENT DUE TO RED BALLOON SHORTAGE=
PPAA 6218/ 41516 MISDA DUE TO TECHNICAL FAULT=
PPAA 6218/ 41517 MISDA DUE TO SMOKE HAZE=
PPAA 6218/ 41598 MISDA DUE TO TECHNICAL PROBLEM=
PPAA 6218/ 41600 MISDA DUE TO TECHNICAL FAULT =
PPAA 6218/ 41624 MISDA DUE TO TECHNICAL PROBLEM=
PPAA 6218/ 41640 MISDA DUE TO TECNICAL PROBLEM=
PPAA 6218/ 41646 MISDA DUE TO TECHNICAL FAULT=
PPAA 6218/ 41678 MISDA DUE TO TECHNICAL PROBLEM=
PPAA 6218/ 41715 NO ASCENT DUE TO BALLOONS OUT OF STOCK=
PPAA 6218/ 41718 MISDA DUE TO TECHNICAL PROBLEM=
PPAA 6218/ 41739 no acent due to security risk=

41759 Not Received


Data Generated from File : D:/all data handling/Rmc_lhr/2025021218.FSU.txt
12/02/2025   19:06:00
____________________________________________________________________________________________
15020 07950 01202 11069 21089 30113 40326 57004 60002 7101/ 333 11036 21070 34102 55300 20000 60007 91004 90760 91104==
15090 07950 00000 11073 21094 30232 40332 57005 60002 7101/ 333 11024 21077 34008 55300 10230 20000 30000 60007 91001 90760 91101==
15108 02970 03203 11068 21186 38107 48528 57002 60002 333 11046 21116 49081 55300 20000 60007 91004 90760 91104==
15150 07956 02101 11059 21075 30098 40327 57003 60002 7101/ 333 11005 21062 34002 55300 20000 60007 91001 90760 91101==
15170 04967 00000 11053 21125 39475 42851 53002 60002 333 10036 21159 34017 55300 20000 60007 91002 90760 91102==
15280 02970 01802 11089 21319 37499 47036 52002 60002 333 11085 21133 49078 55300 20000 60007 91002 90760 91103==
15310 07958 03602 11030 21079 30234 40326 54001 60002 7101/ 333 10007 21080 34006 55300 10210 20000 30000 60007 91004 90760 91104==
15335 02960 03101 11032 21068 30317 40325 54001 60002 333 10021 21054 34006 55300 20000 60007 91001 90760 91102==
15350 04963 01001 11033 21082 30202 40330 54001 60002 333 10024 21074 34006 55300 20000 60007 91001 90760 91102==
15360 04963 03403 11006 21047 30303 40321 54001 60002 333 11004 21037 60007 91003 90760 91105==
15420 02960 00300 11055 21087 30204 40324 54000 60002 333 10024 21055 34016 55300 20000 60007 91000 90760 91101==
15460 04965 00501 11029 21075 30298 40324 55000 60002 333 10033 21049 30013 55300 20000 60007 91001 90760 91101==
15470 07957 10702 11023 21074 30185 40319 57002 60002 7101/ 80001 333 10021 21082 30012 55300 20000 60007 91003 90760 91103==
15480 04963 01601 10006 21055 30302 40320 52002 60002 333 10017 21019 31007 55300 10230 20000 30000 60007 91002 90760 91105==
15549 12970 00703 11021 21060 39872 40309 57012 60002 333 10013 21063 555 572//=
15552 12965 03201 10004 21010 30259 40310 54000 60002 222// 00056 10402 333 10058 21016 555 590// 92033 92437=
15640 12970 00000 10004 21010 39991 40318 53007 60002 333 10067 21042 555 590//=
15655 12968 03604 10032 21013 30280 40314 53004 60002 222// 00063 10402 333 10067 21001 555 572// 92033 92437=
15730 12670 20000 10020 21051 39891 40302 51002 60002 81101 333 10067 21072 555 559//=
16627 12560 10000 10030 21028 30294 40300 51008 60002 81100 333 10090 90730 91112==
16650 12560 30000 10050 21003 30291 40300 53004 60002 83100 333 10076 90730 91115==
16667 12560 20206 10070 21008 30275 40287 51005 60002 82100 333 10090 90730 91119==
16706 12660 20110 10088 20010 30269 40275 52010 60002 82100 333 10092==
16723 12560 33610 10076 20012 30254 40269 52018 60002 83200 333 10088 90730 91115==
16742 12560 33613 10080 21021 30094 40254 52014 60002 83100 333 10102 90730 91127==
16749 12460 13314 10108 21053 30215 40230 52012 60002 81100 333 10114 90730 91127==
16754 12460 63212 10110 20027 30231 40280 52008 60002 86800 333 10124 82818 85625 90730 91119==
16760 12560 70107 10072 20008 40281 53011 60002 87800 333 10086 84820 84625 90730 91120==
16765 12460 43222 10100 20001 40246 51007 60002 84800 333 10118 81818 83625 90730 91133==
17022 11568 71905 10037 20029 30103 40275 51004 69932 78022 85270 333 10059 85830 87359 90760 91111==
17024 11358 72111 10029 20029 30181 40262 52006 60062 76066 85720 333 10053 82708 85626 87458 90760 91122==
17026 11565 82504 10048 20035 30224 40264 52004 60062 76062 8552/ 333 10068 85630 88458 90760 91109==
17031 11460 73006 10059 20046 30246 40253 51004 69962 78082 87200 333 10078 82712 87833 90760 91111==
17034 11670 72201 10076 20039 30211 40258 52005 69952 70282 83250 333 10087 83835 87360 90760 91104==
17038 12670 70000 10077 20022 30202 40251 52008 60002 87200 333 10095 87835 90760 91111==
17042 12/70 31102 10035 20020 30220 40261 52007 60002 83030 333 10102 83360 90760 91105==
17050 12/70 50000 10035 21042 30246 40311 52009 60002 85030 333 10086 85358 90760 91108==
17056 12970 03004 10031 21006 30302 40307 52009 60002 333 10071 90760 91116==
17060 11456 70215 10046 20023 30253 40295 52008 60132 78088 87200 333 10050 85715 87825 90760 91123==
17070 11550 82101 11002 21019 39364 40271 52008 69982 77022 8552/ 333 10036 85630 88458 90760 91107==
17074 11550 81001 10006 20000 39289 40254 52005 60032 77077 8552/ 333 10023 85630 88458 90760 91102==
17084 11670 70802 10014 20008 39317 40252 52005 69942 70272 84550 333 10030 84635 87360 90760 91105==
17085 11458 83001 10029 20014 39745 40252 52003 60032 76066 8552/ 333 10035 81718 84628 88458 90760 91106==
17092 12660 70904 11034 21054 38893 48511 52005 60002 85550 333 10009 85640 87357 90760 91108==
17096 11656 70000 11107 21114 38257 48536 52002 69902 71072 84550 333 11041 84635 87358 90760 91118==
17098 12960 03103 11128 21144 38225 48549 52003 60002 333 11012 90760 91109==
17100 11956 00000 11002 21078 39251 40292 52005 60002 70500 333 10056 90760 91104==
17112 12670 30901 10046 21005 30296 40299 52007 60002 83200 333 10079 83835 90760 91111==
17115 11460 70115 10052 20025 30244 40297 53005 69982 72582 87200 333 10057 84715 87830 90760 91123==
17116 11558 70000 10026 20025 30166 40293 52009 60032 78088 85250 333 10064 85830 87359 90760 91108==
17124 12660 32707 11019 21044 39320 40280 52010 60002 83500 333 10044 83640 90760 91116==
17128 12570 60307 10001 21056 39115 40261 53007 60002 84250 333 10040 84830 86359 90760 91114==
17135 12670 60702 10022 21015 39337 40244 51004 60002 84550 333 10049 84640 86360 90760 91109==
17140 11665 60801 11028 21043 38719 48499 52004 69902 70172 84250 333 10008 84838 86358 90760 91105==
17150 11460 73403 10039 20030 30160 40289 53004 60012 78022 87200 333 10066 83715 86835 90760 91122==
17160 12670 63504 10000 21055 39041 48499 51001 60002 84550 333 10022 84636 86360 90760 91107==
17170 12560 20503 11039 21067 38356 48530 52005 60002 82500 333 10042 82630 90760 91109==
17175 12965 01201 10047 21014 30278 40282 52008 60002 333 10097 90760 91112==
17184 12670 53503 10046 21005 30164 40280 52010 60002 83240 333 10079 83840 85360 90760 91117==
17190 11670 43302 11021 21060 39029 48511 52008 69962 70371 84500 333 10014 84635 90760 91108==
17195 11457 80000 11006 21029 38988 48498 54000 69922 77022 8552/ 333 10021 82715 85625 88457 90760 91108==
17200 11356 83204 10027 20023 39218 40228 57002 69962 76162 8652/ 333 10037 83707 85630 88458 90760 91106==
17202 11360 80608 10023 20023 39166 40235 50000 60022 70262 8552/ 333 10044 82708 85631 88458 90760 91116==
17203 11670 80000 10006 21013 38911 48554 58002 60082 70272 8452/ 333 10009 84640 88460 90760 91105==
17210 12670 30000 10060 20001 39171 40221 52003 60002 83100 333 10130 83840==
17219 12965 03614 10050 21029 30129 40280 52015 60002 333 10093 90760 91123==
17234 12970 02601 10065 21032 30188 40259 52011 60002 333 10120 90760 91108==
17237 12670 42701 10036 21036 39742 40266 52010 60002 84200 333 10082 84835 90760 91111==
17240 11557 72903 10001 21022 39064 40250 52013 60022 77022 85570 333 10059 85630 87360 90760 91120==
17244 12560 73410 10000 21071 39016 48499 51001 60002 85550 333 10021 85630 87358 90760 91116==
17248 11540 83303 11008 21017 38989 48487 50001 60012 77122 8452/ 333 10019 84630 88459 90760 91107==
17250 17/44 /0405 11010 21040 38807 40217 50000 60002 771// 333 10026==
17260 11560 83608 10046 20033 39339 40172 57003 69922 72162 8552/ 333 10056 85625 88457 90760 91116==
17270 11670 72601 10070 20046 39551 40210 55000 60062 70262 85520 333 10094 85640 87460 90760 91109==
17275 12670 50000 10064 21028 39008 48524 55000 60002 82530 333 10075 82640 85360 90760 91110==
17280 11656 72305 10016 20011 39421 40237 52001 60022 71062 85520 333 10061 85635 87459 90760 91113==
17290 12970 03304 10086 21040 30225 40258 52020 60002 333 10115 90760 91124==
17292 12970 03002 10027 21093 39459 40245 52012 60002 333 10076 90760 91112==
17300 11560 63014 10094 21034 30145 40218 52022 69902 70281 83250 333 10142 83830 86358 90760 91131==
17310 11565 70503 10080 20042 30192 40199 52018 60032 79592 84970 333 10152 83833 87358 81930 90760 91113==
17330 11670 62905 10091 21003 30179 40197 52005 69902 70282 83250 333 10132 83840 86360 90760 91116==
17350 11560 62203 10098 20069 30107 40186 51006 69982 78022 84250 333 10143 84830 86359==
17370 12670 60000 10126 20035 30183 40187 55000 60002 84230 333 10158 84835 86360 90760 91103==
17375 11570 63606 10084 20011 30203 40205 53012 69902 70282 86200 333 10149 86832 90760 91115==
33088 12997 00701 11088 21096 30119 40325 57011 69902 333 11063 555 1/111=
33135 324// 80000 11075 21097 30183 40341 57005 886// 333 11051 88712 555 1/107=
33177 32997 01103 11043 21076 30048 40298 57010 333 11016 555 1/105=
33317 329// 01402 11064 21098 39962 40320 57008 333 11026 555 1/105=
33393 32960 31402 11055 21089 39881 40295 57005 80001 333 10009=
33415 32997 00000 11046 21081 39891 40310 57005 333 11019 555 1/106=
33429 32997 01402 11074 21096 39871 40321 57006 333 11019 555 1/107=
33466 32965 00101 11067 21095 30134 40334 57003 333 11026 555 14106=
33506 32997 53401 11058 21097 30124 40333 58003 80004 333 11023 555 1/106=
33562 32960 00000 11052 21097 30010 40333 58004 333 10000 555 1/107=
33587 329// 00000 11058 21092 30050 40330 57002 333 11005 555 1/105=
33658 31546 31104 11078 21086 39999 40319 57004 71000 83500 333 11032 83632 555 1/107=
33663 32997 00000 11061 21080 30222 40324 57005 333 11007 555 1/103=
33664 32997 01201 11071 21087 39983 40321 57009 333 11036 555 80015=
33678 32998 02801 11060 21098 30116 40340 57005 333 11021 555 80010=
33679 32997 00000 11046 21094 30121 40324 57008 333 10002=
33711 32960 00302 11056 21090 30103 40326 57003 333 10003 555 1/106=
33745 32997 30000 11081 21102 30132 40336 57003 80001 333 11026 555 80010=
33748 32997 01101 11060 21087 30019 40321 57003 333 11012 555 80011=
33754 32997 00000 11046 21094 30168 40324 56001 333 11004=
33761 32970 00000 11050 21087 30088 40324 57004 333 11014 555 1/105=
33791 32975 00202 11032 21083 30190 40325 54000 333 10016 555 1/105=
33815 32997 00000 11030 21091 30101 40320 57008 333 11008=
33837 32962 03601 11011 21079 30261 40315 54000 333 10012 555 1/104=
33881 32998 00000 11041 21079 30117 40325 57003 333 11013 555 80012=
33883 32997 03202 11047 21079 30150 40321 54000 333 11005 555 80014=
33885 32997 00201 11048 21091 30190 40334 57008 333 11015 555 80012=
33892 32997 00301 11050 21099 30098 40323 57002 333 11008 555 80021=
33902 32997 00301 11030 21092 30250 40313 54000 333 10031 555 1/104=
33924 12970 21102 11036 21058 30292 40305 52002 60002 80005 333 10007==
33946 12/67 30708 11040 21051 30064 40297 53004 60002 83030 333 10002 91010 90760 91112==
33983 12560 30205 11022 21031 30222 40285 57001 60002 83500 333 10017==
34300 32997 50000 11057 21105 30144 40332 57007 80001 333 11010 555 1/109=
34336 41440 80000 11126 21142 30228 40341 57006 77011 8572/==
34344 42/70 80101 11106 21106 30241 40336 57005 8807/==
34356 41/05 93601 11101 21117 30172 40330 57004 74944 89///==
34357 41540 83402 11105 21121 30160 40327 57005 71022 885//==
34398 119// 03301 11081 21091 30291 40305 54000 60002 71000 333 11020==
34415 32998 80501 11046 21094 30227 40329 57002 80005 333 11008 555 1/105=
34438 42960 00201 11153 21167 30126 40336 57008==
34445 42570 80402 11109 21115 30213 40336 54001 885//==
34461 42460 83501 11091 21111 30268 40327 57006 885//==
34473 324// 83102 11073 21086 30275 40316 57003 886// 333 11053=
34476 41440 83202 11073 21084 30309 40317 57004 71022 886//==
34504 32970 00502 11014 21082 30137 40319 57005 333 10003=
34535 42960 00000 11113 21127 30254 40332 57006==
34545 41440 70502 11117 21128 30210 40331 57005 77711 86601==
34555 42/60 83202 11095 21115 30235 40332 58003 8802/==
34560 41140 80203 11087 21100 30119 40322 57005 71022 886// 333 88703==
34578 41210 83502 11079 21085 30311 40318 57001 71022 886//==
34579 41520 83401 11080 21086 30271 40317 54000 71022 885//==
34644 42560 50203 11093 21114 30237 40319 57002 85500==
34646 42570 80103 11068 21088 30231 40318 57004 885//==
34655 42560 80602 11060 21077 30257 40321 58002 885//==
34662 42470 80402 11065 21080 30310 40322 57002 886// 333 88715==
34691 12970 00000 11047 21083 30527 40514 52002 60002 333 10004==
34720 42970 70302 11066 21090 30272 40314 57003 80001==
34727 42960 00702 11056 21077 30279 40311 57004==
34743 42/60 80601 11058 21073 30223 40318 57003 8805/==
34759 41540 80602 11074 21074 30179 40318 57004 71022 885//==
34772 42960 00102 11075 21092 30312 40315 52001==
34785 42560 70501 11035 21080 30329 40305 51001 87500==
34798 12960 02201 11060 21083 30458 40427 52006 60002 333 10008==
34824 41940 00603 11059 21075 30295 40300 57002 71000==
34838 42960 40403 11037 21069 30195 40296 58005 80005==
34845 42970 00802 11060 21075 30191 40305 57004==
34858 41640 80000 11058 21076 30197 40311 57003 71011 82505==
34861 41340 80703 11079 21086 30056 40314 57004 71022 886//==
34866 42/60 23302 11066 21082 30322 40312 57001 80030==
34880 42/60 20502 11038 21081 30329 40301 52005 82030==
34887 42970 00000 11045 21084 30323 40299 58001==
34949 42/// /0903 11059 21087 39724 40299 57010==
34954 42970 31103 11045 21075 30120 40303 57005 80001==
34958 42970 00000 11063 21083 30096 40307 57006==
34975 42970 03202 11063 21075 30309 40305 58001==
34984 42960 03401 11053 21082 30330 40298 58001==
35217 129// 00000 11138 21158 30255 40298 53001 60002 333 11064==
35302 129// 03502 11083 21102 30277 40299 57001 60002 333 11044==
35315 329// 02201 11122 21142 30235 40295 57004 333 11035=
35344 329// 02204 11102 21121 39975 40277 56001 333 11051=
35358 12/// 82002 11069 21106 30105 40282 57002 60002 8802/ 333 11055==
35368 315// 82007 11064 21100 30014 40289 53001 73632 885// 333 11053=
35386 325// 82402 11170 21196 39741 40300 58005 885// 333 11092=
35394 11560 62205 11135 21153 39580 40296 58003 60002 77071 86500 333 11046==
35404 329// 00201 11059 21074 30293 40302 58001 333 11014=
35406 129// 00000 11070 21099 30296 40298 58001 60002 333 11014==
35416 12/// 72302 11081 21104 30175 40301 52002 60002 87050 333 11013==
35426 125// 82502 11066 21103 39994 40296 54000 60002 885// 333 11028==
35437 325// 82502 11055 21085 30078 40405 53008 885// 333 11043=
35449 325// 82104 11045 21072 30181 40287 57001 885// 333 11039=
35497 11/// 82302 11165 21176 39753 40632 58004 69902 77177 8802/ 333 11073==
35498 119// 22301 11179 21191 39383 40326 57005 69920 70171 80001 333 11094=
35514 32998 01602 11081 21087 30529 40525 54000 333 11013=
35522 325// 82302 11057 21083 30038 40298 52001 885// 333 11035=
35542 325// 81601 11048 21068 30137 40289 57002 885// 333 11030=
35563 31598 52306 11074 21099 39494 40288 53002 73683 85900 333 11064=
35576 115// 72406 11093 21113 39841 40310 58008 69922 70272 87500 333 11110==
35582 329// 22302 11185 21217 39682 40331 58005 80003 333 11108=
35594 329// 62503 11142 21166 39430 40316 58006 80002 333 11060=
35605 32998 00000 11050 21057 30324 40302 52005 333 10001=
35633 11/// 92001 11114 21127 30076 40302 52002 69930 74944 333 11015=
35671 12970 52101 11084 21112 39865 40312 58007 60002 80001 333 11046==
35699 125// 70901 11096 21126 39526 40313 58004 60002 87500 333 11033==
35700 12970 02301 11050 21050 30328 40303 52007 60002 333 10010==
35715 12597 70901 11050 21091 30319 40304 52008 69900 87500 333 10002=
35739 325// 80000 11046 21090 30148 40291 51001 885// 333 11025=
35746 115// 80000 11027 21030 30221 40289 58001 69902 77172 885// 333 11015==
35777 324// 80000 11071 21119 39969 40327 58004 886// 333 11039=
35796 12/60 80000 11111 21126 39871 40328 58004 60002 8801/ 333 11096==
35849 115// 80000 11024 21046 30196 40283 58003 69902 77072 885// 333 11003==
35895 32997 62302 11087 21094 39879 40342 54000 84032 333 11064=
35907 32598 80302 11036 21054 30329 40297 52004 885// 333 11021=
35925 129// 30703 11068 21080 30180 40296 51005 60002 80002 333 11016==
35927 319// 20000 11057 21064 30288 52005 71011 82030 333 11010=
35953 115// 80000 11002 21045 30162 40293 58004 69902 70272 885// 333 10007==
35969 125// 80000 11010 21064 30146 40322 58003 60002 885// 333 10011==
35997 316// 80000 11043 21074 39895 40341 52001 71022 885// 333 11046=
36259 42584 81001 11253 21281 38188 48488 57011 86902==
36335 329// 41906 11111 21158 39224 40287 58008 80006 333 11010=
36358 329// 71806 11106 21131 39229 40282 58005 80002 333 11029=
36394 329// 31405 11103 21142 39841 40281 54000 80002 333 11057=
36397 11/// 62008 11098 21162 39695 40278 58005 60002 70232 86070 333 11084==
36403 329// 71102 11084 21154 39906 40279 52004 87030 333 11033=
36418 329// 62302 11192 21215 39678 40342 53005 80003 333 11102=
36421 329// 70801 11245 21264 39733 40355 52002 80001 333 11157=
36428 129// 63303 11225 21250 39800 40349 56001 60002 80001 333 11125==
36439 329// 20000 11168 21178 38990 48485 51002 80001 333 11059=
36498 329// 01701 11135 21155 39500 40334 52005 333 11081=
36501 329// 02307 11096 21136 39492 40269 58009 333 11020=
36535 129// 20000 11245 21277 39663 40360 58001 60002 80001 333 11091==
36546 329// 23501 11257 21279 39763 40361 53002 80001 333 11104=
36619 329// 01503 11185 21210 333 11082=
36622 329// 01901 11184 21210 39492 40356 51003 333 11098=
36639 129// 00000 11201 21240 39714 40372 52006 60002 333 11069==
36643 329// 02402 11205 21222 39634 40352 51002 333 11131=
36665 329// 02502 11211 21236 39562 40350 53009 333 11166=
36666 329// 02302 11252 21272 39815 40361 53007 333 11126=
36729 31496 81002 11080 21107 39844 40344 52002 77172 886// 333 11032=
36736 325// 33402 11136 21150 39780 40368 52006 83500 333 11003=
36744 329// 82703 11098 21115 39867 40338 52006 8807/ 333 11057=
36770 119// 82903 11022 21031 39592 40329 52006 60010 77172 8802/ 333 10010=
36786 32999 61602 11103 21144 39383 40343 58002 86010 333 11035=
36796 329// 20000 11180 21212 39093 48511 54000 80001 333 11060=
36803 32999 02202 11140 21156 39882 40360 52010 333 11071=
36806 329// 01505 11146 21213 39855 40354 52006 333 11100=
36819 115// 80501 11048 21061 39709 40339 52007 69900 71022 885// 333 10001=
36821 11/// 81701 11066 21078 39840 40347 52006 60002 71022 8807/ 333 10004==
36839 11998 81601 11034 21075 39177 40327 58001 69980 70272 8807/ 333 10009=
36843 319// 82403 11022 21056 39126 40317 52002 70272 8802/ 333 10015=
36846 315// 80902 11109 21118 38672 48551 58004 77172 8872/ 333 11045=
36859 12/// 80000 11030 21072 39583 40385 52006 60002 8802/ 333 10016==
36870 115// 80401 10000 21014 39291 40313 58001 69902 78582 889// 333 10032==
36874 115// 80000 11024 21036 39667 40470 58003 69900 78582 889// 333 11008=
36877 119// 80000 11011 21023 39727 40758 58002 69960 77177 8802/ 333 10024=
36885 115// 80702 11014 21027 39176 40320 58003 69940 77172 8872/ 333 10013=
36889 129// 61801 11131 21174 37041 47057 58010 69990 80005 333 11085=
36894 115// 70000 11005 21016 39575 40324 58007 69900 71082 86970 333 10023=
36905 115// 70000 11029 21036 38812 48566 58005 69920 78582 84372 333 10015=
36911 419// 80000 11008 21011 39326 40319 58003 77177 8802/ 333 10036=
36927 42697 72712 11032 21096 38366 48535 52001 87900 333 10024 91120=
36934 42597 80805 11018 21039 38280 48410 51001 86932=
36953 326// 80000 11094 21117 38249 48508 52009 8694/ 333 10010=
36963 429// 21601 11156 21183 37021 48/// 58004 80001 333 11081=
36974 427// 80000 11106 21112 38012 48561 58003 87500 333 11020=
36982 419// 72803 11160 21192 36493 47093 58003 77172 87050 333 11081=
37018 42960 20403 10055 21066 30163 40239 57006 80002==
37031 42960 20501 11019 21065 30081 40284 57002 80001==
37054 42960 00901 11030 21063 39898 40299 58006==
37061 41940 60703 11062 21081 30130 40309 58005 71011 80005==
37085 42940 03302 11049 21073 30330 40302 58003==
37171 42940 20802 10031 20015 30224 40243 53002 80001==
37228 42960 00000 11032 21048 39420 40287 57006==
37235 42960 01301 11030 21058 39967 40298 57005==
37472 42970 02401 11002 21033 30321 40298 58005==
38149 12570 52503 11039 21051 30210 40291 53012 60012 85500 333 10010==
38178 41/// 81604 11007 21057 39971 40265 57002 70272 8802/ 333 10017==
38262 119// 62403 11037 21059 30190 40276 52006 60022 70277 333 10018==
38264 12/70 72203 11034 21055 30190 40287 52007 69972 8707/ 333 10013==
38345 41696 80000 11020 21038 38862 48546 58006 71022 885// 333 10018=
38353 415// 80000 11009 21022 39405 40330 58006 77177 885// 333 10014=
38388 32597 82701 10022 21049 30058 40298 52003 885// 333 10073=
38392 72697 62804 11030 21034 30182 40289 52007 86500 333 10023 6//// 86646=
38396 12960 72504 10001 21036 30164 40293 58001 60052 875// 333 10021 87666==
38403 12/// 82002 10006 21008 30158 40283 53011 69942 8807/ 333 10015==
38413 42/// 81903 10021 21022 39999 40297 57003 8807/ 333 10049==
38457 11460 83501 10022 20009 39709 40310 57005 69962 72162 8852/ 333 10032==
38462 126// 80000 11019 21068 38816 48550 52004 69932 8692/ 333 10019==
38507 72496 22102 11004 21022 30193 40300 52003 82500 333 10058 6//// 91004=
38545 71998 81501 10009 20001 30123 40303 52001 72285 8802/ 333 10032 6////=
38565 12/// 30000 11002 21020 39681 40258 57008 60002 83040 333 10048==
38579 125// 80000 10024 20008 39878 40307 57002 69942 885// 333 10046==
38583 12560 83601 10016 20000 39985 40317 58014 69902 8872/ 333 10037==
38599 11596 80000 10008 21008 39765 40319 58003 69900 8455/ 333 10028 84628=
38611 41/20 82501 10027 20014 39740 40325 54000 76165 8802/ 333 10050 82/83==
38613 429// 80101 10012 20007 40311 58006 8802/ 333 10025=
38616 415// 80000 10004 21002 39280 40322 58005 77172 8872/ 333 10015=
38618 116// 80000 10028 20001 39599 40303 57002 69902 70262 8257/ 333 10034==
38647 72997 00000 10021 21007 30238 40282 52002 333 10097 6////=
38656 32698 81602 10048 20015 30183 40295 54000 885// 333 10080=
38683 41/40 61102 10010 20002 30024 40309 58002 71011 86030 333 10044==
38687 72997 01402 10004 21007 30071 40315 54000 333 10062 6////=
38696 129// 00501 10009 21008 39439 40320 52010 69902 333 10026==
38713 114// 81401 11014 21047 39095 48550 58013 69900 71022 886// 333 11007=
38750 72997 00502 10045 21003 30334 40305 58007 333 10110 6////=
38763 72597 22601 10034 21004 30187 40295 53008 82200 333 10088 6////=
38774 72895 52401 10036 20013 30099 40300 52004 85040 333 10094 6////=
38799 32997 01101 10007 21013 30073 40314 53019 333 10084=
38806 32997 00202 11004 21028 30029 40300 53001 333 10054=
38812 41/20 20903 10012 21008 39838 40306 58006 71010 82030 333 10061==
38836 315// 50000 10026 20013 39323 40280 52006 71022 83502 333 10074=
38880 22697 71102 10052 20017 30031 40292 50004 885// 333 10088 60002 88638=
38886 71996 00201 10028 20007 30058 40293 54000 71000 333 10114 6////=
38895 32996 00000 10008 21009 30008 40310 52001 333 10082=
38911 32997 20802 10021 21032 30003 40307 58016 80002 333 10080=
38915 32997 51402 10040 20003 39971 40301 58006 85030 333 10096=
38927 11559 60402 10042 20011 39922 40307 58001 60002 71022 86400 333 10077 86629==
38933 327// 73601 10056 20007 39787 40311 53009 84530 333 10075=
38944 326// 80000 10053 20012 39698 40242 57001 885// 333 10080=
38954 329// 00000 11023 21095 37972 48560 52005 333 10038=
38974 72598 03201 10020 20004 39949 40294 52009 333 10109 6////=
38987 32996 52201 10000 21030 39534 40305 54000 85080 333 10063=
40100 43/60 89905 10107 20076 30206 40222 53015 6///1 333 58///=
40180 11560 41404 10111 20090 30166 40216 52010 60042 70162 84800 333 10144 20111 70000==
40199 12/// /3503 10167 20008 30194 40219 52019 60002 333 10224 20123 70000==
40255 36/// /2606 10076 29081 3//// 4//// 5////=
40265 11840 40000 10070 20059 39423 40239 52014 60012 70560 84080 333 10130 84358=
40270 11556 62407 10070 20048 39310 40228 52014 69992 71022 86600 333 10124 83830 84635=
40272 31540 62408 10080 20050 39376 40224 52021 74522 86800 333 10130 86830 86830=
40296 36/// /0000 10179 29048 4//// 5////=
40340 32660 30202 10164 20003 40226 52019 83100 333 10207 83845=
40356 42660 52808 10110 21030 39209 48508 85200 333 10160 58016 55/// 85840 555 04410 50199=
40357 42960 00404 10108 21050 39550 40203 333 10167 58008 55///=
40360 42960 03012 10102 20020 39607 40208 333 10168 58026 55///=
40361 42960 00704 10123 21050 39418 40226 333 10171 58022 55///=
40362 42960 33606 10129 20060 39666 40186 83030 333 10184 58008 55/// 83359=
40373 42660 51010 10134 20100 39756 40180 85500 333 10170 58001 55/// 85635=
40375 42960 03210 10140 21050 39298 40187 333 10183 58032 55///=
40394 42960 00308 10144 20020 39047 48521 333 10204 58024 55/// 555 04410 50179=
40400 42960 03213 10202 20080 30148 40176 333 10244 58034 55///=
40405 42960 00209 10171 20120 39412 40151 333 10240 58012 55///=
40417 42960 50807 10195 20150 30132 40147 83032 333 10273 59036 55/// 83360 83070=
40430 42660 52806 10229 20000 39414 40148 82510 333 10275 58018 55/// 82635 83460=
40437 42660 41302 10214 20070 39450 40142 84400 333 10256 59018 55/// 84640=
40439 42660 62810 10218 20090 30127 40145 86500 333 10286 58021 55/// 86640=
40582 41858 53304 10144 20135 40176 52010 71011 85050 333 55300 00000 10123 20000 30000 41187 51309 60000 55407 40000 85358 90401 91005 91119 91213 91305=
40703 12960 00000 11044 21087 38961 40282 53004 60001 333 55090 70000 555 11054 29072=
40706 11557 30302 11035 21097 38697 40300 52010 60001 70500 81402 333 55095 22707 70000 81630 8306 8 555 11052 29062=
40712 12960 02704 11066 21132 38720 40314 52003 60001 333 55095 21497 70000 555 11079 29060=
40713 11515 62501 11012 21058 38696 40275 53006 60001 70521 84670 333 55054 70000 82720 83635 555 11027 29071=
40718 12560 60901 10081 20055 30311 40282 51003 60001 83530 333 55084 21319 70000 83620 86358 555 10070 29084=
40723 12965 09901 11023 21061 39013 40298 50001 60001 333 55086 21566 70000 555 11034 29075=
40726 11958 00000 11040 21073 38699 40298 51006 60001 70500 333 55046 70000 555 11048 29078=
40727 11658 53301 11027 21057 38517 40296 51008 60001 71022 82850 333 55026 20945 70000 82840 8436 0 555 11036 29080=
40732 12560 71601 10092 20041 30297 40272 51004 60001 87300 333 55058 70000 82923 86626 555 10070 29071=
40736 12960 00802 10082 20042 30306 40280 54000 60001 333 55051 70000 555 10065 29076=
40737 12960 02002 10030 20011 30255 40274 50006 60001 333 55089 21573 70000 555 10023 29087=
40738 12960 00000 10036 20008 30298 40300 51002 60001 333 55081 21464 70000 555 10026 29082=
40739 12962 00000 11004 21041 38741 40290 50002 60001 333 55073 70000 555 11016 29076=
40741 12960 01102 10025 21022 39947 40293 51006 60001 333 55097 70000 555 10009 29071=
40743 12965 20803 10003 21049 39128 40289 50000 60001 80001 333 55092 21623 70000 82070 555 11015 29068=
40745 12960 02002 10007 21038 39102 40285 52005 60001 333 55086 21581 70000 555 11010 29072=
40747 12660 60303 10015 21052 38670 40270 52010 60001 82470 333 55047 21221 70000 82640 85359 555 11009 29061=
40754 11957 30000 10053 21063 38877 40252 50007 60001 70521 81072 333 55083 22754 70000 81360 555 10013 29043=
40762 12965 00000 11020 21048 38599 40280 58001 60001 333 55091 70000 555 11028 29081=
40766 12660 62803 10040 21010 38723 40241 52017 60001 82570 333 55050 20985 70000 82645 86359 555 10020 29070=
40768 11530 50301 11063 21074 38293 40326 51005 60001 71022 85670 333 55036 21344 70000 82730 8364 5 555 11064 29092=
40769 11510 83401 11022 21025 38325 40281 52008 60011 77374 8352/ 333 55010 20962 70014 83630 8855 7 555 11022 29098=
40780 12660 51402 10059 20029 38703 40217 53007 60001 82570 333 55027 25192 70000 82640 85458 555 10046 29081=
40782 11660 80000 10073 20054 38888 40205 50004 60021 76062 8632/ 333 55036 70018 82935 84640 8855 8 555 10064 29088=
40785 11557 80000 10075 20002 39149 40266 52009 60001 76022 8832/ 333 55038 24810 70000 81930 8363 5 88559 555 10045 29060=
40791 12960 60601 10100 21042 39407 40244 51005 60001 86010 333 55030 21054 70000 86460 555 10047 29037=
40792 12660 72401 10053 21034 38762 40237 58003 60001 84570 333 55065 21629 70000 84635 85359 555 10020 29053=
40798 11559 73203 10029 20023 37961 40191 58003 60031 76086 85370 333 55019 20734 70025 81725 81930 83635 85458 555 10026 29096=
40800 11658 80801 10035 20017 38484 40233 50004 60011 76162 8352/ 333 55002 20721 70014 83640 8856 0 555 10027 29088=
40809 12660 50702 10076 21052 38538 40215 52007 60001 81472 333 55057 21352 70000 81640 84460 555 10028 29040=
40811 12660 71102 10134 20120 30160 40186 50006 60001 85370 333 55000 70007 81935 84640 87460 555 10126 29091=
40812 11657 83202 10116 20109 39797 40175 50000 60101 71062 8632/ 333 55000 70111 82935 84640 8846 0 555 10112 29095=
40821 11650 60000 10061 21033 38831 40250 58007 69901 70582 83470 333 55001 20718 79999 83640 8536 0 555 10025 29051=
40829 12960 83605 10129 21035 39665 40243 50007 60001 8802/ 333 55072 70000 88459 555 10065 29032=
40831 11957 43603 10134 20121 30181 40189 51013 60001 71021 84030 333 55000 70044 84360 555 10127 29092=
40833 12660 51204 10175 20112 30150 40182 54000 60001 85300 333 55000 70006 82935 83640 555 10141 29067=
40841 11630 80000 10064 20059 38296 40213 52006 60041 76362 8242/ 333 55025 20907 70073 82640 88557 555 10061 29096=
40848 11440 80000 10062 20058 38578 40243 51009 60061 76162 8632/ 333 55000 20277 70282 81715 8293 0 83635 88559 555 10060 29097=
40854 12660 20000 10113 21022 38994 40200 50009 60001 82400 333 55069 70000 82640 555 10058 29039=
40856 11660 62602 10111 21017 38695 40217 53005 69901 72582 84370 333 55065 22714 79999 82935 83840 555 10057 29041=
40859 11556 83202 10094 20086 38754 40222 51009 69911 78022 8632/ 333 55000 70029 82930 84635 8845 9 555 10090 29095=
40875 11958 23303 10182 20075 30161 40172 51016 60001 70511 82030 333 55062 21323 79999 82359 555 10128 29050=
40879 12660 52602 10211 20014 39518 40187 51014 60001 81470 333 55079 70000 81606 85360 555 10118 29027=
40882 12660 71104 10220 20123 30127 40162 50004 60001 84570 333 55046 70000 84635 83359 555 10165 29054=
40883 11957 12005 10216 20080 30135 40162 53005 60001 70500 80001 333 55034 70000 81070 555 10145 29042=
40893 11957 00702 10224 20170 30172 40177 52012 60001 70500 333 55085 21249 70000 555 10190 29072=
40898 11958 00000 10222 20200 30173 40182 51036 60001 71000 333 55096 70000 555 10208 29088=
41024 42660 53512 10239 20140 30126 40152 85500 333 10278 55024 58019 85640==
41036 42560 32206 10194 20090 38571 48521 81830 333 10250 58016 81830==
41055 42560 21407 10195 20050 38374 48520 82400 333 10261 58017 82630==
41061 42/60 51007 10270 20000 39412 40100 85020 333 10320 59009 85457==
41084 42560 42610 10243 20100 38856 48517 84400 333 10324 58009 84630==
41112 42960 01905 10156 20050 37966 48531 333 10213 55042 58008==
41114 42560 22108 10165 20050 38002 48534 82400 333 10215 58008 82622==
41128 42560 30602 10255 21040 38806 48519 83400 333 10340 55100 58010 83630==
41136 42960 01608 10251 21040 39312 40107 333 10360 58005==
41140 42560 40000 10275 20210 30124 40132 84400 333 10304 58008 84630==
41150 42962 70907 10198 20180 40151 83031 333 10237 59034 83368 86075=
41176 44/59 /0910 10204 20189 30135 40141 333 10230 59040=
41184 42960 22404 10189 20107 40177 80001 333 10333 59007 82070=
41194 12960 60704 10257 20075 30163 40169 60001 8603/ 333 10326 59008 86365=
41196 12960 20403 10227 20091 30133 40174 60001 82030 333 10331 59009 82362=
41216 42960 10904 10231 20157 30162 40166 81030 333 10323 59009 81075=
41217 42960 50708 10233 20144 30133 40162 85030 333 10316 59009 85368=
41242 36/// /3504 10222 20170 30165 40191 333 0E021 10289 55300 25022 59003=
41246 36/// /1303 10223 20161 30171 40173 333 0E022 10265 55300 25022 59007=
41263 36/// /1005 10246 20081 39598 40156 333 0E025 10319 55300 20000 58006=
41265 36/// /1002 10227 20038 39599 40165 333 0E023 10317 55300 20000 58005=
41267 36/// /1706 10219 20165 30167 40180 333 0E022 10259 59001=
41268 36/// /1903 10210 20189 30129 40177 333 0E021 10274 55300 25022 58002=
41275 36/// /1411 10228 20138 30025 40195 333 0E023 10320 55300 20000 58008=
41288 36/// /1006 10228 20189 30168 40191 333 0E024 10270 58007=
41304 36/// /1311 10210 20198 39856 40174 333 0E021 10291 55300 20000 58003=
41315 36/65 /0000 10181 20169 39352 48330 333 0E024 10237 55300 27865 58001=
41316 32560 22003 10237 20191 30151 40181 82500 333 10274 59001 55000 55407 55408 55507 55508 82625=
41396 42960 01504 10242 20087 39435 40150 333 10322 58010=
41480 41558 20715 10258 20209 30150 40158 70544 82500 333 10295 58004 82620=
41508 02696 20000 10037 20010 38683 48548 60013 82500 333 56900 58006 60007 82635=
41515 02995 20000 10050 21030 38566 48527 60003 82020 333 56090 59004 60007 82460=
41516 02696 40000 10080 21038 38522 48480 60003 84030 333 56090 59011 60007 84360=
41517 01696 60000 10030 21051 37770 48499 60003 70422 83530 333 56990 59010 60007 83635 83360=
41518 02696 81808 10117 21123 38/// 48/// 60003 8352/ 333 5699/ 5//// 60007 83640 88461=
41519 02696 63102 10120 21046 38730 48472 60003 83520 333 56990 59019 60007 83640 83462=
41523 02996 00000 10090 20023 39102 48510 60003 333 58004 60007=
41535 02996 00000 10070 20011 38724 48489 60003 333 58003 60007=
41536 02996 03602 10105 20028 39066 48528 60003 333 58012 60007=
41560 02996 00000 10050 20004 38317 48547 60003 333 58002 60007=
41571 119// 00504 10105 20029 39598 40197 60003 70500 333 58032=
41598 01996 00000 10115 20022 39894 40172 60003 70400 333 58017 60007=
41600 01996 03102 10130 20068 39867 40169 60003 70400 333 58014 60007=
41620 31996 00502 10080 21055 38589 48491 60003 70500 333 58009 60007=
41624 01995 00000 10140 20056 39955 40160 60003 70400 333 58014 60007=
41630 01996 02304 10110 20056 40183 60003 70400 333 58018 60007=
41640 01996 00000 10170 20094 39920 40171 60003 70400 333 58021 60007=
41660 029// 32304 10070 20106 38485 48575 60003 80001 333 56009 58007 60007 83070=
41678 01996 00000 10170 20070 40181 60003 70400 333 58026 60007=
41696 02996 00000 10045 21047 38017 48544 60003 333 58006 60007=
41697 02996 00000 10190 20013 40179 60003 333 58016 60007=
41700 01995 00000 10150 20103 40176 60003 70400 333 58027 60007=
41710 12996 43102 10180 21027 39409 40181 60003 84010 333 56090 58004 84460=
41712 12996 00504 10130 20007 39225 48531 60003 333 58016=
41715 01994 00000 10175 20089 30124 40191 60003 70400 333 58039 60007=
41718 01995 00000 10140 20091 30076 40183 60003 70400 333 58025 60007=
41725 01996 00000 10175 20064 30093 40172 60003 70500 333 58030 60007=
41739 02996 00000 10170 20008 39076 48534 60003 333 58006 60007=
41744 12996 00000 10140 20000 38809 48532 60003 333 58008=
41749 01996 00000 10165 20081 30152 40185 60003 70400 333 58032 60007=
41756 01995 00000 10200 20149 30119 40185 60003 70504 333 58013 60007=
41757 12996 00000 10210 20142 30166 40179 60003 333 58013=
41764 02996 00000 10200 20098 30120 40171 60003 333 58011 60007=
41768 02996 02302 10185 20123 30166 40173 60003 333 58026 60007=
41780 01996 00000 10220 20144 30148 40175 60003 70400 333 58017 60007=
41785 02996 00000 10205 20146 30154 40167 60003 333 58005 60007=
41859 01930 00000 10275 20140 30084 40122 70500 333 58001 70000==
41883 02930 00000 10184 20150 30102 40123 333 58001 70000==
41891 41930 00902 10195 20180 30087 40127 70500 333 59004==
41907 01935 00000 10168 20150 30110 40125 70500 333 58006 70000==
41923 01/40 20000 10230 20200 30121 40131 70520 82030 333 58005 70000 82360==
41936 01907 00000 10200 20190 30106 40113 74446 333 58005 70000==
41943 01930 01802 10218 20210 30124 40132 70500 333 59004 70000==
41950 01440 20000 10234 20220 30127 40129 70521 82500 333 58000 70000 82617==
41978 01935 01602 10229 20220 30126 40132 70500 333 59005 70000==
41992 01925 00000 10218 20200 30134 40136 70500 333 59004 70000==
42027 32596 20502 10030 21003 38426 48515 82500 333 59007=
42071 31996 02904 10124 20075 40177 70500 333 58023=
42101 32996 02703 10140 20102 40178 333 58030=
42111 31994 00000 10124 20090 39412 40125 71000 333 59003=
42123 32996 02701 10156 20071 40175 333 58021=
42131 32996 03202 10132 20105 40188 333 58043=
42165 32996 00000 10186 20077 40173 333 58031=
42182 31996 02703 10172 20100 40159 70500 333 58030=
42189 31995 03603 10154 20092 40139 70500 333 58013=
42314 21494 83610 10146 20135 40135 79596 8592/ 333 57920 59006 6006/ 85616 81925 88459 90116 90217 99725=
42328 32996 00000 10176 20078 40157 333 58029=
42339 31995 00000 10162 20079 40174 70500 333 58028=
42348 31996 03603 10190 20033 40167 70500 333 58033=
42361 31995 00000 10150 20068 40163 70500 333 58029=
42369 31095 02702 10172 20103 40142 70500 333 58017=
42379 31995 00000 10194 20135 40114 70500 333 58005=
42410 31594 20000 10166 20156 40127 71000 81530 333 59009 81620=
42415 32996 41102 10174 20120 40134 82031 333 59010 82360 83075=
42452 31996 00000 10146 20087 40161 70500 333 58026=
42492 31994 03201 10200 20149 40126 71000 333 58006=
42559 32996 00000 10156 20056 40160 333 58028=
42571 31996 00000 10186 20113 40148 70500 333 58016=
42591 31995 00000 10174 20111 40138 70500 333 58007=
42623 21394 60000 10150 20143 39260 40139 76062 84730 333 59006 6001/ 82708 84618 86360=
42634 32996 00000 10228 20085 40168 333 58012=
42647 31996 02904 10246 20087 40156 70400 333 58010=
42667 31996 03403 10180 20094 39567 40164 70500 333 58020=
42675 31995 00000 10166 20119 40157 70500 333 58023=
42701 31996 00000 10180 20097 39395 40132 70500 333 58002=
42724 31595 20000 10218 20206 40129 71000 82500 333 58003 82620=
42737 32996 00000 10216 20120 40164 333 58005=
42754 31996 00505 10196 20109 39517 40159 70500 333 58017=
42779 32996 00000 10196 20100 39440 40143 333 58006=
42798 31995 00000 10224 20138 40122 70500 333 58004=
42809 31995 00000 10246 20225 40124 71000 333 58002=
42840 32996 00000 10240 20150 40156 333 58008=
42867 31995 00202 10198 20106 40151 70500 333 58021=
42874 31996 03202 10250 20150 40132 70500 333 58010=
42886 31995 00000 10214 20134 40128 70500 333 58001=
42895 32996 20000 10248 20230 40119 82030 333 59005 82360=
42909 32996 09901 10232 20211 40156 333 58002=
42971 31995 02001 10256 20229 40126 71000 333 59010=
43003 31995 00000 10232 20174 40136 70400 333 59008=
43014 31996 00000 10196 20132 39492 40147 70544 333 58009=
43041 31996 00000 10230 20174 39519 40136 70500 333 58001=
43063 32996 00000 10176 20105 39520 40157 333 58006=
43086 32996 00000 10252 20193 39947 40125 333 58004=
43110 32996 03601 10238 20201 40133 333 59003=
43117 32996 00000 10256 20183 40130 333 58006=
43128 31996 10000 10250 20154 39528 40132 70511 80001 333 59078 81070=
43150 31995 22503 10260 20228 30075 40136 70500 80001 333 59003 82075=
43185 32996 00000 10228 20209 30124 40128 333 59003=
43189 32996 00000 10244 20213 30131 40140 333 59003=
43192 32996 00000 10262 20227 40121 333 59005=
43201 32996 02001 10214 20126 39396 40126 333 58001=
43213 32996 00000 10266 20142 39801 40116 333 58000=
43233 32996 20000 10220 20156 39325 40146 80001 333 58001=
43237 32996 00000 10254 20135 39710 40101 333 58000=
43245 32996 01602 10252 20222 30109 40136 333 59001=
43279 31596 20702 10226 20211 30120 40138 71000 81501 333 59003 81620=
43284 31996 00000 10268 20211 30007 40122 70500 333 59001=
43295 32996 10503 10224 20142 39126 48534 80001 333 58002 81075=
43314 32996 00000 10276 20241 40125 333 58006=
43321 31496 40204 10246 20149 39687 40135 70500 81501 333 58003 81615 83070=
43329 32996 10000 10244 20220 30118 40132 80001 333 59004=
43333 31495 20000 10242 20209 40129 70511 82400 333 59003 81618=
43344 31496 49902 10252 20234 30034 40134 71011 82501 333 59001 82616 83075=
43353 31496 29902 10266 20237 40126 71021 81500 333 56700 58002 81620=
43369 32596 30000 10264 20244 40127 83500 333 58003 83620=
43371 32996 10000 10260 20224 30057 40130 80001 333 58002 81075=
43413 11470 50603 10262 20242 30131 40136 5/006 60008 70222 83106 333 553// 20000 58005 83118 85680 91005=
43418 21470 20501 10255 20228 30090 40131 52003 70100 82000 333 58004 60008 82818=
43421 11470 10401 10239 30027 40134 52004 60008 70100 81000 333 553// 20000 58003 81818 91004=
43424 03970 10502 10236 20223 30126 40128 52009 60008 333 58007 60008 81180=
43436 01470 13601 10268 20245 30128 40131 54003 60008 70200 81000 333 55001 58003 60008 81818=
43441 01070 00000 10246 20219 39988 40122 52011 60008 70200 333 58004 60008=
43444 01470 20501 10224 20206 39594 40122 54006 60008 70200 81000 333 58004 60008=
43450 01959 50402 10248 20229 30116 40128 50013 60008 70510 333 58009 60008 85680=
43466 01970 01001 10276 20244 30113 40121 5/008 60008 70200 333 55002 553// 20000 58005 60008 91002=
43467 01465 21802 10283 20262 30114 40120 52010 60008 70200 81100 333 58004 60008 81116=
43473 01970 22501 10119 21067 38145 48517 54000 60008 70210 333 553// 20000 58000 60008 82070 91002=
43486 11470 50701 10257 20257 30024 40124 51010 60008 70211 84001 333 553// 20000 58006 84816 84178 91001=
43495 01470 73601 10279 20249 30111 40124 52010 60008 70321 87000 333 58006 60008 83818 85630=
43497 11470 50303 10261 20000 30107 40124 5/010 60008 70221 83000 333 553// 20006 58007 83818 83080 91005=
44212 429// 01703 11284 21323 39108 40386 57009==
44213 42/// 60000 11248 21284 38746 40359 57015 86010==
44214 42/70 63607 11067 21209 38218 40237 57012 86050==
44215 42/// 70702 11151 21217 38338 40289 57013 87030==
44217 32998 10000 11194 21242 37811 40425 57011 81040 333 91200=
44218 429// 41402 11187 21219 38554 40329 57015 80006==
44219 32999 01403 11211 21241 38586 40366 57005 333 91203=
44265 429// 00401 11238 21264 38866 40430 55006==
44266 329// 03306 11104 21232 37729 40306 57001 333 91110 91209=
44454 42456 20603 10106 20068 38646 48482 82100 333 58000=
51076 14/78 /0601 11150 21201 39386 40327 57007 60001 333 11056 21219 3/103 4/025 59092 70000 90761 91103==
51087 14/69 /1201 11175 21217 39242 40344 52002 60001 333 11060 21230 3/106 4/019 59084 70000 90761 91103==
51156 14/80 /2601 11129 21174 38692 40292 57010 60001 333 11041 21166 3/116 59081 70000 90761 91105==
51243 14/57 /3401 11158 21191 39742 40333 57011 60001 333 11075 21178 3/114 59088 70000 90761 91104==
51334 14/56 /1502 11179 21210 39907 40349 57009 60001 70500 333 11075 21227 3/111 4/012 59082 70000 90761 91103==
51379 14/12 /2502 11168 21190 39339 40362 52014 60001 71000 333 11078 21237 3/107 4/022 59055 70000 90761 91104==
51463 14/50 /1402 11134 21172 39074 40353 52004 60001 70500 333 11095 21170 3/101 4/036 59053 70000 90761 91103==
51573 14/67 /0403 11021 21190 30240 40292 57006 60001 333 10051 21062 3/108 59097 70000 90761 91104==
51644 14/49 /2702 11053 21134 38989 40294 57004 60001 70500 333 10019 21105 3/104 59081 70000 90761 91105==
51656 14/58 /2403 11082 21142 39197 40302 57002 60001 333 10021 21122 3/111 59081 70000 90761 91108==
51709 14/56 /0000 11041 21137 38659 40292 57008 60001 70600 333 10015 21057 3/106 59063 70000 90761 91103==
51711 14/58 /1201 11089 21127 38020 40248 57006 60001 333 11027 21111 3/113 59067 70000 90761 91108==
51716 14/27 /2601 11011 21161 38954 40282 57009 60001 70600 333 10038 21060 3/106 59064 70000 90761 91104==
51765 14/61 /2902 11056 21180 39260 40292 57001 60001 333 10047 21139 3/112 59072 70000 90761 91104==
51811 14/32 /1101 11014 21172 38828 40285 57011 60001 70600 333 10031 21034 3/106 59054 70000 90761 91105==
51818 14/22 /0000 11013 21198 38676 40283 57007 60001 70600 333 10027 21060 3/104 59044 70000 90761 91106==
51886 14/80 /0302 11109 21306 37085 40254 57006 60001 333 11023 21191 3/119 59051 70000 90761 91105==
52203 14/67 /0602 11083 21195 39368 40294 57013 60001 333 10019 21153 3/116 59095 70000 90761 91105==
52602 14/80 /1701 11182 21368 37254 40330 57004 60001 333 11034 21226 3/124 59042 70000 90761 91106==
52818 14/78 /2300 11117 21266 37211 40242 57015 60001 333 11003 21132 3/117 59055 70000 90761 91107==
52908 14/80 /0101 11186 21218 35695 40223 57006 60001 333 11099 21242 3/122 59041 70000 90761 91109==
55228 04980 /2705 11082 21257 35957 40107 57007 60002 70000 333 11018 21161 3/111 54405 59035 60001 70000 90720 91116=
55299 14/80 /0202 11096 21260 35772 40049 57004 60001 333 11013 21148 3/116 59039 70000 90761 91117==
55578 04980 /2506 10026 21240 36304 49946 52016 60002 70000 333 10109 21083 3/103 59013 60001 70000 90720 91115=
55591 14/75 /2802 10044 21172 36433 49924 52011 60001 333 10112 21021 3/101 59040 70000 90761 91114==
55664 04980 /2505 11040 21203 35966 40037 52001 60002 70000 333 10062 21133 3/110 59009 60001 70000 90720 91121=
55773 04970 /1802 11078 21113 35976 40131 54000 60002 70000 333 11021 21091 3/113 54415 59006 60001 70000 90720 91113=
56004 14/80 /3300 11159 21195 35749 40177 57006 60001 333 11071 21168 3/121 59037 90761 91113==
56018 14/80 /2000 11086 21146 36121 40096 57007 60001 333 11008 21126 3/110 59020 70000 90761 91109==
56312 04980 /1802 10014 21037 37053 40097 52001 60002 70000 333 10087 20006 3/003 54415 59005 60001 70004 90720 91113=
62306 42560 43106 10136 20040 40266 52008 84500 333 10160==
62309 32560 62910 10144 20052 40248 52011 86800 333 10174=
62332 32560 32610 10138 20079 40235 52013 83400 333 10170=
62337 42560 32505 10127 20072 40227 52019 83500 333 10176==
62366 45960 03408 10140 20040 40241 52020 333 10170==
62387 32960 03204 10119 20047 40237 52018 333 10186=
62393 42960 03609 10124 20037 40250 52017 333 10171==
62405 42960 03505 10178 21008 40197 52020 333 10230==
62414 42960 03510 10173 21018 40189 52016 333 10222==
62419 42/60 30213 10205 21008 40170 52008 83030 333 10212==
62420 32960 03602 10133 20014 40245 52016 333 10186=
62435 32960 00106 10158 20036 40218 52021 333 10205=
62455 32960 00109 10150 20048 40231 52015 333 10188=
62458 32960 03308 10153 20007 40224 52015 333 10184=
62459 32960 03116 10172 20035 40191 52011 333 10191=
62465 42960 03217 10194 20060 40173 52015 333 10224==
41256 32960 02104 10226 20176 30154 40171 91749 333 10263 59008 55000 55407 55408 55507 5 5508=
40420 42960 20406 10203 20100 39936 40143 82030 91746 333 10294 59034 55/// 82360=
