SMPK OPKC 151800=
41504 02995 00000 10030 21089 37817 48474 60003 333 59018 60007 RH41%=
41506 02695 40000 10070 20015 38486 48484 60003 83520 333 56990 59019 60007 83640 84460 RH 68%=
41507 02696 34504 10120 20048 39226 49747 60003 83500 333 56900 59019 60007 83640 61%=
41508 02695 60000 10067 21010 38640 48508 60003 83520 333 56990 59021 60007 83635 83460 RH 59%=
41509 02996 01802 10100 20008 38730 48471 60003 333 59020 60007 RH 53%=
41510 02996 40000 10005 21021 37890 48510 60003 84030 333 56090 59023 60007 84360 83%=
41515 02995 20000 10060 21016 38573 48534 60003 82020 333 56090 58003 60007 82460 58%=
41516 02996 30000 10070 21019 38505 48464 60003 83030 333 56090 60007 83360 RH53%=
41517 01696 70000 10030 21051 37769 48497 60003 70422 83570 333 56990 59018 60007 83635 87460 55%=
41518 02696 71802 10072 21036 38/// 48/// 60002 83520 333 56990 5//// 60007 83640 86462 47%=
41518 02696 71802 10100 21063 38/// 48/// 60003 83520 333 56990 5//// 60007 83640 86462 31%=
41519 02996 00000 10110 21044 38736 48477 60003 333 59044 60007 34%=
41520 02695 71802 10040 21037 37600 48239 60003 83570 333 56990 59016 60007 83640 85762 57%=
41523 02996 00000 10090 20009 39064 48476 60003 333 59011 60007 57%=
41524 02996 00000 10130 20035 39332 40201 60003 333 59014 60007 52%=
41524 02996 00000 10130 20035 39332 40201 60003 333 59014 60007 52%=
41525 12996 01304 10020 21032 37655 48385 60003 333 59002 68%=
41528 01996 00000 10110 20059 39208 48491 60003 70400 333 59013 60007 71%=
41529 02996 30000 10130 20068 39746 40132 60003 83030 333 56090 59015 60007 83360 RH 66%=
41530 016// 52306 10160 20012 39707 40122 60003 70522 81430 333 56990 59010 60007 81440 84360 37%=
41534 02996 20000 10130 20056 39710 40130 60003 82030 333 56090 59007 60007 82362 61%=
41535 02996 00000 10070 20011 38706 48473 60003 333 59001 60007 RH 70%=
41536 02996 00000 10120 20021 39023 48492 60003 333 59007 60007 51%=
41560 02996 00000 10040 21008 38306 48537 60003 333 59001 60007 RH71%=
41562 02996 00000 10130 20043 39649 40119 60003 333 59033 60007 RH 55%=
41565 02696 43102 10083 21049 38643 48509 60003 82520 333 56990 59007 60007 82640 82460 38%=
41567 01996 40000 10145 20035 39683 40103 60003 70500 84030 333 56090 59009 60007 84360 48%=
41571 119// 40506 10140 21010 39551 40140 60003 70500 80001 333 56009 58000 RH36%=
41573 02997 31302 10050 21039 37953 48485 60003 83020 333 56900 59006 60007 52%=
41574 02997 00000 10040 20018 38344 48526 60003 333 59011 60007 85%=
41576 02997 00000 10160 21057 40135 60003 333 59010 60007 50%=
41577 01696 40000 10110 20022 39519 40143 60003 70421 82530 333 56990 59006 60007 82640 82360 RH 54%=
41593 01996 20000 10160 20114 39897 40114 60003 70410 82030 333 56090 59005 60007 82360 74%=
41597 01996 00000 10165 20099 40140 60003 70400 333 59013 60007 65%=
41598 01996 30000 10155 20087 39842 40115 60003 70400 83030 333 56090 59027 60007 83360 64%=
41599 01996 00000 10150 20081 39835 40130 60003 70400 333 58000 60007 63%=
41600 01996 00000 10125 20085 39825 40126 60003 70400 333 59019 60007 77%=
41620 31996 03604 10110 21008 38555 48459 60003 70500 333 59008 60007 44%=
41624 01995 00000 10170 20105 39911 40112 60003 70400 333 59017 60007 65%=
41625 01996 00000 10175 20111 39905 40106 60003 70400 333 59013 60007 66%=
41630 01696 51802 10170 20094 40130 60003 70400 82570 333 56990 58008 60007 82640 84460 61%=
41630 01696 51802 10170 20094 40130 69903 70400 82570 333 56990 58008 60007 82640 84460 61% COR=
41633 02996 30000 10175 20100 3//// 4//// 60003 83030 333 56090 5//// 60007 83361 61%=
41634 02997 00000 10130 20048 3//// 4//// 60003 333 5//// 60007 54%=
41635 01996 00000 10155 20108 3//// 4//// 60003 70400 333 5//// 60007 74%=
41636 01996 30000 10170 20105 39940 40125 60003 70400 83020 333 56090 59016 60007 83462 65%=
41638 01996 00000 10175 20121 4//// 69903 70400 333 5//// 60007 71%=
41639 01996 30000 10150 20069 3//// 4//// 60003 70400 333 5//// 60007 58%=
41640 01995 00000 10165 20109 39873 40123 69903 70400 333 58003 60007 70%=
41641 01996 00000 10190 20118 39850 40124 60003 70400 333 58004 60007 63%=
41642 01996 00000 10150 20081 3//// 4//// 60003 70400 333 5//// 60007 63%=
41643 01996 00000 10130 20080 39841 40123 69903 70400 333 59017 60007 71%=
41644 01996 00000 10150 20113 3//// 4//// 60003 70400 333 5//// 60007 78%=
41646 01995 30000 10160 20104 39921 40136 60003 70400 83070 333 56090 58000 60007 83460 69%=
41652 01996 03102 10160 20057 39952 40133 60003 70400 333 58020 60007 50%=
41660 029// 51304 10110 21030 38429 48519 60003 85030 333 56090 59022 60007 85360 RH 37%=
41661 02996 520000 10115 21006 38383 48511 60003 81021 333 56099 58002 60007 81460 81070 43%=
41669 01996 00000 10175 20131 3//// 4//// 60003 70400 333 5//// 60007 75%=
41670 01996 00000 10155 20108 3//// 4//// 60003 70400 333 5//// 60007 74%=
41674 01996 30000 10165 20096 3//// 4//// 60003 70400 83070 333 56090 5//// 60007 83460 65%=
41675 01996 30000 10190 20108 39974 40116 60003 70400 83030 333 56099 59010 60007 83360 59%=
41676 01995 30000 10180 20127 39976 40133 60003 70400 83020 333 56090 59004 60007 83460 71%=
41677 01996 40000 10170 20115 39942 40110 60003 70400 84030 333 56090 58001 60007 84362 70%=
41678 01996 30000 10190 20085 40124 60003 70400 83030 333 56090 59023 60007 83460 50%=
41679 01996 30000 10165 20130 4//// 60003 70411 83030 333 56090 5//// 60007 83360 84%=
41680 01996 00000 10190 20096 39922 40122 60003 70400 333 59018 60007 55%=
41685 02997 20000 10145 20055 38902 48486 60003 82020 333 56090 58012 60007 82460 RH.55%=
41696 02996 00000 10095 20008 38012 48530 60003 333 58015 60007 RH55%=
41697 22996 00000 10220 20090 40115 333 58012 60007 RH43%=
41700 01995 00000 10180 20106 40114 60003 70400 333 58007 60007 62%=
41701 01995 20504 10170 20125 39996 40140 60003 70400 82030 333 56090 58001 60007 82360 75%=
41710 12996 30000 10190 20026 39336 40099 60003 83030 333 56090 59005 83360 R.H.34%=
41712 12696 30502 10185 20060 39175 48499 60003 83500 333 56900 59016 83640 RH44%=
41715 01994 00000 10180 20127 30049 40114 60003 70400 333 59011 60007 RH71%=
41716 01996 00504 10195 20091 30016 40120 60003 70400 333 58009 60007 51%=
41718 01995 00000 10160 20114 30017 40122 60003 70400 333 58010 60007 74%=
41724 01995 00000 10200 20130 30045 40124 60003 70500 333 58001 60007 RH64%=
41725 01996 00502 10200 20130 40106 60003 70500 333 58001 RH64%=
41726 01995 00000 10185 20123 30062 40134 60003 333 59014 60007 RH67%=
41738 02996 02306 10250 20108 39961 40138 60003 333 59021 60007 RH41%=
41739 02996 02304 10195 20019 39039 48504 60003 333 59016 60007 RH31%=
41742 12996 01802 10235 20180 40121 60003 333 59006 RH71%=
41743 01996 00000 10215 20148 60003 70400 333 60007 RH:66%=
41744 12996 00000 10175 20000 38779 48506 60003 333 59008 RH 31%=
41745 01996 03102 10220 20144 60002 70400 333 60007 RH 62%=
41746 01995 00000 10200 20140 30051 40104 60003 70500 333 59006 60007 RH68%=
41747 01996 00000 10180 20095 40101 60003 70400 333 58004 60007 RH58%=
41748 22996 31802 10230 20156 40116 60003 83030 333 56090 58013 60007 RH63%=
41749 01995 00000 10200 20149 30068 40102 60003 70400 333 59009 60007 RH73%=
41756 01995 4 02708 10215 20175 30068 40134 60003 70504 333 59007 60007 RH78%=
41757 11996 00000 10240 20194 30126 40139 60003 70500 333 59021 60007 RH75%=
41759 02996 02304 10215 20166 30121 40127 60003 333 59039 60007 RH74%=
41764 02996 01806 10225 20186 30056 40107 60003 333 59010 60007 RH78%=
41765 02996 02304 10250 20170 30073 40108 60003 333 59006 60007 RH61%=
41766 01996 01802 10205 20164 30085 40115 60003 74000 333 59016 60007 RH77%=
41766 01996 01802 10205 20164 30085 40115 60003 74000 333 59016 60007 RH77%=
41767 22996 00000 10210 20178 3//// 4//// 60003 333 60007 RH82%=
41768 02996 01804 10220 20163 30100 40107 60003 333 59010 60007 RH70%=
41780 02996 02306 10230 20199 30092 40119 60003 333 59012 60007 RH83%=
41783 02996 02704 10230 20199 30083 40112 60003 333 59019 60007 RH 83%=
41785 02996 02306 10230 20183 30115 40128 60003 333 59016 60007 RH 75%=
41786 02996 02306 10230 20092 30064 40100 60003 333 59013 60007 RH 41%=
41BKI 02996 20000 10155 20063 39703 40124 60003 82030 333 56090 59016 60007 82360 RH54%=
41SKP 02997 00000 10170 20135 3//// 4//// 60003 333 5//// 60007 80%=
43532 01996 00000 10130 20048 39318 40127 60003 70400 333 59015 60007 57%=
43533 02997 00000 10120 20048 39192 48461 60003 333 59028 60007 61%=
43563 02997 00000 10144 20043 39435 40131 60003 333 58003 60007 50%=
41519 02996 00000 10110 21014 38736 48477 60003 333 59044 60007 34%COR=


Data Generated from File : D:/all data handling/Rmc_lhr/2025021518.FSU.txt
15/02/2025   19:01:38
____________________________________________________________________________________________
15020 04570 63302 11031 21110 30020 40228 52003 69902 83570 333 11007 21045 3/002 42998 55300 20000 60007 91004 90760 91106==
15090 01570 50202 11058 21105 30133 40232 52003 69902 70172 83540 333 11012 21063 3/101 48002 55300 10190 20000 30000 60007 91003 90760 91104==
15108 01/00 92706 11127 21139 38010 48442 52004 60002 74943 89/// 333 11111 21156 49084 55300 20000 60007 91008 90760 91108==
15150 04570 80202 11023 21100 30010 40234 52011 69902 8557/ 333 11010 21037 3/000 42998 55300 20000 60007 91004 90760 91104==
15170 04564 81102 11035 21054 39391 42781 52006 60022 885// 333 10003 21036 3/000 47004 55300 20000 60007 91003 90760 91105==
15280 01/00 92906 11086 21097 37424 47960 52002 60032 74943 89/// 333 11060 21086 49084 55300 20000 60007 91010 90760 91111==
15310 04570 83602 11016 21091 30141 40231 52014 69902 8457/ 333 10020 21021 30002 55300 10040 20000 30000 60007 91004 90760 91105==
15335 04470 83602 11011 21087 30222 40229 52013 69902 886// 333 10027 21018 34003 55300 20000 60007 91004 90760 91104==
15350 02570 80603 11015 21094 30110 40236 52014 60002 885// 333 10021 21016 34002 55300 20000 60007 91005 90760 91106==
15360 04/70 70109 11015 21077 30203 40221 51018 60002 87070 333 10026 21020 60007 91011 90760 91111==
15420 01566 80802 11032 21056 30113 40231 52011 69922 72272 8457/ 333 10032 21032 3/002 42998 55300 20000 69927 91004 90760 91105==
15460 07/60 80403 11023 21068 30206 40232 52016 69922 7717/ 8802/ 333 10043 21023 3/007 46998 55300 20000 69917 91006 90760 91106==
15470 01/70 80705 11018 21049 30088 40220 52012 69982 70277 8807/ 333 10020 21018 3/002 41998 55300 20000 60007 91008 90760 91108==
15480 01457 83001 11015 21064 30209 40228 51018 69902 77177 8672/ 333 10046 21015 31008 55300 10040 20000 30000 69907 91004 90760 91104==
15549 11568 80703 11030 21044 39774 40208 52009 69912 77172 8802/ 333 10025 21030 555 58900 64599 71800=
15552 12560 83602 10005 21042 30156 40207 52014 60002 885// 222// 00058 10302 333 10082 20005 555 571// 92034 92437=
15640 12664 70000 10031 20016 39874 40193 52027 60002 87500 333 10138 20023 555 590//=
15655 12562 80212 10035 20011 30167 40201 52017 60002 885// 222// 00064 10402 333 10114 20034 91118 555 585// 92038 92437=
15730 11670 71601 10098 20050 39760 40154 53016 69902 70282 86976 333 10158 20019 555 57200 69099 71800=
16627 12560 70000 10084 20067 30154 40159 52016 60002 84850 333 10136 81820 83630 85359 90730 91112==
16650 12560 39902 10096 20084 30147 40156 52007 60002 82230 333 10154 82820 83360 90730 91105==
16667 12560 72804 10100 20079 30162 40173 54000 60002 85850 333 10150 82820 84625 86358 90730 91107==
16706 12560 11704 10100 20079 30152 40159 57003 69942 81160 333 10160==
16723 41560 60000 10114 20094 30159 40173 57003 70262 83255 333 10140 83825 84358 90730 91105==
16742 12460 51104 10120 20084 30019 40175 51003 60002 84840 333 10154 81816 83625 90730 91110==
16749 12460 79903 10124 20097 30159 40174 52001 60002 84870 333 10146 82816 84620 87358 90730 91105==
16754 12560 31708 10110 20077 30119 40167 52005 60002 81136 333 10186 90730 91111==
16760 12560 49903 10098 20046 40176 50006 60002 82456 333 10152 82625 84068 90730 91106==
16765 12460 39903 10144 20091 40176 52006 60002 83140 333 10172 90730 91106==
17022 11530 82903 10083 20083 30017 40183 52010 60042 76122 8652/ 333 10128 86628 88459 90760 91106==
17024 17/58 /2111 10064 20056 30092 40168 52015 60032 760// 333 10165==
17026 11568 83105 10098 20080 30139 40178 52011 69912 76022 8452/ 333 10182 84628 88458 90760 91116==
17031 12670 53403 10105 20034 30164 40170 52012 60002 82130 333 10169 82834 85360 90760 91116==
17034 12/70 30602 10116 20005 30130 40176 50001 60002 83030 333 10133 83360 90760 91106==
17038 12970 00000 10100 21018 30127 40175 58005 60002 333 10104 90760 91112==
17042 12670 11104 10097 21007 30148 40188 58002 60002 81100 333 10124 81835 90760 91108==
17050 12670 60802 10077 20033 30119 40182 52030 60002 83530 333 10172 83635 85360 90760 91117==
17056 11565 70404 10071 20050 30183 40187 52025 60062 78088 84270 333 10117 84829 87358 90760 91115==
17060 11456 70312 10076 20056 30146 40186 51014 60042 78088 87200 333 10117 84711 86825 90760 91120==
17070 11557 82202 10056 20043 39300 40181 50014 69962 76022 8552/ 333 10115 85630 88458 90760 91108==
17074 12570 60000 10056 20049 39233 40180 52010 60002 84550 333 10113 84633 86360 90760 91114==
17084 12970 70000 10043 20019 39276 40202 52008 60002 80008 333 10100 87270 90760 91106==
17085 12970 00000 10065 21007 39693 40192 52010 60002 333 10127 90760 91105==
17092 12970 00000 11043 21080 38889 48506 50006 60002 333 10023 90760 91108==
17096 12960 00301 11170 21170 38246 48528 50004 60002 333 11037 90760 91106==
17098 12960 03105 11101 21135 38194 48516 51008 60002 333 11006 90760 91113==
17100 11950 00000 11012 21032 39226 40263 52012 60002 71000 333 10043 90760 91107==
17112 11670 62202 10109 20104 30155 40157 52006 69932 72582 84270 333 10134 84835 86360 90760 91115==
17115 11660 73613 10082 20078 30127 40179 51014 69982 72582 84270 333 10160 84835 87360 90760 91119==
17116 11665 61001 10099 20098 30057 40180 52017 60032 72582 84250 333 10177 84835 86359 90760 91114==
17124 11660 41501 10040 20020 39257 40188 51006 69902 70261 84500 333 10118 84640 90760 91109==
17128 12660 63002 10044 21020 39075 40195 51007 60002 83150 333 10099 83840 85360 90760 91115==
17135 12/70 30601 10058 21020 39300 40194 51010 60002 83030 333 10105 83360 90760 91108==
17140 12965 20701 11008 21025 38702 48484 51008 60002 80001 333 10067 82070 90760 91110==
17150 12660 51002 10076 20051 30046 40171 52010 60002 83250 333 10176 83835 84360 90760 91118==
17160 12970 00102 10007 21048 39024 48484 51006 60002 333 10083 90760 91108==
17170 12660 10000 11051 21081 38343 48517 51003 60002 81500 333 10016 81640 90760 91115==
17175 11665 31801 10084 20079 30158 40162 53003 60142 70198 83100 333 10160 83840 90760 91109==
17184 12670 43601 10102 20048 30055 40167 51007 60002 84200 333 10170 84840 90760 91107==
17190 12670 40000 10049 21008 38983 48482 52008 60002 81540 333 10116 81635 84360 90760 91106==
17195 12670 40506 11028 21069 38985 48491 51008 60002 81501 333 10009 81640 84070 90760 91112==
17200 12960 21903 11029 21043 39230 40261 51007 60002 80001 333 10056 82070 90760 91110==
17202 12970 22204 11014 21022 39173 40259 50003 60002 80001 333 10048 82070 90760 91110==
17203 12970 02401 11024 21090 38907 48547 52005 60002 333 10047 90760 91105==
17210 12970 00000 10033 21018 39166 40227 51002 60002 333 10079 90760 91107==
17219 12565 30000 10094 20071 30032 40179 52006 60002 81201 333 10160 81830 83068 90760 91113==
17234 12670 50000 10131 20082 30116 40185 51007 60002 82230 333 10180 82840 85360 90760 91105==
17237 12670 60000 10111 20041 39675 40182 52010 60002 84270 333 10157 84835 86360 90760 91105==
17240 12/70 32401 10067 20018 39031 40191 52010 60002 83030 333 10129 83360 90760 91115==
17244 12970 61904 10047 21055 38995 48487 52008 60002 80006 333 10103 86268 90760 91111==
17248 12670 63301 10010 21028 38980 48479 52006 60002 83510 333 10073 83637 86460 90760 91104==
17250 12970 00405 10011 21036 38806 48492 52007 60002 333 10059 90760 91113==
17260 12660 63403 10031 20008 39360 40197 51008 60002 81101 333 10097 81840 86068 90760 91111==
17270 12670 42701 10070 20018 39568 40228 52009 60002 82240 333 10115 82840 84360 90760 91106==
17275 12970 00108 10026 21035 39008 48517 50005 60002 333 10062 90760 91116==
17280 12/60 52905 10005 21031 39423 40237 52009 60002 83031 333 10090 83360 85070 90760 91109==
17290 12/70 30803 10141 20083 30149 40181 50004 60002 83030 333 10171 83360 90760 91111==
17292 11570 50000 10071 20038 39421 40190 50003 69942 70182 82130 333 10104 82830 84360 90760 91103==
17300 12560 63603 10106 20067 30117 40189 53004 60002 82101 333 10155 82830 86070 90760 91108==
17310 12/70 30701 10132 20066 30165 40172 53007 60002 83030 333 10172 83360 90760 91105==
17330 12970 62901 10117 20009 30168 40186 52007 60002 80001 333 10172 86070 90760 91113==
17350 12960 40207 10083 21041 30097 40177 51010 60002 80001 333 10179 84070==
17370 12970 00000 10129 20032 30179 40183 52008 60002 333 10179==
17375 12670 40000 10120 20073 30171 40173 50005 60002 82201 333 10169 82835 84070 90760 91105==
33088 32997 52002 11107 21120 39998 40203 57005 85080 333 11038 555 1/115=
33135 114// 82801 11065 21089 30024 40179 52002 69932 78582 8595/ 333 11032 85911 555 1/106=
33177 32997 02602 11040 21076 39965 40213 57003 333 11015 555 1/105=
33317 115// 53401 11063 21107 39858 40212 53002 69902 70282 82530 333 11041 555 1/106=
33393 11660 82802 11037 21089 39814 40222 54000 69902 70282 885// 333 11013 88634=
33415 11697 80000 11040 21098 39801 40216 57001 69922 70282 885// 333 11028 555 1/103=
33429 11697 53102 11076 21114 39773 40219 53002 69922 70282 84530 333 11036 84633 555 1/107=
33466 11569 32701 11062 21102 30000 40197 52004 69932 70281 83500 333 11050 555 1/106=
33506 11997 02903 11086 21119 39967 40175 52018 69902 70283 333 11028 555 1/111=
33562 12960 63502 11054 21109 39898 40218 53001 69922 86030 333 11036 555 1/104=
33587 119// 60000 11076 21111 39931 40210 52004 69932 70282 86050 333 11051 555 1/109=
33658 11683 80302 11031 21102 39913 40225 52001 69902 70282 885// 333 11014 88645 555 1/101=
33663 32997 62901 11032 21087 30119 40219 52004 86030 333 11018 555 1/102=
33664 32597 62601 11044 21094 39890 40221 52004 86500 333 11026 555 80015=
33678 12898 82802 11052 21110 30015 40236 52005 69922 8805/ 333 11029 555 80012=
33679 32497 63203 11058 21101 30020 40221 52003 86500 333 11025=
33711 11560 83204 11068 21096 39975 40196 52011 69922 70283 883// 333 11026 88931 555 1/107=
33745 12597 72903 11047 21096 30030 40231 54000 69902 83930 333 11022 555 80021=
33748 12597 83602 11042 21080 39920 40218 52002 69902 883// 333 11025 555 80012=
33754 32997 72402 11049 21122 30061 40215 51008 87030 333 11012=
33761 11570 70000 11090 21111 39981 40219 51010 69902 70282 82580 333 11029 555 1/116=
33791 11582 83003 11058 21097 30065 40199 52018 60012 70272 885// 333 10004 88630 555 1/103=
33815 12598 63402 11043 21119 30008 40226 52013 69902 83530 333 11023=
33837 12684 83301 11038 21102 30162 40216 53018 60032 86531 333 10007 86635 555 1/102=
33881 12598 33502 11050 21108 30022 40229 52011 69902 83500 333 11011 555 80012=
33883 12997 03302 11056 21115 30054 40225 52015 69952 333 11017 555 80017=
33885 12597 80204 11035 21114 30098 40238 52016 69902 885// 333 11016 555 80012=
33892 12997 23602 11079 21122 30000 40223 52013 60022 82030 333 11011 555 80022=
33902 12597 83105 11059 21086 30146 40209 52019 60022 885// 333 10012 555 1/101=
33924 11570 83305 11016 21047 30189 40202 52021 60012 70272 885// 333 10084 90760 91110==
33946 11358 80203 11014 21020 39963 40192 52019 60032 71076 886// 333 10092 88708==
33983 11460 83308 11006 21022 30100 40162 52024 69962 70282 889// 333 10105 91013 90760 91115==
34300 11597 53103 11081 21105 39971 40158 52017 60012 70272 85500 333 11015 555 1/115=
34336 41/60 83403 11048 21084 30001 40108 51030 70272 8802/ 333 90760 91111==
34344 41440 83303 11054 21058 30008 40099 52037 71072 886// 333 90760 91110==
34356 41410 82503 10002 20002 39899 40047 56006 77376 8872/ 333 90760 91110==
34357 41440 83106 11033 21043 39905 40063 53015 78582 889// 333 91015 90760 91115==
34398 12/// 62205 11046 21073 30107 40120 57028 60002 86046 333 11009==
34415 11497 83604 11055 21085 30048 40149 52028 60062 77177 8772/ 333 10012 555 1/106=
34438 41460 83105 11041 21046 39912 40109 52033 70282 883// 333 91010 90760 91111==
34445 41570 82810 11037 21051 39969 40086 53027 70282 8697/ 333 91014 90760 91114==
34461 41460 82303 10012 21008 39997 40052 57015 76162 8872/ 333 90760 91111==
34473 325// 81808 10009 21017 30042 40080 57028 885// 333 11024 91115=
34476 42/70 81710 10006 21028 30085 40092 57023 8805/ 333 91013 90760 91113==
34504 11470 73305 11061 21096 39992 40174 52017 60042 70182 85630 333 10000=
34535 41560 83006 11018 21033 30036 40110 51030 78582 889// 333 91010 90760 91110==
34545 41460 82906 11005 21010 39973 40086 53014 78588 883// 333 91010 90760 91113==
34555 41460 82509 10023 20005 39983 40075 56011 76166 8872/ 333 91015 90760 91116==
34560 41/40 82112 10033 20006 39869 40058 57026 76186 8802/ 333 88518 91015 90760 91116==
34578 42/60 81706 10022 21029 30097 40104 58026 8801/ 333 91011 90760 91112==
34579 42970 31606 10009 21023 30064 40107 57025 80001 333 90760 91110==
34644 41540 83105 10000 21005 30017 40095 53015 71062 8657/ 333 90760 91113==
34646 41/60 82606 10024 20022 30000 40082 57002 76166 8802/ 333 91011 90760 91115==
34655 41460 82009 10047 20026 30027 40087 57011 76162 8872/ 333 91013 90760 91115==
34662 41/70 71705 10039 21033 30079 40090 57020 70722 80070 333 91011 90760 91113==
34691 12/70 31804 11029 21053 30366 40353 57019 60002 83030 333 11001==
34720 42560 73204 11013 21036 30090 40131 51034 85701==
34727 41440 83308 11018 21025 30116 40147 51032 71088 883// 333 91011 90760 91113==
34743 41560 82004 10046 20029 30004 40092 57010 78082 8695/ 333 91011 90760 91115==
34759 42460 81602 10028 21003 39993 40124 57002 889//==
34772 42/60 21607 10005 21021 30126 40129 57020 8203/ 333 91011 90760 91111==
34785 42960 01804 11008 21032 30176 40153 58013==
34798 12960 01505 11034 21062 30328 40298 58013 60002 333 10017==
34824 41540 83304 11003 21021 30148 40154 52034 71082 884// 333 90760 91111==
34838 41/60 82505 10051 20011 30029 40125 53012 76162 8802/ 333 91011 90760 91112==
34845 41460 82504 10059 20021 30007 40114 57008 78082 883// 333 90760 91113==
34858 42/60 81903 10054 21016 30020 40127 56001 8807/==
34861 42560 72109 10021 21030 39880 40124 57008 84530 333 91011 90760 91112==
34866 42/60 61805 10015 21014 30138 40129 57019 80031==
34880 41440 81604 11005 21020 30186 40159 57016 71011 8672/==
34887 42570 21402 11008 21027 30184 40161 57017 82500==
34949 42/// /1702 10055 21033 39583 40125 57012==
34954 42970 81503 10058 21023 39959 40132 50001 80001 333 90760 91110==
34958 42970 01702 10043 21033 39940 40140 50001==
34975 42970 01704 10001 21014 30151 40147 57016==
34984 41940 01305 11002 21009 30196 40165 57015 71011==
35217 115// 71806 11054 21083 30123 40164 57014 60002 70232 87500 333 11036==
35302 129// 02109 11052 21070 30120 40141 57016 60002 333 11012==
35315 325// 81605 11035 21067 30126 40184 57010 885// 333 11028=
35344 329// 01902 11152 21170 39937 40244 56001 333 11074=
35358 129// 02501 11113 21148 30067 40246 52003 60002 333 11075==
35368 125// 82503 11071 21105 39974 40249 52006 69930 885// 333 11038=
35386 325// 40000 11130 21156 39704 40252 54000 84500 333 11068=
35394 12/70 60000 11120 21137 39546 40255 52002 60002 84031 333 11041==
35404 329// 01905 11050 21060 30142 40150 57013 333 10003=
35406 125// 82006 11037 21062 30169 40171 57013 69902 885// 333 11026==
35416 125// 81404 11046 21081 30072 40195 57016 60002 885// 333 11017==
35426 125// 81401 11066 21107 39922 40222 57005 60002 885// 333 11039==
35437 114// 81802 11065 21081 39914 40237 57006 69900 77172 8802/ 333 11062=
35449 329// 01702 11146 21168 30145 40255 52006 333 11080=
35497 11/// 80000 11085 21100 39701 40548 58001 60022 77177 8801/ 333 11060==
35498 114// 80000 11080 21090 39331 40232 57002 60020 77172 8802/ 333 11068=
35514 32598 72003 11033 21054 30418 40414 57013 87500 333 11013=
35522 126// 41802 11065 21101 39955 40215 57007 69900 84500 333 11037=
35542 329// 02702 11143 21157 30098 40255 58001 333 11065=
35563 31995 00000 11126 21139 39453 40260 52005 71011 333 11048=
35576 12/// 30301 11126 21150 39782 40254 52009 60002 83030 333 11042==
35582 116// 80902 11079 21105 39620 40237 52001 69950 70272 885// 333 11058=
35594 115// 80000 11085 21096 39374 40236 52001 60040 77172 8802/ 333 11075=
35605 32598 81806 11022 21044 30204 40182 57012 885// 333 11014=
35633 315// 81502 11080 21098 30022 40244 58006 71011 8557/ 333 11049=
35671 11940 00000 11120 21139 39805 40256 54000 60002 71000 333 11062==
35699 11/// 80202 11078 21100 39459 40234 52003 69972 77172 8802/ 333 11063==
35700 11470 82304 11023 21035 30216 40192 57011 69902 77172 887// 333 11005==
35715 32597 62303 11029 21078 30225 40210 57003 86500 333 10020=
35739 126// 81603 11044 21079 30096 40239 58004 69940 885// 333 11026=
35746 129// 20000 11080 21094 30186 40257 58002 60002 80001 333 11040==
35777 329// 83203 11109 21137 39894 40256 52004 8802/ 333 11049=
35796 11/60 80501 11069 21082 39788 40235 58001 69902 77072 8802/ 333 11061==
35849 129// 00000 11074 21113 30169 40258 54000 69922 333 10011==
35895 11597 80000 11075 21084 39782 40240 58001 60020 70272 885// 333 11081=
35907 32998 01204 11024 21046 30227 40196 57008 333 10010=
35925 129// 51603 11017 21029 30115 40228 57003 60002 80002 333 10012==
35927 315// 71402 11003 21024 30215 57002 71022 87600 333 10034=
35953 125// 73402 11010 21046 30119 40250 52003 60002 87500 333 10004==
35969 129// 00000 11124 21176 30083 40267 52007 60002 333 11020==
35997 326// 82304 11012 21063 39796 40232 58001 885// 333 11013=
36259 42984 00000 11293 21324 38243 48540 54000==
36335 319// 80000 11079 21097 39195 40240 58003 77172 8802/ 333 11057=
36358 326// 71502 11091 21115 39199 40242 57005 87500 333 11045=
36394 329// 01102 11169 21182 39812 40262 57005 333 11053=
36397 129// 01402 11090 21144 39668 40247 57004 60002 333 11066==
36403 329// 00000 11103 21146 39876 40250 58007 333 11015=
36418 329// 22701 11151 21172 39633 40283 57004 80003 333 11055=
36421 329// 03201 11251 21270 39687 40308 57002 333 11094=
36428 12/// 60000 11220 21245 39753 40298 58007 60002 83041 333 11077==
36439 317// 21207 11090 21152 38956 48472 58007 73631 81501 333 11070=
36498 326// 60202 11093 21127 39420 40233 58005 83530 333 11072=
36501 326// 80000 11092 21112 39459 40232 57004 885// 333 11044=
36535 129// 00000 11240 21273 39620 40313 57005 60002 333 11070==
36546 319// 00000 11224 21230 39714 40301 58007 71000 333 11107=
36619 329// 20000 11103 21132 82030 333 11068=
36622 329// 21201 11145 21170 39417 40261 53002 82040 333 11053=
36639 129// 00602 11174 21211 39623 40268 52019 60002 333 11046==
36643 329// 02601 11207 21219 39584 40299 56005 333 11107=
36665 329// 01601 11155 21182 39506 40272 58008 333 11112=
36666 329// 02303 11217 21233 39758 40293 57010 333 11120=
36729 32698 32903 11039 21092 39740 40227 52006 82501 333 11028 91116=
36736 329// 33302 11124 21143 39677 40256 52011 83030 333 10025=
36744 60000 11112 21122 39764 40232 58010 80001 333 11048=
36770 329// 22002 11042 21075 39508 40245 52005 80001 333 11002=
36786 32999 32001 11084 21107 39292 40236 52001 83070 333 10029=
36796 329// 00000 11158 21189 39019 48457 52019 333 11066=
36803 32999 01503 11109 21141 39787 40255 52030 333 11055=
36806 329// 01710 11132 21203 39756 40248 53006 333 11072 91015 91121=
36819 319// 52701 11053 21070 39619 40244 58001 71022 85020 333 11012=
36821 119// 40000 11075 21084 39745 40249 52010 60002 71011 80001 333 10016==
36839 32998 00000 11101 21151 39104 40277 52004 333 10057=
36843 329// 02901 11042 21089 39053 40244 52002 333 10080=
36846 329// 20504 11109 21146 38601 48488 52001 82011 333 10015=
36859 12/// 20000 11038 21056 39481 40277 52009 60002 82030 333 10076==
36870 125// 80101 10007 21050 39216 40228 58003 60002 83901 333 10062==
36874 326// 62001 11054 21080 39441 40235 52001 86500 333 10023=
36877 329// 80000 11019 21031 8801/ 333 10040=
36885 329// 01402 11025 21056 39104 40244 58003 333 10023=
36889 329// 60000 11125 21187 36995 47013 53003 80003 333 11044=
36894 319// 60000 11026 21048 39487 40235 58008 71022 80002 333 10072=
36905 329// 42301 11025 21072 38728 48486 58010 80002 333 10027=
36911 429// 00000 11019 21049 39252 40243 52010 333 10070=
36927 42697 63602 11014 21086 38311 48477 54000 86900 333 10051=
36934 42597 80201 11010 21049 38231 48361 58003 889//=
36953 326// 70000 11108 21130 38159 48508 52001 83941 333 11010=
36963 429// 51803 11102 21186 36983 48/// 54000 82051 333 11063=
36974 427// 71601 11060 21099 37964 48502 52005 83551 333 10010=
36982 429// 81001 11176 21251 36472 47075 58003 8801/ 333 11061=
37018 41660 81508 10092 20035 30085 40159 52002 70382 889// 333 91013 90760 91117==
37031 42560 82202 10080 21038 39926 40119 57008 885//==
37054 42960 00401 10029 21028 39756 40142 57006==
37061 42960 01602 10022 21038 39974 40145 57010==
37085 42940 01103 10000 21017 30186 40159 57012==
37171 42/40 81102 10094 20021 30152 40170 57012 8805/==
37228 42960 01501 10005 21056 39308 40153 57002==
37235 42960 01401 11006 21030 39831 40154 57005==
37472 42960 02604 10037 20012 30177 40154 57017 333 90760 91111==
38149 42570 80000 11011 21054 30181 40260 52003 885// 333 10012==
38178 415// 83503 11015 21049 39916 40210 54000 71022 885// 333 11005==
38262 125// 80401 11016 21049 30170 40254 52001 60002 885// 333 10008==
38264 42670 70201 11017 21044 30158 40255 57001 875// 333 11002==
38345 41696 80000 11025 21051 38791 48482 58005 71022 885// 333 10038=
38353 429// 61701 11003 21021 39325 40240 58002 86030 333 10066=
38388 72598 73601 11003 21050 30179 40252 52002 87900 333 10009 6////=
38392 32497 80403 11005 21017 30144 40250 52006 886// 333 10016 88718=
38396 42460 70203 11008 21026 30126 40255 52004 875// 333 10010 87613==
38403 426// 80201 11001 21022 30117 40241 52001 885// 333 10008==
38413 42/// 82702 11005 21036 39921 40221 57007 8807/ 333 10003==
38457 12/60 73601 10034 20005 39604 40196 57009 69902 83041 333 10070==
38462 12/// 30000 11021 21106 38738 48478 57007 69922 82050 333 10064==
38507 72665 70502 10054 20029 30128 40233 53002 83530 333 10052 6//// 91004=
38545 72998 82802 11001 21004 30063 40244 52004 8807/ 333 10005 6////=
38565 12/// 80000 10010 21013 39586 40158 58006 60002 8807/ 333 10069==
38579 415// 80000 10035 20022 39780 40203 57002 76162 885// 333 10043==
38583 12660 83602 10029 20002 39874 40200 57010 60002 885// 333 10017==
38599 31995 80000 10034 20005 39656 40196 56010 71011 8805/ 333 10079=
38611 41720 83302 10050 21006 39629 40203 57010 71022 8357/ 333 10097==
38613 429// 80102 10028 21008 40203 58007 80002 333 10080=
38616 425// 70901 10014 21024 39199 40229 53001 87500 333 10063=
38618 126// 80000 10035 20003 39500 40195 57009 60002 8257/ 333 10090==
38647 72997 00903 10004 21043 30184 40228 57001 333 10062 6////=
38656 22698 80000 10010 21016 30140 40253 52003 885// 333 10014 60042=
38683 42660 82904 10013 21029 39944 40227 52010 885// 333 10064 88645==
38687 71195 83401 10004 20004 30006 40248 52007 77187 8802/ 333 10070 6////=
38696 415// 81402 10041 20026 39324 40184 52002 78082 889// 333 10080==
38713 329// 81101 10006 21023 39000 48460 56006 8807/ 333 10064=
38750 72997 02701 10043 20031 30257 40228 53005 333 10117 6////=
38763 72997 00902 10004 21023 30136 40245 58002 333 10043 6////=
38774 02995 21401 11004 21007 30059 40262 52005 60052 80001 333 10008 6////=
38799 22597 83402 10009 20004 30017 40256 52046 885// 333 10064 60050=
38806 31596 83402 10008 21009 39954 40222 52017 78082 889// 333 10096=
38812 11620 82804 10023 20018 39744 40205 52017 69902 78082 889// 333 10112 88936==
38836 315// 82502 10060 20039 39223 40157 53019 78082 889// 333 10099=
38880 22397 80101 10006 20003 39989 40250 50004 886// 333 10044 60012 88709=
38886 31596 83502 10032 20011 30020 40254 52007 71022 885// 333 10050 69902=
38895 21596 82701 10013 20002 39964 40263 52014 70272 886// 333 10062 60060=
38911 21697 83409 10040 21025 39927 40226 52031 78082 8597/ 333 10126 69940=
38915 21597 82102 10072 20032 39891 40217 52013 70262 885// 333 60050 10138=
38927 11660 82605 10085 20068 39826 40201 52019 60012 78088 889// 333 10153 88941==
38933 116// 81402 10093 20046 39674 40184 53021 69940 889// 333 10129=
38944 326// 80000 10095 20053 39578 40105 53020 885// 333 10161=
38954 328// 60000 11023 21087 37931 48520 52008 85901 333 10038=
38974 02998 83201 10040 20022 39907 40248 52007 69932 8802/ 333 10057 6////=
38987 21495 80302 10032 20027 39498 40256 52017 71042 885// 333 10080 60050=
40100 43/70 10905 10144 20003 30146 40162 50000 6///1 333 58///=
40180 12960 03403 10169 20043 30066 40115 52004 60002 333 10228 20112 70000==
40199 12/// /3603 10196 20019 30092 40116 52021 60002 333 10268 20133 70000==
40265 31956 31106 10125 20020 39365 40165 52007 70511 80001 333 10176 83070=
40270 31940 51106 10136 21003 39245 40149 52002 70611 85030 333 10163 85360=
40272 31930 01012 10124 21003 39300 40139 54000 70500 333 10175=
40340 31956 03404 10178 20004 30056 40121 52016 70500 333 10255=
40356 42960 01016 10097 21070 39187 48487 333 10157 59037 55/// 555 04410 50176=
40357 42960 00410 10109 21060 39532 40179 333 10154 59034 55///=
40360 41940 01112 10140 21040 39550 40145 70700 333 10202 59060 55///=
40361 42960 30918 10137 20040 39382 40181 83010 333 10171 59048 55/// 83460=
40362 42660 51510 10129 20010 39663 40184 85500 333 10173 55000 59029 85635==
40373 42660 20000 10104 20090 39771 40197 82500 333 10161 59012 55/// 82635=
40375 42660 20000 10158 20010 39234 40110 82200 333 10208 59058 55/// 82840=
40394 41415 81004 10078 20080 39026 48494 71022 886// 333 10114 59032 55/// 88718 555 04410 50174=
40400 42960 03206 10212 20110 30089 40117 333 10252 59017 55///=
40405 41530 71010 10108 20110 39420 40177 79522 87900 333 10128 59017 55/// 82930 85640=
40417 41650 82805 10133 20130 30176 40193 76396 8552/ 333 10168 59008 85640 88460==
40420 41650 80310 10132 20120 39971 40184 71062 8652/ 333 10185 59017 55/// 86640 88460=
40430 42660 21912 10231 20140 39381 40109 82400 333 10281 59013 55/// 82640=
40437 41657 70709 10114 20110 39473 40187 71000 87500 333 10155 59016 55/// 87640=
40439 42660 12707 10220 20140 30089 40107 81500 333 10290 59007 55/// 81640=
40582 32860 40000 10129 20074 40184 50003 84040 333 55300 00000 10160 20000 30000 41048 51207 60000 55407 40000 84358 90400 91003 91111 91209 91305=
40703 12960 00000 10000 21050 38933 40233 51012 60001 333 55080 70000 555 11016 29069=
40706 12565 20000 11026 21083 38664 40254 51012 60001 81402 333 55084 23171 70000 81630 555 11042 29065=
40712 12970 02703 11047 21108 38688 40244 50006 60001 333 55103 21681 70000 555 11061 29062=
40713 12965 01002 11025 21062 38661 40224 50003 60001 333 55098 70000 555 11036 29076=
40718 12560 61301 10091 20064 30242 40213 50004 60001 84570 333 55081 21422 70002 84620 86458 555 10079 29083=
40723 12560 79901 10007 21009 38968 40231 50003 69901 85570 333 55008 20641 70028 81720 85626 87357 555 10001 29089=
40726 12960 00000 11012 21067 38666 40235 52007 60001 333 55094 70000 555 11029 29066=
40727 12960 00000 11031 21054 38487 40246 52009 60001 333 55102 21827 70000 555 11037 29084=
40732 12960 02301 10068 20045 30228 40203 51007 60001 333 55041 70000 555 10058 29085=
40736 12960 00000 10079 20063 30239 40213 50004 60001 333 55030 70020 555 10072 29090=
40738 11640 30000 10065 20049 30228 40230 50003 60001 71021 83500 333 55052 21095 70023 83640 555 10058 29090=
40739 12965 03602 10020 21064 38687 40205 52009 60001 333 55086 21297 70000 555 11009 29054=
40741 11557 80000 10039 20021 39909 40253 52010 60001 71022 8572/ 333 55000 70005 85725 88459 555 10031 29090=
40743 12965 00803 10042 21002 39072 40206 51006 60001 333 55043 20914 70002 555 10025 29073=
40745 11106 81104 10027 20021 39058 40222 51015 60001 74421 886// 333 55059 21177 70012 88703 555 10025 29096=
40747 12970 00000 10003 21092 38638 40225 52009 60001 333 55088 70000 555 11027 29049=
40754 12965 03104 10052 21110 38826 40194 50008 60001 333 55102 70000 555 11001 29030=
40762 12660 23203 10004 21043 38549 40196 50006 60001 82400 333 55041 70034 82635 555 11012 29071=
40766 12980 01002 10025 21069 38696 40214 51007 60001 333 55092 21751 70000 555 11008 29050=
40768 12965 01501 11087 21108 38260 40273 50004 60001 333 55102 21860 70000 555 11090 29085=
40769 12960 02002 11003 21057 38292 40201 52007 60001 333 55095 21883 70000 555 11022 29067=
40780 12960 01102 10020 21063 38691 40221 52005 60001 333 55097 25336 70000 555 11009 29054=
40782 12960 01402 10041 21021 38874 40200 51009 60001 333 55104 70000 555 10017 29064=
40785 12960 00000 10061 20008 39101 40208 52011 60001 333 55094 24826 70000 555 10039 29069=
40791 12960 00702 10095 21095 39360 40186 50003 60001 333 55088 21745 70000 555 10032 29025=
40792 12962 20302 10055 21091 38724 40187 51004 60001 80001 333 55090 22092 70007 82070 555 10007 29034=
40798 12960 01501 11030 21174 37960 40212 51009 60001 333 55102 21927 70000 555 11065 29032=
40800 12965 03302 10060 21159 38455 40173 52012 60001 333 55090 21736 70000 555 11006 29019=
40809 12660 21102 10046 21008 38552 40235 51059 60001 81401 333 55097 216162 70077 81635 555 10024 29068=
40811 12960 20000 10112 20017 30146 40173 52012 60001 80002 333 55090 70000 82070 555 10072 29052=
40812 12960 33101 10120 20052 39784 40162 52009 60001 80001 333 55093 70000 83070 555 10088 29063=
40821 12960 20000 10070 21037 38788 40194 50006 60001 80001 333 55070 21420 70000 82070 555 10029 29047=
40829 12960 62802 10116 20057 39599 40173 51013 60001 83076 333 55027 70000 83359 84269 555 10088 29067=
40831 12960 22501 10125 20029 30176 40185 52010 60001 80001 333 55061 70000 82070 555 10083 29052=
40833 12960 03502 10137 20012 30148 40180 53012 60001 333 55066 70000 555 10084 29043=
40841 12765 63602 10087 20034 38240 40136 52006 60001 81470 333 55034 21189 70000 81650 86363 555 10062 29069=
40848 12660 41702 10092 20033 38526 40166 51012 60001 82530 333 55016 21089 70000 82640 84360 555 10064 29066=
40854 12960 60000 10156 20010 38949 40124 51013 60001 86070 333 55050 70000 86460 555 10089 29037=
40856 12960 53604 10133 20028 38637 40126 50003 60001 80006 333 55062 70000 22508 85270 555 10083 29049=
40859 12560 70000 10110 20084 38717 40173 52015 60001 84370 333 55003 70000 81930 84635 87459 555 10096 29084=
40875 11556 69901 10209 20177 30139 40150 53006 69901 71062 84570 333 55010 20718 79999 84630 84360 555 10189 29082=
40879 12960 62804 10218 20046 39488 40153 52016 60001 80006 333 55071 70000 86270 555 10131 29032=
40882 11560 70104 10206 20135 30122 40157 51010 69901 70262 83570 333 55012 70003 83630 87359 555 10165 29064=
40883 11556 83607 10214 20113 30127 40154 53011 69901 70562 8352/ 333 55004 70004 83630 88458 555 10158 29053=
40893 12960 03105 10238 20170 30126 40132 51013 60001 333 55096 21206 70000 555 10196 29065=
40898 11958 00703 10236 20191 30120 40129 51019 60001 70500 333 55098 70000 555 10207 29076=
41024 42660 43507 10249 20190 30089 40115 84500 333 10289 55032 59016 84640==
41036 42560 30000 10181 20140 38551 48501 83800 333 10240 59009 83830==
41055 42560 21805 10196 20110 38360 48505 82400 333 10265 58000 82630==
41061 42/60 40812 10223 20080 39426 40124 84030 333 10260 59003 84358==
41084 41/58 20710 10247 20060 38835 48496 70600 82020 333 10310 59006 82460==
41112 42560 21908 10166 20110 37952 48514 82400 333 10215 55065 59008 82620==
41114 42560 21806 10172 20100 37992 48518 82400 333 10224 59002 82622==
41128 41557 60306 10232 20010 38807 48518 70644 84530 333 10280 55040 59015 84630 85359==
41136 42960 00506 10279 21050 39302 40093 333 10340 59022==
41140 41559 50000 10278 20230 30094 40102 70542 81440 333 10320 59016 81630 84360==
41150 41762 63308 10169 20127 40187 70162 8607/ 333 10195 59002 86457=
41170 41460 63513 10179 20154 30158 40172 7006/ 82531 333 10210 59018 82612 83362 85070=
41176 44/68 /0308 10183 20141 30163 40169 333 10229 59016=
41184 42960 32902 10207 20172 40160 83030 333 10279 59009 83360=
41194 12960 43107 10231 20176 30152 40158 60001 84030 333 10267 59010 84366=
41196 12960 63005 10226 20182 30122 40163 60001 8603/ 333 10260 59008 86365=
41216 42960 13306 10216 20177 30159 40163 81030 333 10257 59008 81368=
41217 42960 23209 10217 20172 30129 40158 82030 333 10273 59007 82368=
41246 36/// /1603 10227 20195 30148 40150 333 0E024 10267 55300 25022 59005=
41253 36/// /0001 10223 20143 39785 40146 333 0E023 10326 55300 25022 59007=
41254 36/// /2405 10139 20024 38069 49849 333 0E011 10201 55300 25022 59012=
41258 36/// /2706 10251 20166 30142 40145 333 0E/// 10289 55300 20000 59008=
41263 36/// /0000 10245 20044 39563 40120 333 0E024 10317 55300 20000 59014=
41265 36/// /2300 10250 20051 39561 40120 333 0E024 10322 55300 20000 59014=
41267 36/// /3305 10247 20194 30136 40149 333 0E025 10290 59013=
41268 36/// /0806 10245 20164 30094 40141 333 0E025 10348 55300 25022 59016=
41275 36/// /1101 10252 20003 39990 40159 333 0E023 10337 55300 20000 59010=
41288 26/// /2002 10247 20156 30127 40149 333 0E024 10304 59015 70002=
41315 36/70 /0000 10225 20015 39330 48138 333 0E022 10275 55300 27865 59010=
41316 32960 00802 10237 20193 30121 40151 333 10280 59016 55000 55407 55408 55507 55508=
41396 42965 12302 10236 20031 39411 40127 80001 333 10339 59005 81070=
41480 41456 20713 10251 20188 30128 40136 70544 82500 333 10289 59020 82618=
41506 12420 40000 10070 20015 38486 48840 60001 84520 333 56880 59019==
41508 12420 60000 10067 21010 38640 48080 60001 83520 333 56880 59021==
41515 12920 20000 10060 21016 38573 48340 60001 82020 333 56080 58003==
41516 12940 30000 10070 21019 38505 48640 60001 83030 333 56080 58000==
41517 11440 70000 10030 21051 37769 48970 60001 70422 87570 333 56880 59018==
41518 12440 71801 10072 21036 30001 48010 60001 86520 333 56880 58000==
41519 12940 00000 10110 21044 38736 48770 60001 333 59044==
41523 12940 00000 10090 20009 39064 48760 60001 333 59011==
41535 12940 00000 10070 20011 38706 48730 60001 333 59001==
41536 12940 00000 10120 20021 39023 48920 60001 333 59007==
41560 12940 00000 10040 21008 38306 48370 60001 333 59001==
41571 41900 40503 10140 21010 39551 40140 70500 80001 333 56008 58000==
41598 11940 30000 10155 20087 39842 40115 60001 70400 83030 333 56080 59027==
41600 11940 00000 10125 20085 39825 40126 60001 70400 333 59019==
41620 11940 03602 10110 21008 38555 48590 60001 70500 333 59008==
41624 11920 00000 10170 20105 39911 40112 60001 70400 333 59017==
41630 11440 51801 10170 20094 30000 40130 60001 70400 84570 333 56880 58008==
41640 11920 00000 10165 20109 39873 40123 60001 70400 333 58003==
41660 12900 51302 10110 21030 38429 48190 60001 85030 333 56080 59022==
41678 11940 30000 10190 20085 30000 40124 60001 70400 83030 333 56080 59023==
41696 12940 00000 10095 20008 38012 48300 60001 333 58015==
41697 12940 00000 10220 20090 30000 40115 60001 333 58012==
41700 11920 00000 10180 20106 30000 40114 60001 70400 333 58007==
41710 42940 30000 10190 20026 39336 40099 83030 333 56080 59005==
41712 42440 30501 10185 20060 39175 48990 83500 333 56800 59016==
41715 11910 00000 10180 20127 30049 40114 60001 70400 333 59011==
41718 11920 00000 10160 20114 30017 40122 60001 70400 333 58010==
41725 41940 00501 10200 20130 30000 40106 70500 333 58001==
41739 12940 02302 10195 20019 39039 48040 60001 333 59016==
41744 42940 00000 10175 20000 38779 48060 333 59008==
41749 11920 00000 10200 20149 30068 40102 60001 70400 333 59009==
41756 11920 02704 10215 20175 30068 40134 60001 70504 333 59007==
41757 11940 00000 10240 20194 30126 40139 60001 70500 333 59021==
41759 12940 02302 10215 20166 30121 40127 60001 333 59039==
41764 12940 01803 10225 20186 30056 40107 60001 333 59010==
41768 12940 01802 10220 20163 30100 40107 60001 333 59010==
41780 12940 02303 10230 20199 30092 40119 60001 333 59012==
41785 12940 02303 10230 20183 30115 40128 60001 333 59016==
41859 01930 00000 10160 20130 30085 40124 70500 333 58005 70000==
41883 02930 00000 10180 20130 30102 40123 333 59005 70000==
41891 01930 00000 10170 20130 30082 40122 70500 333 59010 70000==
41907 01940 00000 10148 20130 30101 40117 70500 333 59004 70000==
41923 01940 00000 10188 20120 30111 40121 70500 333 59008 70000==
41936 01914 00000 10184 20170 30106 40113 70500 333 59006 70000==
41943 01930 00000 10170 20160 30116 40124 70500 333 59003 70000==
41950 01945 00000 10174 20160 30120 40122 70500 333 59008 70000==
41978 01945 01004 10207 20180 30117 40123 70500 333 59002 70000==
41992 01925 00000 10214 20160 30124 40126 70500 333 58003 70000==
42027 32996 00000 10055 21002 38394 48482 333 59009=
42071 31996 19902 10128 20101 40130 71000 81030 333 58006 81360=
42101 21995 00000 10142 20120 40140 71000 333 58006 6990/=
42111 21995 02701 10114 20095 39416 40133 71000 333 58019 6996/=
42123 32996 00000 10164 20120 40123 333 58010=
42165 32996 03602 10200 20086 40118 333 58016=
42182 31995 00000 10144 20118 40120 71000 333 59003=
42189 31995 00000 10146 20128 40120 70500 333 58005=
42314 31595 60000 10164 20139 40132 71022 83530 333 58002 83620 86360=
42328 32996 00503 10224 20130 40091 333 58006=
42339 31995 00000 10200 20100 40109 70500 333 59013=
42348 31996 00908 10218 20101 40107 70500 333 59015=
42361 31995 00000 10182 20136 40113 70500 333 59013=
42369 31995 00000 10170 20135 40119 71000 333 59002=
42379 31995 00000 10148 20126 40116 71000 333 58003=
42410 31594 30000 10158 20137 40132 71010 81530 333 59005 81620 83360=
42415 32996 20000 10180 20126 40133 82030 333 59009 82360=
42452 31996 29901 10212 20140 40096 70500 82030 333 59031=
42492 31995 00000 10170 20135 40115 71000 333 59004=
42559 32996 01802 10200 20113 40103 333 59023=
42571 31996 00000 10190 20130 40110 70500 333 59014=
42591 31995 00000 10152 20090 40128 70500 333 59006=
42623 31495 20000 10160 20140 39246 40120 71000 82500 333 58002 82618=
42634 32996 02303 10218 20180 40126 333 59016=
42647 31996 02004 10242 20160 40116 70500 333 59018=
42667 32996 01804 10204 20138 39529 40125 333 59024=
42675 31996 02002 10178 20116 40116 70500 333 59018=
42701 31996 00000 10178 20090 39388 40123 70500 333 59001=
42724 31995 00000 10170 20150 40118 71000 333 59008=
42737 32996 02705 10244 20117 40125 333 59017=
42754 31996 02303 10204 20079 39481 40118 70500 333 59019=
42779 32996 00000 10198 20102 39420 40121 333 59013=
42798 31995 00000 10190 20114 40117 70500 333 59007=
42809 31995 00000 10196 20146 40118 70500 333 59003=
42840 32996 00000 10238 20191 40120 333 59018=
42867 31995 02701 10196 20117 40124 70500 333 59010=
42874 31995 00000 10218 20139 40121 70500 333 59012=
42886 31995 00000 10178 20094 40128 70500 333 59004=
42895 32996 00000 10216 20177 40125 333 59001=
42909 32996 00000 10236 20212 40125 333 59019=
42971 31995 00000 10222 20173 40132 70500 333 58000=
43003 31995 00000 10232 20106 40114 70400 333 59012=
43014 31995 02702 10204 20097 39469 40120 70544 333 59016=
43041 31996 00000 10198 20094 39508 40130 70500 333 59005=
43063 32996 00000 10184 20110 39501 40134 333 59016=
43086 32996 00000 10190 20152 39932 40114 333 59013=
43128 31996 10000 10224 20126 39518 40126 70510 80001 333 59004 81070=
43150 31996 20000 10248 20224 30073 40134 70500 80001 333 58010 82075=
43185 32596 10000 10248 20224 30109 40113 81500 333 59003 81620=
43189 31596 10000 10242 20224 30123 40132 70500 81500 333 58004=
43192 32996 00000 10264 20235 40106 333 59019=
43201 32996 00000 10216 20113 39380 40108 333 59007=
43213 32996 00000 10254 20130 39782 40098 333 59008=
43233 32996 10000 10224 20146 39306 40124 80001 333 59010=
43237 32996 19901 10278 20137 39690 40077 80001 333 59010 81075=
43245 32996 01802 10258 20234 30093 40119 333 59003=
43279 31996 11403 10246 20219 30107 40125 70500 80001 333 59006 81075=
43284 31196 40000 10280 20239 39992 40107 71000 80004 333 59018 84075=
43295 32996 10903 10224 20167 39110 48519 80001 333 59009 81075=
43314 32996 00000 10282 20248 40104 333 59021=
43321 31496 30205 10256 20138 39670 40115 70500 81501 333 59009 81615 83070=
43329 32996 00000 10254 20224 30108 40122 333 59002=
43333 31495 30000 10242 20224 40117 71021 82401 333 59005 81618=
43344 31496 39902 10240 20193 30022 40123 71000 82501 333 59001 82616=
43353 31495 41403 10278 20242 40109 71021 81530 333 56790 59017 81620 83358=
43369 32596 30000 10262 20242 40112 83500 333 59013 83620=
43371 31996 10000 10256 20214 30045 40118 71000 80001 333 59010 81071=
43413 22470 20803 10248 20232 30117 40122 5/010 82100 333 553// 20000 59006 60008 91006==
43418 22470 21400 10245 20219 30074 40115 52004 82100 333 59013 60008 82/18 555 60008==
43421 22970 01201 10227 30013 40120 51007 333 553// 20000 59011 60008 91002==
43424 22970 00901 10230 20209 30110 40112 53013 333 59011 60008 555 60008==
43436 22/70 30000 10266 20218 30114 40117 55005 333 55001 59010 60008 555 60008==
43441 22970 01401 10250 20211 39976 40109 51013 333 59008 60008 555 60008==
43444 22970 00902 10220 20196 39582 40111 53010 333 55001 59011 60008 555 60008==
43450 21959 00701 10243 20231 30100 40112 50007 71000 333 59014 60008 555 60008==
43466 22470 32001 10274 20221 30103 40111 5/004 83100 333 55001 553// 20000 59016 60008 91002 555 60008==
43467 22470 50000 10273 20252 30104 40110 52006 82102 333 59018 60008 555 60008==
43473 22970 01101 10133 20007 38135 48513 52003 333 553// 20000 59003 60008 91002 555 60008==
43486 21470 10501 10256 20228 30011 40111 51005 70251 81000 333 553// 20000 59013 60008 91001==
43495 22470 70501 10271 20241 30099 40112 52006 86000 333 59013 60008 555 60008==
43497 22468 10303 10254 20000 30093 40110 5/005 81000 333 553// 20006 59012 60008 91005==
44212 429// 02001 11288 21327 39176 40465 57004==
44213 429// 00000 11292 21328 38816 40474 57004==
44214 42970 00000 11190 21252 38262 40402 51001==
44215 429// 01601 11206 21237 38403 40417 57001==
44217 32998 00000 11213 21260 37822 40463 54000 333 91200=
44218 429// 01301 11175 21210 38609 40386 57003==
44219 32999 01304 11209 21245 38627 40414 57008 333 91206=
44265 429// 00801 11232 21259 38862 40421 57004==
44266 329// 03405 11150 21232 37739 40375 57005 333 91206=
44454 42456 50000 10108 20074 38641 48476 83870 333 58004=
51076 14/80 /0502 11126 21171 39367 40303 57003 60001 333 11059 21200 3/103 4/025 59043 70000 90761 91104==
51087 14/67 /1101 11162 21191 39219 40309 57004 60001 333 11059 21207 3/106 4/018 59043 70000 90761 91104==
51156 14/80 /3203 11112 21151 38681 40274 57007 60001 333 11043 21153 3/114 59040 70000 90761 91106==
51243 14/56 /2301 11149 21183 39712 40301 57011 60001 70500 333 11077 21169 3/114 59052 70000 90761 91104==
51334 14/36 /3101 11177 21200 39865 40303 57010 60001 70500 333 11084 21206 3/111 4/012 59052 70000 90761 91104==
51379 14/08 /2502 11149 21169 39291 40286 52003 60001 71000 333 11010 21199 3/107 4/022 59054 70000 90761 91104==
51463 14/01 /2801 11131 21148 39035 40292 52008 60001 74540 333 11034 21147 3/101 4/036 59045 70000 90761 91104==
51573 14/66 /0101 10004 21164 30204 40255 57001 60001 333 10084 21045 3/106 59027 70000 90761 91103==
51644 14/39 /3501 11056 21117 38967 40261 52005 60001 70500 333 10050 21088 3/105 59022 70000 90761 91106==
51656 14/57 /1702 11043 21115 39171 40261 52002 60001 70500 333 10060 21095 3/110 59030 70000 90761 91108==
51709 14/50 /3202 11028 21142 38640 40255 54000 60001 70600 333 10043 21057 3/105 59018 70000 90761 91104==
51711 14/58 /2502 11061 21153 38013 40215 52002 60001 333 10005 21108 3/111 59015 70000 90761 91108==
51716 14/32 /2401 11022 21134 38930 40252 57003 60001 70500 333 10056 21071 3/106 59022 70000 90761 91104==
51765 14/62 /3101 11053 21146 39227 40252 57003 60001 333 10076 21099 3/112 59036 70000 90761 91105==
51811 14/36 /0000 11029 21156 38802 40252 57004 60001 70600 333 10056 21066 3/109 59020 70000 90761 91107==
51818 14/34 /2401 11031 21167 38648 40249 57007 60001 70600 333 10051 21080 3/108 59022 70000 90761 91105==
51886 14/80 /2701 11116 21286 37095 40266 52002 60001 333 11018 21161 3/118 59005 70000 90761 91106==
52203 14/73 /0502 11043 21147 39349 40260 57002 60001 333 10057 21104 3/112 59017 70000 90761 91104==
52602 14/80 /3401 11161 21339 37261 40318 57002 60001 333 11031 21174 3/122 58006 70000 90761 91107==
52818 14/80 /1901 11111 21253 37227 40261 57010 60001 333 10003 21132 3/117 58009 70000 90761 91106==
52908 14/80 /2201 11220 21322 35722 40296 52001 60001 333 11082 21230 3/128 59005 70000 90761 91122==
55228 14/80 /2803 11080 21222 36001 40137 52012 60001 333 11001 21082 3/111 58012 70000 90761 91116==
55299 14/80 /1603 11070 21141 35788 40048 57005 60001 333 11011 21167 3/108 59028 70000 90761 91118==
55578 14/80 /2504 10035 21157 36291 49894 52008 60001 333 10136 21067 3/102 59012 70000 90761 91118==
55591 14/63 /3601 11002 21029 36444 49984 52003 60001 77000 333 10085 21039 3/001 59026 70000 90761 91110==
55664 14/80 /2707 11034 21193 35959 49978 52007 60001 333 10097 21072 3/108 59014 70000 90761 91126==
55773 14/80 /1806 11070 21119 35963 40033 57006 60001 77000 333 10044 21105 3/110 59015 70000 90761 91115==
56004 14/80 /0000 11170 21254 35774 40208 57002 60001 333 11056 21229 3/122 59020 70000 90761 91117==
56018 14/80 /1801 11115 21211 36144 40178 54000 60001 333 11013 21178 3/115 59016 70000 90761 91112==
56312 14/66 /2002 11001 21020 37062 40116 57004 69911 77000 333 10098 21010 3/001 59008 70001 90761 91110==
62306 45560 30106 10159 20086 40170 52008 83200 333 10188==
62309 42560 50704 10163 20075 40155 52012 85500 333 10184==
62332 42960 00308 10167 20112 40141 52011 333 10200==
62337 42960 02403 10140 20094 40127 52011 333 10210==
62366 44956 03608 10164 20096 40140 52016 70500 333 10198==
62387 42960 03303 10173 20041 40137 52013 333 10230==
62393 42960 00000 10158 21030 40163 52012 333 10222==
62405 42960 00000 10174 21008 40134 52016 333 10264==
62414 42960 03005 10201 21152 40134 52015 333 10263==
62419 42960 03104 10179 21062 40143 52016 333 10257==
62420 42960 02702 10166 21030 40142 52013 333 10219==
62435 42960 02502 10132 20001 40136 52013 333 10253==
62455 42960 03306 10153 20027 40132 52017 333 10200==
62458 42960 00000 10144 20062 40132 52017 333 10200==
62459 42960 03305 10171 20100 40121 52018 333 10207==
62465 32960 02504 10182 20090 40105 52018 333 10226=
63333 42580 30000 10214 20131 38164 40176 83500 333 10290 59013 83628=
63450 42580 41004 10205 20056 37749 40267 84500 333 10260 59005 84625=
63471 42980 00402 10280 20144 38843 40082 333 10332 59016=
63474 42580 40000 10166 20091 37620 4//// 84500 333 10252 59001 84623=
41256 32960 09903 10240 20161 30135 40152 91745 333 10310 59005 55000 55407 55408 55507 55508=
40310 36/// /0502 10104 29045 3//// 4//// 5//// 333 10168=
43110 31995 01401 10232 20188 40114 70544 333 59018=
43117 32996 00501 10246 20142 40114 333 59015=
