SMPK OPKC 031200=
41504 02697 30000 10040 21118 37866 48522 60002 83200 333 10075 56900 59010 60007 83845 RH 31%=
41505 22696 52304 10055 21017 38/// 48/// 60002 82520 333 10070 56990 58/// 82640 84460 RH 60%=
41516 02696 60000 10120 21026 38545 48503 60002 86570 333 10140 56990 59042 60007 81640 86460 RH 36%=
41517 02697 60000 10060 21102 37816 48539 60002 83530 333 10074 56990 59007 60007 83640 86360 RH 30%=
41518 02696 73602 10122 21009 38/// 48/// 60002 83520 333 10144 56990 5//// 60007 83640 85462 RH 41%= 
41519 02697 60000 10135 21037 38801 48541 60002 83230 333 10155 56990 58007 60007 83840 83362 RH 30%=
41520 02697 51804 10030 21089 37630 48274 60002 82570 333 10055 56990 59020 60007 82640 83762 RH 41%=
41530 11996 00504 10210 21048 39690 40096 60002 70500 333 10235 59065 RH 17%=
41620 32996 02306 10150 21177 38526 48431 60002 333 10155 59051 60007 RH 09%=
41660 02697 62308 10060 21025 38414 48506 69902 82530 333 10100 56990 59008 69907 82640 84360 RH 54%=
41661 02697 61302 10080 21013 38352 48482 60002 82530 333 10110 56990 59019 60007 82635 84360 RH 52%=
41685 02997 02304 10175 21119 38882 48472 60002 333 10180 59034 60007 RH 12%=
41696 02697 82302 10060 21025 37995 48519 60002 85520 333 10075 56990 59012 60007 85640 83460 RH 54%=
41697 02697 42704 10250 20023 39945 40099 60002 84500 333 10260 56900 59041 60007 84640 RH 23%=
41710 12997 03104 10190 21139 39341 40104 60002 333 10200 59019 RH.10%=
41712 12697 21304 10180 21049 39171 48494 60002 82500 333 10190 56900 59022 82640 RH 21%=
41715 01996 00000 10230 20066 30058 40122 60002 70500 333 10245 59038 60007 RH 35%=
41724 02996 00000 10250 20084 30057 40135 60002 333 10260 59028 60007 RH 35%=
41725 02996 00502 10255 20033 30042 40119 60002 333 10260 59029 RH 24%=
41726 01995 00000 10240 20020 30085 40156 60002 70500 333 10265 59016 60007 RH 24%=
41738 02996 02708 10245 21030 39954 40131 60002 333 10250 59009 60007 RH 16%=
41739 02996 03104 10170 20038 39065 48523 60002 333 10195 59007 60007 RH 41%=
41742 12996 02304 10265 20017 30021 40124 60002 333 10275 59006 RH 20%=
41743 21996 00000 10235 20099 60002 70400 333 10250 60007 RH 42%=
41744 12696 40000 10150 21010 38770 48495 60002 84500 333 10170 56900 59011 84630 RH 33%=
41745 02996 01302 10240 20068 60002 333 10255 60007 RH 33%=
41746 02996 00000 10250 20070 30063 40120 60002 333 10265 59033 60007 RH 32%=
41747 02996 00904 10240 20068 30055 40115 60002 333 10260 59034 60007 RH 33%=
41748 02996 01304 10240 20094 30059 40123 60002 333 10250 59033 60007 RH 39%=
41749 02996 01306 10250 20083 30094 40127 60002 333 10262 59018 60007 RH 35%=
41756 01996 02714 10225 20084 30076 40142 60002 70504 333 10230 59006 60007 RH 41%=
41757 12996 02316 10230 21092 30137 40150 60002 333 10245 59009 RH 36%=
41759 01696 22306 10240 20094 30124 40130 60002 82500 333 10265 56900 59020 60007 82640 RH 39%=
41760 01696 12320 10240 20094 30111 40124 60002 70500 81500 333 10250 56900 59013 60007 81635 RH 39%=
41764 02996 00000 10250 20023 30079 40129 60002 333 10255 59008 60007 RH 23%=
41765 02996 00000 10255 20078 30101 40137 60002 333 10270 59002 60007 RH 32%=
41766 01996 00000 10250 20055 30111 40140 60002 70500 333 10260 59012 60007 RH 29%=
41767 02996 00000 10260 20073 3//// 4//// 60002 333 10270 60007 RH 30%=
41768 02996 03106 10265 20035 30115 40122 60002 333 10295 59035 60007 RH 23%=
41780 01996 02310 10250 20023 30101 40128 60002 70500 333 10274 59008 60007 RH 23%=
41783 22996 02304 10270 20045 30095 40124 333 10280 59008 60007 RH 24%=
41785 02996 00502 10255 20078 30112 40125 60002 333 10265 59005 60007 RH 32%=
41786 02996 03106 10275 20020 30070 40107 60002 333 10295 59002 60007 RH 19%=
41BAG 02696 70000 10050 21098 60002 84510 333 10060 56990 60007 84640 87460 RH 33%=

SMPK OPLA 031200=
=================
41506 02697 53604 10100 21030 38499 48499 60002 82520 333 10124 56990 59048 60007 82640 83460 40%=
41507 02997 00000 10210 20044 39253 49759 60002 333 10215 59023 60007 34%=
41508 02997 02702 10161 21073 38626 48500 60002 333 10200 59049 60007 19%=
41509 02997 00000 10120 21046 38785 48525 60002 333 10145 58004 60007 RH 31%=
41510 02997 60000 10050 21009 37885 48488 60002 86030 333 10125 56090 59032 60007 86360 62%=
41515 02997 20508 10100 21087 38552 48515 60002 82020 333 10122 56090 58005 60007 82460 26%=
41523 02997 03102 10190 21026 39044 48476 60002 333 10210 59055 60007 23%=
41524 02997 00904 10185 21087 39338 40192 60002 333 10200 59026 60007 15%=
41525 12997 21804 10060 21041 37657 48375 60002 82030 333 10085 59034 82362 48%=
41528 02997 00000 10200 20042 39175 48482 60002 333 10217 59053 60007 35%=
41529 02996 00000 10230 20019 39728 40100 60002 333 10260 59065 60007 25%
41534 02997 00000 10210 20015 39702 40110 60002 333 10230 59053 60007 RH 27%=
41535 02997 00000 10155 21038 38684 48458 60002 333 10186 58039 60007 26%=
41536 02997 00000 10170 20024 38996 48476 60002 333 10225 59055 60007 37%=
41560 02997 00000 10090 21013 38333 48560 60002 333 10125 58016 60007 RH48%=
41562 02997 01304 10210 21003 39646 40102 60002 333 10235 59057 60007 RH24%=
41565 02996 01302 10083 21013 38633 48499 60002 333 10140 59031 60007 RH 30% =
41567 01996 00000 10225 20026 39672 40080 60002 70500 333 10235 59065 60007 27%=
41571 11996 01812 10200 20012 39538 40144 60002 70500 333 10230 59043 RH28%=
41572 01996 01314 10190 21026 39472 40090 60002 70500 333 10225 59053 60007 RH 23%=
41573 02997 01302 10090 21029 37940 48464 60002 333 10150 59044 60007 43%=
41574 02997 01302 10140 20002 38318 48494 333 10165 59042 60007 39%=
41576 01996 01810 10210 20032 40136 60002 70500 333 10238 59035 60007 31%=
41577 01996 00504 10205 20021 39506 40112 60002 70500 333 10235 56000 59040 60007 RH 29%=
41593 01996 00000 10230 20051 39897 40108 60002 70500 333 10237 59043 60007 31%=
41597 02997 00000 10230 20092 39841 40130 60002 333 10235 59036 60007 41%=
41598 01996 00000 10225 20108 39840 40108 60002 70500 333 10235 59037 60007 48%=
41599 01995 01304 10200 20098 39837 40125 60002 70400 333 10215 59034 60007 52%=
41599 01995 01304 10200 20098 39837 40125 60002 70400 333 10215 59034 60007 52%=
41600 01996 02302 10190 20118 39827 40121 60002 70400 333 10205 59023 60007 63%=
41624 01996 01302 10220 20064 39902 40100 60002 70500 333 10255 59052 60007 36%=
41625 02997 01302 10230 20035 39898 40095 60002 333 10245 59046 60007 28%=
41630 01996 02306 10220 20064 40119 60002 70500 333 10235 59038 60007 36%=
41633 02997 00000 10225 20108 4//// 60002 333 10250 5//// 60007 48%=
41634 02997 01302 10195 20034 3//// 4//// 60002 333 10225 5//// 60007 34%=
41635 01996 02702 10215 20070 3//// 4//// 60002 70500 333 10240 5//// 60007 39%=
41636 01996 01302 10210 20048 39944 40129 60002 70500 333 10245 59037 60007 34%=
41638 01996 00000 10225 20058 4//// 60002 70500 333 10235 5//// 60007 34%=
41639 02997 00904 10200 20086 3//// 4//// 60002 333 10215 5//// 60007 48%=
41640 01996 01302 10205 20039 39875 40123 60002 70500 333 10230 59031 60007 34%=
41641 01996 01908 10215 20083 39851 40122 60002 70500 333 10232 59030 60007 43%=
41642 01996 00000 10190 20118 3//// 4//// 60002 70400 333 10215 5//// 60007 63%=
41643 01996 00000 10200 20120 39843 40118 60002 70440 333 10210 59032 60007 60%=
41644 01996 00000 10230 20103 3//// 4//// 60002 70400 333 10245 5//// 60007 45%=
41646 01996 01302 10215 20128 39931 40144 60002 70400 333 10230 59032 60007 58%=
41652 01996 01306 10230 20051 39937 40114 60002 70500 333 10253 59048 60007 31%=
41669 02997 02302 10230 20079 3//// 4//// 60002 333 10260 5//// 60007 38%=
41670 01996 01802 10225 20084 3//// 4//// 60002 70500 333 10245 5//// 60007 41%=
41674 01995 01810 10210 20088 3//// 4//// 60002 70500 333 10225 5//// 60007 45%=
41675 01996 02310 10220 20081 39970 40113 60002 70500 333 10240 59045 60007 36%=
41676 01996 00000 10230 20104 39975 40131 60002 70500 333 10252 59055 60007 45%=
41677 01996 00000 10230 20066 39941 40106 60002 70500 333 10240 59047 60007 35%=
41678 01996 00000 10240 20081 40121 60002 70500 333 10250 59023 60007 36%=
41679 01996 02302 10195 20067 4//// 60002 70500 333 10215 5//// 60007 43%=
41680 01996 01304 10210 20088 39925 40125 60002 70500 333 10235 59034 60007 45%=
41700 01996 02306 10235 20073 39984 40110 60002 70500 333 10249 59036 60007 35%=
41701 01996 02708 10240 20030 30081 40122 60002 70500 333 10245 59040 60007 26%=
41716 01996 02304 10240 20038 30028 40130 60002 70500 333 10253 59022 60007 27%=
41718 01995 02304 10235 20059 30015 40117 60002 70500 333 10255 59032 60007 32%=
41BKI 02996 03604 10210 20015 39684 40095 60002 333 10230 59067 60007 RH27%=
41SKP 01996 01804 10200 20098 3//// 4//// 60002 70400 333 10218 5//// 60007 52%=
43532 02997 00000 10225 20054 39296 40069 60002 333 10230 59035 60007 33%=
43533 02997 00000 10200 20042 39193 48480 60002 333 10240 59030 60007 35%=
43536 32996 03201 10108 20007 38408 48494 333 10124 59043 RH 49%=
43563 02997 00000 10206 20088 39420 40098 60002 333 10244 59040 60007 47%=

==================
41526 Not Received
41533 Not Received
41564 Not Received
41568 Not Received
41592 Not Received
41594 Not Received
41672 Not Received
41781 Not Received
==================

UPPK OPKC 031200=
=================
PPAA 53111 41516 55285 32002 23501 77999=
PPBB 53111 41516 90/7/ 09002 30501=
PPAA 5312/ 41517 NO ASCENT DUE TO AIR MOVEMENT=
PPAA 5312/ 41739 NO ASCENT DUE TO SECURITY RISK=
PPAA 5312/ 41749 NO ASCENT DUE TO TECHNICAL FAULT=
PPAA 53111 41780 NO ASCENT DUE TO RED BALLOON SHORTAGE=
PPAA 5312/ 41715 NO ASCENT DUE TO BALLOONS OUT OF STOCK=
PPAA 5312/ 41764 NO ASCENT DUE TO PAF FLYING AT BULARI AIR BASE=

PPAA 53121 41600 55285 26507 04506 77999=
PPBB 53121 41600 90/12 23002 23001 24004 9037/ 25007 36004=
PPAA 53121 41640 55285 11008 08012 77999=
PPBB 53121 41640 90/12 13002 13504 13006 9037/ 12505 10008=
PPAA 53121 41678 55285 14505 12505 77999=
PPBB 53121 41678 90/12 00000 19004 17504 9037/ 17505 13503 912// 14014=
PPAA 53121 41624 55285 17507 16507 77999=
PPBB 53121 41624 90/12 13502 12504 15505 9037/ 16505 18006 9125/ 19509 09013=
PPAA 53121 41675 55285 21007 30515 77999=
PPBB 53121 41675 90/12 23008 20006 19507 9037/ 19508 22007 9125/ 29012 23022=
PPAA 53111 41718 55285 23505 25508 77999=
PPBB 53111 41718 90/12 22504 25004 24505 9037/ 24506 24006 9125/ 24508 27509=
PPAA 5312/ 41515 MISDA DUE TO STRONG WIND=
PPAA 5312/ 41506 MISDA DUE TO CLOUDY WEATHER=
PPAA 5312/ 41598 MISDA DUE TO NOT PERMISSION BY PAF=

Data Generated from File : D:/all data handling/Rmc_lhr/2025020312.FSU.txt
03/02/2025   13:05:56
__________________________________________________________________________
15020 01570 53304 10027 21052 30049 40253 50002 69901 70287 84230 333 55309 21312 69907 91008 90760 91112==
15090 01570 73303 10039 21022 30149 40244 50001 69901 78787 85370 333 55304 00400 20974 30596 69907 91008 90760 91109==
15108 01/00 92904 11085 21092 38060 48484 50002 60001 74944 89/// 333 49075 55306 21008 60007==
15150 01570 63306 10031 21042 30031 40251 50001 69921 70272 84870 333 55308 21404 60007 91010 90760 91111==
15170 04570 73303 10002 21053 39433 42820 51011 69901 87300 333 55306 21129 69907 91005 90760 91105==
15280 01184 32905 11128 21152 37447 47976 54000 60001 72843 81530 333 49085 55310 22312 60007 91010 90760 91112==
15310 01570 73504 10031 21006 30146 40235 51009 69901 70276 85570 333 55300 00220 20557 30529 69907 91010 90760 91110==
15335 04470 83504 10028 20004 30218 40225 51010 60021 886// 333 55300 20258 60007 91007 90760 91107==
15350 01570 80306 10036 21004 30114 40237 50008 69901 70262 885// 333 55300 20429 60007 91009 90760 91111==
15360 04470 83611 10029 20003 30190 40207 52007 60021 886// 333 60007 91014 90760 91114==
15420 04/69 80703 10032 20000 30118 40233 51009 60001 8802/ 333 55300 20113 60007 91007 90760 91108==
15460 01465 80204 10027 20013 30209 40235 51009 69921 72162 8672/ 333 55300 20215 69927 91007 90760 91108==
15470 04/62 80403 10066 20034 30090 40218 52005 60001 8807/ 333 55300 20147 60007 91004 90760 91104==
15480 07470 83104 10032 20014 30201 40219 52011 60011 7616/ 8672/ 333 55300 00010 20245 30216 60017 91007 90760 91108==
15549 11/04 90504 10014 20011 39796 40224 52011 60011 75354 333 10040 20014 555 59801 69999 71242=
15552 11458 83402 10063 20032 30159 40209 58005 60001 71022 8652/ 222// 00080 10201 333 10071 20058 555 580// 92024 92426=
15640 12570 73610 10085 20061 39890 40203 58003 60001 86530 333 10098 20043 555 585//=
15655 12562 80000 10081 20039 30179 40212 52001 60001 885// 222// 00083 10201 333 10092 20070 555 575// 92022 92427=
15730 12670 80901 10113 20048 39795 40188 57010 60001 86877 333 10122 20053 555 564//=
16627 12460 32204 10112 20075 30190 40195 58008 60001 83600 333 81712 83630 90730 91107==
16650 12560 20705 10138 20087 30183 40193 57012 60001 82100 333 90730 91110==
16667 11559 40904 10154 20117 30185 40195 58014 60001 71000 84500 333 90730 91112==
16706 12560 50000 10156 20116 30180 40187 57013 60001 84860 333 81820 83625==
16723 12560 51703 10166 20123 30175 40189 57020 60001 85800 333 81820 85625 90730 91106==
16742 12460 13106 10170 20094 30031 40185 57019 60001 81100 333 90730 91109==
16749 12460 42707 10176 20101 30167 40180 57018 60001 84800 333 81818 83625 90730 91109==
16754 12560 10304 10184 20123 30137 40185 57020 60001 81100 333 90730 91110==
16757 12560 13406 10166 20138 30046 40178 57022 60001 81100 333 90730 91110==
16760 12560 22205 10174 20086 40179 57024 60001 82100 333 90730 91114==
16765 12560 12407 10182 20095 40184 57021 60001 81100 333 90730 91110==
17022 11556 72605 10079 20079 30024 40192 57012 60001 71011 87600 333 87728 90760 91109==
17024 12370 72811 10093 20075 30095 40173 57015 60001 85770 333 82708 85632 87360 90760 91116==
17026 12470 33606 10133 20088 30139 40178 57019 60001 81604 333 81719 83070 90760 91109==
17031 12670 52906 10125 20074 30158 40164 57029 60001 81140 333 81836 85360 90760 91110==
17034 12/70 30702 10096 20047 30131 40178 57023 60001 83030 333 83360==
17038 12970 21006 10101 20059 30127 40175 57023 60001 80001 333 82068 90760 91112==
17042 12670 12901 10114 20049 30140 40180 57030 60001 81100 333 81835 90760 91110==
17050 12665 81801 10093 20060 30145 40208 57007 60001 8452/ 333 84635 88460 90760 91105==
17056 12665 63605 10105 20072 30197 40201 57008 60001 83230 333 83835 86360 90760 91111==
17060 12356 73109 10102 20060 30159 40200 57009 60001 87700 333 87708 90760 91112==
17070 12965 31703 10127 20000 39293 40164 57029 60001 80008 333 83270 90760 91108==
17074 12570 50102 10099 20081 39227 40167 57027 60001 83550 333 83630 85359 90760 91106==
17084 12670 23004 10103 20029 39265 40179 57026 60001 82500 333 82640 90760 91109==
17085 12670 10202 10129 20003 39678 40170 57034 60001 81100 333 81840 90760 91106==
17092 12960 00000 10041 21078 38872 48496 57028 60001 333 90760 91107==
17096 11956 00802 11086 21099 38235 48518 57021 60001 70041 333 90760 91106==
17098 12960 00406 10007 21087 38185 48504 57016 60001 333 90760 91111==
17100 12970 00000 10067 21087 39206 40228 57031 60001==
17112 11557 53504 10125 20096 30188 40190 57014 60001 71022 85200 333 85830 90760 91107==
17115 12960 03506 10123 20069 30145 40197 57017 60001 333 90760 91110==
17116 11958 02406 10137 20077 30069 40191 57017 60001 70500 333 90760 91109==
17124 11560 22902 10119 20021 39264 40193 57025 60001 70141 82500 333 82625 90760 91106==
17128 12660 32212 10107 21023 39074 40184 57024 60001 83100 333 83840 90760 91116==
17135 12670 22102 10124 20036 39291 40170 57029 60001 82100 333 82840 90760 91108==
17140 12665 22704 10081 21009 38693 48480 57020 60001 82100 333 82840 90760 91113==
17150 11435 50000 10101 20068 30065 40190 57023 60001 71022 85200 333 83715 84835 90760 91105==
17160 12670 22208 10114 21025 39013 48485 57023 60001 82500 333 82640 90760 91114==
17170 12560 42705 10029 21053 38331 48505 57018 60001 82508 333 82630 84268 90760 91119==
17175 12665 50000 10143 20091 30181 40185 57014 60001 83250 333 83840 85360 90760 91105==
17184 12666 31701 10145 20066 30074 40186 57026 60001 83200 333 83840 90760 91104==
17190 12970 00601 10121 21001 38984 48487 57027 60001 333 90760 91105==
17195 12670 12804 10114 21036 38963 48481 57026 60001 81100 333 81840 90760 91112==
17200 12960 10203 10119 21037 39191 40188 57029 60001 80001 333 81070 90760 91108==
17202 12970 30605 10110 21053 39136 40192 57027 60001 80001 333 83070 90760 91109==
17203 12670 30701 10101 21094 38878 48530 57026 60001 83100 333 83840 90760 91105==
17210 12970 33402 10130 21078 39145 40179 57018 60001 80001 333 83070 90760 91107==
17219 12660 51904 10159 20097 30048 40193 57020 60001 85200 333 85835 90760 91113==
17234 12670 22203 10184 20071 30127 40195 57022 60001 82200 333 82840 90760 91109==
17237 12970 03401 10154 20047 39682 40183 57025 60001 333 90760 91104==
17240 12970 00605 10138 20023 39027 40169 57029 60001 333 90760 91108==
17244 12970 00905 10117 21010 38994 48492 57025 60001 333 90760 91110==
17248 12970 02401 10127 21038 38973 48486 57027 60001 333 90760 91106==
17250 12970 02006 10112 21058 38798 48490 57021 60001 333 90760 91114==
17260 12960 41306 10142 21001 39324 40143 57026 60001 80001 333 84068 90760 91110==
17270 12670 31803 10162 21051 39528 40171 57026 60001 81130 333 81840 83360 90760 91108==
17275 12970 60000 10115 21066 38990 48513 57019 60001 80002 333 86070==
17280 12960 00703 10134 21046 39389 40184 57029 60001 333 90760 91108==
17290 12970 00302 10177 20096 30160 40192 57015 60001 333 90760 91107==
17292 11570 33601 10136 20044 39423 40181 57022 60001 70340 81130 333 81830 83358 90760 91103==
17300 12960 01808 10173 20083 30108 40179 57027 60001 333 90760 91110==
17310 12670 22402 10193 20086 30156 40163 57025 60001 82200 333 82835 90760 91105==
17330 12670 51101 10181 20098 30152 40170 57030 60001 82130 333 82840 85360 90760 91107==
17350 12960 42107 10182 20072 30080 40158 57031 60001 80001 333 84070==
17370 12670 52802 10175 20070 30170 40174 57026 60001 83130 333 83835 85360 90760 91105==
17375 12970 00000 10193 20109 30162 40164 57028 60001 333 90760 91107==
33088 /1597 82903 10005 21029 30032 40229 58006 72681 889// 555 1/003 69901=
33135 32697 82904 10014 21075 30045 40196 58007 8591/ 555 1/002=
33177 32598 72903 10005 21051 30017 40262 58004 87900 555 1/001=
33317 32597 72905 11004 21056 39891 40239 58005 86530 333 86620 555 1/002=
33393 32560 73204 11004 21066 39868 40273 52002 87500 333 87631=
33415 /1698 73102 10004 21057 39844 40254 58003 70282 87900 555 1/000 69901=
33429 32597 63206 10006 21054 39810 40244 58001 85501 555 1/003=
33466 /1564 62902 10012 21023 30017 40209 58007 70282 84330 555 11003 69941=
33506 /1597 82602 10016 21039 39999 40199 56012 78788 889// 555 1/003 69901=
33562 /1560 63205 10016 21052 39926 40238 55002 70282 85930 555 1/001 69901=
33587 /1597 53303 10018 21026 39943 40212 58008 70282 85900 555 1/006 69941=
33658 /1584 83208 10010 21042 39952 40260 52001 72682 883// 333 83927 555 1/003 69901=
33663 32598 62803 10038 21071 30141 40239 58002 85930 555 1/009=
33664 42598 73103 10012 21037 39919 40244 52001 87500=
33678 42598 62806 10018 21073 30032 40250 57008 86200=
33679 41497 53603 10045 21036 30038 40232 58005 70282 85900=
33711 /1560 73001 10018 21019 39985 40199 57013 70272 87500 333 87623 555 1/006 69911=
33745 42597 83205 10019 21029 30054 40247 57001 8693/ 555 12006=
33748 41597 73305 10026 21029 39942 40232 58001 70282 87300=
33754 42598 33204 10028 21057 30078 40228 58002 83300=
33761 /1567 73303 10012 21010 39986 40214 58009 70272 87360 555 1/006 69941=
33791 32484 83403 10025 21024 30071 40201 57013 8555/ 333 85619 555 1/004=
33815 41598 63205 10020 21005 30015 40228 58003 70282 85930 555 1/004=
33837 /1359 83602 10014 20004 30153 40206 58003 77176 8872/ 555 1/007 60021=
33881 41597 63404 10023 21008 30031 40232 58001 70282 85530 333 91112=
33883 41598 53206 10023 21013 30055 40225 58002 70182 85800 555 1/002=
33885 42597 73606 10028 21005 30096 40241 52003 87300=
33892 41598 63403 10015 21009 30013 40231 58004 70182 86300=
33902 /1595 83605 10006 20000 30132 40193 57012 78388 889// 555 1/000 60041=
33924 41440 80406 10024 20014 30154 40167 57018 76186 8672/ 333 90760 91110==
33983 42560 80905 10039 20008 30115 40176 57031 8633/==
34300 32597 72503 10027 21057 30017 40197 57016 86930 555 1/003=
34336 42470 82701 10022 21080 30105 40210 57009 883//==
34344 42570 82902 10027 21049 30117 40206 56012 885//==
34356 42560 72702 10027 21053 30062 40211 57010 87500==
34357 42470 82402 10030 21047 30048 40205 56011 8435/==
34398 41340 81803 11006 21018 30222 40235 57002 71072 886//==
34415 32570 50701 10037 21048 30104 40202 57013 82231 555 1/005=
34438 42560 82501 10023 21024 30015 40209 57013 8634/==
34445 42570 82401 10029 21042 30095 40210 56012 8457/==
34461 42460 80000 10028 21025 30159 40215 56009 8555/==
34473 42597 61802 10036 21002 30178 40217 57006 85203 555 11006=
34476 41570 71103 10041 20006 30211 40218 57007 70242 86934==
34504 /1482 80401 10014 21041 30018 40196 57017 72682 883// 555 69911=
34535 41440 80601 10007 21003 30139 40213 57013 78688 889//==
34545 42570 80101 10031 21039 30098 40211 56012 8637/==
34555 42570 70201 10021 21023 30129 40221 57010 86530==
34560 42660 72502 10039 21049 30022 40214 57008 83530==
34578 42/60 80701 10051 21002 30210 40217 56010 8808/==
34579 42570 70901 10045 20012 30176 40219 57007 87500==
34644 42560 60502 10041 21035 30126 40203 56016 86500==
34646 42/70 80601 10025 21017 30125 40208 57017 8805/==
34655 42560 81502 10042 20004 30150 40211 57014 885//==
34662 42570 82801 10050 21034 30205 40216 56012 82550==
34691 42570 80000 10009 21005 30448 40435 57005 8655/==
34720 41460 70402 10011 20001 30161 40202 57019 75176 87600==
34727 41440 80802 10011 20002 30167 40198 57022 78588 883//==
34743 41560 80701 10031 20011 30117 40207 57015 70282 8295/==
34759 41440 80902 10049 20043 30075 40207 57016 71082 889//==
34772 41470 81101 10044 20032 30218 40221 57008 70252 885//==
34785 42/70 81101 10035 20008 30252 40229 56005 8802/==
34798 42/60 60803 10048 20007 30356 40326 57009 86030==
34824 42560 81003 10034 20006 30187 40192 57027 884//==
34838 41340 83502 10036 20023 30094 40191 56017 71022 886//==
34845 41570 80902 10055 20041 30084 40192 57020 70282 885//==
34858 41/20 80901 10063 20057 30093 40200 56020 71064 8801/==
34861 41540 81203 10039 20025 39962 40206 57014 71084 889//==
34866 41470 81002 10061 20047 30220 40211 57014 72582 889//==
34880 42460 71601 10055 20017 30249 40223 57010 8672/==
34887 42570 80000 10049 20016 30246 40223 57012 885//==
34949 42570 80701 10082 20008 39644 40184 57017 8555/==
34954 41902 10103 20023 30021 40191 57021 70282 82501==
34958 42570 81202 10082 20026 30000 40198 56016 86509==
34975 42570 81502 10082 20044 30213 40209 57013 885//==
34984 42560 81001 10045 20021 30252 40222 57010 885//==
35217 41460 81604 11015 21035 30221 40262 58007 70252 886//==
35302 41540 81907 11008 21027 30230 40251 57002 71022 886//==
35315 42598 81405 11005 21020 30307 40265 57009 885// 555 1/101=
35344 42999 60703 11049 21073 30023 40321 58012 80003 555 1/105=
35358 42/60 60902 11068 21110 30169 40348 57002 86040==
35368 42999 61105 11056 21094 30086 40364 57003 80004 555 1/107=
35386 42998 01802 11082 21139 39868 40414 57000 555 1/105=
35394 41570 30602 11055 21076 39714 40417 53001 70271 83500==
35404 41596 81803 11004 21016 30234 40242 57005 71042 885// 555 11000=
35406 41540 81504 11010 21014 30252 40254 57005 71042 886//==
35416 42570 81406 11015 21039 30151 40274 57009 885//==
35426 42684 61004 11032 21079 30001 40299 57005 86500==
35437 42998 31101 11053 21086 30061 40388 57011 80003 555 1/106=
35449 42998 70904 11067 21109 30215 40322 57010 80006 555 1/107=
35497 42970 00904 11073 21098 39851 40707 53002==
35498 42998 01202 11080 21106 39503 40420 57002 555 1/113=
35514 42598 81405 11011 21024 30470 40466 57003 885// 555 1/101=
35522 41698 81404 11033 21061 30028 40286 57005 70272 885// 555 1/103=
35542 42998 70703 11067 21100 30164 40317 57006 80002 555 1/106=
35563 42998 80000 11116 21144 39572 40386 57002 80002 555 1/113=
35576 42970 00503 11073 21112 39915 40384 57005==
35582 42998 00704 11078 21123 39780 40408 57012 555 1/109=
35594 41999 81107 11048 21061 39533 40396 57003 73632 8802/ 555 1/105=
35605 42598 81106 10009 21019 30264 40242 57008 885// 555 11002=
35633 42998 30505 11055 21089 30080 40301 57002 80001 555 1/106=
35671 42970 00905 11072 21115 39918 40366 57005==
35699 41540 20510 11037 21076 39609 40384 57011 73831 82500 333 91016==
35700 42570 81504 10013 21007 30268 40244 57004 885//==
35715 42599 81307 10005 21035 30271 40256 57008 885// 555 11002=
35739 42999 60903 11034 21114 30140 40283 56010 80001 555 1/104=
35746 42970 60705 11015 21071 30220 40288 57009 80002==
35777 42997 00507 11062 21106 39995 40353 57002 555 1/108=
35796 42960 00406 11047 21071 39933 40382 57008==
35849 42970 50805 11004 21083 30187 40274 57012 80001==
35895 42998 00206 11071 21088 39916 40378 57007 555 1/109=
35907 42598 81102 10044 20022 30254 40223 58011 886//=
35925 42570 81405 11011 21033 30154 40268 57013 887//==
35927 42998 61107 11004 21045 30254 57008 86040=
35953 42984 00704 10002 21047 30149 40274 57011==
35969 42984 00709 11018 21116 30113 40290 57011==
35997 42998 00502 11039 21101 39896 40342 57008 555 1/105=
36259 12584 31701 11271 21298 38358 48639 52012 60002 81902 333 11219==
36335 42999 00000 11077 21110 39374 40439 53001 555 1/114=
36358 41699 70502 11048 21071 39385 40431 53005 70242 87502 555 1/104=
36394 42697 71102 11051 21072 30011 40448 52007 87500=
36397 42/// 61602 11090 21124 39858 40452 52004 86070==
36403 42998 01701 11095 21130 30074 40455 52007 555 1/111=
36418 42999 32502 11133 21160 39814 40471 53003 80003 555 1/120=
36421 429// 01101 11170 21193 39872 40484 52005 555 1/122=
36428 429// 13402 11177 21214 39939 40485 53004 80001==
36439 419// 01601 11179 21197 39127 48597 52006 70230 555 1/125=
36498 41698 20409 11047 21074 39593 40406 57005 73631 82500 555 1/107=
36501 42698 80000 11040 21045 39656 40429 52007 885// 555 1/106=
36535 42984 20901 11196 21242 39805 40497 53006 80001==
36546 429// 00000 11181 21199 39899 40487 53008 555 1/124=
36619 42999 00501 11137 21163 555 1/115=
36622 42998 00504 11097 21127 39595 40438 53007 555 1/110=
36639 42984 00904 11101 21174 39776 40412 53004==
36643 429// 03301 11132 21162 39769 40476 51005 555 1/120=
36665 42798 20101 11133 21166 39693 40467 53024 82500 555 1/116=
36666 42498 22302 11179 21194 39949 40486 52006 82600=
36729 42998 01004 11106 21132 39892 40400 57009 555 1/113=
36736 42999 03502 11168 21190 39844 40443 53004 555 1/120=
36744 42998 00504 11061 21114 39892 40357 57007 555 1/110=
36770 42999 00103 11092 21112 39591 40349 57008 555 1/112=
36786 42999 00000 11067 21126 39405 40354 57007=
36796 42998 00000 11160 21214 39120 48539 56005=
36803 42999 01104 11103 21134 39929 40403 57008=
36806 41999 21508 11102 21191 39916 40410 57006 70131 80001=
36819 42998 50000 11091 21120 39710 40351 57003 80001=
36821 42984 00302 11040 21102 39839 40342 57004==
36839 42999 03401 11110 21185 39166 40351 57006=
36843 429// 00000 11050 21144 39120 40324 57006=
36846 42999 00901 11064 21142 38662 48553 57004=
36859 42984 00000 11028 21137 39562 40363 57011==
36870 42/60 83601 11057 21098 39269 40313 57003 8805/==
36874 42997 01802 11103 21131 39649 40476 57007=
36877 42999 00000 11087 21115 39693 40753 57003=
36885 42999 01802 11082 21122 39157 40331 57005=
36889 42999 00000 11082 21236 37055 47079 57003=
36894 42999 00000 11024 21099 39562 40316 57007=
36905 42999 00000 11052 21129 38802 48556 57005=
36911 42999 00000 10000 21059 39263 40246 57006 555 1/101=
36927 42999 00902 10002 21106 38383 48544 57006=
36934 42599 40801 11006 21058 38301 48429 58008 82932=
36953 42999 00000 11118 21176 38249 48508 53001 555 1/124=
36974 42998 01801 11116 21178 38019 48572 57015 555 17122=
36982 42999 03504 11125 21284 36521 47097 57008=
37018 41570 81602 10085 20071 30110 40185 57022 72582 889//==
37031 41560 83002 10097 20042 39990 40183 57019 70182 86831==
37054 42670 60903 10088 20021 39806 40187 56017 86500==
37061 41/60 81203 10082 20033 30031 40199 57021 70242 8801/==
37085 42570 80903 10079 20026 30239 40212 57017 885//==
37171 41560 82402 10100 20064 30167 40185 57030 70182 82231==
37228 42/70 60201 10082 21013 39345 40169 57019 86070==
37235 42670 81002 10068 39879 40195 57023 885//==
37472 41540 63505 10065 20040 30234 40211 57005 71022 83571==
38149 42970 30203 10046 21054 30179 40257 57024 80002==
38178 42970 03603 10068 20004 39938 40224 57011==
38262 42970 00202 10044 21049 30165 40248 57013==
38264 42970 03603 10047 21049 30151 40247 57013==
38345 42999 02601 11046 21133 38805 48498 57001 555 1/105=
38353 42998 02601 11015 21075 39342 40263 57007=
38388 42998 00202 10070 21036 30161 40233 57016 555 18013=
38392 42997 00405 10070 21030 30131 40234 57014 555 11012=
38396 42960 20204 10070 21054 30111 40236 57009 80001==
38403 42960 00202 10098 21078 30099 40218 57015==
38413 42970 00903 10074 21019 39912 40202 57012==
38457 42960 72302 10088 21027 39618 40200 57006 80004==
38462 42984 22702 10051 21103 38743 48486 57012 80001==
38507 42698 22505 10104 20032 30126 40228 58023 82500 555 10017=
38545 42998 70204 10091 21041 30044 40218 57007 80003 555 10010=
38565 12870 60000 10072 21009 39591 40165 57005 60002 80003==
38579 12/60 70801 10079 20006 39782 40197 57010 60002 83071==
38583 12/60 62702 10077 21012 39885 40206 57011 60002 82041==
38599 41995 63402 10065 21021 39663 40200 57008 71011 80001=
38611 41940 32001 10076 21017 39631 40200 57016 71000 80001==
38613 42999 01801 10056 21047 39295 40196 57009 555 12002=
38616 42997 00901 10050 21040 39190 40205 57014=
38618 42960 63101 10072 21019 39501 40188 57014 80001==
38647 42998 22702 10104 20048 30223 40198 57010 81041 555 10016=
38656 42998 00000 10092 21038 30124 40233 57012 555 10018=
38683 41940 83602 10086 21002 39929 40205 57006 70522 80001==
38687 42997 72902 10101 21044 39978 40212 57011 80001 555 10014=
38696 12984 62501 10088 21009 39331 40177 57004 60002 80005==
38713 42998 80202 10038 21021 39025 48490 56003 80004=
38750 42997 02702 10117 20030 30272 40244 57012 555 10018=
38763 42597 50901 10092 21012 30121 40227 57020 82530 555 10013=
38774 42997 02601 10104 21002 30034 40228 57013 555 10013=
38799 42997 53203 10101 21041 39993 40223 57009 80003 555 10014=
38806 42997 62703 10092 21041 39937 40196 57009 80002 555 10009=
38812 41940 62602 10092 21007 39738 40188 57005 70512 80001==
38836 41698 42503 10082 20048 39210 40135 53003 71000 83202=
38880 42997 20203 10105 21022 39964 40218 57013 82030 555 10015=
38886 42997 43401 10110 21038 39986 40212 57018 83031 555 10016=
38895 42996 63201 10102 21009 39935 40223 57007 80002 555 10014=
38911 42998 42905 10097 20009 39920 40213 57010 80002 555 10013=
38915 42997 63403 10098 21002 39903 40226 57008 86070 555 11014=
38927 11957 72505 10083 20009 39821 40197 56005 60002 70522 80001==
38944 41996 01802 10090 20034 39578 40107 57015 71000=
38954 42999 00000 11025 21161 37948 48540 57020=
38974 42998 63401 10106 20000 39882 40215 57007 80002 555 10015=
38987 42996 50301 10078 20004 39469 40212 57005 85080 555 11010=
40100 43/70 33308 10194 20070 30162 40178 56036 6///1 333 58///=
40180 12960 82701 10206 20073 30111 40159 57034 60001 85057 333 70000==
40199 02/// /0405 333 70000==
40265 31950 82104 10172 21036 39380 40172 57033 70522 82011 333 82460 87070=
40270 31940 72405 10185 21044 39268 40160 57031 70522 87038 333 83364 85268=
40272 31950 32306 10186 21018 39340 40168 57027 70500 83030 333 83360=
40340 31956 43510 10246 20033 30098 40162 57028 70500 84000 333 84070=
40356 32960 41910 10180 21100 39191 48499 84020 333 59040 84460 555 04410 50168=
40357 32960 41808 10188 21060 39530 40169 84020 333 59039 84460=
40360 32960 51004 10208 21090 39571 40163 83036 333 59041 83360 85270=
40361 32960 21506 10193 21090 39399 40185 80008 333 59042 82270=
40362 32960 31903 10200 21050 39664 40183 80001 333 59031 83070=
40373 32960 03008 10208 21040 39771 40192 333 59017=
40375 32960 30000 10222 21090 39274 40148 80002 333 59033 83070=
40394 32960 02010 10196 21120 39045 48517 333 59030 555 04410 50180=
40400 32960 42814 10254 20110 30109 40137 80002 333 59034 84070=
40405 32960 02005 10191 21050 39444 40182 333 59020=
40417 32960 03107 10226 21060 30166 40181 333 58000=
40420 32960 02810 10223 21080 39977 40184 333 58001=
40430 32960 31208 10254 21030 39418 40147 80001 333 59031 83070=
40437 32960 02203 10193 21090 39488 40200 333 59004=
40439 22/60 52610 10312 20050 30100 40118 81041 333 59022 60005 81359 84070==
40582 32960 23606 10211 21032 40185 56022 80001 333 00027 55310 00609 10000 21797 30531 40983 51514 62328 55407 41267 82070 90401 91013 91115 91209 91305=
40703 12960 20000 10093 21085 38910 40197 57025 60001 80005 333 70000 82269 555 10031 29028=
40706 12960 23003 10078 21105 38647 40205 57021 60001 80001 333 70000 82069 555 10018 29026=
40712 11656 31303 10076 21077 38673 40198 57019 60001 70500 82502 333 70000 82640 83068 555 10022 29033=
40713 11956 42601 10097 21064 38648 40180 57021 60001 70500 80002 333 70000 84069 555 10037 29032=
40718 12960 03303 10137 20070 30244 40215 57020 60001 222// 0//// 20000 333 70000 555 10105 29064=
40723 12560 13004 10040 21033 38964 40238 55009 60001 81500 333 70000 81630 555 10013 29059=
40726 12960 00000 10096 21092 38647 40192 57032 60001 333 70000 555 10030 29025=
40727 12965 10000 10106 21076 38469 40201 57026 60001 80001 333 70000 81070 555 10038 29027=
40732 12560 60202 10116 20058 30232 40207 57019 60001 86300 333 70000 82923 85626 555 10089 29067=
40736 12560 10301 10133 20054 30245 40219 57016 60001 81600 333 70000 81722 555 10097 29059=
40738 11940 03202 10129 20022 30230 40232 56016 60001 70500 333 70000 555 10083 29048=
40739 12965 01502 10103 21070 38675 40184 57011 60001 333 70000 555 10039 29029=
40741 12960 40403 10110 20013 39877 40217 55008 60001 80002 333 70000 84070 555 10069 29051=
40743 12670 10000 10123 21100 39051 40175 56013 60001 81100 333 70000 81835 555 10046 29020=
40745 12960 51003 10078 21014 39034 40203 56010 60001 80002 333 70000 85269 555 10041 29052=
40747 12960 02003 10123 21120 38621 40179 57029 60001 333 70000 555 10040 29017=
40754 12960 12507 10115 21160 38812 40164 56014 60001 80001 333 70000 81070 555 10031 29013=
40762 12665 12005 10084 21091 38529 40177 58005 60001 81100 333 70000 81835 555 10023 29028=
40766 12980 32303 10131 21185 38687 40185 57033 60001 80003 333 70000 83070 555 10037 29010=
40768 12960 02001 10095 21112 38247 40187 57017 60001 333 70000 555 10024 29022=
40769 11959 03603 10099 21069 38279 40173 57018 60001 70500 333 70000 555 10035 29030=
40780 12960 32403 10127 21103 38682 40192 57016 60001 80001 333 70000 83070 555 10045 29019=
40782 12970 22804 10144 21104 38860 40178 58023 60001 80001 333 70000 82070 555 10056 29017=
40785 12960 00602 10151 21122 39072 40170 57018 60001 333 70000 555 10058 29014=
40791 12965 02702 10166 21110 39344 40173 57014 60001 333 70000 555 10069 29014=
40792 12665 12906 10100 21118 38701 40175 55006 60001 81100 333 70000 81835 555 10028 29020=
40798 12960 12504 10095 21130 37940 40182 56017 60001 80001 333 70000 81070 555 10020 29019=
40800 12960 03102 10133 21128 38447 40181 56021 60001 333 70000 555 10044 29015=
40809 12662 12804 10105 21168 38467 40161 56006 60001 81400 333 70000 555 10023 29013=
40811 11958 03202 10218 21002 30144 40171 55025 60001 70500 333 70000 555 10120 29023=
40812 12960 02703 10199 21025 39781 40158 57018 60001 333 70000 555 10103 29022=
40821 12960 03101 10128 21134 38782 40190 56018 60001 333 70000 555 10042 29015=
40829 12960 00203 10176 21053 39590 40167 56013 60001 333 70000 555 10085 29020=
40831 12960 23406 10210 21023 30178 40187 57021 60001 80001 333 70000 82070 555 10111 29021=
40833 12965 03304 10220 21016 30149 40181 57027 60001 333 70000 555 10117 29021=
40841 12965 02404 10092 21103 38228 40181 57013 60001 333 70000 555 10024 29024=
40845 12960 03305 10182 20086 30177 40182 57023 60001 333 70000 555 10132 29053=
40848 11657 10804 10126 21038 38507 40160 56023 60001 70500 81100 333 70000 81840 555 10058 29032=
40854 12660 10703 10146 21095 38937 40143 56014 60001 81100 333 70000 81840 555 10058 29018=
40856 12662 23006 10132 21114 38619 40158 56011 60001 82100 333 70000 82840 555 10046 29017=
40859 11657 21904 10144 21074 38692 40169 57021 60001 70500 82100 333 70000 82835 555 10060 29021=
40875 12560 11807 10214 20092 30138 40149 57023 60001 81100 333 70000 81830 555 10149 29046=
40879 12962 02304 10193 21043 39468 40147 56019 60001 333 70000 555 10095 29020=
40882 12960 02706 10228 20078 30119 40154 57020 60001 333 70000 555 10149 29038=
40883 11960 02406 10230 20067 30124 40151 56021 60001 70500 333 70000 555 10146 29035=
40893 11958 03008 10219 20074 30136 40142 57020 60001 70500 222// 00210 20402 333 70050 555 10144 29039=
40898 12960 01206 10225 20081 30116 40125 56023 60001 222// 00234 20802 333 70000 555 10150 29041=
41024 22/60 42607 10332 20050 30079 40104 84010 333 59016 60005 84460==
41036 22/60 21105 10250 21040 38559 48509 82020 333 59017 60005 82458==
41055 22960 00910 10226 21050 38367 48514 333 59006 60005==
41061 22/60 61311 10208 21090 39465 40177 84041 333 58016 60005 84360 86070==
41084 22/60 31206 10251 21040 38856 48511 83030 333 59005 60005 83360==
41112 22960 00608 10219 21120 37940 48508 333 59005 60005==
41114 22560 20606 10220 21120 37978 48512 82400 333 59004 60005 82622==
41128 22960 01408 10222 21080 38826 48529 333 58004 60005==
41136 22960 00510 10236 21060 39347 40165 333 58008 60005==
41140 22960 02211 10292 20200 30105 40112 333 59007 60005==
41150 32964 03213 10205 20107 40183 333 58000=
41176 34/66 /0707 10221 20098 30171 40177 333 59001=
41184 32660 13308 10231 20002 40162 81500 333 59002 81635=
41194 12960 03009 10230 20021 30154 40160 60001 333 58000=
41196 12960 03108 10228 20039 30123 40164 60001 333 59001=
41216 32660 13308 10216 20096 30164 40168 81500 333 58002 81645=
41217 32960 23009 10219 20093 30134 40163 82030 333 58001 82362=
41246 36/// /0508 10232 20102 30146 40148 333 0E015 55300 25022 58012=
41254 36/// /1507 10110 21000 38024 49812 333 0E001 55300 25022 58001=
41258 36/// /2811 10225 20094 30136 40140 333 0E/// 55310 22365 58008=
41263 36/// /2706 10231 21033 39548 40107 333 0E013 55300 22690 58000=
41265 36/// /2407 10235 20020 39545 40106 333 0E016 55300 22138 59000=
41267 26/// /3508 10226 20119 30137 40150 333 0E020 58006 70002=
41268 36/// /0211 10227 20105 30092 40139 333 0E018 55300 25022 58004=
41275 36/// /3210 10253 21034 39989 40157 333 0E011 55300 22732 58000=
41315 36/70 /3417 10209 21009 39329 48122 333 0E017 55300 27865 58023=
41506 12460 53602 10100 21030 38499 48990 60001 83520 333 10124 56880 59048==
41508 12960 02701 10161 21073 38626 48000 60001 333 10200 59049==
41515 12960 20504 10100 21087 38552 48150 60001 82020 333 10122 56080 58005==
41516 12440 60000 10120 21026 38545 48030 60001 86570 333 10140 56880 59042==
41517 12460 60000 10060 21102 37816 48390 60001 86530 333 10074 56880 59007==
41518 12440 73601 10122 21009 30001 48010 60001 85520 333 10144 56880 58000==
41519 12460 60000 10135 21037 38801 48410 60001 83230 333 10154 56880 58007==
41523 12960 03101 10190 21026 39044 48760 60001 333 10210 59055==
41535 12960 00000 10155 21038 38684 48580 60001 333 10186 58039==
41536 12960 00000 10170 20024 38996 48760 60001 333 10224 59055==
41560 12960 00000 10090 21013 38333 48600 60001 333 10124 58016==
41571 11940 01806 10200 20012 39538 40144 60002 70500 333 10230 59043==
41598 11940 00000 10225 20108 39840 40108 60001 70500 333 10234 59037==
41600 11940 02301 10190 20118 39827 40121 60001 70400 333 10204 59023==
41620 12940 02303 10150 21177 38526 48310 60001 333 10154 59051==
41624 11940 01301 10220 20064 39902 40100 60001 70500 333 10254 59052==
41630 11940 02303 10220 20064 30000 40119 60001 70500 333 10234 59038==
41640 11940 01301 10205 20039 39875 40123 60001 70500 333 10230 59031==
41660 12460 62304 10060 21025 38414 48060 69901 84530 333 10100 56880 59008==
41678 11940 00000 10240 20081 30000 40121 60001 70500 333 10250 59023==
41696 12460 82301 10060 21025 37995 48190 60001 83520 333 10074 56880 59012==
41697 12460 42702 10250 20023 39945 40099 60001 84500 333 10260 56800 59041==
41700 11940 02303 10235 20073 39984 40110 60001 70500 333 10248 59036==
41710 12960 03102 10190 21139 39341 40104 60002 333 10200 59019==
41712 12460 21302 10180 21049 39171 48940 60002 82500 333 10190 56800 59022==
41715 11940 00000 10230 20066 30058 40122 60001 70500 333 10244 59038==
41718 11920 02302 10235 20059 30015 40117 60001 70500 333 10254 59032==
41725 12940 00501 10255 20033 30042 40119 60002 333 10260 59029==
41739 12940 03102 10170 20038 39065 48230 60001 333 10194 59007==
41744 12440 40000 10150 21010 38770 48950 60002 84500 333 10170 56800 59011==
41749 12940 01303 10250 20083 30094 40127 60001 333 10262 59018==
41756 11940 02707 10225 20084 30076 40142 60001 70504 333 10230 59006==
41757 12940 02308 10230 21092 30137 40150 60002 333 10244 59009==
41759 12440 22303 10240 20094 30124 40130 60001 82500 333 10264 56800 59020==
41764 12940 00000 10250 20023 30079 40129 60001 333 10254 59008==
41768 12940 03103 10265 20035 30115 40122 60001 333 10294 59035==
41780 11940 02305 10250 20023 30101 40128 60001 70500 333 10274 59008==
41785 12940 00501 10255 20078 30112 40125 60001 333 10264 59005==
41859 01430 50000 10221 20180 30086 40124 70522 83520 333 10250 58021 70000 83618 85458==
41883 02940 00000 10245 20090 30101 40121 333 10284 58018 70000==
41891 01935 00000 10230 20140 30083 40122 70500 333 10270 58016 70000==
41907 01930 00000 10210 20160 30105 40120 70500 333 10285 58020 70000==
41923 01940 00000 10253 20090 30112 40121 70500 333 10289 58012 70000==
41936 01920 00000 10250 20180 30107 40114 70500 333 10298 58013 70000==
41943 01930 00000 10221 20170 30108 40115 70500 333 10298 58010 70000==
41950 01945 00000 10234 20160 30114 40116 70510 333 10291 58010 70000==
41978 01940 03304 10254 20160 30108 40115 70500 333 10297 58003 70000==
41992 01925 00304 10265 20180 30110 40112 70500 333 10312 59004 70000==
42027 32996 03201 10108 20007 38408 48494 333 10124 59043=
42071 31996 01804 10188 20059 40128 70541 333 10210 59027=
42101 31995 03201 10174 20150 40145 71000 333 10202 59009=
42111 31996 00000 10208 20115 39428 40122 70500 333 10250 58013=
42123 32996 00000 10192 20064 40124 333 10233 59030=
42131 32996 00502 10184 20097 40138 333 10198 59014=
42165 31995 03202 10230 20031 40109 70500 333 10243 59028=
42182 31995 00000 10224 20113 40130 70500 333 10244 59006=
42189 31995 00000 10208 20110 40128 70500 333 10233 58008=
42309 31996 40000 10210 20171 40135 71021 84030 333 10248 58022=
42314 31595 30000 10210 20160 40134 70500 82530 333 10246 58021 82625 83360=
42328 32996 00000 10234 20126 40102 333 10247 59018=
42339 31895 30000 10262 20054 40103 70500 83030 333 10276 59028 83356=
42348 31596 41405 10240 20083 40119 70500 81530 333 10251 59011 81630 84360=
42361 31995 20000 10230 20129 40123 70500 80001 333 10273 59004 82070=
42369 31995 02702 10240 20142 40127 70500 333 10280 58009=
42379 31995 00000 10234 20122 40119 70500 333 10261 58020=
42398 31595 40203 10218 20159 40120 70511 84530 333 10244 58024=
42410 31595 50000 10218 20176 40131 71022 82530 333 10260 58021 82620 85360=
42415 32996 00000 10222 20166 40136 333 10251 58023=
42452 31995 40903 10250 20166 40104 70521 84030 333 10250 59014=
42492 31996 00000 10244 20122 40121 70500 333 10272 58015=
42559 32996 01402 10260 20155 40097 333 10287 59007=
42571 31996 00901 10260 20139 40112 70500 333 10289 58003=
42591 31996 00000 10240 20138 40133 70500 333 10280 58014=
42623 31496 33203 10182 20095 39245 40116 70520 82530 333 10233 58009 82618 83360=
42634 32896 30503 10276 20024 40121 83030 333 10288 59004 83358=
42647 31596 53202 10290 20103 40113 70422 83530 333 10308 59001 83620 85358=
42667 32996 01804 10300 20161 39524 40095 333 10321 59009=
42675 31996 00502 10276 20175 40106 70500 333 10290 58002=
42701 31996 02903 10256 20101 39384 40099 70500 333 10277 58009=
42724 31996 00000 10230 20205 40119 71000 333 10286 58018=
42737 32596 53206 10270 20087 40119 82530 333 10297 58002 82620 84358=
42754 32996 02703 10306 20144 39468 40082 333 10325 59009=
42779 32996 03602 10284 20159 39421 40101 333 10316 58006=
42798 31996 00000 10286 20152 40105 70500 333 10315 58014=
42809 31995 00202 10268 20137 40117 70500 333 10294 58014=
42840 32996 02703 10288 20110 40115 333 10316 58005=
42867 31996 01804 10320 20181 40099 70500 333 10356 58017=
42874 32996 00000 10338 20177 40098 333 10351 58006=
42886 31995 21602 10308 20173 40103 70500 82030 333 10356 58009 82360=
42895 31995 20901 10258 20225 40120 70500 82030 333 10300 58016 82360=
42909 32896 62906 10250 20173 40116 86030 222// 20000 333 10271 58001 86358=
42971 31995 00503 10296 20222 40116 70500 333 10324 58014=
43003 31995 03406 10280 20160 40104 70400 333 10298 58007=
43014 31996 01804 10324 20202 39450 40074 70542 333 10340 58002=
43041 31596 20000 10320 20175 39489 40085 70500 82500 333 10354 58001 82625=
43063 32997 22704 10320 20126 39475 40079 81501 333 10352 58009 81626=
43086 32997 20000 10330 20186 39921 40094 82030 333 10356 58007=
43110 31995 03208 10276 20220 40107 70544 333 10329 58013=
43117 32997 00902 10336 20192 40082 333 10363 58013=
43128 32997 01403 10310 20137 39503 40094 333 10338 58007=
43150 31996 22003 10280 20224 30047 40108 70500 80001 222// 20000 333 10317 59002 82075=
43185 32997 01603 10298 20240 30099 40102 333 10338 58003=
43189 32597 10000 10332 20210 30100 40109 81500 333 10354 58000=
43192 32996 02303 10306 20193 40094 333 10332 58012=
43198 32996 01606 10316 20044 39276 40073 333 10328 58013=
43201 32997 00203 10310 20017 39363 40067 333 10339 58011=
43213 32997 01103 10344 20074 39769 40075 333 10364 58010=
43233 32997 29902 10314 20059 39292 40084 80001 333 10323 58009=
43237 32997 11103 10334 20054 39677 40056 80001 333 10351 58010 81075=
43245 32997 01106 10298 20214 30084 40110 333 10333 58008=
43279 32596 21402 10284 20209 30099 40116 81501 333 10327 58015 81620=
43284 31996 22506 10298 20237 39976 40092 70500 80001 333 10329 58013 82075=
43295 32497 21402 10282 20124 39095 48517 81501 333 10319 58015 81612=
43310 32496 41402 10286 20261 40081 82211 333 10288 59012=
43314 32996 30000 10328 20243 40092 80001 333 10354 58011=
43321 31996 40704 10318 20080 39651 40087 70511 80001 333 10330 58017 84070=
43329 32997 00903 10274 20214 30095 40108 333 10304 58013=
43333 31495 50502 10274 20217 40087 70511 84401 333 10304 56109 59011 82618 83820=
43344 31496 30505 10310 20198 30003 40101 70520 82501 333 10315 58013 82616=
43353 31496 22304 10296 20233 40092 70521 81530 333 10324 56790 58018 81620=
43369 32596 63602 10298 20256 40095 83530 333 10321 58011 83620 85358=
43371 32497 52302 10304 20247 30026 40098 83431 333 10333 58016 83618=
43404 22/70 30303 10271 20224 30099 40102 5/006 333 10320 20208 3/019 553// 20079 58013 60008 81818 91005==
43410 22470 30604 10275 20207 30104 40107 53005 82200 333 10296 20274 3/024 58016 60008 91007 555 60008==
43413 22470 30305 10287 20224 30100 40105 5/007 81001 333 10308 20241 553// 20093 58017 60008 91007==
43415 22470 40901 10280 20197 30000 40108 54000 81000 333 10310 3/021 58016 60008 555 60008==
43418 22470 40501 10268 20211 30069 40110 52/// 84100 333 10290 20264 3/021 58016 60008 555 60008==
43421 22470 30601 10287 20187 39998 40103 5/006 81101 333 10327 20231 3/022 553// 20101 58019 60008 91003==
43422 22470 30902 10287 20199 39968 40101 5/006 81000 333 10311 20244 58019 60008 555 69908==
43424 22470 33203 10296 20232 30090 40092 52003 81101 333 10322 58017 60008 555 60008==
43436 22470 43201 10274 20212 30096 40099 54000 83000 333 10287 20266 3/023 58011 60008 555 60008==
43441 22470 30901 10300 20201 39957 40088 53003 82800 333 10320 20257 3/023 58019 60008 555 60008==
43444 22470 41102 10280 20180 39563 40095 54001 81000 333 10303 20211 3/017 58019 60008 555 60008==
43450 21460 53502 10306 20209 30086 40098 52001 70500 81102 333 10326 20256 3/019 58019 60008 555 60008==
43466 22470 72902 10302 20211 30085 40093 5/005 87000 333 10322 20239 553// 20070 58026 60008 91004 555 60008==
43467 21465 72701 10312 20228 30083 40089 56004 70511 83201 333 10322 3/021 58024 60008 555 60008==
43473 22470 71002 10156 20146 38122 48487 52006 81000 333 10212 20000 3/007 553// 20035 58012 60008 91003 555 60008==
43475 22470 70102 10280 20199 30099 40104 52009 82201 333 10311 20242 553// 20051 58021 60008 91005 555 60008==
43476 22/70 73201 10202 20167 38772 48517 51007 333 10247 20188 58011 60008 81812 84620 555 60008==
43479 22470 63401 10232 20186 39259 52003 81104 333 10261 20194 58016 60008 555 60008==
43486 21468 83101 10293 20220 39990 40089 54007 71722 83/// 333 10340 20217 553// 20028 58026 60008 82918 91003 555 60008==
43495 22468 72402 10284 20250 30081 40094 5/050 85000 333 10296 20268 58190 60008 555 60008==
43497 22470 80702 10282 30074 40091 52005 83116 333 10335 20228 553// 20071 58020 60008 91004 555 60008==
44212 42/// 20000 11309 21355 39312 40632 52012 81044 333 11197==
44213 429// 00000 11300 21340 38936 40622 52009 333 11197==
44214 42970 03403 11159 21233 38367 40503 52014 333 11107==
44215 42/// 12004 11191 21237 38511 40537 52014 81040 333 11124==
44217 32998 00000 11217 21265 37914 40590 52013 333 11171 91200=
44218 41/// 22701 11219 21246 38729 40566 52016 77600 82041 333 11148==
44219 32999 00602 11267 21295 38742 40600 52011 333 11215 91202=
44265 429// 00503 11220 21247 38970 40541 52008 333 11153==
44266 329// 30405 11181 21226 37819 40506 52011 83070 333 11120 91207=
44404 22958 00903 10140 20013 38121 48461 80000 333 10226 59001 60008 70000=
44416 22960 11603 10202 20116 39344 40115 80001 333 10259 58003 60008 70000=
44424 22960 12603 10162 21067 37655 47072 80001 333 10227 58015 60008 70000=
44434 22559 11304 10196 20126 39210 48494 81100 333 10225 58013 60008 70000=
44438 22956 02702 10227 20147 39992 40121 80000 333 10249 58022 60008 70000=
44449 21930 03602 10208 20193 39962 40121 70444 80000 333 10243 58018 60008 70000=
44454 22457 22506 10160 20104 38643 48478 82100 333 10223 58010 60008 70000=
44462 22350 62702 10112 20081 38242 48463 86600 333 10216 58019 60008 70000=
44474 21010 30201 10121 20060 38244 48484 70544 83500 333 10154 58020 60008 70000=
44477 21330 32602 10142 20116 38799 48509 74044 83200 333 10216 58015 60008 70000=
44478 21914 01802 10216 20195 30032 40114 71044 80000 333 10246 58022 60008 70000=
48020 42930 00000 10247 20167 333 10280==
48025 12440 43202 10287 20154 39963 40102 58021 60002 84800==
48048 42940 03601 10286 20215 30026 40082 333 10318 58003==
48052 32957 00000 10344 20164 333 10352=
48062 42440 23203 10265 20229 30084 40091 82500 333 10323 59002==
48064 42950 00000 10292 20230 39998 40054 333 10330 59002==
48094 42956 03101 10290 20225 30076 40086 333 10340 59006==
48109 42440 30401 10276 20233 30090 40094 83800 333 10311 59010==
51076 14/60 /0600 11199 21227 39516 40506 52010 60001 333 11118 21225 3/102 4/026 58026 70000 90761 91102==
51087 14/72 /0901 11184 21222 39359 40500 52008 60001 333 11105 21217 3/105 4/018 58024 70000 90761 91103==
51156 14/75 /0802 11115 21152 38812 40469 52010 60001 333 11065 21168 3/115 58029 70000 90761 91106==
51243 14/56 /0401 11111 21136 39873 40470 52009 60001 71000 333 11087 21118 3/109 58027 90761 91104==
51334 14/29 /2401 11116 21148 30025 40468 52014 60001 77000 333 11088 21176 3/108 4/011 58027 90761 91104==
51379 14/59 /1901 11171 21196 39437 40484 52005 60001 333 11113 21177 3/106 4/023 58026 70000 90761 91103==
51463 14/16 /1800 11130 21144 39169 40469 52002 60001 71000 333 11098 21156 3/101 4/036 58018 70000 90761 91103==
51573 14/62 /2401 10012 21122 30317 40369 52002 60001 333 10051 21053 3/112 58003 70000 90761 91104==
51644 14/61 /1501 11027 21130 39040 40377 57003 60001 333 10015 21136 3/108 4/003 59007 70000 90761 91104==
51656 14/61 /2301 11019 21102 39257 40382 57003 60001 333 10019 21128 3/115 59003 70000 90761 91105==
51709 14/62 /1602 10011 21188 38696 40343 54000 60001 333 10027 21094 3/112 59013 70000 90761 91105==
51711 14/66 /0902 11048 21163 38062 40329 52007 60001 333 11021 21163 3/122 59006 70000 90761 91107==
51716 14/25 /0601 10006 21158 38994 40358 57002 60001 70500 333 10040 21121 3/118 59014 70000 90761 91103==
51765 14/67 /3501 11021 21136 39317 40380 57004 60001 333 10037 21135 3/118 59004 70000 90761 91104==
51811 14/61 /1202 10022 21204 38864 40351 54000 60001 333 10041 21119 3/119 59013 70000 90761 91104==
51818 14/62 /0701 10016 21202 38705 40341 57002 60001 333 10039 21107 3/119 59015 70000 90761 91105==
51886 14/74 /1102 11053 21287 37143 40389 52004 60001 333 11026 21188 3/126 58006 70000 90761 91104==
52203 14/70 /0302 11024 21107 39449 40393 52007 60001 333 10018 21129 3/118 58001 70000 90761 91105==
52602 14/80 /2601 11082 21248 37309 40427 52004 60001 333 11023 21208 3/125 58000 70000 90761 91104==
52818 14/59 /0901 11053 21210 37279 40394 52010 60001 333 10006 21171 3/123 59003 70000 90761 91105==
52908 14/60 /2905 11097 21315 35776 40374 52012 60001 333 11056 21235 3/125 58024 70000 90761 91125==
55228 14/80 /2706 10011 21345 36040 40246 57001 60001 333 10040 21175 3/125 58029 70000 90761 91115==
55299 14/71 /3004 11001 21353 35874 40286 52007 60001 333 10053 21194 3/125 58065 70000 90761 91120==
55578 14/50 /2901 10077 21297 36368 40093 57006 60001 333 10151 21060 3/114 58050 70000 90761 91105==
55591 14/70 /3001 10098 21305 36507 40056 52004 60001 333 10176 21020 3/111 58067 70000 90761 91106==
55664 14/80 /2603 10064 21306 36020 40196 52002 60001 333 10122 21141 3/119 58024 70000 90761 91112==
55773 14/80 /1105 10065 21149 36018 40014 52010 60001 333 10141 21090 3/106 58031 70000 90761 91119==
56004 14/67 /2805 11063 21330 35835 40354 52015 60001 333 11006 21230 3/127 58033 70000 90761 91119==
56018 14/74 /2201 11007 21324 36183 40263 52021 60001 333 10058 21179 3/122 58034 70000 90761 91114==
56312 14/74 /1703 10100 21044 37051 40080 52018 60001 333 10170 21016 3/103 58002 70000 90761 91109==
62306 42/60 63606 10193 20119 40186 57022 83024==
62309 42560 40806 10190 20121 40169 57024 84500==
62325 42960 80103 10198 20132 40175 57025 80007==
62332 42960 60404 10202 20127 40180 57018 80004==
62337 42960 30903 10214 20109 40167 57031 80002==
62366 45560 60207 10216 20055 40158 57029 86200==
62387 41930 63303 10226 20085 40158 57028 70520 80005==
62393 42960 03505 10233 20033 40182 57026==
62405 42960 03504 10252 20047 40143 57023==
62414 42960 00107 10280 20039 40135 57030==
62419 42960 00609 10257 20073 40118 57030==
62420 42960 60204 10217 20051 40157 57028 80004==
62435 42960 43206 10270 20010 40141 57029==
62440 42960 00510 10220 20078 40171 57024==
62455 42960 02804 10219 20083 40162 57025==
62458 42960 02803 10209 20053 40157 57029==
62459 42960 32909 10211 20163 40151 57025 80002==
62465 42960 43404 10234 20100 40142 57029 80001==
63210 32980 00323 10258 20160 40131 333 10268 58007=
63330 42580 11304 10234 20098 37785 40251 81100 333 59000=
63340 41570 33603 10270 20099 37929 40147 70500 83200 333 59010=
63402 42580 4//// 10280 20144 3//// 4//// 84300 333 5//// 83828 81929=
63403 41560 2//// 10280 20167 70500 82100 333 82823=
63450 42580 51903 10228 20075 37722 40233 85800 333 59006 82823 83626=
63451 42580 20706 10260 20083 38125 40030 82500 333 59005 82626=
63453 41550 43608 10302 20133 39059 40284 70500 84100 333 58004 84823=
63460 42580 23402 10270 20129 82200 333 82823=
63471 42580 21604 10312 20081 38859 40086 82100 333 58007 82832=
63474 42580 10506 10228 20030 37580 4//// 81100 333 58004 81825=
63478 42580 00809 10250 20181 39759 40076 333 58005=
63500 42580 20901 10322 20120 82130 333 82825=
63533 41975 10205 10300 20085 38474 4//// 70500 81100 333 59004 81830=
41256 229// 33213 10228 20071 30132 40149 91145 333 58016 55407 55408 55507 55508 70002=
41316 32986 40318 10272 20003 30128 40158 80001 91145 333 58013 55407 55408 55507 55508 84075=

==================
42747 Not Received
42686 Not Received
==================
