SMPK OPKC 140600=
41504 02997 02302 10040 21054 37857 48512 60001 333 58011 60007=
41505 22696 52302 10045 21047 38/// 48/// 60002 82520 333 56990 58/// 82640 83360=
41506 02997 01804 10090 21029 38540 48537 60001 333 59013 60007=
41507 02697 24502 10140 20035 39258 49777 60001 82500 333 56900 59013 60007 82640=
41508 02996 31802 10114 21055 38674 48543 60001 83030 333 56090 59014 60007 83360=
41509 02997 22302 10095 21051 38785 48523 60001 82030 333 56090 59012 60007 82360=
41510 02997 00000 10050 21024 37916 48531 60001 333 59008 60007=
41515 02697 20000 10060 21072 38572 48533 60001 82500 333 56900 59005 60007 82650=
41516 02996 50000 10120 21123 38559 48517 60001 81540 333 56990 59016 60007 81640 84462=
41517 02697 30000 10065 21070 37821 48592 60001 83500 333 56900 58018 60007 81640=
41518 02697 60902 10139 21130 38/// 48/// 60001 83470 333 56990 5//// 60007 83440 83762=
41519 02997 00000 10110 21008 38797 48534 60001 333 58020 60007=
41520 02997 31802 10035 21129 37634 48275 60001 83030 333 56090 59006 60007 83362=
41523 02997 00000 10140 20007 39101 48519 60001 333 59016 60007=
41524 02997 00902 10155 21001 39371 40238 60001 333 59024 60007=
41525 12697 40000 10040 21037 37678 48403 60001 84400 333 56900 58000 84840=
41528 02997 00000 10150 20036 39234 48524 60001 333 59017 60007=
41529 02696 70000 10155 20035 39798 40181 60001 83530 333 56990 59029 60007 83640 84460=
41530 0//// 1995/ 60000 10170 21048 39757 40172 70522 80001 333 56009 59021 60007 86072=
41534 02996 40000 10165 20050 39758 40175 60001 84030 333 56090 59017 60007 84360=
41535 02997 30000 10130 21096 38724 48494 60001 83020 333 56090 59009 60007 83460=
41536 02997 00000 10150 21010 39045 48517 60001 333 59022 60007=
41560 02697 60000 10050 21009 38315 48545 60001 82520 333 56990 59010 60007 82630 84460=
41562 02997 20000 10200 21048 39701 40161 60001 82030 333 56090 59009 60007 82360=
41565 02696 51302 10111 21008 38657 48524 60001 82520 333 56990 58005 60007 82640 83460=
41567 01696 70000 10145 20035 39732 40154 60001 70510 82570 333 56990 59016 60007 82640 86460=
41571 11996 4230/ 10160 21028 39588 40175 60001 70500 80001 333 56009 59007=
41572 01696 52708 10150 21010 39530 40161 60001 70511 82530 333 56990 59020 60007 82640 85360=
41573 02697 51304 10110 21001 37975 48496 60001 82520 333 56990 59005 60007 82640 83460=
41574 02697 42302 10135 21022 38356 48533 60001 81530 333 56990 59006 60007 8640/ 84360=
41576 01996 40000 10200 21025 40174 60001 70500 84030 333 56090 59017 60007 84460=
41577 01696 70000 10150 20036 39552 40173 60001 70522 83530 333 56990 59011 60007 83640 84360=
41593 01996 02302 10230 20051 39940 40152 60001 70500 333 59026 60007=
41597 02997 30000 10020 20046 40178 83030 333 56090 59014 60007 83362=
41598 01996 33102 10195 21014 39895 40166 60001 70500 83030 333 56090 59014 60007 83360=
41599 01996 31804 10165 20036 39872 40164 60001 70500 83030 333 56090 59013 60007 83360=
41600 01996 33102 10185 20052 39861 40156 60001 70511 83070 333 56090 59016 60007 83462=
41620 32996 00000 10160 21028 38594 48498 60001 333 59022 60007=
41624 01996 00000 10200 20098 39960 40165 60001 70400 333 59020 60007=
41625 02997 00000 10200 20061 39954 40154 60001 333 59021 60007=
41630 01995 22704 10210 20100 40164 60001 70500 82030 333 56090 59023 60007 82360=
41633 02997 00000 10215 20095 4//// 60001 333 5//// 60007=
41634 02997 03102 10195 20003 3//// 4//// 60001 333 5//// 60007=
41635 01996 00000 10215 20041 3//// 4//// 60001 70504 333 5//// 60007=
41636 01996 20000 10205 20093 39983 40168 60001 70500 82030 333 56090 59019 60007 82360=
41638 01996 50000 10195 20091 4//// 60001 70411 85030 333 56090 5//// 60007 85360=
41639 02697 03104 10160 20043 3//// 4//// 60001 82530 333 56990 5//// 60007 82640 83360=
41640 01996 03102 10210 21003 39912 40161 60001 70500 333 59020 60007=
41641 01996 02705 10190 20059 39886 40160 60001 70500 333 59023 60007=
41642 01996 00000 10180 20083 3//// 4//// 60001 70400 333 5//// 60007=
41643 01995 30902 10160 20093 39880 40160 60001 70400 83070 333 56090 59012 60007 83460=
41644 01696 20000 10185 20078 3//// 4//// 60001 70400 82020 333 56090 5//// 60007 82460=
41646 01995 00000 10200 20086 39965 40180 60001 70500 333 59023 60007=
41652 01996 00504 10200 20074 39976 40156 60001 70500 333 59036 60007=
41660 02997 72304 10130 20002 38467 48556 60001 86031 333 56099 59023 60007 86358 83068=
41661 02697 70000 10140 20017 38428 48555 69901 85530 333 56990 59008 69907 85635 83460=
41669 02997 00000 10225 20097 3//// 4//// 60001 333 5//// 60007=
41670 01996 00000 10200 20098 4//// 60001 70400 333 5//// 60007=
41674 01996 21304 10200 20098 3//// 4//// 60001 70400 82030 333 56090 5//// 60007 82362=
41675 01995 20000 10215 20070 30010 40153 60001 70500 82030 333 56090 59033 60007 82362=
41676 01995 43104 10205 20104 30018 40175 60001 70400 84020 333 56090 59022 60007 84460=
41677 01996 00000 10210 20088 39978 40144 60001 70500 333 59025 60007=
41678 01996 00000 10230 20092 40165 60001 70500 333 59028 60007=
41679 01996 00000 10210 20075 4//// 60001 70500 333 5//// 60007=
41680 01995 10000 10215 20106 39964 40161 60001 70410 81030 333 56090 59026 60007 81362=
41685 02997 00000 10215 21033 38926 48519 60001 333 59029 60007=
41696 02997 40000 10140 21013 38016 48527 60001 84020 333 56090 59005 60007 84460=
41697 02997 00000 10260 20042 40002 60001 333 59030 60007=
41700 01995 00000 10230 20066 40141 60001 70500 333 59035 60007=
41701 01996 10000 10230 20066 30010 40152 60001 70500 80001 333 56009 59040 60007 81070=
41710 12697 72302 10200 21006 39377 40140 60001 82510 333 56990 59028 82640 87460=
41712 12696 70504 10200 20012 39220 48543 60001 84510 333 56990 59001 84640 86460=
41715 01996 00000 10230 20104 30088 40152 60001 70500 333 59033 60007=
41716 01995 30000 10210 20075 30057 40160 60001 70500 83030 333 56090 59027 60007 83362=
41718 01995 30000 10235 20086 30044 40146 60001 70500 83030 333 56090 59021 60007 83362=
41724 01996 00000 10240 20106 30083 40161 60001 70500 333 59033 60007=
41725 01996 30502 10210 20122 30073 40152 60001 70500 83030 333 59022 60007 83360=
41726 01995 40000 10225 20130 30148 40096 60001 70500 333 59027 60007=
41738 02996 50000 10250 20070 30004 40183 60001 80001 333 56009 59027 60007 85070=
41739 02996 50000 10215 20038 39077 48543 60001 85030 333 56090 59009 60007 85360=
41742 12997 20000 10260 20111 40163 60001 80001 333 56009 59028 82070=
41743 01996 20502 10230 20092 60001 70500 80001 333 56009 60007 82170=
41744 12996 20000 10220 20015 38821 48552 60001 83020 333 56090 58010 82460=
41745 01996 30000 10245 20113 60001 70400 80001 333 56009 60007 83070=
41746 01996 43602 10230 20115 30099 40155 60001 70400 84030 333 56090 59029 60007 84360=
41747 01995 43104 10230 20104 40142 60001 70400 84030 333 56090 59023 60007 84360=
41748 01996 23102 10220 20134 30092 40156 60001 70500 82030 333 56090 59034 60007 82360=
41749 01996 33104 10260 20111 30122 40155 60001 70400 83030 333 56090 59032 60007 83360=
41756 01996 52704 10240 20168 30110 40176 60001 70504 80001 333 56009 59012 60007 85070=
41757 12996 32706 10265 20106 30162 40174 60001 80001 333 56009 59003 83070=
41759 02996 42702 10260 20073 30167 40173 60001 84030 333 56090 59015 60007 84360=
41760 01996 61806 10260 20164 30145 40158 60001 70500 83031 333 56099 59022 60007 83360 83080=
41764 01995 32108 10260 20111 30096 40145 60001 70400 83010 333 56090 59040 60007 83360=
41765 02996 02304 10260 20122 30121 40156 60001 333 59027 60007=
41766 21995 21802 10260 20144 40156 70400 82500 333 56900 59038 60007 70000 82635=
41767 02996 00000 10260 20164 3//// 4//// 60001 333 60007=
41768 02996 02302 10260 20173 30143 40150 60001 333 59035 60007=
41780 02996 42704 10270 20166 30132 40159 60001 80001 333 56009 59030 60007=
41783 02996 02704 10275 20109 30131 40160 60001 333 59014 60007=
41785 02996 02302 10240 20185 30145 40158 60001 333 59018 60007=
41BAG 02697 40502 10025 21058 60001 84500 333 56900 60007 84640=
41786 02996 00000 10260 20086 30116 40153 60001 333 59020 60007=
41BKI 02696 73604 10160 21005 39749 40170 60001 82520 333 56990 59005 60007 82640 85460=
41SKP 01996 00000 10180 20083 3//// 4//// 60001 70400 333 5//// 60007=
43532 02997 00000 10140 20022 39357 40167 60001 333 59009 60007=
43533 02997 13102 10155 20030 39232 48505 60001 81030 333 56090 59013 60007 81360=


UPPK OPKC 140600=
PPAA 64051 41780 MISDA NO ASCENT DUE TO RED BALLOON SHORTAGE=
PPAA 6406/ 41515 MISDA DUE TO TECHNICAL PROBLEM=
PPAA 6406/ 41516 MISDA DUE TO AIR MOVEMENT=
PPAA 6406/ 41517 MISDA DUE TO AIR MOVEMENT=
PPAA 6406/ 41598 MISDA DUE TO TECNICAL PROBLEM=
PPAA 6406/ 41600 MISDA DUE TO TECNICAL PROBLEM=
PPAA 6406/ 41624 MISDA DUE TO TECNICAL PROBLEM=
PPAA 6406/ 41640 MISDA DUE TO TECNICAL PROBLEM=
PPAA 6406/ 41646 MISDA DUE TO TECHNICAL FAULT=
PPAA 6406/ 41675 MISDA DUE TO TECHNICAL ISSUE=
PPAA 6406/ 41678 MISDA DUE TO TECHNICAL PROBLEM=
PPAA 6406/ 41715 NO ASCENT DUE TO BALLOONS OUT OF STOCK=
PPAA 6406/ 41718 MISDA DUE TO TECHNICAL PROBLEM=
PPAA 6406/ 41739 no acent due to security risk=
PPAA 6406/ 41749 MISDA DUE TO TECHNICAL FAULT=
PPAA 6406/ 41764 NO ASCENT DUE TO PAF FLYING=
PPAA 6406/ 41675 MISDA DUE TO TECHNICAL ISSUE=





Data Generated from File : D:/all data handling/Rmc_lhr/2025021406.FSU.txt
14/02/2025   07:02:04
____________________________________________________________________________________________
15020 07/41 73001 11022 21043 39952 40158 57002 60002 7101/ 87070 333 11014 21029 34104 55300 20003 60007 70000 91001 90760 91102==
15090 04562 80702 11006 21027 30067 40163 57006 60002 885// 333 11005 21027 34106 55300 10030 20002 30002 60007 70000 91003 90760 91103==
15108 01/02 92708 11039 21039 38025 48442 55003 69912 74544 89/// 333 11038 21066 49081 55300 20004 60007 70001 91009 90760 91111==
15150 07/59 81802 11009 21043 39945 40166 55003 60002 7101/ 8807/ 333 11001 21032 34105 55300 20005 60007 70000 91003 90760 91105==
15170 01/47 70500 11039 21059 39373 42766 57003 60002 71022 86071 333 11008 21042 34104 55300 20006 60007 70000 91001 90760 91102==
15280 02/84 62504 11073 21082 37443 47982 57003 60002 86030 333 11065 21075 49077 55300 20006 60007 70000 91007 90760 91107==
15310 04561 71702 10012 21025 30084 40173 57007 60002 84570 333 10025 20000 31101 55300 10060 20009 30009 60007 70000 91006 90760 91106==
15335 04564 71803 10028 21003 30174 40181 57005 60002 83570 333 10029 20009 31000 55300 20015 60007 70000 91004 90760 91105==
15350 07557 52106 10002 21017 30049 40173 56008 60002 7101/ 85500 333 10025 21024 34103 55300 20005 60007 70000 91008 90760 91108==
15360 04/64 51904 10043 20031 30171 40189 55005 60002 83032 333 10049 20036 60007 70000 91005 90760 91106==
15420 02/60 32401 11019 21023 30064 40180 57007 60002 81044 333 10029 21020 31107 55300 20002 60007 70000 91002 90760 91102==
15460 07559 70000 10007 21030 30157 40182 58006 60002 7101/ 87500 333 10024 21012 30104 55300 20007 60007 70000 91001 90760 91102==
15470 01902 02801 11052 21056 30054 40188 57006 60002 74241 333 10016 21052 30105 55300 20006 60007 70000 91001 90760 91103==
15480 04/64 31801 10034 20010 30169 40187 57005 60002 83030 333 10050 20029 34001 55300 10130 20013 30010 60007 70000 91002 90760 91103==
15549 12570 51602 10017 21017 39753 40179 57006 60002 82530 333 10027 20010 70000 555 31104 578//=
15552 12560 62901 10040 20011 30135 40185 57010 60002 85530 222// 00055 10401 333 10056 20037 55088 70000 555 30001 582// 92032 92437=
15640 12670 30000 10004 21004 39888 40211 57006 60002 83500 333 10047 21001 55061 70000 555 34103 594//=
15655 12568 62502 10021 21001 30163 40197 57007 60002 86500 222// 00062 10301 333 10046 20020 70000 555 30/// 585// 92022 92427=
15730 11960 60000 11013 21022 39795 40207 57007 60002 71241 81036 333 10040 21016 55009 70000 555 31/// 594// 92601=
16627 12565 69903 10078 20051 30196 40202 56003 60002 85550 333 20064 30/// 55000 70000 85630 85358 90730 91104==
16650 11457 71710 10098 20077 30193 40202 58007 69902 75152 86670 333 20046 31/// 55021 83710 86625 87358 90730 91113==
16667 11459 71906 10078 20056 30218 40230 56002 69922 71062 87800 333 20064 31/// 55082 70002 82818 85625 90730 91110==
16706 11340 71802 10070 20056 30210 40216 57010 60022 75265 86770 333 20040 31/// 55084 70019 82708 86620 87358==
16723 41560 70000 10070 20047 30210 40225 53001 70362 84870 333 20030 31/// 82820 84625 87359 90730 91105==
16742 12560 49901 10092 20009 30063 40222 54000 60002 82441 333 20074 30/// 70000 82630 83068 90730 91104==
16749 12460 49903 10078 20036 30202 40216 57001 60002 81135 333 20056 30/// 55092 70000 81818 83358 90730 91106==
16754 12560 41710 10112 20088 30168 40217 57002 60002 82252 333 20084 30/// 55078 70000 82820 84068 90730 91114==
16760 12560 31805 10086 20056 40227 54000 60002 81201 333 20076 30/// 55078 70000 81820 83068 90730 91110==
16765 12/60 49903 10104 20061 40224 55000 60002 84040 333 20101 30/// 70000 90730 91106==
17022 12970 41104 10025 21031 30060 40231 54000 60002 80001 333 20009 34101 55011 20595 70013 84070 90760 91109==
17024 12970 02015 10009 21026 30148 40228 58003 60002 333 20001 32102 55017 70002 90760 91124==
17026 12970 01504 10042 20003 30208 40248 57001 60002 333 20039 30000 55036 20829 90760 91106==
17031 12670 31503 10033 20007 30246 40253 53002 60002 81130 333 20026 31001 70012 81836 83360 90760 91105==
17034 12670 50000 10057 20000 30215 40263 52005 60022 83230 333 20041 32003 55000 70137 83835 85360 90760 91110==
17038 11670 72913 10069 20004 30197 40246 52011 69922 70262 87200 333 20061 31/// 70026 87835 90760 91121==
17042 11560 82802 10055 20034 30214 40255 52013 60112 76166 8552/ 333 20050 32005 55000 70110 85630 88458 90760 91107==
17050 12/65 40000 10008 21029 30145 40209 56003 60002 84030 333 20000 34103 55060 84360 90760 91103==
17056 12670 63103 10056 20027 30209 40213 55003 60002 83530 333 20026 30001 55095 21386 83635 86360 90760 91105==
17060 12660 62012 10070 20003 30179 40220 56004 60002 83150 333 20030 30103 55000 70002 83840 86360 90760 91118==
17070 12665 71101 11043 21057 39349 40257 52004 60002 84520 333 20310 34108 70002 84634 87460 90760 91102==
17074 12970 02302 11079 21084 39286 40269 52003 60002 333 21084 34111 55001 20335 90760 91105==
17084 12670 62501 11007 21012 39324 40262 52005 60002 84550 333 21012 34104 55000 21817 84635 86360 90760 91103==
17085 12670 63303 10004 21014 39755 40263 52006 60002 85550 333 21001 34101 55000 70001 85640 86360 90760 91107==
17092 12670 62714 10000 21066 38858 48486 52019 60002 84550 333 21012 3/102 47006 55015 21063 84640 86357 90760 91126==
17096 11545 71010 11042 21058 38198 48472 52010 60022 77177 85550 333 21061 3/106 43015 55046 20297 70016 85625 87357 90760 91120==
17098 11016 81002 11067 21073 38158 48477 55001 69932 77172 8571/ 333 21107 34112 70003 82701 85625 88457 90760 91105==
17100 11629 50000 10002 21052 39176 40197 56002 60002 70522 82530 333 21024 30105 55025 20917 82637 85357 90760 91103==
17112 11465 70000 10056 20017 30207 40209 56003 69902 70252 82770 333 20023 31001 55038 21068 82710 87460 90760 91105==
17115 12660 51401 10009 21001 30176 40229 56004 60002 83230 333 21019 31102 55048 21068 83835 84360 90760 91107==
17116 12/60 20000 10003 20003 30110 40237 55002 60002 82030 333 21021 30103 55009 20653 82360 90760 91103==
17124 12960 01004 11061 21067 39312 40275 52004 60002 333 20314 34110 90760 91107==
17128 11957 02901 11080 21101 39126 40287 52006 60002 71000 333 21100 34112 55026 20310 90760 91105==
17135 12970 01601 11046 21057 39355 40268 52007 60002 333 21050 34109 55002 23010 90760 91103==
17140 11465 80000 11031 21046 38729 48508 52005 69912 70372 8672/ 333 21040 3/106 47015 70063 82710 85632 88459 90760 91105==
17150 11627 50000 11010 21010 30105 40234 58002 60002 71011 82130 333 21034 34104 55039 21005 82835 85360 90760 91104==
17160 12670 80000 11028 21065 39063 48517 52007 60002 8552/ 333 21029 3/109 48006 55000 20507 70062 85640 88460 90760 91102==
17170 11560 61610 11006 21078 38287 48462 53005 60012 70273 83550 333 21032 47003 70014 83630 86357 90760 91120==
17175 12665 71601 10062 21005 30211 40215 55001 60002 84270 333 20041 30000 55073 21340 84838 87360 90760 91106==
17184 12660 70000 10009 21018 30122 40237 53001 60002 82250 333 21001 30000 55094 21629 82840 87362 90760 91102==
17190 11950 01301 11057 21073 39029 48511 52006 60002 71000 333 21071 34111 55027 90760 91103==
17195 12670 60000 11020 21039 39013 48520 52007 69902 86500 333 21040 3/106 47012 55000 20201 70004 86635 90760 91108==
17200 12660 41805 10020 21076 39210 40221 52032 60042 82530 333 20002 45001 70154 82640 84360 90760 91140==
17202 11670 52215 10002 21040 39136 40204 52028 60082 70172 83450 333 20001 44003 70120 83635 85360 90760 91121==
17203 11507 81201 11006 21016 38859 48507 52020 60062 77177 8452/ 333 21008 3/101 47025 55000 20121 70208 84625 88457 90760 91103==
17210 11560 82302 10003 20000 39137 40193 52016 60102 77172 8452/ 333 20001 3/000 47004 55007 70110 84630 88459==
17219 11556 62103 10026 20012 30085 40235 50001 69922 71082 83250 333 21001 31101 55088 21478 70002 83830 86360 90760 91107==
17234 12670 70702 10039 21018 30166 40236 51001 60002 84270 333 20029 34001 55070 21424 84840 87360 90760 91108==
17237 12670 50000 10024 21041 39730 40250 53002 60002 82230 333 20008 34103 55068 82840 85360 90760 91102==
17240 12970 00000 11006 21046 39075 40262 52004 60002 333 21039 3/109 41998 55087 21608 90760 91104==
17244 11957 01501 11032 21067 39041 48522 53006 60002 71000 333 21073 34/// 90760 91106==
17248 12/70 40801 11060 21068 39023 48514 52004 60002 84030 333 21067 3/114 47014 55000 70050 84360 90760 91104==
17250 12570 82402 11028 21033 38840 48521 52006 69922 8452/ 333 21037 3/106 47010 55005 20138 70034 84630 88459 90760 91106==
17260 12960 02708 10036 21031 39339 40176 52019 60002 333 20007 34101 70036 90760 91117==
17270 11970 02703 10047 20001 39537 40201 52017 69982 70262 333 20020 32000 70034 90760 91109==
17275 11220 50000 10007 20007 38975 48485 52019 60102 71072 85700 333 21013 34101 55003 70123 85705 90760 91109==
17280 11440 70801 10022 20018 39390 40197 52020 60022 72842 84510 333 21006 31103 55009 20402 70106 82715 84635 87459 90760 91107==
17290 12/70 30302 10097 21026 30192 40224 55000 60002 83030 333 20079 30000 55086 83360 90760 91105==
17292 12/70 60000 11009 21047 39456 40238 55000 60002 83035 333 21022 34104 55022 20645 83360 86070 90760 91103==
17300 12960 00106 10069 21049 30160 40233 52005 60002 333 20057 30004 90760 91115==
17310 12970 01002 10100 21030 30205 40212 52010 60002 333 20083 31003 55000 90760 91105==
17330 12/70 12904 10091 21039 30206 40224 52012 60002 81030 333 20081 30006 81360 91015 90760 91117==
17350 12960 00308 10049 20010 30133 40214 52016 60002 333 20010 31/// 70031==
17370 12970 00000 10094 20002 30220 40224 52013 60002 333 20063 32001 55023 70064==
17375 12970 33601 10072 21043 30218 40221 52007 60002 80001 333 20044 30101 55085 21704 83070 90760 91104==
33088 11596 80000 11024 21038 39941 40138 57006 69902 78582 889// 333 21034 47997 555 17102=
33135 31996 81201 11083 21089 30005 40161 57014 71011 8805/ 333 21109 555 14107=
33177 11995 82702 11004 21009 39900 40143 57004 69932 72272 8802/ 333 21006 47001 555 17102=
33317 32597 62402 11014 21046 39799 40145 57008 82570 333 21042 82620 555 14102=
33393 11259 82703 10008 20002 39753 40151 57001 60022 72682 889// 333 21006 43003 86705=
33415 11497 82601 11004 21019 39746 40152 53002 69922 72272 8772/ 333 21008 46997 87711 555 16101=
33429 32997 82103 11020 21050 39721 40155 54000 8805/ 333 21022 555 14102=
33466 31/09 91903 11043 21043 39974 40169 57008 74941 333 21054 555 14104=
33506 31495 82203 11054 21061 39993 40198 56007 71011 885// 333 21058 46001 555 16105=
33562 32560 82402 11022 21050 39851 40165 56010 8555/ 333 21075 555 14103=
33587 31594 81902 11029 21033 39898 40170 57009 71011 885// 333 21064 88623 555 14103 34109=
33658 31758 60000 11022 21042 39849 40158 52002 71022 86500 333 21029 86650 555 14101=
33663 32997 61201 11024 21050 30065 40164 57003 86030 333 21052 555 14102=
33664 32998 71201 11018 21045 39831 40157 57002 87030 333 21023 555 80014=
33678 32998 82802 11038 21056 39962 40180 57002 88059 333 21049=
33679 32497 71002 11025 21041 39983 40180 57017 87500 333 21033 87519=
33711 31550 71705 11030 21043 39971 40189 57008 71011 87500 333 21053 87620 555 14103=
33745 32597 70000 11008 21024 39978 40177 57002 86930 333 21039 555 80010=
33748 32997 71202 10005 21038 39869 40160 57003 87030 333 20002 555 80012=
33754 32597 71402 11024 21036 30017 40168 56009 87500 333 21042 87621=
33761 31/08 91905 11013 21013 39945 40175 57009 74942 333 21055 93602 555 14101=
33791 31556 81603 11027 21031 30079 40212 57007 71041 885// 333 21054 88620 555 14103=
33815 32598 72002 11011 21026 39955 40169 57013 84530 333 21028=
33837 32563 52103 10048 20023 30136 40188 56005 85500 333 20017 85621 555 10001=
33881 32598 61903 10011 21036 39968 40169 57005 86500 333 21006 555 80011=
33883 32898 81702 11006 21006 30003 40171 57004 8805/ 333 21031 555 80013=
33885 32997 81704 10001 21031 30041 40179 57006 8805/ 333 21014 555 80012=
33892 31/93 91902 11004 21004 39962 40179 57007 74541 333 21024 555 80020/=
33902 31595 71502 11026 21029 30152 40214 57005 71011 87500 333 21066 555 14103=
33924 12560 51602 11002 21023 30205 40218 57003 60002 85500 333 21038==
33946 12982 01603 11018 21064 30006 40236 53001 60002 333 21047 42002==
33983 11340 60000 11056 21067 30174 40238 53002 60002 71011 86600 333 21081==
34300 32997 60000 11074 21099 30020 40207 57010 80004 333 21101 43002 555 13110=
34336 42960 00000 11162 21189 30121 40234 54000 333 21183==
34344 42970 31101 11153 21161 30136 40232 54000 80001==
34356 42960 02001 11134 21155 30077 40236 53001==
34357 42970 02301 11113 21137 30062 40227 54001==
34398 11360 82103 11053 21071 30219 40232 57001 60002 77772 886// 333 21072==
34415 32966 60000 11112 21122 30119 40223 56003 80006 333 21125 555 14110=
34438 42960 11701 11120 21133 30032 40237 57002 80001 333 21178==
34445 42970 01001 11176 21192 30117 40242 57002==
34461 42960 02201 11110 21135 30179 40238 54001==
34473 32597 82405 11065 21081 30192 40232 54000 886// 333 21084=
34476 42470 82305 11058 21076 30228 40236 54000 886//==
34504 31912 71903 11061 21065 30038 40221 57002 71011 87030 333 21061=
34535 42960 01301 11171 21193 30166 40245 55001 333 21199==
34545 41/05 92101 11106 21118 30126 40245 55001 74942 89///==
34555 41420 82202 11089 21103 30155 40252 54000 71022 886//==
34560 41/08 92403 11094 21100 30038 40240 52003 74942 89/// 333 21097==
34578 41/40 82502 11041 21046 30233 40240 54000 71022 8801/==
34579 41540 81902 11043 21059 30194 40239 54000 71072 885//==
34644 41/05 92301 11102 21112 30167 40249 52006 74540 89///==
34646 41/05 92201 11086 21092 30160 40247 52005 74940 89/// 333 21114==
34655 42560 81901 11064 21078 30183 40246 50002 885//==
34662 41460 82502 11064 21085 30233 40245 52003 77722 886// 333 21067 88714==
34691 11/40 80000 11040 21050 30464 40451 57001 60002 77172 8802/ 333 21078==
34720 41/05 91601 11067 21075 30206 40248 53004 74942 89///==
34727 41/02 91702 11112 21125 30221 40253 54000 74944 89///==
34743 41405 80000 11066 21067 30154 40248 52003 74641 886//==
34759 41420 81101 11056 21060 30113 40251 53003 71022 889//==
34772 41440 81901 11041 21056 30242 40245 53003 77772 886//==
34785 42570 81901 11031 21066 30271 40248 52002 885//==
34798 12560 80000 11040 21070 30405 40375 53003 60002 885// 333 21052==
34824 41905 01201 11084 21096 30247 40252 52003 74444==
34838 41440 80000 11063 21076 30149 40251 52004 71022 886//==
34845 41/05 92801 11060 21061 30136 40249 52006 74942 89/// 333 21061==
34858 41/20 80000 11040 21045 30133 40245 52006 71022 8801/==
34861 41320 82401 11055 21059 39992 40246 52003 77772 886//==
34866 42470 83102 11046 21054 30258 40249 52004 885//==
34880 41540 80000 11031 21069 30277 40250 52006 77072 8672/==
34887 41540 80000 11029 21042 30273 40250 53004 71011 885//==
34949 42/// /3402 11060 21066 39674 40246 52006==
34954 41/05 90000 11064 21064 30069 40252 52008 74541 89///==
34958 42570 80000 11039 21042 30039 40246 52007 885// 333 21041==
34975 41/02 90301 11048 21048 30251 40247 52008 74941 89///==
34984 42460 50402 11012 21036 30279 40248 53005 82631==
35217 11560 81702 11086 21105 30201 40243 53001 60002 70342 885// 333 21100==
35302 12570 62304 11065 21089 30214 40236 54000 60002 86500 333 21077==
35315 32998 61603 11072 21093 30193 40252 54000 80002 333 21108=
35344 32999 71902 11148 21170 39964 40272 53004 80003 333 21164=
35358 12960 22302 11097 21128 30092 40270 58003 60002 80001 333 21111==
35368 31596 81804 11044 21067 30004 40277 53005 71020 886// 333 21095=
35386 31598 81902 11034 21055 39752 40282 58004 70282 889// 333 21056=
35394 11560 82204 11041 21063 39601 40291 52004 69932 77173 885// 333 21050==
35404 31597 82202 11064 21072 30232 40241 54000 77074 885// 333 21084=
35406 11560 62102 11054 21075 30244 40246 54000 60002 70272 86500 333 21081==
35416 11570 61601 11059 21082 30133 40257 54000 69902 70272 86500 333 21114==
35426 12684 60000 11092 21132 39966 40271 54000 60002 83530 333 21118==
35437 11598 81701 11118 21146 39956 40287 53002 69920 70272 8802/ 333 21132=
35449 32998 21601 11148 21170 30171 40282 53004 80003 333 21166=
35497 11/60 82302 11040 21048 39774 40612 52003 60032 77172 8802/ 333 21057==
35498 11698 82303 11035 21052 39408 40301 52007 60010 72272 885// 333 21077=
35514 12598 61604 11048 21065 30481 40447 58001 69930 86500 333 21060=
35522 11998 81701 11080 21107 30003 40266 58009 69930 70277 8802/ 333 21084=
35542 32998 50000 11105 21124 30126 40281 53002 80009 333 21160=
35563 31496 82002 11035 21049 39496 40278 52004 71032 886// 333 21050=
35576 12/70 81805 11046 21073 39841 40301 52001 69932 8807/ 333 21050==
35582 11598 82205 11038 21070 39692 40304 53004 60010 72273 8872/ 333 21042=
35594 11999 82103 11038 21063 39452 40304 52002 69900 70272 8807/ 333 21056=
35605 31596 80000 11042 21047 30268 40246 57003 77172 885// 333 21062=
35633 31596 32902 11084 21103 30057 40280 52003 71011 83500 333 21090=
35671 11540 81203 11042 21057 39851 40290 53001 60002 71022 885// 333 21047==
35699 12960 20000 11033 21067 39549 40318 54000 69952 80003 333 21069==
35700 11540 81602 11031 21041 30272 40248 57007 69952 77177 885// 333 21048==
35715 11599 81701 11028 21058 30273 40258 57002 69900 70277 885// 333 21067=
35739 12999 30000 11084 21127 30132 40278 53002 69930 82031 333 21082=
35746 11570 80102 11036 21050 30202 40271 57003 60002 71072 84502 333 21053==
35777 32997 00000 11060 21104 39946 40303 54000 333 21094=
35796 11/60 60501 11118 21131 39885 40345 58005 60002 77071 84026 333 21153==
35849 12570 70000 11016 21061 30175 40262 58003 69902 87500 333 21070==
35895 31595 70202 11114 21120 39871 40339 54000 71042 87500 333 21141=
35907 32598 73302 11003 21027 30271 40240 52003 87500 333 21034=
35925 12/70 81103 11046 21060 30154 40269 53002 60002 8802/ 333 21057==
35927 32998 61803 11026 21049 30259 53003 86050 333 21050=
35953 12584 50702 10005 21043 30127 40258 54000 69902 83402 333 21014==
35969 12984 00702 10008 21060 30093 40267 57004 60002 333 21068==
35997 31696 60901 11058 21097 39863 40312 58004 71022 83570 333 21079=
36259 41584 72909 11091 21159 38183 48466 52003 73632 85901 333 91011 90760 91114==
36335 11599 82304 11049 21088 39259 40299 52007 69950 70232 885// 333 21062=
36358 32699 71904 11059 21085 39265 40302 52006 86570 333 21084=
36394 11597 72505 11033 21072 39878 40307 57007 69920 70282 87300 333 21083=
36397 12684 82004 11044 21094 39738 40311 52007 60002 885// 333 21088==
36403 11595 81106 11066 21071 39946 40317 52005 60020 77373 8802/ 333 21075=
36418 11996 81705 11089 21118 39713 40352 52002 60010 77177 8802/ 333 21144=
36421 11996 81301 11090 21110 39760 40346 52001 60020 77177 8802/ 333 21126=
36428 11670 81401 11095 21120 39834 40357 58002 69932 71572 8252/ 333 21144==
36439 11698 80000 11096 21108 39023 48524 51002 69930 77172 8457/ 333 21149=
36498 11596 81404 11089 21113 39519 40339 52004 69940 71082 883// 333 21095=
36501 32699 72503 11050 21116 39536 40303 52008 87500 333 21082=
36535 11684 70701 11125 21152 39700 40367 52003 60022 70272 85530 333 21163==
36546 11596 80000 11080 21086 39792 40350 58003 60010 71072 8802/ 333 21144=
36619 32999 01304 11112 21148 333 21174=
36622 11598 62403 11097 21132 39508 40344 58001 60020 70232 82340 333 21116=
36639 12984 01001 11125 21208 39717 40355 58003 60002 333 21253==
36643 32899 23102 11110 21154 39658 40351 58002 82042 333 21217=
36665 32999 43301 11087 21134 39584 40336 58001 80001 333 21162=
36666 32999 30502 11132 21175 39837 40358 58008 83030 333 21248=
36729 32998 40803 11068 21101 39848 40346 52002 82705 333 21115=
36736 32999 30201 11075 21119 39779 40353 58006 83030 333 21205=
36744 32998 50502 11056 21086 39856 40319 54000 80001 333 21128=
36770 32999 00201 11054 21061 39565 40309 58010 333 21150=
36786 32999 00000 11013 21081 39372 40298 58004 333 21118=
36796 31998 00000 11116 21147 39084 48514 58007 72841 333 21168=
36803 32599 80901 11037 21048 39885 40344 54000 8561/ 333 21140=
36806 32999 83206 11095 21193 39873 40364 58017 8802/ 333 21128=
36819 31997 50000 11061 21076 39677 40308 58001 71041 80004 333 21114=
36821 11940 20000 11058 21062 39808 40313 58010 60002 71011 80002 333 21125==
36839 31999 22701 11085 21130 39148 40319 57009 70241 80001 333 21164=
36843 32998 01301 10008 21075 39097 40271 58011 333 21110=
36846 32999 00904 11049 21123 38638 48526 58007 333 21142=
36859 12984 31102 10000 21048 39553 40344 58006 60002 80006 333 21091==
36870 11410 80401 11027 21043 39256 40285 58006 60002 72842 886// 333 21046==
36874 31/93 93601 11035 21046 39640 40444 58002 74542 333 21050=
36877 32998 83401 11037 21051 8802/ 333 21047=
36885 31/93 92902 11051 21061 39139 40296 58005 74540 333 21094=
36889 32999 01802 11085 21185 37031 47046 58003 333 21137=
36894 31996 00702 11015 21051 39542 40291 58008 71011 333 21102=
36905 32999 00802 11025 21092 38779 48536 58006 333 21096=
36911 42999 40000 10036 21024 39269 40242 57014 80001 333 21035=
36927 42699 11402 10024 21076 38364 48525 58004 81100 333 21058=
36934 42599 60903 10020 21082 38302 48429 52019 82932 333 21039=
36953 32999 00000 11066 21119 38222 48508 58008 333 21165=
36963 42999 21102 11096 21188 37011 48/// 57005 80001 333 21170=
36974 42998 60901 11037 21113 38000 48538 58008 84052 333 21120=
36982 42999 22402 11126 21216 36497 47073 58003 82030 333 21252=
37018 42670 70503 10031 21006 30148 40224 52007 86930==
37031 41460 82901 11048 21056 30045 40249 52005 70242 886//==
37054 41440 80000 11047 21056 39847 40249 52004 71022 885// 333 21052==
37061 41540 80000 11041 21051 30073 40249 52005 71011 885//==
37085 42570 80203 11013 21017 30270 40243 53003 885//==
37171 41460 80803 10051 20044 30209 40228 52007 78082 889// 333 20045 83710==
37228 42/70 70000 10019 21068 39368 40214 52005 87010==
37235 41/05 92802 11033 21036 39910 40239 52005 74541 89///==
37472 41/05 93003 11015 21021 30259 40236 52005 74544 89///==
38149 42570 70103 11019 21040 30194 40273 58009 87500 333 21035==
38178 41540 80000 10006 21017 39917 40209 57002 77372 882// 333 21020==
38262 11570 83201 11020 21026 30179 40263 54000 69922 70277 885// 333 21038==
38264 11570 73403 11024 21040 30170 40267 52004 69902 72272 875// 333 21035 87620==
38345 42999 21601 10054 21034 38814 48508 57002 82030 333 21056=
38353 42998 00701 10048 21055 39346 40245 57008 333 21042=
38388 72598 70000 11048 21080 30211 40285 53005 87500 333 21057 6////=
38392 32397 83203 11016 21024 30155 40262 53005 886// 333 21020 88709=
38396 11/60 83002 11011 21029 30136 40265 52006 69902 77072 8802/ 333 21023 88508==
38403 42/60 82503 11017 21017 30134 40259 53002 8802/ 333 21022==
38413 12/70 82702 11017 21039 39937 40279 54000 60012 8802/ 333 21008==
38457 11/40 52801 10073 21007 39647 40234 52007 60002 71011 83041 333 20004==
38462 42684 70000 10013 21042 38782 48514 52007 84551 333 21046==
38507 72598 81405 10043 20009 30131 40236 54000 885// 333 20032 6//// 88630 91004 555 50039=
38545 72989 62804 11007 21046 30086 40268 52010 86050 333 21023 6////=
38565 12/70 51804 10065 21014 39621 40196 54000 60002 84040 333 21026==
38579 12584 60301 10088 21014 39814 40229 52005 60002 85970 333 20000==
38583 12/60 62701 10057 20017 39920 40244 52005 60002 82040 333 21006==
38599 31996 00605 10066 21006 39702 40240 58001 71011 333 20009=
38611 41/20 71201 10055 20006 39678 40254 52002 71022 87040 333 20004==
38613 42397 80101 10030 20003 40251 51005 8802/ 333 20002=
38616 41596 70000 10024 21019 39233 40262 53007 71022 87500 333 21007=
38618 12/60 81001 10036 21011 39546 40245 52002 60002 8807/ 333 21016==
38647 72998 00907 10030 21008 30184 40227 57002 333 21005 6////=
38656 72998 00902 10020 21014 30154 40267 58001 333 21016 6////=
38683 41760 83602 10018 21001 39975 40259 52008 70241 885// 333 21016 88656==
38687 71995 70501 10006 21011 30026 40270 52001 71042 80001 333 21011 6////=
38696 12660 62702 10058 21015 39377 40238 52004 60002 86500 333 21009==
38713 32998 02703 10047 21057 39053 48510 53005 333 21030=
38750 72997 00903 10066 21001 30245 40216 57014 333 21006 6////=
38763 32998 01003 10004 21026 30133 40242 57008 333 21016=
38774 72998 01603 10034 21007 30064 40264 57005 333 20002 6////=
38799 32997 33601 10011 21012 30034 40273 53022 80003 333 21016=
38806 72997 62701 10046 20010 39982 40245 52012 86050 333 20002 6////=
38812 42/60 41001 10069 21009 39793 40249 52018 84030 333 20008==
38836 31598 82501 10040 20035 39293 40241 52014 76082 889// 333 20038=
38880 02997 22101 10060 21006 39995 40253 51005 60002 82030 333 20014 6////=
38886 72997 01101 10058 20015 30025 40256 58001 333 21002 6////=
38895 32996 01201 10062 20017 39970 40263 52010 333 21010=
38911 32998 71603 10086 21007 39957 40253 53009 85072 333 20018=
38915 72997 70000 10086 20006 39934 40260 51004 87070 333 20053 6////=
38927 11650 80302 10073 20062 39881 40261 52011 60052 72582 889// 333 20058 88948==
38933 11796 83601 10081 20034 39746 40262 52012 69980 71062 885// 333 20065=
38944 11597 73402 10095 20038 39662 40196 52019 69900 70282 86930 333 20062=
38954 31798 80000 11021 21060 37984 48550 53022 77071 8802/ 333 21036=
38974 72998 30901 10055 20015 39916 40256 52005 80002 333 21005 6////=
38987 22996 60901 10044 20008 39503 40258 52008 86070 333 20012 69940=
40100 43/80 00804 10116 20029 30225 40241 52005 6///1 333 58///=
40180 12660 61402 10095 20051 30188 40239 52017 60002 83804 333 10127 20071 70000==
40199 333 70000==
40255 36/// /0000 10066 29073 3//// 4//// 5////=
40265 31840 20000 10048 20029 39438 40252 52013 70500 82080 333 20012 31102 70003 82358=
40270 32960 62602 10058 20006 39323 40243 52015 82501 333 20039 30101 70003 81640 86070=
40272 31940 12302 10038 20024 39391 40250 52013 71000 80001 333 20000 31101 81070=
40296 36/// /2503 10121 29064 4//// 5////=
40340 31950 53605 10107 20022 40231 52003 70500 85001 333 20082 30007 85070=
40356 42960 02404 10038 20000 39234 48525 333 20010 58006 555 04410 50235=
40357 42960 03007 10083 20000 39583 40231 333 20059 58013=
40360 42960 00000 10049 21010 39635 40242 333 20012 58010=
40361 42960 00000 10074 21010 39452 40277 333 20050 58010=
40362 42960 03005 10100 20030 39708 40230 333 20071 58011==
40373 41903 00000 10120 20110 39802 40226 74240 333 20070 58014=
40375 42960 40000 10058 21020 39330 40224 84030 333 20046 59003 84360=
40394 42960 01802 10098 20020 39076 48542 333 20036 58006 555 04410 50223=
40400 42960 23503 10160 21010 30135 40163 80001 333 20127 59012 82070=
40405 41658 20805 10132 20110 39459 40212 71000 82500 333 20096 58009 82640=
40417 41620 73206 10175 20170 30197 40214 71096 85520 333 20159 58039 85640 87460=
40420 41656 43606 10187 20160 30002 40211 71062 82430 333 20165 58036 82640 84360=
40430 42660 40410 10157 20110 39435 40188 84500 333 20138 58014 84640=
40437 41659 72602 10165 20170 39509 40216 71000 87400 333 20156 58025 87640=
40439 42660 20403 10172 20080 30123 40141 81530 333 20140 58001 81640=
40582 31956 03204 10146 20111 40220 51011 70500 333 55310 00679 10000 21338 30246 40994 51319 61585 55407 41092 90400 91005 91105 91203 91303=
40703 11/05 92104 11004 21010 38888 40179 53003 60011 77572 333 3/101 47002 5//// 70012 89/00 9076 8 93103 555 11006 29096=
40706 11558 70503 10014 21029 38614 40191 57010 60001 70522 84372 333 34108 70000 83630 81932 8745 8 555 11003 29073=
40712 11430 61301 11010 21026 38645 40191 52006 60021 72682 84720 333 3/108 44022 5//// 70021 8171 8 83630 90768 93104 555 11015 29089=
40713 11430 81003 10010 21023 38624 40171 55000 69911 77072 8562/ 333 3/105 42999 70001 85715 8855 7 90768 93199 555 11003 29079=
40718 12460 33002 10094 20063 30230 40201 56004 60001 82730 222// 0//// 20301 333 31002 50081 7000 0 82710 83358 555 10080 29081=
40723 11957 09901 10013 21052 38979 40259 58003 60001 70500 333 30113 70000 555 11010 29062=
40726 11656 81910 10016 21007 38624 40181 53001 60031 72277 8352/ 333 3/108 47005 5//// 70032 8363 5 88458 90768 93102 555 10007 29085=
40727 11508 81507 10006 21001 38453 40182 55005 69961 78687 883// 333 3/104 47003 70006 83930 866 35 90768 93103 555 10003 29095=
40732 12560 20702 10102 20043 30218 40193 55000 60001 82100 333 30101 50131 70000 82825 555 10076 29067=
40736 12960 00000 10096 20035 30227 40201 57004 60001 333 31002 50121 70000 555 10070 29066=
40738 11950 01103 10073 20058 30215 40217 58007 60001 71000 333 30108 5///1 70000 555 10066 29090=
40739 12660 70000 10020 21029 38718 40253 51011 60001 87500 333 30103 5//// 70000 87640 555 10002 29070=
40741 12960 01502 10070 20048 39915 40255 50005 60001 333 30102 70000 555 10060 29086=
40743 11657 51003 10036 21018 39103 40246 51010 60001 70510 82572 333 30101 70000 82635 84460 555 10016 29068=
40745 11925 21302 10050 20009 39067 40241 50004 60001 70542 80001 333 3/105 41001 70000 82070 90768 93100 555 10031 29075=
40747 11650 53502 10006 21025 38635 40208 57008 60001 71010 85150 333 31105 70000 85840 555 11006 29080=
40754 11628 82602 10031 21007 38856 40232 51007 60001 70521 82527 333 30102 5///1 70000 82640 8546 0 88268 555 10016 29076=
40762 12965 00000 10051 21019 38569 40216 50002 60001 333 3/105 45002 5//// 70000 90768 93100 555 10023 29060=
40766 12660 31202 10071 21022 38709 40197 52009 60001 83800 333 31103 5//// 70000 82845 555 10034 29052=
40768 11/02 91101 11049 21055 38267 40266 51002 60001 74944 333 3/107 47012 70000 89/08 90768 9310 0 555 11049 29096=
40769 11615 81701 11003 21017 38304 40227 52007 60001 71044 83570 333 3/103 49012 5//// 70003 8363 5 87459 90768 93100 555 11008 29090=
40780 12660 71402 10038 20020 38710 40239 52010 60001 87300 333 32102 5//// 70000 81940 86645 555 10030 29088=
40782 12660 10402 10076 20029 38891 40212 53008 60001 81200 333 31105 5///1 70000 81835 555 10055 29072=
40785 11658 81401 10058 20024 39130 40245 52006 60001 70522 8352/ 333 31005 5//// 70005 83640 8846 0 555 10044 29079=
40791 12960 41901 10111 20004 39392 40224 51014 60001 84010 333 30004 5//// 70000 84460 555 10065 29048=
40792 11658 62502 10035 20031 38746 40231 52011 60001 71022 82570 333 31102 5//// 70001 82635 8435 9 555 10033 29097=
40798 12660 12304 10088 21044 37968 40171 53011 60001 81500 333 30100 5//// 70000 81635 555 10035 29039=
40800 11920 00000 10117 20046 38480 40191 51009 60001 70500 333 30104 5//// 70000 555 10082 29062=
40809 11458 81302 10068 20068 38523 40196 52011 69961 72186 8532/ 333 31002 70006 81710 82930 8363 5 88558 555 10068 29100=
40811 11625 13102 10158 20124 30185 40211 52015 60001 71010 81500 333 31011 50251 70000 81640 555 10139 29080=
40812 12660 21301 10173 20135 39818 40192 52015 60001 82200 333 31012 50101 70001 82835 555 10151 29078=
40821 11635 81901 10059 20023 38823 40237 52003 60001 70522 8252/ 333 30004 5//// 70000 82640 8846 0 555 10043 29078=
40829 11660 83605 10094 20050 39642 40220 51012 69931 76062 8252/ 333 31009 50561 70003 82640 88559 555 10074 29074=
40831 11950 03003 10144 20114 30209 40217 53016 60001 71040 333 31007 50301 70000 555 10128 29082=
40833 11630 23102 10165 20132 30180 40212 51015 60001 71021 82500 333 30008 50371 70000 82640 555 10147 29081=
40841 11460 81202 10080 20072 38264 40176 50000 60011 76062 8572/ 333 31007 50001 70075 82715 8563 5 88557 555 10076 29095=
40845 11540 20102 10184 20167 30204 40209 52012 60003 71011 82600 333 31015 50101 70007 82720 555 10174 29090=
40848 11540 80000 10088 20084 38562 40208 52015 60021 71066 8532/ 333 32007 50021 70256 82925 8363 0 88458 555 10086 29097=
40851 11660 71403 10093 20065 38298 40189 53007 69943 70162 84410 333 31004 5//// 70114 84640 8745 8 555 10079 29083=
40854 12660 60901 10147 20005 38977 40170 53005 60001 82170 333 30009 50311 70000 82840 85460 555 10083 29038=
40856 12660 70404 10119 21010 38665 40170 50008 60001 81576 333 30009 50441 79999 81640 86360 85270 555 10063 29041=
40859 11450 70000 10104 20097 38747 40208 52014 60001 71044 87770 333 32008 50061 70212 84710 8363 0 87459 555 10100 29095=
40875 12560 62602 10262 20122 30170 40181 52018 60001 82551 333 30018 50521 70000 82630 85360 555 10181 29042=
40879 12962 61402 10231 20053 39518 40181 52016 60001 80006 333 30014 50521 70000 86270 555 10139 29031=
40882 12960 72907 10229 20174 30154 40189 52016 60001 82036 333 30019 50401 70000 82360 86269 555 10195 29071=
40883 12960 32102 10251 20160 30156 40183 53016 60001 83030 333 30019 50461 70000 83360 555 10195 29057=
40893 11958 30902 10241 20127 30167 40173 52015 60001 70500 83010 222// 00225 20300 333 30020 5048 1 70000 83459 555 10175 29049=
40898 11958 30000 10239 20160 30158 40167 51006 60001 70500 82032 222// 00232 20900 333 30014 50661 70000 82359 555 10191 29061=
41024 42660 40108 10252 20170 30116 40142 84500 333 20224 59012 84640==
41036 42960 01404 10156 20150 38572 48521 333 20120 59008==
41055 42560 31205 10179 20090 38379 48526 83400 333 20141 58000 83630==
41061 42/60 31118 10202 20080 39472 40169 83030 333 20193 58032 83358==
41084 42560 51606 10191 20120 38881 48538 82420 333 20173 58009 82630 83460==
41112 41958 00000 10138 20050 37986 48556 70500 333 20115 58016==
41114 41958 00208 10136 20030 38026 48561 70600 333 20116 58019==
41128 41940 00306 10182 20050 38871 48579 70543 333 20170 58048==
41136 41930 00108 10196 20100 39365 40176 70500 333 20160 58028==
41140 42560 42004 10283 20230 30138 40142 84400 333 20253 58003 84630==
41150 41462 63308 10195 20166 40210 70262 8263/ 333 20181 30018 58035 82710 85364=
41176 44/70 /0109 10218 20154 30194 40200 333 20203 58034=
41184 42960 40207 10273 20141 40196 82031 333 20185 58008 82362 83070=
41194 12960 60207 10274 20139 30183 40189 60001 80001 333 20232 58004 86075=
41196 12960 53406 10264 20137 30153 40194 60001 82031 333 20219 58003 82368 85075=
41216 42960 33612 10246 20157 30192 40196 80001 333 20225 58010 83070=
41217 42960 43513 10262 20128 30162 40191 82031 333 20224 30019 58008 82368 83075=
41396 42965 20302 10216 20085 39449 40172 80001 333 20102 30/// 58001 82070=
41480 41456 40310 10256 20214 30164 40172 70644 84500 333 20232 30/// 58004 84618=
41506 02997 01804 10090 21029 38540 48537 60001 333 59013 60007=
41508 02996 31802 10114 21055 38674 48543 60001 83030 333 56090 59014 60007 83360=
41515 02697 20000 10060 21072 38572 48533 60001 82500 333 56900 59005 60007 82650=
41516 02996 50000 10120 21123 38559 48517 60001 81540 333 56990 59016 60007 81640 84462=
41517 02697 30000 10065 21070 37821 48592 60001 83500 333 56900 58018 60007 81640=
41518 02697 60902 10139 21130 38/// 48/// 60001 83470 333 56990 5//// 60007 83440 83762=
41519 02997 00000 10110 21008 38797 48534 60001 333 58020 60007=
41523 02997 00000 10140 20007 39101 48519 60001 333 59016 60007=
41535 02997 30000 10130 21096 38724 48494 60001 83020 333 56090 59009 60007 83460=
41536 02997 00000 10150 21010 39045 48517 60001 333 59022 60007=
41560 02697 60000 10050 21009 38315 48545 60001 82520 333 56990 59010 60007 82630 84460=
41571 11996 4230/ 10160 21028 39588 40175 60001 70500 80001 333 56009 59007=
41598 01996 33102 10195 21014 39895 40166 60001 70500 83030 333 56090 59014 60007 83360=
41600 01996 33102 10185 20052 39861 40156 60001 70511 83070 333 56090 59016 60007 83462=
41620 32996 00000 10160 21028 38594 48498 60001 333 59022 60007=
41624 01996 00000 10200 20098 39960 40165 60001 70400 333 59020 60007=
41630 01995 22704 10210 20100 40164 60001 70500 82030 333 56090 59023 60007 82360=
41640 01996 03102 10210 21003 39912 40161 60001 70500 333 59020 60007=
41660 02997 72304 10130 20002 38467 48556 60001 86031 333 56099 59023 60007 86358 83068=
41678 01996 00000 10230 20092 40165 60001 70500 333 59028 60007=
41696 02997 40000 10140 21013 38016 48527 60001 84020 333 56090 59005 60007 84460=
41697 02997 00000 10260 20042 40002 60001 333 59030 60007=
41700 01995 00000 10230 20066 40141 60001 70500 333 59035 60007=
41710 12697 72302 10200 21006 39377 40140 60001 82510 333 56990 59028 82640 87460=
41712 12696 70504 10200 20012 39220 48543 60001 84510 333 56990 59001 84640 86460=
41715 01996 00000 10230 20104 30088 40152 60001 70500 333 59033 60007=
41718 01995 30000 10235 20086 30044 40146 60001 70500 83030 333 56090 59021 60007 83362=
41725 01996 30502 10210 20122 30073 40152 60001 70500 83030 333 59022 60007 83360=
41739 02996 50000 10215 20038 39077 48543 60001 85030 333 56090 59009 60007 85360=
41744 12996 20000 10220 20015 38821 48552 60001 83020 333 56090 58010 82460=
41749 01996 33104 10260 20111 30122 40155 60001 70400 83030 333 56090 59032 60007 83360=
41756 01996 52704 10240 20168 30110 40176 60001 70504 80001 333 56009 59012 60007 85070=
41757 12996 32706 10265 20106 30162 40174 60001 80001 333 56009 59003 83070=
41759 02996 42702 10260 20073 30167 40173 60001 84030 333 56090 59015 60007 84360=
41764 01995 32108 10260 20111 30096 40145 60001 70400 83010 333 56090 59040 60007 83360=
41768 02996 02302 10260 20173 30143 40150 60001 333 59035 60007=
41780 02996 42704 10270 20166 30132 40159 60001 80001 333 56009 59030 60007=
41785 02996 02302 10240 20185 30145 40158 60001 333 59018 60007=
42027 32996 33202 10091 21032 38435 48522 80001 333 59012=
42071 32996 12906 10184 20035 40160 81030 333 59018 81359=
42101 32996 02904 10214 20065 40156 333 59016=
42111 32996 10000 10212 20055 39410 40102 80001 333 59010 81070=
42123 32996 00901 10234 20076 40154 333 59019=
42131 32996 03202 10238 20039 40168 333 59022=
42165 32996 40000 10266 20058 40144 80001 333 59023 84070=
42182 32996 02711 10230 20024 40145 333 59016=
42189 31995 02003 10204 20037 40126 70500 333 59011=
42309 31596 30903 10212 20140 40129 70521 81130 333 59008=
42314 31996 53408 10202 20132 40129 70522 85030 333 59002 85360=
42328 31995 51802 10288 20120 40117 70500 83031 333 59031 83360 84070=
42339 31995 01401 10274 20072 40151 70500 333 59029=
42348 31996 03408 10248 21038 40155 70500 333 59018=
42361 31995 03202 10250 20028 40153 70500 333 59015=
42369 31996 12910 10235 20043 40139 70500 80001 333 59006 81070=
42379 31995 02903 10200 20086 40119 70500 333 59008=
42410 31595 20203 10224 20154 40130 70500 82500 333 58004 82620=
42415 32596 30904 10210 20125 40137 82530 333 58003 82620=
42452 31996 09902 10272 20068 40151 70500 333 59028=
42492 32996 02703 10224 20085 40131 333 59003=
42559 32996 03602 10260 20034 40146 333 59013=
42571 31996 02702 10250 20028 40145 70500 333 59011=
42591 32996 02908 10254 20055 40141 333 59011=
42623 31496 62308 10228 20136 39246 40104 70522 83530 333 83618 85360=
42634 32996 00000 10300 20071 40171 333 59013=
42647 31995 03602 10302 20086 40165 70400 333 59013=
42667 32996 02303 10256 20009 39576 40171 333 59012=
42675 31996 02902 10244 20089 40154 70500 333 59009=
42701 32996 03204 10234 20007 39405 40126 333 58001=
42724 31995 02301 10260 20103 40136 70500 333 58012=
42737 32996 00205 10304 20100 40170 333 59005=
42754 31996 00000 10272 20070 39526 40151 70500 333 59007=
42779 32996 03604 10250 21003 39449 40140 333 59008=
42798 31996 00502 10268 20036 40135 70500 333 58005=
42809 32996 00203 10260 20050 40143 333 58015=
42840 32996 03202 10314 20090 40162 333 59010=
42867 31996 00502 10290 20059 40153 70500 333 59007=
42874 31996 00000 10276 20086 40154 70500 333 58002=
42886 32996 00905 10290 21015 40145 333 58001=
42895 32996 03603 10288 20095 40140 333 58013=
42909 32996 00000 10310 20176 40163 222// 20000 333 59010=
42971 31995 03602 10304 20115 40141 70500 333 58009=
43003 31995 00903 10344 20098 40143 70400 333 59003=
43014 31996 01603 10290 20167 39507 40143 70544 333 59003=
43041 31996 03602 10294 20100 39530 40134 70500 333 58001=
43063 32997 00905 10294 20074 39533 40145 333 59003=
43086 32997 00202 10296 20127 39973 40148 333 58004=
43110 31995 01403 10340 20127 40143 70540 333 59001=
43117 32997 00503 10316 20202 40139 333 59001=
43128 32997 03203 10302 20139 39547 40140 333 58007=
43150 31996 01803 10314 20203 30078 40140 70500 333 58002=
43185 31996 00000 10308 20198 30131 40134 70500 333 58000=
43189 32597 20000 10310 20204 30131 40140 81501 333 59001=
43192 32996 00902 10314 20246 40139 333 58001=
43198 32996 20506 10306 20095 39318 40121 80001 333 59003 82075=
43201 32997 00000 10316 20106 39398 40103 333 58002=
43213 32997 09901 10328 20141 39809 40118 333 58000=
43233 32997 20703 10320 20193 39332 40126 80001 333 58002=
43237 31996 19901 10320 20120 39723 40107 70500 80001 333 58006 81075=
43245 32997 11102 10308 20152 30115 40142 80001 333 58002=
43279 32997 11802 10308 20203 30128 40146 80001 333 59004 81075=
43284 31496 12004 10304 20205 30020 40134 70540 81500 333 58002 81615=
43295 32997 00504 10300 20149 39129 48554 333 59001=
43314 32997 02303 10326 20253 40138 333 58002=
43321 31996 30906 10318 20141 39690 40128 70500 80001 333 59005 83070=
43329 32997 00000 10302 20223 30132 40145 333 58000=
43333 31496 20902 10294 20203 40127 70500 81501 333 58000 81618=
43344 31496 31803 10286 20194 30047 40146 70511 82501 333 58003 82616=
43353 31496 22706 10308 20213 40138 70521 81530 333 56790 58005 81618=
43369 32597 31802 10302 20245 40145 83500 333 58008 83620=
43371 31496 40000 10324 20170 30066 40137 70500 81501 333 58004 81618 83072=
43404 22/70 21601 10313 20220 30131 40134 5/004 333 553// 20565 59001 60008 81818 91004==
43410 22470 11302 10292 20206 30136 40139 58003 81100 333 59005 60008 555 60008==
43413 22470 50602 10297 20214 30137 40142 5/004 81106 333 553// 20590 59002 60008 91004==
43415 22470 11202 10300 20210 30031 40139 52001 81000 333 59003 60008 70000 555 60008==
43418 22470 40900 10298 20209 30097 40138 57001 84100 333 59003 60008 70000 555 60008==
43421 22470 20601 10306 20203 30031 40135 57006 82000 333 553// 20567 59003 60008 91003==
43422 22470 11801 10290 20212 30000 40133 56008 81000 333 59004 60008 555 60008==
43424 22470 20502 10304 20222 30128 40130 56006 82100 333 59001 60008 70000 555 60008==
43436 22470 30501 10291 20220 30132 40135 57005 81000 333 58002 60008 70000 555 60008==
43441 22470 11601 10305 20203 39990 40121 56005 81000 333 59002 60008 70000 555 60008==
43444 22/70 11601 10286 20173 39595 40127 57004 333 59001 60008 70000 555 60008==
43466 22/68 32802 10299 20209 30124 40132 57005 333 553// 20538 58005 60008 82/18 91005 555 60008==
43467 22/62 32402 10306 20232 30126 40132 50000 333 58007 60008 70000 83/16 555 60008==
43473 22970 00705 10219 21073 38147 48507 53001 333 553// 20630 59002 60008 91009 555 60008==
43475 22470 60603 10308 20196 30128 40133 57006 82108 333 553// 20551 59001 60008 91005 555 60008==
43476 22/65 30902 10238 20136 38799 48547 56002 333 59002 60008 70000 555 60008==
43479 22/70 11701 10272 20140 39281 57010 333 58005 60008 555 60008==
43486 22470 11702 10331 20166 30026 40124 56012 81000 333 553// 20572 58003 60008 91004==
43495 22470 31502 10310 20215 30113 40127 5/080 81000 333 58030 60008 70000 555 60008==
43497 22/70 10701 10320 30111 40128 57007 333 553// 20603 58003 60008 91003 555 60008==
44212 42984 30103 11192 21235 39104 40331 52006 80004==
44213 42/84 70702 11139 21177 38750 40290 52015 87010==
44214 42670 63209 11058 21173 38224 40238 51004 86500==
44215 42670 33008 11049 21180 38346 40217 52005 83500==
44217 36998 62004 11105 21197 37808 40319 58005 84540 333 91208=
44218 42684 12704 10008 21171 38544 40180 52007 81500==
44219 32999 22301 11117 21179 38565 40271 52012 80006 333 91203=
44265 42984 21002 11133 21200 38875 40373 58007 80001==
44266 32999 62709 11029 21225 37695 40179 57003 84048 333 91113 91210=
44404 42958 00904 10186 20105 38103 48434 80000 333 59012=
44416 42960 02805 10210 20108 39333 40101 80000 333 59010=
44424 42960 02102 10154 21046 37643 47047 80000 333 58014=
44434 41450 30904 10190 20119 39202 48495 70544 83100 333 59008=
44438 41940 02404 10180 20112 39997 40126 70544 80000 333 59001=
44449 41930 01204 10196 20141 39960 40119 70544 80000 333 59004=
44454 41445 21603 10192 20101 38628 48464 70544 82100 333 59009=
44462 42358 12702 10168 20040 38229 48446 81100 333 59011=
44474 41015 30503 10145 20071 38225 48472 70544 83500 333 59009=
44477 41440 21901 10194 20094 38798 48504 70544 82200 333 59002=
44478 41930 01604 10222 20177 30038 40120 71044 80000 333 58004=
48010 42556 21801 10270 20172 39944 40096 81130 333 59015==
48020 42958 00401 10272 20172==
48025 41430 30000 10280 20158 39979 40117 59011 70521 83800==
48048 42957 02203 10315 20200 30047 40101 333 59018==
48052 32957 00000 10329 20172 333=
48062 42558 40903 10280 20233 30125 40131 84800 333 59005==
48064 42958 00401 10334 20151 30026 40082 333 59014==
48094 42959 03202 10325 20140 30122 40132 333 59002==
48109 42460 30401 10298 20223 30142 40146 83800 333 59001==
51076 14/76 /1901 11095 21166 39418 40368 57004 60001 333 11095 21171 3/103 4/025 59006 70000 90761 91102==
51087 14/73 /0701 11096 21178 39265 40374 57006 60001 333 11095 21210 3/106 4/018 59006 70000 90761 91103==
51156 14/80 /1602 11057 21142 38725 40333 57004 60001 333 11051 21143 3/117 58008 70000 90761 91107==
51243 14/56 /0902 11102 21167 39776 40372 57002 60001 70500 333 11098 21174 3/116 58002 70000 90761 91103==
51334 14029 02901 11128 21160 39929 40370 57006 69901 72270 333 11052 21198 3/111 4/012 58005 90761 91103==
51379 14/50 /2703 11060 21140 39340 40350 57011 60001 70500 333 11035 21178 3/107 4/022 59018 70000 90761 91104==
51463 14/64 /3202 11042 21119 39083 40330 57007 60001 333 10001 21111 3/101 4/036 59016 70000 90761 91104==
51573 14/61 /1302 10031 21177 30247 40298 57013 60001 333 10059 21039 3/110 59011 70000 90761 91104==
51644 14/44 /2403 10026 21150 38999 40294 57007 60001 70600 333 10032 21087 3/107 59005 70000 90761 91106==
51656 14/56 /2603 10023 21127 39209 40305 57007 60001 70600 333 10024 21109 3/113 59009 70000 90761 91106==
51709 14/45 /1302 10009 21156 38671 40292 57003 60001 70600 333 10049 21045 3/106 58011 70000 90761 91104==
51711 14/80 /2303 10011 21183 38017 40222 57015 60001 333 10011 21118 3/117 59008 70000 90761 91107==
51716 14045 02701 10032 21165 38965 40301 57008 60001 70600 333 10054 21072 3/111 58003 70000 90761 91102==
51765 14/56 /2802 10034 21148 39271 40301 57007 60001 70600 333 10050 21097 3/114 59008 70000 90761 91105==
51811 14/50 /3301 10000 21133 38835 40295 57010 60001 70600 333 10070 21058 3/112 58007 70000 90761 91102==
51818 14/43 /3301 10020 21160 38676 40289 57009 60001 70600 333 10078 21086 3/114 58003 70000 90761 91104==
51886 14/76 /2001 11042 21244 37100 40266 57019 60001 333 11026 21147 3/119 58003 70000 90761 91104==
52203 14/69 /2001 10009 21190 39372 40297 57016 60001 333 10035 21104 3/116 59009 70000 90761 91106==
52602 14/79 /0801 11057 21276 37269 40311 57013 60001 333 11020 21193 3/124 58021 70000 90761 91105==
52818 14/80 /0401 11026 21273 37237 40280 57012 60001 333 11012 21132 3/121 58023 70000 90761 91107==
52908 14/62 /2611 11103 21307 35712 40230 57010 60001 333 11088 21232 3/129 58032 70000 90761 91120==
55228 14/80 /2804 11027 21302 36005 40155 57005 60001 333 11002 21159 3/122 58012 70000 90761 91108==
55299 14/78 /2707 11051 21301 35808 40142 57009 60001 333 11024 21148 3/120 58036 70000 90761 91115==
55578 14/80 /3205 10070 21325 36315 49965 57017 60001 333 10102 21008 3/108 58026 70000 90761 91114==
55591 14/69 /2103 10060 21204 36461 49978 57017 60001 333 10089 20001 3/101 58031 70000 90761 91108==
55664 14/75 /2808 10059 21333 35958 40011 57017 60001 333 10060 21115 3/117 58012 70000 90761 91117==
55773 14/80 /2105 10015 21100 35960 40040 57010 60001 333 10017 21120 3/115 59007 70000 90761 91111==
56004 14/80 /2708 11100 21287 35778 40256 57008 60001 333 11076 21223 3/125 58041 70000 90761 91114==
56018 14/80 /2803 11036 21258 36129 40107 57019 60001 333 11033 21108 3/114 58028 70001 90761 91110==
56312 14/80 /1702 10068 21049 37037 40074 57021 69921 333 10084 21003 3/001 58009 70003 90761 91106==
62306 42560 30000 10099 20070 40243 57009 83500 333 20079==
62309 42560 22402 10115 20070 40230 82500 333 20105==
62332 42960 52304 10126 20087 40238 52008 80001 333 20104==
62337 42560 31703 10094 20056 40234 52011 83800 333 20062==
62366 45960 00804 10107 20042 40230 52002 333 20085==
62387 43950 03606 10087 20055 40215==
62393 42960 03608 10083 20037 40222 57001 333 20050==
62405 42960 00000 10104 21017 40194 52014 333 20060==
62414 42960 00105 10102 21026 40184 52012 333 20092==
62420 42960 03602 10080 20034 40230 52003 333 20064==
62435 42960 00103 10110 20016 40206 52012 333 20094==
62440 32560 30000 10106 20076 40241 5//// 83200 333 20094=
62455 42960 00106 10091 20028 40231 333 20077==
62458 42960 00000 10132 21080 40208 52005 333 20106==
62459 32960 03605 10125 21034 40195 52011 333 20085=
62465 32960 02910 10162 20031 40162 5//// 333 20142=
63210 32980 00510 10274 20210 40155 333 20216 58014=
63330 33580 21305 10168 20122 37806 40279 81530 333 20125 58002 81620=
63331 32980 0//// 10220 20110 38104 40240 333 20170 59001=
63332 32980 11802 10182 20135 38214 40117 80001 333 20108 59002 81070=
63333 32580 20000 10184 20129 38190 40208 81102 333 20140 58002=
63460 33980 00000 10210 20110 333 20138=
63471 31957 02802 10212 20165 38879 40153 70500 333 20160=
