SIPK OPKC 122100=
41504 22695 52702 11010 21079 37814 48480 82530 333 56990 59042 60007 82640 83360 56%=
41506 22995 00000 10010 21029 38536 48533 333 58020 60007 75%=
41507 22996 00000 10085 20053 39244 49772 333 58001 60007 81%=
41508 22996 00000 10025 21001 38691 48554 333 58005 60007 83%=
41509 22996 00000 10060 20013 38779 48514 333 58009 60007 72%=
41510 22696 53102 11025 21039 37925 48545 82530 333 56990 58013 60007 82640 83460 90%=
41515 22695 20000 10036 21034 38577 48538 8250 333 56900 59003 60007 82650 61%=
41516 22996 40000 10060 21033 38532 48490 84030 333 56090 59010 60007 84360 51%=
41517 21696 60000 10020 21048 37775 48506 70422 83530 333 56990 59012 60007 83635 83360 61%=
41518 22696 81804 10106 21090 38/// 48/// 8352/ 333 5699/ 5//// 60007 83640 88461 24%=
41519 22696 63102 10100 21042 38738 48478 83520 333 56990 59020 60007 83640 83462 36%=
41520 21595 81802 11005 21028 37616 48272 77072 8662/ 333 45999 56990 59003 69907 83720 83640 88462 82%=
41523 22996 00000 10060 20013 39109 48511 333 58008 60007 72%=
41524 22696 50000 10085 20064 39383 40272 85500 333 56900 58011 60007 85640 87%=
41525 22696 40000 11010 21037 37657 48396 84400 333 56900 59003 60007 84840 82%=
41528 21996 00000 10065 20043 39236 48506 70400 333 59019 60007 86%=
41529 22996 21802 10110 20030 39789 40180 82020 333 56090 59003 60007 82462 58%=
41534 22996 00000 10070 20047 39752 40182 333 58001 60007 85%=
41535 22996 00000 10050 20014 38721 48485 333 58003 60007 78%=
41536 22996 00000 10090 20023 39065 48525 333 58015 60007 63%=
41560 22996 01304 10015 21010 38308 48541 333 58002 60007 84%=
41562 22996 00000 10100 20044 39680 40155 333 59010 60007 68%=
41565 22996 01304 10067 21026 38649 48515 333 58002 60007 52%=
41567 21996 00000 10110 20015 39734 40161 70400 333 58010 60007 52%=
41571 219// 10504 10100 21007 39598 40197 70500 80001 333 56009 58035 60007 47%=
41572 21996 00000 10070 21036 39538 40187 70500 333 58015 60007 47%=
41573 22997 01304 10020 21048 37971 48510 333 58005 60007 61%=
41574 22997 00000 10005 21007 38364 48547 333 58006 60007 91%=
41576 22997 03104 10110 21001 40194 333 58009 60007 46%=
41577 21996 00000 10065 20019 39561 40200 70400 333 56000 59009 60007 72%=
41593 21996 00000 10110 20030 39950 40173 70410 333 58012 60007 58%=
41597 21996 00000 10135 20049 40172 70400 333 58002 60007 56%=
41598 21996 00000 10095 20038 39888 40169 70400 333 58012 60007 68%=
41599 21996 33104 10105 20067 39877 40177 70400 333 58017 60007 75%=
41600 21996 20000 10105 20085 40166 70400 82030 333 56090 58015 60007 82360 87%=
41620 31996 02702 10050 21067 38586 48487 70500 333 58010 60007 42%=
41624 21995 02302 10125 20049 40147 70400 333 58005 60007 60%=
41625 21996 00000 10115 20062 39951 40157 70400 333 58013 60007 70%=
41630 21996 30502 10100 20057 40180 70400 83030 333 56090 58018 60007 83360 74%=
41633 21996 00000 10090 20057 4//// 70400 333 5//// 60007 80%=
41634 22997 20000 10080 20023 3//// 4//// 80001 333 56009 5//// 60007 82075 67%=
41635 21996 00000 10100 20031 3//// 4//// 70400 333 5//// 60007 62%=
41636 21996 00000 10100 20068 39982 40174 70400 333 58014 60007 81%=
41638 21996 00000 10130 20101 4//// 70400 333 5//// 60007 83%=
41639 21996 03102 10110 20030 4//// 70400 333 5//// 60007 58%=
41640 21996 00000 10150 20081 40169 70400 333 58022 60007 63%=
41641 21996 00000 10130 20080 39890 40171 70400 333 58021 60007 71%=
41642 21996 03106 10120 20068 3//// 4//// 70400 333 5//// 60007 70%=
41643 21995 00000 10110 20079 39884 40169 71000 333 58021 60007 81%=
41644 21995 00000 10110 20090 4//// 70400 333 5//// 60007 87%=
41646 21995 00000 10120 20090 39969 40190 71000 333 58020 60007 82%=
41652 21996 02302 10125 20049 40180 70400 333 59021 60007 60%=
41660 229// 31304 10030 21089 38477 48568 80001 333 56009 59005 60007 83070 37%=
41661 21696 40000 10060 21041 38428 48557 82501 333 56909 58000 60007 82635 82070 48%=
41669 21996 00000 10115 20085 3//// 4//// 70400 333 5//// 60007 82%=
41670 21996 00000 10115 20085 3//// 4//// 70400 333 5//// 60007 81%=
41674 21996 00000 10115 20085 3//// 4//// 70400 333 5//// 60007 81%=
41675 21996 00000 10140 20068 30020 40168 70400 333 58018 60007 62%=
41676 21995 00000 10145 20107 30018 40179 70400 333 58015 60007 78%=
41677 21996 00000 10130 20091 39989 40160 70400 333 58026 60007 77%=
41678 21996 00000 10140 20068 40174 70400 333 58024 60007 62%=
41679 21996 00000 10150 20103 4//// 70400 333 5//// 60007 73%=
41680 21996 00000 10115 20074 40175 70400 333 58028 60007 76%=
41685 22997 20000 10120 21123 38942 48520 82020 333 56090 58014 60007 82460 17%=
41696 22996 00000 10020 21048 38015 48547 333 58005 60007 61%=
41697 22996 00000 10160 20043 40169 333 58018 60007 46%=
41700 21995 10140 20091 40173 70400 333 58027 60007 72%=
41701 21994 00000 10110 20090 30036 40184 71000 333 58034 60007 87%=
41710 22996 31302 10160 21028 40190 83010 333 56090 58003 60007 83460 27%=
41712 22996 00000 10100 20008 39215 48516 333 58010 60007 53%=
41715 21994 00000 10140 20080 40187 70400 333 58037 60007 67%=
41716 21995 00000 10140 20091 40188 70400 333 58029 60007 72%=
41718 21995 00000 10120 20090 40170 71000 333 58021 60007 82%=
41725 21996 00000 10160 20057 40166 333 58029 60007 50%=
41726 21995 00000 10160 20081 30115 40187 70500 333 58037 60007 60%=
41738 22996 00000 10190 20045 30012 40195 333 58009 60007 38%=
41739 22996 00000 10140 20007 39074 48526 333 58008 60007 40%=
41742 22996 00000 10195 20053 40162 333 58022 60007 39%=
41743 21996 00000 10140 20091 70400 333 60007 72%=
41744 22996 00000 10110 20008 38779 48500 333 59017 60007 44%=
41745 21995 03602 10160 20104 70400 333 60007 69%=
41746 22996 00000 10160 20081 40177 333 58030 60007 60%=
41747 21995 00000 10130 20101 40159 71000 333 58024 60007 83%=
41748 21994 00000 10150 20103 40181 70500 333 58027 60007 73%=
41749 21996 00000 10145 20094 40176 70400 333 58033 60007 73%=
41756 21995 00000 10185 20142 40176 70504 333 58011 60007 76%=
41757 22996 00000 10185 20142 30162 40175 333 58013 60007 76%=
41759 22996 00000 10155 20063 40181 333 58025 60007 54%=
41764 22996 00000 10185 20101 30111 40162 333 58014 60007 58%=
41765 21996 00000 10195 20091 30134 40169 70400 333 58019 60007 51%=
41766 21994 00000 10150 20113 40164 74000 333 58024 60007 78%=
41767 22996 00000 10170 20115 3//// 4//// 333 60007 70%=
41768 22996 00000 10175 20121 30158 40165 333 58027 60007 71%=
41780 21996 00000 10195 20124 30140 40168 70400 333 58020 60007 64%=
41783 22996 00000 10190 20118 30131 40161 333 58016 60007 63%=
41786 22996 00000 10145 20097 30116 40153 333 58022 60007 73%=
41BKI 22996 00000 10110 20015 39758 40188 333 58013 60007 52%=
41SKP 21996 00000 10100 20068 4//// 70400 333 5//// 60007 81%=
43532 21996 00000 10070 20048 39348 40178 70400 333 59010 60007 86%=
43533 22997 00000 10085 20042 39228 48485 333 59004 60007 74%=
43563 22997 00000 10094 20042 40192 333 58015 60007 69%=

41530 Not Received
41724 Not Received
41785 Not Received


Data Generated from File : D:/all data handling/Rmc_lhr/2025021221.FSU.txt
12/02/2025   22:03:06
____________________________________________________________________________________________
15020 27/38 /1101 11086 21097 30101 40315 57012 7101/ 333 55300 20000 60007==
15090 27940 00000 11096 21110 30223 40324 57009 7101/ 333 55300 10220 20000 30000 60007 91001 90730 91101==
15108 22970 01301 11067 21187 38102 48522 57005 333 55300 20000 60007 91002 90730 91102==
15150 27950 01801 11064 21078 30089 40318 57009 7101/ 333 55300 20000 60007 91002 90730 91104==
15170 24963 03601 11112 21138 39473 42845 57002 333 55300 20000 60007 91001 90730 91101==
15280 22970 02005 11089 21369 37494 47030 57005 333 55300 20000 60007 91006 90730 91106==
15310 27958 00101 11046 21082 30227 40319 57007 7101/ 333 55300 10210 20000 30000 60007 91004 90730 91105==
15335 27948 02701 11045 21071 30312 40319 57006 7101/ 333 55300 20000 60007 91001 90730 91102==
15350 27950 03301 11050 21085 30197 40326 58005 7101/ 333 55300 20000 60007 91001 90730 91102==
15360 27958 03304 11015 21037 30294 40312 57009 7101/ 333 55300 20000 60007 91005 90730 91106==
15420 27956 03601 11081 21093 30199 40320 57005 7101/ 333 55300 20000 60007 91001 90730 91101==
15460 27/59 /0000 11063 21085 30293 40320 57004 7101/ 333 55300 20000 60007==
15470 24961 00502 11045 21080 30180 40315 57005 333 55300 20000 60007 91002 90730 91102==
15480 27959 02901 11016 21056 30297 40315 58005 7101/ 333 55300 10210 20000 30000 60007 91002 90730 91102==
15549 42970 01402 11042 21061 39867 40308 57005 333 11021 21044 555 585//=
15552 42960 03201 11019 21045 30259 40311 54000 333 10006 21019 555 580// 92032 92437 92600=
15640 42970 00000 11020 21049 39991 40321 54000 333 10005 21020 555 581//=
15655 42568 53604 10009 21021 30273 40308 58007 83530 333 10032 20009 555 581// 92033 92437=
15730 42970 60000 11014 21057 39892 40308 51001 84051 333 10020 21015 555 572//=
16627 42560 10000 11006 21042 30296 40303 51002 81100 333 90730 91106==
16650 42560 50000 10044 21004 30290 40299 58001 85130 333 90730 91105==
16667 42560 20210 10074 20003 30280 40293 51005 82100 333 90730 91122==
16723 42560 39905 10060 21003 30255 40270 51001 83200 333 90730 91112==
16742 42560 23614 10074 21016 30096 40256 52002 82100 333 90730 91124==
16749 42960 03314 10100 21069 30220 40235 52005 333 90730 91121==
16754 42460 63411 10110 20043 30233 51002 86800 333 82818 85625 90730 91120==
16760 46/// /0307 10069 20007 39857 40284 52001 333 90730 91114==
16765 46/// /3216 10099 21002 30233 40254 52006 333 90730 91131==
17022 41565 71905 10028 20027 30102 40273 58001 78088 85270 333 85830 87359 90730 91108==
17024 47/76 /2110 10028 20019 30177 40257 58003 722//==
17026 47/75 /3503 10050 20040 30218 40259 58005 722//==
17031 41360 73110 10065 20050 30241 40248 58005 78088 87200 333 82709 87822 90730 91114==
17034 42670 71501 10075 20044 30206 40253 58005 83250 333 83835 87360 90730 91104==
17038 42670 70000 10073 20027 30195 40244 57007 87200 333 87835 90730 91109==
17042 46/68 /1005 10064 20015 30215 40255 58005==
17050 46/62 /0302 10004 21056 30250 40312 50004==
17056 42970 03104 10021 21009 30301 40306 58001 333 90730 91113==
17060 41460 43612 10041 20010 30250 40292 58003 70282 84200 333 81715 84832 90730 91122==
17070 41562 82202 11009 21031 39364 40266 50000 70272 8452/ 333 84630 88459 90730 91103==
17074 47/68 /1701 10005 21006 39287 40247 58002 724//==
17084 42670 70502 10016 20010 39309 40241 58008 84550 333 84635 87360 90730 91107==
17085 41470 83102 10030 20013 39737 40242 58008 70262 8552/ 333 81718 84628 88458 90730 91105==
17092 42660 70000 11037 21045 38884 48505 57009 85550 333 85640 87357 90730 91109==
17096 41657 61110 11077 21096 38250 48524 58007 71022 84550 333 84635 86358 90730 91117==
17098 42660 10203 11121 21141 38220 48539 57005 81500 333 81640 90730 91107==
17100 41924 00000 11024 21074 39250 40283 56001 70500 333 90730 91103==
17112 46/65 /1103 10026 21016 30295 40302 58001==
17115 42460 50112 10052 20018 30245 40298 50001 85200 333 83715 84830 90730 91122==
17116 41560 70000 10028 20027 30165 40291 58001 72588 84250 333 84833 86359 90730 91104==
17124 42660 42706 11029 21046 39320 40272 50000 84500 333 84635 90730 91110==
17128 42560 73503 11032 21067 39111 40252 57004 84250 333 84830 86359 90730 91110==
17135 42670 50601 10006 21013 39332 40231 58005 83550 333 83640 85360 90730 91103==
17140 42665 70702 11027 21042 38711 48493 57008 85550 333 85638 87358 90730 91106==
17150 41460 73406 10042 20019 30159 40287 58001 78082 87200 333 83715 86835 90730 91111==
17160 42670 83506 11008 21055 39033 48493 57008 8451/ 333 84636 88460 90730 91110==
17170 42560 10703 11054 21094 38349 48522 57007 81500 333 81630 90730 91106==
17175 42965 00000 10033 21010 30279 40283 50001 333 90730 91106==
17184 42670 43503 10047 21002 30166 40281 50002 83240 333 83840 84360 90730 91108==
17190 42670 53202 11030 21071 39027 48510 58002 85500 333 85635 90730 91108==
17195 41432 80000 11013 21018 38974 48486 57014 77177 8652/ 333 82715 86625 88457 90730 91103==
17200 41250 83204 10014 20009 39207 40216 57011 77066 8652/ 333 83705 85630 88458 90730 91110==
17202 41370 81003 10023 20023 39155 40220 57011 76822 8552/ 333 82708 85631 88458 90730 91108==
17203 42670 80000 10006 21011 38901 48546 57010 8452/ 333 84640 88460 90730 91102==
17210 46/62 /0000 10049 21016 39161 40195 57010==
17219 42565 13612 10039 21016 30130 40280 50001 81100 333 81830 90730 91121==
17234 42970 01701 10030 21020 30193 40263 52005 333 90730 91103==
17237 42670 32801 10031 21041 39749 40270 52007 83200 333 83835 90730 91107==
17240 41570 52702 11011 21046 39062 40242 58002 70272 83530 333 83630 85360 90730 91108==
17244 42565 73414 11010 21060 39012 48498 58004 85550 333 85630 87358 90730 91121==
17248 47/37 /3204 11015 21017 38983 40216 58006 777//==
17250 47/39 /0404 11019 21029 38796 40206 57011 771//==
17260 41458 81204 10053 20039 39330 40158 57009 76022 8572/ 333 83712 85620 88457 90730 91112==
17270 41658 70000 10060 20054 39545 40204 58006 72162 85520 333 85635 87459 90730 91105==
17275 46/73 /0000 10059 21043 38999 40198 57009==
17280 41656 72502 10010 20005 39408 40222 57013 71022 85520 333 85635 87459 90730 91108==
17290 42970 03505 10077 21023 30228 40261 51003 333 90730 91115==
17292 42970 02901 10002 21080 39465 40248 52006 333 90730 91110==
17300 42560 63012 10083 21041 30147 40219 50002 84250 333 84830 86358 90730 91126==
17310 41565 71002 10083 20041 30185 40192 56007 79199 84270 333 84833 87358 90730 91115==
17330 46/// /2907 10087 21023 30168 40181 57010==
17350 41560 73609 10087 20071 30094 40173 57013 78082 84250 333 84825 87358==
17370 42670 50000 10109 20053 30177 40181 58006 83230 333 83835 85360==
17375 42670 23404 10078 21040 30199 40201 55004 82200 333 82834 90730 91112==
33088 42960 00000 11114 21122 30105 40312 57014==
33135 429// 00000 11103 21119 30168 40328 57015==
33177 42960 01102 11065 21086 30037 40289 57011==
33317 429// 01401 11086 21110 39951 40312 57011==
33393 42960 21403 11061 21088 39870 40284 57011 80001==
33415 42960 00501 11067 21087 39881 40303 57010==
33429 42960 01402 11082 21097 39861 40312 57010==
33466 41957 00000 11089 21100 30121 40323 57013 71000 333 34///==
33506 42960 60000 11075 21097 30111 40321 57013 80004==
33562 42960 03202 11078 21096 30002 40328 57008==
33587 429// 00000 11081 21104 30041 40323 57009==
33658 41936 01003 11097 21103 39986 40308 57013 71000==
33663 42960 00000 11091 21106 30216 40319 57006==
33664 41996 01301 11084 21091 39974 40313 57009 71000=
33678 42997 02801 11080 21101 30108 40335 57008=
33679 42997 00801 11059 21098 30112 40315 57009=
33711 42960 00000 11074 21091 30093 40317 57010==
33745 42997 00000 11096 21099 30128 40337 57009=
33748 42997 03301 11065 21085 30007 40310 57012=
33754 42997 00000 11085 21113 30163 40321 58005=
33761 42962 00401 11064 21092 30078 40315 57010==
33791 42962 03501 11054 21076 30181 40317 57009==
33815 41996 00000 11041 21092 30092 40311 57009 71000=
33837 42960 03201 11028 21081 30250 40305 58011==
33881 42998 00000 11049 21085 30108 40316 57009=
33883 42997 03401 11054 21077 30139 40313 57009=
33885 42997 03501 11057 21092 30179 40322 57011=
33892 42997 00000 11057 21096 30093 40318 57006=
33902 42960 03601 11060 21095 30243 40306 58007==
33924 42970 31102 11050 21071 30284 40297 57008 80005==
33946 42/67 60707 11053 21061 30056 40290 58008 86030 333 90730 91110==
33983 41440 50405 11018 21027 30211 40274 57011 71011 85600==
34300 42960 60000 11075 21103 30134 40323 57010 80004==
34336 41460 83401 11116 21130 30217 40329 58011 70272 8672/==
34344 42/70 83601 11111 21111 30229 40327 57005 8807/==
34356 41/05 93601 11109 21126 30162 40321 57010 74944 89///==
34357 41520 83501 11106 21123 30151 40317 57009 71022 885//==
34398 419// 03102 11076 21085 30283 40296 58008 71000==
34415 42970 61101 11078 21105 30216 40319 58011 80005==
34438 42960 00000 11160 21172 30120 40330 57006==
34445 42570 80102 11116 21122 30201 40324 56012 885//==
34461 41440 80301 11097 21117 30260 40319 57008 71022 886//==
34473 414// 82801 11084 21094 30265 40306 57010 71022 886//=
34476 41420 82801 11081 21093 30299 40307 57010 71022 886//==
34504 42965 00502 11036 21076 30130 40313 57007==
34535 42960 00000 11139 21156 30246 40325 57008==
34545 41920 80301 11120 21133 30201 40322 57009 71072 80005==
34555 42/60 73503 11107 21127 30229 40327 57006 87010==
34560 41240 80000 11113 21130 30112 40317 57006 71042 886// 333 88704==
34578 41210 83501 11079 21085 30304 40311 57007 71022 886//==
34579 41510 83601 11080 21082 30263 40309 58008 71022 885//==
34644 42560 50302 11088 21110 30228 40310 57008 85500==
34646 42570 80102 11066 21082 30223 40310 57008 885//==
34655 42560 80602 11063 21076 30250 40314 57007 885//==
34662 42470 80501 11070 21083 30302 40314 57008 886// 333 88715==
34691 42970 00000 11075 21105 30522 40509 58005==
34720 42970 70302 11077 21098 30262 40305 57010 80008==
34727 42960 00703 11070 21091 30270 40302 57009==
34743 41440 80602 11065 21075 30215 40310 57008 71022 885//==
34759 41440 80602 11076 21076 30170 40309 57009 71022 885//==
34772 41440 83503 11077 21087 30305 40308 58007 71011 886//==
34785 42960 00102 11073 21093 30324 40300 58005==
34798 42960 02401 11071 21092 30452 40421 58006==
34824 41940 00502 11064 21081 30285 40290 57010 71000==
34838 42960 60403 11049 21076 30183 40285 57012 80005==
34845 42940 00802 11077 21085 30181 40295 57010==
34858 41920 80901 11071 21076 30189 40303 57008 71022 80005==
34861 42460 80703 11078 21095 30046 40304 57010 886//==
34866 42960 00103 11080 21089 30310 40301 58012==
34880 41/40 20801 11072 21090 30322 40294 57007 71000 82030==
34887 42970 00000 11060 21079 30317 40293 57006==
34954 42970 00000 11069 21089 30107 40291 57013==
34958 42970 00000 11081 21089 30086 40298 57011==
34975 41940 03402 11073 21084 30297 40293 57012 71000==
34984 42960 00201 11067 21084 30322 40290 57008==
35217 41/// 90000 11155 21174 30246 40289 58009 74940 89///==
35302 415// 83303 11092 21103 30273 40295 57004 71011 886//==
35315 429// 02301 11147 21174 30228 40288 57007=
35344 429// 02102 11121 21140 39966 40270 58009=
35358 42/// 82003 11074 21108 30100 40277 57005 8802/==
35368 415// 82008 11062 21093 30002 40377 58012 73632 885//=
35386 415// 82202 11148 21168 39732 40285 57009 78582 889//=
35394 41560 81903 11155 21173 39577 40298 57003 77172 8452/==
35404 429// 03502 11087 21098 30288 40297 57005=
35406 429// 00000 11090 21110 30293 40295 57003==
35416 41/// 92003 11094 21110 30168 40294 57007 74942 89///==
35426 42/// 82402 11079 21115 39987 40290 58007 8805/==
35437 425// 82904 11076 21107 30072 40402 58006 885//=
35449 425// 82005 11054 21076 30174 40280 57007 885//=
35497 41/// 81801 11182 21189 39756 40642 53003 77177 8802/==
35498 429// 82502 11166 21177 39388 40327 52005 8801/=
35514 41/93 01802 11102 21110 30526 40522 58003 74840=
35522 41/// 92701 11071 21092 30031 40293 58007 74942=
35542 429// 81903 11074 21091 30133 40287 57004 87050=
35563 41598 82304 11076 21101 39420 40286 58002 70232 885//=
35576 425// 82304 11080 21098 39842 40308 53001 885//==
35582 416// 82303 11154 21184 39679 40320 57003 77171 885//=
35594 419// 82602 11125 21154 39434 40315 53004 77172 8807/=
35605 42998 00000 11080 21086 30318 40295 58006=
35633 41/// 92102 11090 21097 30073 40297 58003 74944=
35671 42970 52001 11065 21089 39860 40304 57005 80001==
35699 425// 60000 11108 21120 39528 40318 53002 86500==
35700 42970 02601 11076 21076 30323 40298 58005==
35715 42597 71301 11055 21089 30315 40300 58004 87500=
35739 426// 80000 11048 21088 30148 40291 54000 885//=
35746 415// 83303 11028 21038 30216 40284 57005 71072 885//==
35777 424// 80000 11086 21124 39960 40320 57009 886//=
35796 42/60 82403 11088 21103 39873 40327 53002 8807/==
35849 415// 80000 11026 21045 30190 40277 57006 70272 885//==
35895 42597 72501 11090 21101 39881 40346 53002 87500=
35907 42598 80501 11039 21058 30332 40300 52003 885//=
35925 41/// 80503 11062 21066 30181 40297 52001 74642 8802/==
35927 415// 80000 11060 21064 30288 54000 71012 886//=
35953 425// 70302 11003 21043 30153 40284 57009 87500==
35969 425// 60000 11028 21083 30140 40319 57006 86500==
35997 416// 80000 11045 21072 39890 40336 58005 71022 885//=
36259 42584 80601 11240 21267 38181 48480 57007 85902==
36335 429// 42105 11137 21172 39223 40297 57001 80006=
36358 429// 72007 11128 21152 39227 40289 57002 80002=
36394 429// 31704 11108 21137 39847 40288 53006 80002=
36397 42/// 52010 11101 21152 39702 40286 53007 85070==
36403 427// 81103 11080 21148 39914 40286 52008 8457/=
36418 429// 80802 11145 21176 39685 40337 52007 8807/=
36421 429// 71101 11237 21259 39736 40356 52003 80005=
36428 42/// 70901 11200 21228 39809 40353 53009 82045==
36439 429// 71305 11155 21169 38987 48488 58003 82035=
36498 429// 51503 11201 21216 39498 40355 58002 80001=
36501 429// 02303 11120 21174 39497 40282 53005=
36535 429// 00000 11266 21296 39666 40370 53003==
36546 429// 60302 11266 21287 39766 40367 52003 80003=
36619 429// 61502 11188 21207 86050=
36622 429// 30000 11168 21190 39488 40346 58004 83040=
36639 42/// 80000 11181 21210 39712 40364 58002 8807/==
36643 429// 32301 11213 21228 39631 40351 58003 82041=
36665 429// 02201 11216 21238 39565 40355 52003=
36666 424// 30902 11228 21248 39820 40361 52005 82601=
36729 41496 80701 11077 21099 39846 40345 52002 77172 886//=
36736 425// 83602 11129 21161 39778 40364 58002 885//=
36744 429// 72302 11117 21130 39870 40344 52003 87040=
36770 419// 82502 11072 21085 39602 40354 52010 77177 8802/=
36786 42999 80000 11098 21133 39385 40344 53002 8801/=
36796 429// 82701 11169 21194 39095 48521 53002 8802/=
36803 42999 00000 11143 21159 39878 40357 58004=
36806 429// 01504 11154 21218 39862 40363 52007=
36819 415// 80000 11049 21062 39713 40343 52004 71022 885//=
36821 41/// 80000 11062 21070 39844 40351 52004 71022 8807/==
36839 42998 52201 11065 21113 39174 40338 57003 80001=
36843 429// 80000 11058 21091 39127 40336 52001 8802/=
36846 415// 82704 11110 21114 38668 48551 58004 77177 8872/=
36859 42/// 80000 11055 21066 39583 40394 54000 8802/==
36870 41/// 90401 11017 21025 39291 40320 54000 78584 89///==
36874 415// 83603 11048 21058 39673 40484 53006 78588 889//=
36877 415// 80601 11041 21050 39729 40773 53002 77177 8802/=
36885 415// 80000 11018 21029 39175 40321 57001 77177 8872/=
36889 429// 00000 11142 21175 37036 47057 57005=
36894 415// 80000 11009 21018 39577 40327 53002 71082 889//=
36905 41/// 90000 11043 21049 38806 48566 57006 74784=
36911 419// 80000 11020 21014 39320 40307 57006 702// 8802/=
36927 42697 72712 11044 21095 38371 48535 52005 87900=
36934 41595 80603 11028 21055 38281 48410 51001 785// 889//=
36953 426// 80000 11106 21126 38244 48508 58005 8794/=
36963 429// 61602 11165 21191 37020 48/// 57001 80001=
36974 415// 80000 11082 21096 38015 48565 53003 771// 8802/=
36982 415// 80201 11174 21201 36491 47097 57002 702// 8455/=
37018 42960 50202 10048 21064 30166 40242 52003 80002==
37031 42960 00901 11036 21073 30069 40273 57012==
37054 42960 00401 11056 21077 39886 40291 57012==
37061 41920 80602 11084 21093 30121 40301 57009 71022 80007==
37085 42940 03502 11062 21078 30322 40294 57008==
37171 42940 80901 10029 20013 30223 40242 58001 80001==
37228 42960 01501 11046 21063 39408 40279 57012==
37235 42960 01501 11041 21069 39954 40286 57013==
37472 42960 03001 11040 21058 30312 40288 57009==
38149 42570 82503 11045 21054 30206 40287 58004 885//==
38178 42/// 61703 11012 21055 39968 40264 57003 86020==
38262 42/// 62202 11045 21061 30188 40274 58002 86030==
38264 42/70 72103 11041 21060 30184 40281 57006 8707/==
38345 41696 80000 11026 21042 38858 48544 57004 710// 885//=
38353 415// 80000 11008 21018 39397 40321 57008 771// 885//=
38388 42598 70000 11011 21050 30227 40300 52003 87900=
38392 42597 72704 11032 21042 30178 40285 58004 87500 333 87632=
38396 41/60 82002 11008 21023 30157 40286 57007 77172 8802/ 333 88549==
38403 42/// 82002 10000 21008 30162 40287 52004 8807/==
38413 42/// 81302 10018 21019 39996 40294 57003 8807/==
38457 41/40 80502 10019 20011 39705 40308 57004 76162 8802/==
38462 426// 80000 11022 21073 38810 48541 58006 8692/==
38507 42996 30000 11011 21033 30190 40297 58003 83030=
38545 42998 81302 10004 21007 30111 40291 58012 8802/=
38565 12/// 20000 11012 21034 39677 40255 57004 60002 82040==
38579 125// 70000 10018 20010 39874 40303 57004 60002 87500==
38583 12560 80701 10015 20004 39981 40312 57004 60002 8872/==
38599 41796 81701 10001 21012 39760 40315 57005 71022 8495/ 333 84950=
38611 41/20 82401 10024 20014 39729 40304 57005 76166 8802/ 333 81583==
38613 415// 80101 10008 20003 40309 57003 771// 8802/=
38616 415// 70901 10002 21004 39272 40315 56007 702// 87500=
38618 426// 82701 10017 20001 39596 40303 57003 8257/==
38647 42997 00000 10009 21014 30234 40278 57004=
38656 42698 80000 10040 20022 30176 40288 58007 885//=
38683 41/20 60000 11005 21008 30014 40301 57010 71022 86030==
38687 41697 00901 11008 21014 30070 40315 58001 71000=
38696 129// 61101 11008 21011 39421 40307 58018 60002 80007==
38713 429// 81602 11017 21058 39091 48540 56004 8807/=
38750 42997 00502 10018 21023 30323 40293 570011=
38763 41/84 /2000 1//// 2//// 30175 4//// 54000 700//=
38774 42895 32901 10044 21001 30096 40297 58003 83070=
38799 42997 00000 11010 21026 30057 40300 57016=
38806 42997 00000 11013 21027 30021 40293 58008=
38812 41920 00802 11001 21015 39829 40299 57009 71000==
38880 42997 01502 10024 20005 30023 40286 57008=
38886 41996 01201 11004 21016 30054 40292 58004 71000=
38895 42996 00000 10004 21010 39999 40300 58009=
38911 42997 21302 10011 21038 39996 40301 57007 80002=
38915 42997 30000 10022 21006 39968 40301 57003 80001=
38927 11950 00303 10016 20002 39910 40299 57012 60002 71010==
38933 429// 00501 10026 21016 39778 40307 58009=
38944 426// 80000 10048 20009 39690 40234 57008 885//=
38954 429// 00000 11035 21087 37975 48570 52003=
38974 42998 00000 10006 21008 39955 40302 58006=
38987 42996 72401 11008 21026 39524 40295 58010 87070=
40100 43/82 71607 10122 20063 30197 40213 57009 333 58///=
40180 01660 61603 10102 20089 30166 40216 57001 76062 86800 333 70000==
40199 02/// /3405 10148 20044 30204 40229 52010 333 70000==
40265 41940 52307 10065 20054 39421 40225 57002 70520 85080 333 85360=
40270 41550 62406 10066 20039 39306 40216 57004 75011 86700 333 86725=
40272 41540 62408 10070 20048 39376 40226 52021 74522 86800 333 86830 86830=
40340 42860 20204 10135 20031 40236 52010 82030 333 82358=
40356 42960 03010 10070 20010 39216 48519 333 58014 555 04410 50201=
40357 42960 00000 10086 21040 39550 40198 333 58002=
40360 42960 00000 10072 20010 39614 40212 333 58025=
40361 42960 00904 10088 21030 39417 40235 333 58016=
40362 42960 00503 10105 20060 39673 40192 333 58013=
40373 42660 50306 10123 20110 39756 40178 85500 333 58015 85635=
40375 42960 03312 10102 21020 39308 40193 333 58033=
40394 42960 00304 10114 20020 39053 48532 333 58033 555 04410 50172=
40400 42960 03505 10172 20060 30150 40178 333 58032=
40405 42960 00305 10162 20110 39429 40172 333 58036=
40417 42660 70104 10185 20150 30135 40150 82520 333 59036 82645 87458=
40430 42660 52905 10217 21040 39420 40158 84510 333 58027 84635=
40437 42960 50403 10190 20070 39450 40139 82032 333 59012 82359 85068=
40439 42660 52810 10206 20100 30126 40144 85500 333 58019 85640=
40582 21645 40406 10147 20139 40175 58003 71011 82450 333 00105 10159 20128 50300 55000 00164 10116 20247 42894 53043=
40703 42960 00000 11060 21087 38966 40282 53009 333 70000 555 11065 29081 31805=
40706 41557 40502 11048 21098 38690 40279 57007 70510 82302 333 70000 81630 81932 83068 555 11060 29068 32703=
40712 42660 32803 11072 21135 38720 40291 54000 83500 333 70000 83640 555 11084 29061 32904=
40713 41512 70000 11040 21068 38688 40261 57008 71022 84670 333 70000 83720 85459 555 11047 29081 32703=
40718 42560 61301 10077 20050 30300 40271 57011 84530 333 70000 84620 86358 555 10065 29083 30504=
40723 42960 09901 11037 21065 39010 40284 51003 333 70000 555 11044 29081 33404=
40726 41656 40000 11036 21069 38694 40278 58005 70500 84500 333 70000 84640 555 11045 29078 33402=
40727 41658 51601 11035 21052 38510 40281 57007 71022 82850 333 70000 82840 84360 555 11039 29088 33406=
40732 42560 72501 10086 20039 30287 40262 57010 87300 333 70000 82923 86626 555 10066 29073 30805=
40736 42960 01102 10062 20030 30300 40274 57006 333 70000 555 10049 29080 30806=
40738 42960 20000 10010 21012 30291 40293 58007 80001 333 70000 82070 555 10002 29085 31003=
40739 42962 03602 11006 21037 38731 40268 57010 333 70000 555 11016 29080 31706=
40741 42960 03002 10006 21024 39939 40282 58008 333 70000 555 11005 29080 30906=
40743 42965 00904 11004 21064 39117 40269 57011 333 70000 555 11023 29064 31009=
40745 41958 00000 11017 21037 39096 40279 58006 71000 333 70000 555 11023 29086 31604=
40747 42660 20303 10004 21056 38666 40255 58004 82500 333 70000 82640 555 11017 29064 33604=
40754 41658 71902 10053 21069 38869 40237 58008 70522 82576 333 70000 82645 86460 85269 555 10011 29041 32004=
40762 42965 00000 11039 21064 38586 40259 58013 333 70000 555 11045 29083 30804=
40766 42960 40000 10016 20001 38712 40220 57011 84060 333 70000 84359 555 10010 29090 31205=
40768 41530 61601 11069 21078 38282 40301 57011 72222 85620 333 70000 82730 83645 85559 555 11069 29093 31202=
40769 41510 80000 11017 21020 38313 40249 57012 77177 8352/ 333 70040 83630 88557 555 11017 29098 30502=
40780 42660 71601 10052 20034 38696 40195 58007 82570 333 70000 82640 87458 555 10044 29088 31709=
40782 41657 80000 10061 20053 38884 40194 58004 72162 8432/ 333 70038 82935 84640 88457 555 10057 29095 32503=
40785 41557 80000 10044 20038 39152 40269 50003 76166 8832/ 333 70015 81930 83635 88559 555 10041 29096 33604=
40791 42660 71201 10092 21041 39393 40223 57014 83510 333 70000 83640 86460 555 10042 29039 31603 42404=
40792 42660 83201 10041 21027 38753 40222 58009 8351/ 333 70000 83635 88459 555 10015 29061 32904 43506=
40798 41530 83002 10012 20009 37961 40173 50000 78086 8532/ 333 70031 81725 81930 83635 88458 555 10011 29098 33208 4////=
40800 42660 80000 10037 20020 38479 40212 58005 8352/ 333 70015 83640 88460 555 10030 29089 31204=
40809 42660 80902 10070 21035 38530 40192 57008 81172 333 70000 81840 85459 555 10029 29047 31003 40506=
40811 41658 71202 10128 20119 30153 40180 58007 71022 85370 333 70007 82935 83640 87459 555 10123 29094 31705=
40812 41657 83302 10119 20110 39795 40170 55002 71022 86370 333 70111 82935 84640 86460 555 10114 29094 33403=
40821 41656 73103 10052 21035 38819 40235 55012 70522 83510 333 79999 83640 87459 555 10019 29053 33004 43006=
40829 42960 73605 10112 21030 39653 40227 50012 87020 333 70000 87459 555 10057 29037 33512 4////=
40831 41950 30303 10126 20117 30181 40189 54000 71021 83030 333 70044 83360 555 10121 29094 31106=
40833 42660 50102 10151 20113 30152 40184 53002 85500 333 70006 85640 555 10131 29078 31008=
40841 41650 73102 10061 20057 38287 40189 55009 76066 82420 333 70091 82640 87558 555 10059 29098 32505 42609=
40848 41425 80000 10058 20058 38569 40231 58009 76362 8632/ 333 70272 81710 82930 83635 88558 555 10058 29100 32403=
40854 42660 10000 10103 21024 38986 40184 57008 81400 333 70000 81640 555 10052 29041 30503=
40856 42660 60602 10104 21018 38681 40190 56014 84270 333 79999 84840 84360 555 10053 29043 31507 40611=
40859 41440 82602 10090 20082 38744 40210 56010 71086 8732/ 333 70039 82715 82930 83635 88458 555 10086 29095 32808=
40875 42960 33404 10191 20075 30155 40166 58006 83030 333 79999 83360 555 10132 29047 30606=
40879 42960 60000 10176 20008 39518 40187 50000 86070 333 70000 86360 555 10100 29032 32706 4////=
40882 41958 40703 10216 20150 30124 40159 57003 70522 80006 333 70000 84270 555 10177 29066 31207=
40883 41957 50902 10201 20121 30133 40160 56002 70500 85030 333 70000 85360 555 10156 29060 31807=
40893 41957 00802 10218 20128 30165 40171 57007 70500 333 70000 555 10167 29057 31703=
40898 41550 10000 10213 20197 30163 40172 56010 71000 81600 333 70000 81720 555 10203 29091 30607 4////=
41024 42660 23509 10237 20140 30122 40148 82500 333 58015 82640=
41036 42560 33604 10164 20110 38569 48519 83800 333 58017 83830 555 04410 50125=
41055 42560 21704 10182 20070 38377 48522 82400 333 58016 82630 555 04410 50117=
41061 42860 31408 10227 21010 39418 40107 83030 333 59002 83357=
41084 42560 32606 10232 20110 38857 48521 83400 333 58013 83630 555 04410 50087=
41112 42960 02005 10149 20050 37964 48529 333 58013 555 04410 50111=
41114 42960 02408 10155 20060 38002 48531 333 58010 555 04410 50106=
41128 42960 00604 10232 20000 38809 48524 333 58009 555 04410 50094=
41136 42960 02504 10218 20030 39319 40107 333 58009=
41140 42560 40000 10263 20210 30125 40132 84400 333 58013 84630=
41150 42962 71107 10199 20184 40147 8707/ 333 59036 87466=
41170 42960 30206 10205 20172 30136 40149 80001 333 59029 83072=
41176 44/58 /0808 10203 20188 30136 40142 333 5////=
41184 42960 29902 10203 20087 40162 80001 333 59017 82070=
41194 42960 51208 10255 20059 30144 40150 85030 333 59018 85365=
41196 42960 21304 10219 20071 30118 40160 82030 333 59016 82362=
41216 42960 31108 10241 20102 30147 40151 83030 333 59017 83368=
41217 42960 31108 10233 20088 30120 40149 83030 333 59015 83368=
41244 36/// /1306 10235 20095 39735 40148 333 0E024 55300 25022 58002=
41246 36/// /2104 10205 20157 30162 40165 333 0E021 55300 25022 59012=
41256 32960 02603 10202 20161 30146 40163 333 59015 55000 55407 55408 55507 55508=
41262 36/// /1408 10206 20051 39973 40171 333 0E021 55300 20000 58004=
41267 36/// /3200 10235 20033 30151 40164 333 0E020 59010=
41268 36/// /2408 10204 20155 30115 40163 333 0E020 55300 25022 59004=
41275 36/// /1407 10193 20175 30018 40190 333 0E019 55300 20000 58002=
41288 36/// /0804 10214 20194 30158 40180 333 0E023 58004=
41304 36/// /0700 10194 20191 39853 40172 333 0E019 55300 20000 58009=
41315 36/60 /0000 10175 20164 39341 48222 333 0E024 55300 27865 59002=
41316 32560 52302 10239 20189 30142 40172 85500 333 59001 55000 55407 55408 55507 55508 85625=
41396 42960 01804 10226 20101 39428 40146 333 58005=
41480 41558 30815 10255 20215 30150 40159 70544 82500 333 58004 82620=
41506 12920 00000 10010 21029 38536 48330 60001 333 58020==
41508 12940 00000 10025 21001 38691 48540 60001 333 58005==
41515 12420 20000 10036 21034 38577 48380 60001 8250/ 333 56800 59003==
41516 12940 40000 10060 21033 38532 48900 60001 84030 333 56080 59010==
41517 11440 60000 10020 21048 37775 48060 60001 70422 83530 333 56880 59012==
41518 12440 81802 10106 21090 30001 48010 60001 8852/ 333 5688/ 58000==
41519 12440 63101 10100 21042 38738 48780 60001 83520 333 56880 59020==
41523 12940 00000 10060 20013 39109 48110 60001 333 58008==
41535 12940 00000 10050 20014 38721 48850 60001 333 58003==
41536 12940 00000 10090 20023 39065 48250 60001 333 58015==
41560 12940 01302 10015 21010 38308 48410 60001 333 58002==
41571 11900 10502 10100 21007 39598 40197 60001 70500 80001 333 56008 58035==
41598 11940 00000 10095 20038 39888 40169 60001 70400 333 58012==
41600 11940 20000 10105 20085 30000 40166 60001 70400 82030 333 56080 58015==
41620 11940 02701 10050 21067 38586 48870 60001 70500 333 58010==
41624 11920 02301 10125 20049 30000 40147 60001 70400 333 58005==
41630 11940 30501 10100 20057 30000 40180 60001 70400 83030 333 56080 58018==
41640 11940 00000 10150 20081 30000 40169 60001 70400 333 58022==
41660 12900 31302 10030 21089 38477 48680 60001 80001 333 56008 59005==
41678 11940 00000 10140 20068 30000 40174 60001 70400 333 58024==
41696 12940 00000 10020 21048 38015 48470 60001 333 58005==
41697 12940 00000 10160 20043 30000 40169 60001 333 58018==
41700 11920 10121 20091 30000 40173 60001 70400 333 58027==
41710 12940 31301 10160 21028 30000 40190 60001 83010 333 56080 58003==
41712 12940 00000 10100 20008 39215 48160 60001 333 58010==
41715 11910 00000 10140 20080 30000 40187 60001 70400 333 58037==
41718 11920 00000 10120 20090 30000 40170 60001 71000 333 58021==
41725 12940 00000 10160 20057 30000 40166 60001 333 58029==
41739 12940 00000 10140 20007 39074 48260 60001 333 58008==
41744 12940 00000 10110 20008 38779 48000 60001 333 59017==
41749 11940 00000 10145 20094 30000 40176 60001 70400 333 58033==
41756 11920 00000 10185 20142 30000 40176 60001 70504 333 58011==
41757 12940 00000 10185 20142 30162 40175 60001 333 58013==
41759 12940 00000 10155 20063 30000 40181 60001 333 58025==
41764 12940 00000 10185 20101 30111 40162 60001 333 58014==
41768 12940 00000 10175 20121 30158 40165 60001 333 58027==
41780 11940 00000 10195 20124 30140 40168 60001 70400 333 58020==
42027 32596 20501 10012 21011 38431 48519 82500 333 58000=
42123 32996 00000 10144 20066 40172 333 58025=
42165 32996 00000 10170 20080 40164 333 58021=
42182 31995 02703 10160 20116 40152 71000 333 58023=
42189 31995 03204 10146 20096 40130 70500 333 58020=
42328 31995 00000 10150 20073 40146 70500 333 58019=
42339 31995 00000 10160 20034 40167 70500 333 58031=
42348 31996 09902 10172 20052 40165 70500 333 58032=
42369 31995 02704 10148 20094 40136 70500 333 58019=
42379 31995 00000 10182 20129 40101 70500 333 58006=
42452 31996 09902 10134 20086 40157 70500 333 58031=
42492 31994 00000 10190 20145 40115 71000 333 58007=
42591 31995 00000 10124 20084 40130 71000 333 58006=
42701 31996 00000 10164 20086 39384 40122 70500 333 58007=
42724 31594 20000 10224 20218 40081 71000 82500 333 59004 82620=
42798 31995 00000 10204 20134 40118 70500 333 58014=
42809 31594 50000 10238 20226 40110 71022 83530 333 58001 83620 84360=
42886 31995 00000 10196 20137 40119 70500 333 58001=
42895 32996 20000 10238 20226 40111 82030 333 59004 82360=
42971 31995 02001 10246 20225 40111 71000 333 59009=
43086 31995 00000 10224 20199 39935 40114 70500 333 58008=
43150 31995 22302 10256 20229 30056 40117 71000 80001 333 59006 82075=
43185 31996 00000 10222 20212 30103 40107 70500 333 59008=
43201 32996 02001 10206 20117 39381 40112 333 58006=
43213 32996 00000 10236 20145 39784 40102 333 59003=
43233 32996 20000 10206 20165 39307 40130 80001 333 59003=
43237 32996 00000 10228 20135 39703 40098 333 58003=
43245 32996 00000 10236 20217 30087 40114 333 59009=
43284 31995 01103 10240 20200 39991 40107 71000 333 58000=
43295 32996 10000 10200 20165 39107 48510 80001 333 59001 81075=
43314 32996 20000 10262 20233 40111 80001 333 58006=
43321 31496 40502 10230 20150 39669 40119 70510 81501 333 59003 81612 83070=
43329 31996 00000 10240 20219 30101 40115 71000 333 59005=
43333 31495 30000 10238 20211 40109 70511 82401 333 59003 81618=
43344 31995 20503 10234 20216 30018 40119 71000 80001 333 59007 82075=
43369 32596 30000 10250 20238 40109 83500 333 58006 83620=
43371 32996 20000 10244 20223 30038 40111 80001 333 58001 82075=
44212 429// 01201 11312 21356 39099 40391 57009==
44213 42/// 70000 11216 21253 38740 40330 57006 87010==
44214 42/70 43406 11126 21217 38212 40281 57006 82041==
44215 429// 71004 11155 21219 38329 40281 57009 80008==
44217 32998 12702 11189 21240 37805 40410 57006 80004 333 91202=
44218 42/// 40000 11207 21233 38542 40330 58012 82044==
44219 32999 31403 11201 21238 38573 40343 58013 80008 333 91204=
44265 429// 02501 11256 21287 38862 40438 57004==
44266 329// 03202 11144 21242 37721 40343 57008 333 91206=
44454 42456 20906 10089 20057 38635 48471 82100 333 59001=
51076 14/80 /3301 11184 21222 39389 40333 52003 60001 333 11056 21219 3/103 4/025 59073 70000 90761 91103==
51087 14/76 /1501 11175 21225 39235 40330 57007 60001 333 11060 21227 3/106 4/018 59077 70000 90761 91104==
51156 14/80 /0703 11133 21178 38690 40290 57002 60001 333 11041 21165 3/116 59065 70000 90761 91105==
51243 14/50 /0402 11168 21193 39742 40334 54000 60001 710// 333 11075 21178 3/115 59070 70000 90761 91104==
51334 14/56 /0902 11169 21197 39896 40333 57011 60001 705// 333 11075 21227 3/111 4/012 59072 70000 90761 91104==
51379 14/25 /1502 11218 21245 39338 40370 57001 60001 705// 333 11078 21237 3/107 4/022 59040 70000 90761 91104==
51463 14/61 /1801 11128 21180 39066 40340 57008 60001 333 11095 21170 3/101 4/036 59041 70000 90761 91105==
51573 14/69 /0502 11041 21191 30237 40289 57003 60001 333 10051 21062 3/111 59087 70000 90761 91103==
51644 14/50 /2701 11079 21129 38980 40285 57009 60001 705// 333 10019 21105 3/106 59076 70000 90761 91105==
51656 14/57 /2303 11085 21139 39193 40295 57004 60001 333 10021 21122 3/112 59072 70000 90761 91108==
51709 14/57 /3001 11062 21144 38652 40284 57007 60001 333 10015 21062 3/108 59063 70000 90761 91103==
51711 14/58 /2601 11091 21127 38012 40235 57008 60001 333 11027 21111 3/114 59063 70000 90761 91107==
51716 14/38 /1801 11026 21116 38945 40272 57009 60001 706// 333 10038 21060 3/106 59064 70000 90761 91104==
51765 14/60 /2801 11079 21167 39259 40292 57001 60001 333 10047 21139 3/114 59063 70000 90761 91104==
51811 14/39 /0901 11029 21169 38820 40273 57008 60001 706// 333 10031 21034 3/108 59055 70000 90761 91105==
51818 14/25 /1101 11029 21197 38667 40273 57009 60001 706// 333 10027 21060 3/108 59047 70000 90761 91106==
51886 14/80 /2000 11155 21307 37083 40262 57002 60001 333 11023 21191 3/120 59045 70000 90761 91105==
52203 14/59 /0501 11130 21206 39364 40294 57004 60001 333 10019 21153 3/118 59084 70000 90761 91105==
52602 14/66 /3302 11194 21313 37246 40312 57008 60001 333 11034 21226 3/125 59041 70000 90761 91106==
52818 14/80 /2100 11129 21252 37197 40223 57014 60001 333 11003 21134 3/118 59061 70000 90761 91106==
52908 14/80 /2900 11223 21260 35679 40228 57016 60001 333 11099 21242 3/126 59048 70000 90761 91109==
55228 14/80 /2903 11104 21254 35958 40096 52001 60001 333 11018 21161 3/114 59025 70000 90761 91116==
55299 14/80 /0301 11113 21258 35758 40035 57014 60001 333 11013 21148 3/116 59044 70000 90761 91114==
55578 14/80 /2402 10004 21249 36294 49928 57010 60001 333 10109 21083 3/108 59018 70000 90761 91115==
55591 14/80 /2801 10017 21172 36427 49904 57006 60001 333 10112 21021 3/106 59038 70000 90761 91114==
55664 14/80 /2804 11035 21207 35947 49990 57019 60001 333 10062 21133 3/110 59018 70000 90761 91120==
55773 14/78 /1502 11086 21114 35963 40116 57013 60001 333 11021 21094 3/114 59006 70000 90761 91110==
56004 14/80 /3202 11146 21205 35737 40113 57012 60001 333 11071 21168 3/121 59044 90761 91111==
56018 14/80 /1802 11096 21149 36103 40069 57018 60001 333 11008 21126 3/111 59034 70000 90761 91109==
56312 14/80 /1903 10004 21039 37038 40078 57015 60001 333 10087 20004 3/002 59011 70002 90761 91112==
62306 42560 43107 10130 20045 40268 52002 84500==
62309 42560 63211 10138 20035 40248 54000 86800==
62332 42960 02612 10124 20081 40235 54000==
62366 45960 03203 10126 20058 40241 57001==
62387 42960 03407 10097 20039 40243 52006==
62393 42960 03605 10098 20025 40254 52004==
62405 42960 01608 10138 20002 40201 52004==
62414 42960 03506 10142 21013 40194 52005==
62419 42960 03412 10164 20001 40191 52018==
62420 42960 03502 10112 20014 40254 52008==
62435 42960 03508 10143==
62458 42960 03503 10135 20015 40230 52006==
62465 42960 03022 10156 20062 40174 52001==
40420 42660 50206 10183 20150 39940 40148 81470 92046 333 59031 81640 84360=
