SMPK OPKC 051800=
41504 02995 72704 11005 21103 37820 48483 60003 87050 333 56090 59007 60007 83360 85460 RH48%=
41506 02695 40000 10060 20003 38523 48521 60003 82520 333 56990 58009 60007 82640 83460 67%=
41507 02996 00906 10110 20007 39267 49792 60003 333 58004 60007 49%=
41508 01695 50000 10036 20010 38688 48553 60043 70162 82520 333 56990 58034 60027 82635 83460 84%=
41509 02696 70000 10070 20024 38759 48497 60003 82520 333 56990 59011 60007 82640 85460 RH 73%=
41510 02696 50000 11010 21010 37906 48532 60003 82520 333 56990 58016 60007 82640 83460 100%=
41515 02695 50000 10044 21005 38557 48519 60003 82520 333 56990 59003 60007 82650 83460 70%=
41516 02996 00000 10050 21030 38524 48482 60003 333 58011 60007 RH56%=
41517 01996 00000 10020 21032 37769 48500 60003 70400 333 58009 60007 68%=
41518 02696 41802 10072 21036 38/// 48/// 60003 82520 333 56990 5//// 60007 82640 82462 47%=
41519 02696 30000 10095 20001 38744 48483 60003 83500 333 56900 59009 60007 83640 RH52%=
41520 02995 03604 11010 21098 37609 48264 60003 333 58019 60007 47%=
41523 02696 30000 10070 21003 39102 48506 60003 83500 333 56900 58026 60007 83640 60%=
41524 02696 30000 10090 20059 39383 40269 60003 83500 333 56900 58039 60007 83640 81%=
41525 12696 40000 11010 21042 37673 48413 60003 81520 333 56990 58006 81640 83460 74%=
41528 01696 50000 10080 20048 39250 48521 60003 70422 82520 333 56990 58032 60007 82640 83460 80%=
41529 02996 30000 10115 20050 39806 40196 60003 83030 333 56090 58032 60007 83362 64%=
41530 019// 63106 10120 21002 39768 40191 60003 70522 86030 333 56090 58034 60007 86360 43%=
41534 02996 00000 10105 20062 39764 40190 60003 333 58029 60007 75%=
41535 02696 50000 10045 20009 38725 48488 60003 83520 333 56990 58022 60007 83635 84460 RH77%=
41536 02996 00000 10080 20023 39064 48522 60013 333 58031 60007 67%=
41560 02996 02305 10040 21008 38310 48541 60003 333 58003 60007 71%=
41562 02996 03102 10110 20015 39704 40179 60003 333 58020 60007 52%=
41565 02995 23102 10072 21054 38646 48512 60003 82020 333 56090 59019 60007 82460 RH 41% =
41567 01996 00000 10120 20056 39714 40139 60003 70400 333 58008 60007 65%=
41571 119// 10504 10110 20007 39604 40202 60003 70500 81030 333 56090 58027 RH49%=
41572 01696 20000 10090 21006 39542 40186 60003 70500 82500 333 56900 58028 60007 82640 RH51%=
41573 02997 03602 10015 21054 37974 48514 60013 333 58017 60007 60%=
41574 02997 00000 10050 20017 38353 48535 60003 333 58008 60007 79%=
41576 01996 00000 10115 20062 40191 60003 70400 333 58018 60007 70%=
41577 01996 00000 10090 20035 39564 40196 60003 70400 333 56000 58026 60007 RH 69%=
41593 01996 00000 10115 20050 39959 40181 60003 70400 333 58024 60007 64%=
41597 01996 00000 10125 20062 40193 60003 70400 333 58020 60007 65%=
41598 01995 00000 10100 20044 39895 40175 60003 70400 333 58026 60007 68%=
41599 01995 02304 10120 20079 39889 40187 60003 70400 333 58024 60007 76%=
41599 01995 02304 10120 20079 39889 40187 60003 70400 333 58024 60007 76%=
41600 01996 00000 10110 20090 39873 40177 60003 70400 333 58020 60007 87%=
41620 31996 01802 10070 21076 38581 48483 60003 70500 333 58009 60007 35%=
41624 01995 00000 10120 20068 39973 40179 60003 70400 333 58019 60007 70%=
41625 01996 00000 10115 20062 39948 40154 60003 70400 333 58001 60007 70%=
41630 01996 00000 10120 20068 40189 60003 70400 333 58023 60007 70%=
41630 01996 00000 10120 20068 40189 60003 70400 333 58023 60007 70%=
41633 01996 00000 10105 20074 4//// 60003 70400 333 5//// 60007 81%=
41634 02996 20000 10080 20023 3//// 4//// 60003 82030 333 56090 5//// 60007 82360 67%=
41635 01996 00000 10100 20057 3//// 4//// 60003 70400 333 5//// 60007 74%=
41636 01996 00000 10120 20079 39988 40179 60003 70400 333 58009 60007 76%=
41638 01996 00000 10125 20096 4//// 60003 70400 333 5//// 60007 82%=
41639 01996 00904 10120 20079 3//// 4//// 60003 70400 333 5//// 60007 76%=
41640 01996 00000 10130 20091 39930 40186 60003 70400 333 58021 60007 77%=
41641 01996 00000 10150 20092 39904 40183 60003 70400 333 58023 60007 68%=
41642 01996 00000 10120 20068 3//// 4//// 60003 70400 333 5//// 60007 70%=
41643 01995 00000 10110 20090 39897 40182 60003 71000 333 58018 60007 87%=
41644 01996 00000 10120 20090 3//// 4//// 60003 70400 333 5//// 60007 82%=
41646 01995 00000 10140 20102 39970 40189 60003 70400 333 58011 60007 78%=
41652 01996 03102 10105 20023 30004 40189 60003 70400 333 58013 60007 57%=
41660 029// 02306 10035 21129 38464 48554 60003 333 58018 60007 RH29%=
41661 02996 00000 10040 21094 38415 48545 60003 333 58015 60007 37%=
41669 01996 00000 10110 20068 3//// 4//// 60003 70400 333 5//// 60007 75%=
41670 01996 00000 10110 20068 4//// 60003 70400 333 5//// 60007 75%=
41674 01996 00000 10120 20068 3//// 4//// 60003 70400 333 5//// 60007 70%=
41675 01995 00000 10140 20091 30033 40180 60003 70400 333 58023 60007 77%=
41675 01995 00000 10140 20091 30033 40180 60003 70400 333 58023 60007 77%=
41676 01996 00000 10130 20056 30022 40183 60003 70400 333 58006 60007 61%=
41677 01996 00000 10120 20090 39996 40167 60003 70400 333 58023 60007 82%=
41678 01996 00000 10150 20069 40180 60003 70400 333 58009 60007 58%=
41679 01996 00000 10120 20091 4//// 60003 70400 333 5//// 60007 82%=
41680 01996 00000 10130 20080 39975 40178 60003 70400 333 58026 60007 71%=
41685 02997 03602 10075 21151 38938 48511 60003 333 58019 60007 RH18%=
41696 02996 00000 11010 21070 38009 48546 60003 333 58002 60007 RH64%=
41697 02996 00000 10150 20069 40169 60003 333 58006 60007 RH58%=
41700 01995 00000 10125 20074 40169 60003 70400 333 58019 60007 71%=
41701 01995 00000 10120 20090 30033 40179 60003 71000 333 58015 60007 82%=
41710 12996 01302 10120 21068 39385 40171 60003 333 58000 RH26%=
41712 12996 00000 10110 21008 39218 48521 60003 333 59008 RH44%=
41715 01994 00000 10170 20115 30113 40180 60003 70400 333 58012 60007 RH70%=
41716 01996 00000 10130 20043 30077 40184 60003 70400 333 58015 60007 55%=
41718 01995 00000 10100 20057 30069 40177 60003 70400 333 58020 60007 74%=
41724 01995 00000 10130 20043 30118 40200 60003 70500 333 58018 60007 RH55%=
41725 01996 00000 10140 20056 30091 40171 60003 70500 333 58012 RH57%=
41726 01994 10135 20074 30106 40180 60003 70500 333 58003 60007 RH67%=
41738 02996 00000 10200 20046 30005 40187 60003 333 580007 60007 RH36%=
41739 02996 00000 10125 20014 39076 48525 60003 333 58000 60007 RH47%=
41742 12996 01802 10155 20020 40174 60003 333 58010 RH40%=
41743 01996 00000 10135 20062 60003 70400 333 60007 RH 61%=
41744 12996 00000 10120 21026 38792 48509 60003 333 59001 RH 36%=
41745 01995 03602 10150 20081 60003 70400 333 60007 RH63%=
41746 02996 00000 10125 20074 30124 40181 60003 333 58008 60007 RH71%=
41747 01995 00000 10095 20038 40163 60003 70400 333 58014 60007 RH68%=
41748 01995 00000 10150 20092 40183 60003 70500 333 58012 60007 RH68%=
41749 01996 02704 10145 20086 30143 40176 60003 70400 333 58004 60007 RH68%=
41756 01996 02302 10190 20108 30117 40184 60003 70504 333 59001 60007 RH59%=
41757 12996 00000 10175 20100 30172 40185 60003 333 58003 RH61%=
41759 02996 01302 10190 20096 30184 40190 60003 333 58003 60007 RH55%=
41764 02996 00000 10150 20043 30106 40158 60003 333 59002 60007 RH49%=
41765 02996 00000 10180 20083 30138 40174 60003 333 58013 60007 RH53%=
41766 01994 00000 10120 20079 30148 40178 60003 74000 333 58016 60007 RH76%=
41767 02996 00000 10155 20098 3//// 4//// 60003 333 60007 RH69%=
41768 02996 00000 10140 20080 30160 40167 60003 333 58008 60007 RH67%=
41780 02996 00502 10170 20057 30148 40176 60003 333 58013 60007 RH47%=
41783 02996 00000 10175 20089 30135 40165 60003 333 58014 60007 RH 57%=
41785 02996 00000 10150 20092 30161 40174 60003 333 58003 60007 RH 68%=
41786 02996 03102 10140 20028 30119 40157 60003 333 58002 60007 RH 47%=
41BKI 02996 42304 10130 20013 39759 40185 60003 84030 333 56090 58029 60007 84360 45%=
41SKP 01996 00000 10110 20079 3//// 4//// 60003 70400 333 5//// 60007 81%=
43532 02697 60000 10095 20042 39347 40170 60013 70400 83520 333 56990 58027 60007 83640 83460 69%=
43533 02997 03104 10100 20047 39249 48507 60013 333 58007 60007 70%=
43563 02997 00000 10111 20070 39473 40180 60003 333 58021 60007 76%=
Data Generated from File : D:/all data handling/Rmc_lhr/2025020518.FSU.txt
05/02/2025   19:00:52
____________________________________________________________________________________________
15020 01570 83202 11007 21022 30127 40335 52011 69932 70276 8357/ 333 10007 21010 3/001 42998 55300 20000 69907 91004 90760 91105==
15090 01470 63101 10001 21030 30233 40331 52015 69932 70272 86500 333 10019 20001 31002 55300 10080 20000 30000 60007 91003 90760 91103==
15108 01/00 91401 11097 21106 38118 48542 51008 60052 77174 89/// 333 11094 21103 49081 55300 20000 60027 91006 90760 91107==
15150 01470 73001 11008 21032 30111 40336 51015 60022 72272 85720 333 10015 21012 3/002 43001 55300 20000 69927 91003 90760 91103==
15170 01533 70601 11029 21037 39500 42873 51013 69962 72682 87300 333 10004 21036 3/002 47005 55300 20000 69967 91002 90760 91102==
15280 01/00 9//// 11142 21159 37483 47009 53007 69962 74973 89/// 333 11140 21155 49084 55300 20000 69937==
15310 01570 53402 11007 21059 30228 40319 51019 69912 70272 85500 333 10023 21007 34004 55300 10230 20000 30000 60007 91005 90760 91105==
15335 01570 63403 10003 21043 30303 40310 52018 69942 70182 86500 333 10021 21001 34003 55300 20000 60007 91006 90760 91106==
15350 01/70 80404 10005 21031 30203 40329 52016 69922 70272 8802/ 333 10020 21005 31003 55300 20000 69907 91006 90760 91107==
15360 04/70 33510 10011 21034 30278 40296 52018 69902 83030 333 10019 20007 60007 91012 90760 91112==
15420 04570 60603 10003 21031 30205 40322 53027 60002 83570 333 10057 21045 31009 55300 20000 60007 91006 90760 91108==
15460 01/70 83503 10006 21017 30293 40319 52018 69932 77172 8802/ 333 10029 21002 31006 55300 20000 69917 91005 90760 91106==
15470 04/70 22803 10019 21038 30178 40309 52016 60002 82040 333 10074 21027 30014 55300 20000 60007 91004 90760 91104==
15480 04470 73103 10002 21043 30285 40304 52017 69962 87600 333 10035 21006 3/007 41998 55300 10200 20000 30000 69957 91007 90760 91108==
15549 12570 80202 10006 21023 39870 40303 53016 60002 886// 333 10037 21030 555 581//=
15552 11565 73203 10016 21032 30245 40296 52013 69902 72272 87500 222// 00077 10301 333 10045 20006 555 40000 57000 64599 71800 92024 92427=
15640 12670 73605 10033 20012 39975 40297 53006 69902 87500 333 10055 21009 555 586//=
15655 12568 63404 10035 21029 30259 40293 52010 60002 86500 222// 00080 10301 333 10065 20016 555 563// 92035 92437=
15730 12970 53603 10021 21050 39888 40299 53014 60002 83031 333 10055 21004 555 559//=
16627 12560 20105 10040 21036 30285 40291 53019 60002 82100 333 10080 90730 91113==
16650 12460 70609 10076 21027 30279 40289 52016 60002 87600 333 10076 81712 86625 90730 91120==
16667 12560 40312 10062 21019 30260 40273 52017 60002 84400 333 10082 90730 91129==
16706 12560 53620 10080 21021 30240 40247 52011 60002 85500 333 10086==
16723 12560 40114 10076 20018 30222 40236 52028 60002 84200 333 10102 90730 91128==
16742 12560 33621 10066 21007 30046 40206 52026 60002 83100 333 10092 90730 91141==
16749 12460 23118 10102 20017 30156 40171 52026 60002 82100 333 10130 90730 91132==
16754 12460 63422 10108 20019 30196 40246 50011 60002 86800 333 10114 81818 86620 90730 91138==
16760 12560 73620 10074 20007 40236 53011 60002 87800 333 10086 84820 84625 90730 91137==
16765 12560 43235 10100 21002 40182 52013 60002 84200 333 10129 90730 91150==
17022 11567 81804 10005 20005 30072 40245 50006 60132 72272 8552/ 333 10039 85631 88459 90760 91116==
17024 11570 70608 10019 20016 30151 40232 53004 60082 72272 85570 333 10040 85630 87359 90760 91121==
17026 11570 71302 10018 20006 30193 40233 52008 60032 72782 85270 333 10089 85830 87358 90760 91123==
17031 11445 72004 10013 20008 30207 40214 51005 60232 78388 87200 333 10045 84712 87825 90760 91108==
17034 11560 70000 10025 20011 30167 40215 51001 60082 78088 84250 333 10047 84830 87358 90760 91105==
17038 11356 72505 10029 20013 30148 40197 58002 60062 76166 87500 333 10049 84709 87625 90760 91117==
17042 12670 71002 10049 20015 30158 40199 50000 60002 84550 333 10075 84635 87360 90760 91107==
17050 12670 60000 10047 21030 30239 40304 52019 60002 83570 333 10072 83635 86358 90760 91111==
17056 12670 63405 10047 21014 30291 40296 52021 60002 83230 333 10071 83835 86360 90760 91117==
17060 11570 70113 10046 21032 30235 40276 52008 69912 70282 85270 333 10071 85825 87359 90760 91128==
17070 11557 81301 11023 21037 39328 40232 51010 60042 77077 8552/ 333 10008 85628 88459 90760 91108==
17074 11570 73402 11010 21029 39254 40220 52012 69912 77077 84520 333 10018 84627 87458 90760 91111==
17084 11670 73505 10000 21037 39266 40200 52006 69902 70282 84570 333 10037 84635 87360 90760 91112==
17085 12570 83505 10024 21043 39687 40192 50005 69902 8452/ 333 10046 84630 88460 90760 91114==
17092 11440 82502 11005 21010 38774 48408 58006 60012 77172 8652/ 333 10033 82710 86625 88457 90760 91111==
17096 11559 70918 11016 21061 38150 48425 58005 69902 71072 85550 333 10008 85625 87357 90760 91125==
17098 12660 50110 11041 21075 38134 48454 51004 60002 83550 333 10026 83635 85357 90760 91124==
17100 11627 50000 10042 21065 39138 40153 54000 60002 70522 82530 333 10081 82640 85360 90760 91103==
17112 12670 40206 10056 21032 30284 40287 52017 60002 84200 333 10080 84835 90760 91118==
17115 12460 50213 10038 21018 30234 40287 52020 60002 85200 333 10064 82712 84835 90760 91131==
17116 11558 70203 10022 21012 30153 40279 52017 69912 78582 84250 333 10052 84830 86359 90760 91115==
17124 11560 53211 11023 21057 39293 40247 52010 69902 70382 85200 333 10038 85825 90760 91121==
17128 12660 60113 11015 21088 39070 40206 52012 60002 83150 333 10027 83840 86359 90760 91126==
17135 12670 53407 10002 21033 39287 40190 52012 60002 83550 333 10034 83640 85360 90760 91114==
17140 11550 80607 11055 21075 38658 48443 52005 60012 77377 8652/ 333 11027 86630 88457 90760 91119==
17150 11460 70113 10035 21033 30144 40272 52016 69982 78382 87200 333 10061 84715 86835 90760 91125==
17160 11662 83611 11024 21072 38978 48441 50003 69902 77022 8452/ 333 10002 84636 88458 90760 91119==
17170 11560 71117 10012 21031 38248 48423 57007 69902 77022 84550 333 10072 84630 87357 90760 91126==
17175 12665 50604 10049 21055 30267 40271 52023 60002 82130 333 10086 82840 85360 90760 91114==
17184 12670 53504 10027 21031 30145 40261 52019 60002 84240 333 10068 84840 85360 90760 91119==
17190 11570 53505 11035 21085 38992 48479 52015 69902 70172 85500 333 10009 85630 90760 91115==
17195 11440 80906 11025 21033 38911 48428 50000 60062 77177 8752/ 333 11004 84710 86620 88458 90760 91110==
17200 11357 83105 10016 20012 39095 40087 57007 60072 76862 8752/ 333 10057 84708 87715 88458 90760 91115==
17202 11470 72204 10029 20029 39035 40076 57007 60032 76122 85550 333 10097 83717 85630 87360 90760 91124==
17203 12670 71501 10043 21037 38781 48440 57011 60002 84250 333 10077 84840 87360 90760 91108==
17210 12670 62007 10100 21003 39037 40060 55002 60002 83130 333 10138 83840 86360 90760 91113==
17219 12565 43619 10043 21052 30105 40255 52024 60002 84500 333 10087 84630 90760 91133==
17234 12670 23304 10056 21046 30158 40228 52024 60002 82200 333 10125 82840 91014 90760 91115==
17237 12670 63206 10040 21037 39702 40220 52026 69912 84250 333 10082 84835 86359 90760 91115==
17240 11570 50113 10000 21063 39009 40182 52020 69902 70282 83550 333 10025 83630 85360 91025 90760 91125==
17244 11560 73419 11017 21053 38958 48448 52005 69902 77072 84550 333 10005 82720 84630 87359 90760 91128==
17248 11503 83504 11021 21034 38915 48421 57006 60032 77177 8552/ 333 11003 85629 88458 90760 91114==
17250 11570 80506 11031 21053 38733 48424 58004 60032 70272 8452/ 333 11012 84630 88459 90760 91120==
17260 11660 73606 10055 20016 39204 40017 57012 69962 70282 84130 333 10099 84840 87359 90760 91117==
17270 12670 53101 10106 21003 39402 40042 58007 60002 83550 333 10143 83640 85360 90760 91112==
17275 12670 50000 10076 21037 38876 48405 57005 60002 83550 333 10121 83635 85360 90760 91122==
17280 12560 72203 10103 21021 39270 40055 57004 60002 84530 333 10140 82720 84640 87360 90760 91122==
17290 12570 33513 10066 21045 30165 40198 52023 69902 83100 333 10119 83833 91023 90760 91128==
17292 12970 03403 10028 21074 39408 40184 52021 60002 333 10070 91013 90760 91115==
17300 12560 33220 10083 21063 30071 40143 52022 60002 83100 333 10132 83830 90760 91143==
17310 12670 40406 10109 21074 30073 40080 52012 60002 84200 333 10165 84835 91016 90760 91116==
17330 12670 72906 10089 21038 30063 40081 53002 60002 84270 333 10148 84838 87358 90760 91124==
17350 12660 60108 10085 20001 39969 40047 57014 60082 83150 333 10110 83840 86357==
17370 12670 63504 10117 20071 30050 40054 58009 60022 83230 333 10148 83835 86360 90760 91115==
17375 11570 23607 10097 21067 30109 40111 52020 60172 70391 82200 333 10146 82833 90760 91116==
33088 32597 50301 11025 21080 30147 40348 52012 85500 333 10010 555 1/103=
33135 115// 83505 11013 21040 30163 40317 52015 69932 78587 8597/ 333 10010 85930 555 1/101=
33177 32597 81301 10013 21005 30093 40339 52012 885// 333 10037 555 1/001=
33317 329// 33401 11030 21083 39987 40342 52012 82031 333 11002 555 1/102=
33393 32960 83102 10022 21019 39932 40336 53011 8807/ 333 10040=
33415 11296 80000 11012 21022 39924 40339 52010 69972 71022 886// 333 10004 88706 555 1/100=
33429 12697 83202 11034 21072 39893 40337 52009 69902 8455/ 333 11005 84636 555 1/102=
33466 11561 83404 11016 21050 30105 40301 52006 69902 78582 889// 333 10000 555 14101=
33506 11596 73401 11023 21029 30062 40266 52016 60012 71082 87900 333 11013 555 1/101=
33562 12960 23402 11028 21066 30017 40337 52012 69902 82030 333 10001 555 1/103=
33587 325// 83302 11019 21047 30031 40307 52008 889// 333 11003 88921 555 1/101=
33658 11483 83102 11009 21020 30026 40339 52010 60012 72686 889// 333 10015 86711 555 1/100=
33663 12597 73101 11004 21061 30229 40329 52014 69902 83530 333 10020 555 1/101=
33664 32997 33602 11027 21084 30000 40333 52013 83030 333 10013 555 80016=
33678 32998 72804 11028 21082 30118 40338 52010 87050 333 11000 555 80014=
33679 32497 73401 11021 21060 30123 40323 52003 87500 333 10015 87617=
33711 11460 83304 11024 21040 30061 40280 52006 69962 78582 883// 333 11002 88713 555 1/101=
33745 12597 63002 11008 21056 30142 40345 52013 69902 86900 333 10018 555 80014=
33748 12597 80201 11012 21079 30023 40320 52013 69972 883// 333 10009 555 80014=
33754 32997 63302 10005 21053 30159 40311 52012 86030 333 10017=
33761 12561 73402 11030 21045 30074 40308 52012 69902 87500 333 10000 555 1/103=
33791 11522 82802 11012 21019 30147 40280 51010 69972 78581 8635/ 333 10011 86920 555 1/100=
33815 12598 83402 11004 21078 30093 40309 52020 69902 885// 333 10003=
33837 11584 53401 10000 21044 30243 40297 53017 69902 70282 82551 333 10014 555 1/102=
33881 12598 70102 11003 21069 30114 40319 52016 69982 87300 333 10013 555 80012=
33883 12597 73403 11009 21055 30142 40312 52013 69912 87500 333 10008 555 80014=
33885 12597 83503 11020 21058 30187 40328 52017 60012 885// 333 10010 555 80012=
33892 32997 83502 11017 21056 30088 40307 52017 8805/ 333 11001 555 80021=
33902 12597 33503 11023 21043 30224 40286 52013 69902 83500 333 10016 555 1/101=
33924 12560 71002 10004 21029 30265 40278 51014 60002 86580 333 10021==
33946 11371 80705 11010 21014 30041 40271 52012 69922 70272 8665/ 333 10017 86708==
33983 12597 20204 11009 21041 30194 40257 52007 60002 82500 333 10041=
34300 11497 80904 11016 21035 30097 40281 52031 60022 70272 885// 333 11009 555 1/102=
34336 42460 81103 11044 21054 30217 40326 52022 8371/==
34344 42570 80802 11038 21038 30228 40321 52020 885//==
34356 42/70 80803 11019 21032 30167 40321 52013 8807/==
34357 42570 80401 11039 21054 30154 40317 52017 8355/==
34398 125// 81005 11062 21085 30305 40318 52014 60002 885// 333 11027==
34415 11697 61601 11045 21054 30181 40283 52024 60022 70287 83530 333 11002 555 1/104=
34438 41440 81201 11047 21049 30110 40310 52016 71011 885//==
34445 42570 82601 11069 21070 30197 40318 51022 88500==
34461 42460 80602 11009 21034 30256 40313 52012 885//==
34473 125// 70805 11045 21069 30272 40313 52013 60020 87500 333 11003=
34476 42/70 70502 11046 21067 30299 40307 52014 86034==
34504 11250 83002 11018 21029 30090 40271 52013 69982 78582 889// 333 10012=
34535 41902 01101 11051 21055 30230 40306 52015 74641==
34545 42570 80702 11031 21039 30190 40307 52013 885//==
34555 42970 03503 11027 21048 30219 40314 52011==
34560 41360 80605 11012 21023 30108 40305 52009 77171 885// 333 84708 84619==
34578 41/40 80303 11005 21006 30289 40296 52009 71022 8801/==
34579 41520 80402 11013 21018 30252 40297 52009 71022 885//==
34644 41940 00502 11034 21039 30215 40295 52014 71011==
34646 42570 20402 11015 21034 30211 40296 52010 82500==
34655 42560 73401 11021 21034 30238 40301 52008 87500==
34662 42/70 80202 11005 21030 30289 40301 52011 8001/==
34691 12970 20000 11030 21061 30516 40503 52017 60002 80002 333 10010==
34720 41910 00303 11038 21043 30243 40285 51014 71011==
34727 42960 00803 11013 21035 30247 40278 51010==
34743 41940 60401 11023 21033 30203 40296 52011 71022 80005==
34759 41540 80102 11010 21016 30154 40289 52007 71022 885//==
34772 42560 80404 10002 21012 30286 40289 52010 885//==
34785 42960 01104 11039 21056 30310 40286 51013==
34798 12/60 60703 11038 21071 30423 40393 53013 60002 86030 333 10004==
34824 41940 00403 11012 21029 30263 40268 52006 71011==
34838 42660 70503 10007 21029 30163 40262 50004 8455/==
34845 42970 20703 11004 21028 30165 40276 52005 80001==
34858 41/40 80601 11003 21019 30168 40279 52006 71022 8807/==
34861 42560 80505 11011 21043 30031 40281 52006 885//==
34866 42460 80303 10009 21009 30286 40277 52005 885//==
34880 41940 00802 11037 21056 30307 40280 52012 71011==
34887 41540 70502 11001 21012 30295 40272 52011 71062 87500==
34949 42470 80605 11021 21045 39700 40265 52001 8355/==
34954 42570 80402 10004 21032 30091 40270 50002 885//==
34958 42570 80502 11003 21024 30066 40271 52002 885//==
34975 41440 80603 10014 20005 30271 40267 52005 72682 885// 333 88618==
34984 42560 80403 10000 21014 30303 40272 52010 885//==
35217 12/// 81106 11080 21107 30295 40337 52011 60002 8805/ 333 11070==
35302 125// 61005 11068 21106 30306 40328 52008 60002 86500 333 11060==
35315 325// 80905 11070 21091 30272 40331 52012 885// 333 11065=
35344 325// 60604 11104 21124 30106 40412 52011 86500 333 11070=
35358 129// 00205 11122 21149 30202 40383 52007 60002 333 11076==
35368 319// 00707 11063 21099 20128 40407 52002 73630 333 11045=
35386 315// 60508 11052 21077 39874 40414 52002 73833 86900 333 11038 91016 91117=
35394 11560 80606 11067 21099 39709 40415 58007 69902 77173 8652/ 333 11041 90760 91116==
35404 315// 81305 11061 21084 30307 40316 52014 77022 885// 333 11034=
35406 125// 70802 11069 21089 30312 40314 52008 60002 87500 333 11050==
35416 125// 20904 11082 21119 30207 40333 52017 60002 82500 333 11060==
35426 129// 40503 11096 21137 30060 40368 53021 60002 80001 333 11056==
35437 319// 61013 11087 21121 30121 40454 52007 73632 80003 333 11071 91018 91118=
35449 329// 00105 11109 21145 30278 40388 52009 333 11062=
35497 119// 00507 11095 21111 39832 40694 52004 60002 73633 333 11055==
35498 329// 00201 11122 21141 39483 40415 52002 333 11037=
35514 11598 70503 11050 21067 30526 40522 52009 69900 70288 87900 333 11053=
35522 329// 01004 11092 21132 30061 40326 52005 333 11063=
35542 329// 00505 11109 21132 30206 40363 52013 333 11056=
35563 31495 80802 11080 21094 39590 40393 58005 71022 886// 333 11063=
35576 129// 00606 11105 21133 39912 40386 52003 60002 333 11049==
35582 319// 00703 11105 21146 39766 40399 53005 70230 333 11046=
35594 329// 00905 11131 21155 39511 40402 52001 333 11053=
35605 32598 60704 11050 21063 30319 40297 52012 86500 333 11018=
35633 329// 00607 11094 21119 30128 40354 52008 333 11050=
35671 11940 00606 11086 21101 39921 40371 52002 60002 73633 333 11042==
35699 119// 00510 11086 21155 39568 40355 58009 60002 73633 333 11046 91016==
35700 11470 80802 11039 21058 30305 40281 52009 69902 70272 887// 333 11012==
35715 32997 01006 11058 21097 30307 40292 52013 333 11033=
35739 329// 00904 11064 21120 30173 40318 51007 333 11025=
35746 129// 00406 11059 21094 30260 40330 52006 60002 333 11010==
35777 329// 00503 11116 21151 39998 40363 52004 333 11051=
35796 12960 00403 11104 21143 39898 40356 52001 60002 333 11040==
35849 129// 30903 11064 21105 30222 40311 52003 60002 80001 333 10002==
35895 32997 00205 11115 21144 39892 40361 58002 333 11046=
35907 32598 70506 11018 21036 30293 40262 52011 87500 333 10016=
35925 129// 00904 11036 21050 30179 40294 52017 60002 333 10032==
35927 329// 01104 11008 21043 30276 52015 333 10021=
35953 129// 00706 11070 21108 30175 40310 52003 60002 333 11024==
35969 129// 00902 11082 21145 30135 40317 58001 60002 333 11032==
35997 319// 00501 11119 21154 39883 40343 52004 71000 333 11051=
36259 42984 00201 11355 21390 38377 48659 57002==
36335 114// 80305 11093 21112 39353 40422 57008 69930 77187 8802/ 333 11074=
36358 316// 83506 11110 21135 39343 40411 58012 70232 885// 333 11090=
36394 329// 01402 11250 21264 39976 40448 57003 333 11154=
36397 129// 02002 11229 21249 39821 40444 58004 60002 333 11126==
36403 319// 00000 11252 21265 30038 40442 53001 71000 333 11129=
36418 329// 03202 11250 21267 39769 40455 53001 333 11175=
36421 329// 00000 11314 21332 39823 40470 53001 333 11210=
36428 129// 03302 11308 21345 39900 40474 53007 60002 333 11199==
36439 329// 01802 11116 21180 39067 48560 56004 333 11069=
36498 319// 00107 11153 21192 39549 40393 52003 73630 333 11081=
36501 129// 71803 11145 21159 39618 40421 58005 69900 87030 333 11100=
36535 129// 00000 11305 21334 39757 40478 52001 60002 333 11194==
36546 329// 03001 11305 21328 39866 40483 52009 333 11205=
36619 329// 00501 11168 21197 333 11040=
36622 329// 00508 11188 21234 39539 40409 54000 333 11081=
36639 129// 00502 11223 21261 39713 40377 54000 60002 333 11023==
36643 329// 02502 11266 21282 39718 40461 56003 333 11181=
36665 319// 01801 11227 21243 39647 40448 52001 71000 333 11201=
36666 129// 01801 11277 21300 39910 40467 53002 69900 333 11194=
36729 32998 02902 11190 21209 39826 40348 52002 333 11065=
36736 319// 00804 11076 21158 39776 40350 52001 70230 333 11020=
36744 329// 00203 11142 21160 39862 40341 54000 333 11050=
36770 329// 00000 11216 21216 39565 40360 52005 333 11066=
36786 32999 00000 11152 21165 39360 40337 52010 333 11060=
36796 329// 00000 11245 21274 39075 48489 52010 333 11112=
36803 32999 02602 11154 21160 39859 40339 58003 333 11067=
36806 329// 01517 11146 21215 39835 40333 57012 333 11088 91020 91128=
36819 319// 82701 11147 21164 39678 40331 54000 71022 82021 333 11124=
36821 119// 00000 11155 21160 39817 40342 52003 60002 71000 333 11064==
36839 32998 32201 11150 21207 39144 40346 52003 82041 333 11066=
36843 329// 02502 11128 21142 39098 40337 52008 333 10025=
36846 329// 30501 11109 21211 38639 48519 52004 83011 333 11012=
36859 129// 00000 11110 21125 39544 40369 52008 60002 333 10017==
36870 129// 00000 11084 21103 39258 40311 52006 60002 333 10005==
36874 329// 01802 11200 21220 39640 40499 52004 333 11064=
36877 329// 00000 11151 21156 39681 40767 52003 333 11017=
36885 329// 41802 11113 21138 39146 40333 52006 84030 333 11005=
36889 329// 01801 11107 21235 37040 47057 52005 333 11048=
36894 329// 00000 11134 21158 39555 40342 52009 333 11040=
36905 329// 01201 11076 21141 38780 48536 52005 333 11002=
36911 429// 00000 11068 21080 39291 40305 58005 333 10046=
36927 42697 73602 11020 21086 38366 48535 52005 87900 333 10029=
36934 42997 03502 11027 21097 38283 48410 51003=
36953 329// 00000 11150 21170 38221 48508 52005 333 11026=
36963 429// 51102 11154 21247 37027 48/// 52003 82501 333 11062=
36974 427// 30901 11148 21175 38024 48578 52007 82501 333 11035=
36982 429// 23301 11198 21288 36508 47129 52007 82030 333 11054=
37018 42660 60203 10038 21046 30119 40196 57013 82401 333 90760 91110==
37031 42/60 80804 10010 21037 30049 40250 52002 8807/==
37054 41540 80000 11005 21039 39870 40266 54001 71022 885//==
37061 42560 80601 10009 21025 30098 40272 51003 885//==
37085 41540 80304 10018 20013 30292 40264 52004 76162 8872/==
37171 42/40 80901 10042 20000 30169 40188 57006 8805/==
37228 41420 80801 11021 21039 39388 40249 54000 71022 885//==
37235 41440 80701 10001 21012 39932 40258 54000 71022 886//==
37472 41540 82902 10028 20007 30281 40258 52003 71022 8657/==
38149 42970 00503 10004 21047 30185 40264 52007 333 10092==
38178 429// 00402 11034 21074 39945 40242 52005 333 10077==
38262 129// 00601 11005 21058 30174 40258 52006 60002 333 10108==
38264 42970 00402 10006 21055 30163 40259 52007 333 10098==
38345 42998 01001 11059 21094 38840 48523 52003 333 10062=
38353 429// 00000 11062 21085 39374 40315 52002 333 10039=
38388 72998 00000 10011 21061 30154 40226 52006 333 10106 6////=
38392 72997 00604 10043 21039 30140 40245 52006 333 10111 6////=
38396 42960 30504 10019 21046 30126 40254 52006 333 10115==
38403 429// 00702 10048 21077 30124 40246 52004 333 10122==
38413 429// 02801 10022 21070 39976 40273 53015 333 10098==
38457 12960 00302 10027 21018 39656 40254 54000 60002 333 10103==
38462 429// 03401 11038 21142 38791 48523 52005 333 10066=
38507 72996 41002 10040 21009 30117 40221 52005 80001 333 10115 6////=
38545 72997 00601 10020 21045 30058 40237 52004 333 10130 6////=
38565 129// 00902 11001 21032 39628 40203 52002 60002 333 10114==
38579 129// 00000 10008 21018 39819 40249 57003 60002 333 10108==
38583 12960 30901 10015 21007 39926 40256 54000 60002 80001 333 10099==
38599 31995 33602 10004 21027 39715 40267 54000 71011 80001 333 10082=
38611 41/20 53202 10013 21030 39693 40268 52007 71022 85040 333 10085==
38613 429// 00101 11008 21046 40286 52006 333 10082=
38616 425// 20901 11008 21065 39243 40287 53008 82500 333 10075=
38618 12/// 80000 10001 21026 39561 40270 52004 60002 82031 333 10091==
38647 72997 50902 10047 21041 30160 40203 52004 80006 333 10123 6////=
38656 72998 00502 10050 21029 30119 40229 52007 333 10144 6////=
38683 42960 00202 10043 21015 39953 40233 52002 333 10136==
38687 72997 00504 10055 21026 39995 40233 58002 333 10150 6////=
38696 126// 80902 10050 20006 39374 40236 54000 60002 885// 333 10129==
38713 329// 01402 11012 21071 39067 48520 54000 333 10081=
38750 72997 52901 10064 20038 30246 40218 52001 80001 333 10106 6////=
38763 72997 10000 10074 21009 30100 40205 54000 81030 333 10120 6////=
38774 72995 22302 10068 21011 30029 40226 53005 80001 333 10124 6////=
38799 32997 00903 10050 20006 39995 40229 53024 333 10170=
38806 32997 00501 10052 21013 39948 40211 52002 333 10150=
38812 41940 00502 10060 20006 39773 40230 52002 71000 333 10158==
38836 429// 00000 10062 20047 39284 49223 5201 71000 333 10134=
38880 02997 02202 10052 21016 39966 40225 52009 60002 333 10132 6////=
38886 72997 02802 10060 21003 39992 40222 52017 333 10158 6////=
38895 32996 00000 10062 21006 39928 40220 52007 333 10176=
38911 32997 00703 10068 20007 39943 40241 53020 333 10161=
38915 32997 00000 10082 20004 39903 40227 58001 333 10161=
38927 11956 00403 10050 20012 39857 40238 51009 60002 71000 333 10152==
38933 329// 00501 10044 21004 39738 40261 52006 333 10150=
38944 329// 00201 10061 20022 39642 40180 52005 333 10134=
38954 329// 00000 11060 21099 37954 48560 52012 333 10014=
38974 72998 03202 10072 21007 39878 40214 52011 333 10171 6////=
38987 32996 02101 10044 21023 39477 40231 52011 333 10174=
40100 43/60 72522 10157 20090 30063 40079 50001 6///1 333 58///=
40180 11560 72808 10133 20103 30053 40103 52005 60092 72996 8700/ 333 10182 20132 70000==
40199 12/// /3002 10189 20069 30115 40140 52018 60002 333 10223 20151 70000==
40255 36/// /2711 10097 29088 3//// 4//// 5////=
40265 11550 62805 10093 20064 39307 40103 57003 60012 70562 86280 333 10149 83830 83358=
40270 11550 72517 10086 20074 39198 40096 57006 60082 76266 87620 333 10123 83720 84825=
40272 11540 62514 10090 20074 39266 40101 57044 60072 70700 86800 333 10120 86825=
40296 36/// /2204 10180 29064 4//// 5////=
40340 31656 63008 10188 20063 30086 40151 52020 70500 86000 333 10230 82835 84456=
40356 42660 42513 10095 20060 39116 48425 84200 333 10153 59044 55/// 84840 555 04410 50099=
40357 42960 02613 10152 20000 39443 40078 333 10216 59039 55///=
40360 42560 62510 10124 20050 39502 40091 86500 333 10184 59040 55/// 86630=
40361 42960 02709 10135 20010 39326 40122 333 10178 59028 55///=
40362 42960 02911 10169 21030 39565 40073 333 10260 59054 55///=
40373 42960 32008 10230 20000 39665 40074 83030 333 10285 59083 55/// 83360=
40375 42960 63314 10140 21010 39235 40109 86030 333 10190 59011 55/// 86360=
40394 42960 01204 10172 21040 38972 48460 333 10242 59049 55/// 555 04410 50071=
40400 42960 43210 10208 20110 30098 40126 80001 333 10250 58002 55/// 84070=
40405 42660 41204 10215 20080 39343 40066 84500 333 10272 59063 55000 84640=
40417 42960 31106 10173 20010 30123 40138 80002 333 10259 59052 55/// 83070=
40420 42960 31504 10170 21110 39929 40139 83030 333 10255 59051 55/// 83360=
40430 42660 22211 10243 20140 39377 40102 82400 333 10285 59021 55/// 82640=
40437 42660 31504 10194 21110 39422 40116 83400 333 10262 59049 55/// 83640=
40439 42960 02607 10240 20170 30089 40107 333 10290 59015 55///=
40582 41856 41623 10194 20086 40090 50004 70700 84040 333 55300 00000 10207 20000 30000 41094 51301 60000 55407 40000 84458 90400 91029 91134 91227 91323=
40703 12660 82206 10052 21008 38852 40126 58002 60001 83570 333 55052 70000 83640 85360 555 10028 29065=
40706 11557 80809 10036 21012 38596 40141 58001 69901 70582 84377 333 55070 22336 79999 82630 8293 2 84457 88268 555 10017 29071=
40712 11220 83102 10009 20009 38619 40139 57007 69941 77072 8632/ 333 55056 20988 70004 83706 8192 5 83630 88457 555 10009 29100=
40713 11850 80909 10036 21022 38588 40109 57006 69901 77022 8802/ 333 55006 79999 88458 555 10014 29066=
40718 11550 81302 10098 20085 30232 40203 50001 69941 76022 8452/ 333 55000 20276 70004 84620 8855 7 555 10092 29092=
40723 12960 79901 10010 21093 38966 40227 51011 60001 80001 333 55090 21388 70000 87072 555 11022 29046=
40726 11660 80000 10034 21006 38594 40126 55001 69911 76022 8451/ 333 55000 70001 84640 88460 555 10018 29075=
40727 12660 80000 10039 21011 38405 40114 57006 60001 883// 333 55022 20938 70000 82935 86640 555 10019 29070=
40732 11456 80000 10104 20056 30219 40194 50003 60001 70522 8662/ 333 55000 70000 86717 88458 555 10082 29072=
40736 12960 50000 10107 20072 30229 40203 57003 60001 80006 333 55027 70000 85269 555 10090 29079=
40737 12560 82501 10089 20067 30177 40195 55002 60001 8452/ 333 55040 20920 70000 84630 88460 555 10079 29086=
40738 11956 70000 10059 20039 30215 40217 58005 60001 71021 80006 333 55072 21246 70000 87269 555 10051 29087=
40739 12665 63602 10058 21093 38687 40190 50005 60001 81506 333 55080 21452 70000 81640 86269 555 10008 29033=
40741 12960 03002 10071 21018 39875 40211 51009 60001 333 55091 70000 555 10037 29053=
40743 12965 11002 10074 21113 39065 40187 51008 60001 80002 333 55089 21419 70000 81070 555 10015 29025=
40745 12962 02003 10064 21025 39054 40211 51012 60001 333 55091 21368 70000 555 10030 29053=
40747 11658 83407 10062 20011 38568 40119 52012 69901 76062 8632/ 333 55048 21126 79999 82935 8584 0 88460 555 10040 29070=
40754 12660 71304 10100 21068 38801 40139 58004 60001 81576 333 55054 70000 81640 83360 86269 555 10038 29030=
40762 12962 13102 10010 21149 38561 40205 51010 60001 80002 333 55094 70000 81069 555 11031 29029=
40766 12770 41208 10110 21141 38617 40083 55002 60001 82570 333 55076 21400 70000 82650 84360 555 10030 29016=
40768 12665 71406 10075 21094 38193 40108 58001 60001 83470 333 55061 21199 70000 83640 87459 555 10016 29029=
40769 12660 73402 10044 21084 38247 40135 51006 60001 81472 333 55052 21221 70000 81640 84459 555 11002 29039=
40780 12660 11405 10105 21072 38603 40082 54000 60001 81500 333 55083 23252 70000 81645 555 10039 29028=
40782 12660 11105 10133 21086 38803 40100 58002 60001 81500 333 55054 70000 81640 555 10053 29021=
40785 12960 00000 10081 21068 39060 40151 52004 60001 333 55070 24876 70000 555 10028 29034=
40791 12962 00602 10102 21147 39340 40164 50000 60001 333 55094 21685 70000 555 10028 29016=
40792 12962 40603 10057 21139 38718 40175 51005 60001 80002 333 55097 22088 70000 84069 555 11004 29023=
40798 12960 01605 10043 21247 37929 40145 50008 60001 333 21810 70000 555 11027 29010=
40800 12960 03201 10040 21112 38419 40135 52005 60001 333 55096 21645 70000 555 11010 29032=
40809 12960 01105 10049 21151 38505 40185 52012 60001 333 55100 21676 70000 555 11011 29022=
40811 11958 21608 10174 20018 30074 40101 53001 60001 70500 82030 333 55095 70000 82360 555 10104 29035=
40812 12960 01303 10170 21032 39732 40105 52006 60001 333 55095 21285 70000 555 10087 29025=
40821 12965 00000 10104 21135 38756 40145 50002 60001 333 55097 21618 70000 555 10028 29017=
40829 12960 00803 10084 21123 39630 40213 52008 60001 333 55096 70000 555 10022 29022=
40831 11957 01212 10180 20110 30087 40095 54000 60001 70700 333 55095 70000 555 10142 29064=
40833 12960 01407 10164 20017 30097 40129 53002 60001 333 55097 70000 555 10099 29037=
40841 12960 00000 10042 21106 38242 40165 52013 60001 333 55105 21830 70000 555 11008 29033=
40848 11960 00000 10076 21114 38512 40157 52007 60001 70500 333 55099 21823 70000 555 10014 29025=
40854 12960 00000 10119 21065 38952 40140 51006 60001 333 55089 70000 555 10050 29027=
40856 12960 01903 10075 21104 38668 40198 51012 60001 333 55100 22640 70000 555 10016 29027=
40859 12960 00901 10098 21124 38709 40173 52011 60001 333 55103 70000 555 10026 29019=
40875 11956 00202 10158 20121 30160 40172 52015 60001 70500 333 55096 21784 70000 555 10138 29079=
40879 12962 00303 10140 21058 39501 40183 50012 60001 333 55103 70000 555 10065 29025=
40882 11957 39901 10177 20117 30133 40168 53011 60001 70510 83030 333 55091 70000 83360 555 10144 29068=
40883 11957 03202 10155 20104 30140 40168 51015 60001 70500 333 55100 70000 555 10128 29072=
40893 12960 09901 10207 20118 30163 40169 52014 60001 333 55103 21262 70000 555 10157 29057=
40898 12960 00000 10211 20116 30171 40180 51016 60001 333 55104 70000 555 10158 29054=
41024 42660 33106 10270 20230 30090 40115 83500 333 10318 55067 59006 83640==
41036 42960 03009 10196 20130 38555 48505 333 10280 59015==
41055 42960 00902 10195 20060 38357 48502 333 10295 55000 59018==
41061 42960 21306 10181 21150 39412 40113 80001 333 10274 59047 82070==
41084 42960 00604 10221 21120 38842 48499 333 10300 59020==
41112 42960 00000 10155 20000 37948 48511 333 10236 55101 59011==
41114 42960 01806 10158 20030 37985 48513 333 10249 59012==
41128 42960 00404 10197 21140 38797 48503 333 10300 55100 59039==
41136 42960 00810 10215 21180 39312 40118 333 10290 59044==
41140 42960 01006 10264 20190 30109 40113 333 10304 59019==
41150 42964 71313 10190 20107 40147 83031 333 10232 59048 83368 85075=
41170 42960 60907 10186 20133 30141 40155 80009 333 10239 59046 82070 85172=
41176 44/68 /1007 10195 20138 30150 40156 333 10208 59042=
41184 42960 22403 10144 20090 40175 80001 333 10276 59026 82070=
41194 12960 00704 10203 20126 30163 40169 60001 333 10266 59026=
41196 12960 01303 10172 20118 30133 40175 60001 333 10258 59026=
41216 42960 20504 10185 20141 30160 40164 82030 333 10258 59034 82368=
41217 42960 40607 10181 20123 30131 40161 83031 333 10266 59034 83368=
41246 36/// /1903 10204 20142 30165 40168 333 0E021 10238 55300 25022 59019=
41258 36/// /1110 10226 20149 30161 40165 333 0E/// 10234 55300 20000 59017=
41263 36/// /0000 10208 20033 39587 40152 333 0E021 10268 55300 20000 59007=
41265 36/// /1203 10193 20089 39587 40158 333 0E019 10264 55300 20000 59008=
41267 36/// /1705 10214 20129 30164 40177 333 0E021 10239 59012=
41268 36/// /0101 10198 20125 30123 40171 333 0E020 10251 55300 25022 59010=
41275 36/// /1511 10202 20102 30018 40189 333 0E020 10281 55300 20000 59011=
41288 36/// /1007 10221 20143 30162 40185 333 0E022 10255 59009=
41315 36/70 /0000 10162 20132 39348 48285 333 0E020 10223 55300 27865 59005=
41316 32684 41001 10225 20152 30151 40181 84500 333 10264 59008 55000 55407 55408 55507 55508 84635=
41396 42965 03002 10188 21040 39414 40143 333 10291 59027=
41480 41458 20714 10246 20165 30152 40161 70544 81530 333 10284 59011 81618 81358=
41506 12420 40000 10060 20003 38523 48210 60001 83520 333 56880 58009==
41508 11420 50000 10036 20010 38688 48530 60021 70162 83520 333 56880 58034==
41515 12420 50000 10044 21005 38557 48190 60001 83520 333 56880 59003==
41516 12940 00000 10050 21030 38524 48820 60001 333 58011==
41517 11940 00000 10020 21032 37769 48000 60001 70400 333 58009==
41518 12440 41801 10072 21036 30001 48010 60001 82520 333 56880 58000==
41519 12440 30000 10095 20001 38744 48830 60001 83500 333 56800 59009==
41523 12440 30000 10070 21003 39102 48060 60001 83500 333 56800 58026==
41535 12440 50000 10045 20009 38725 48880 60001 84520 333 56880 58022==
41536 12940 00000 10080 20023 39064 48220 60001 333 58031==
41560 12940 02303 10040 21008 38310 48410 60001 333 58003==
41571 41900 10502 10110 20007 39604 40202 70500 81030 333 56080 58027==
41598 11920 00000 10100 20044 39895 40175 60001 70400 333 58026==
41600 11940 00000 10110 20090 39873 40177 60001 70400 333 58020==
41620 11940 01801 10070 21076 38581 48830 60001 70500 333 58009==
41624 11920 00000 10120 20068 39973 40179 60001 70400 333 58019==
41630 11940 00000 10120 20068 30000 40189 60001 70400 333 58023==
41640 11940 00000 10130 20091 39930 40186 60001 70400 333 58021==
41660 12900 02303 10035 21129 38464 48540 60001 333 58018==
41678 11940 00000 10150 20069 30000 40180 60001 70400 333 58009==
41696 12940 00000 11010 21070 38009 48460 60001 333 58002==
41697 12940 00000 10150 20069 30000 40169 60001 333 58006==
41700 11920 00000 10125 20074 30000 40169 60001 70400 333 58019==
41710 42940 01301 10120 21068 39385 40171 333 58000==
41712 42940 00000 10110 21008 39218 48210 333 59008==
41715 11910 00000 10170 20115 30113 40180 60001 70400 333 58012==
41718 11920 00000 10100 20057 30069 40177 60001 70400 333 58020==
41725 41940 00000 10140 20056 30091 40171 70500 333 58012==
41739 12940 00000 10125 20014 39076 48250 60001 333 58000==
41744 42940 00000 10120 21026 38792 48090 333 59001==
41749 11940 02702 10145 20086 30143 40176 60001 70400 333 58004==
41756 11940 02301 10190 20108 30117 40184 60001 70504 333 59001==
41757 42940 00000 10175 20100 30172 40185 333 58003==
41759 12940 01301 10190 20096 30184 40190 60001 333 58003==
41764 12940 00000 10150 20043 30106 40158 60001 333 59002==
41768 12940 00000 10140 20080 30160 40167 60001 333 58008==
41780 12940 00501 10170 20057 30148 40176 60001 333 58013==
41785 12940 00000 10150 20092 30161 40174 60001 333 58003==
41859 31930 00000 10178 20170 30076 40114 70500 333 59009 70000=
41883 02930 00000 10187 20170 30091 40112 333 59006 70000==
41891 01930 03602 10180 20160 30080 40120 70500 333 58004 70000==
41907 01940 00000 10170 20160 30097 40113 70500 333 59006 70000==
41923 01940 00000 10206 20170 30107 40117 70500 333 59003 70000==
41936 01907 00000 10184 20170 30101 40108 74444 333 59011 70000==
41943 01920 00000 10182 20170 30111 40119 71040 333 58002 70000==
41950 01935 00000 10184 20170 30111 40113 70500 333 59007 70000==
41978 01933 00503 10208 20190 30111 40117 70500 333 58001 70000==
41992 01925 00000 10207 20180 30119 40121 70500 333 58005 70000==
42027 21596 53401 10050 20002 38430 48518 75022 83520 333 58034 6990/=
42071 31995 00000 10100 20079 40189 71010 333 58024=
42101 32995 02904 10134 20107 40192 333 58033=
42111 31994 00000 10096 20080 39445 40169 71000 333 58026=
42123 32996 00000 10124 20075 40182 333 58024=
42131 31995 00000 10100 20084 40187 71000 333 58022=
42165 32996 00000 10146 20042 40171 333 58017=
42182 31995 09902 10138 20104 40173 71000 333 58029=
42189 31995 02701 10140 20075 40155 70500 333 58027=
42314 31595 40000 10182 20165 40118 71010 82530 333 58004 82620 84360=
42328 32996 00000 10126 20058 40155 333 58016=
42339 31995 00000 10144 20040 40176 70500 333 58017=
42348 31995 09902 10152 20009 40178 70500 333 58031=
42361 31995 00000 10118 20077 40174 70500 333 58033=
42369 31995 02704 10156 20085 40154 70500 333 58028=
42379 31995 02709 10204 20130 40118 70500 333 58007=
42410 31594 40000 10178 20165 40120 71010 82530 333 59002 82620 83360=
42415 31595 60000 10200 20171 40118 71022 83530 333 59006 83620 85360=
42452 31995 00000 10130 20073 40168 70500 333 58026=
42492 31995 02706 10218 20155 40119 70500 333 58001=
42559 32996 00000 10144 20075 40166 333 58032=
42571 31996 03601 10172 20137 40156 70500 333 58032=
42591 31995 02702 10206 20156 40137 70500 333 58004=
42623 31495 20000 10134 20105 39243 40129 71000 82500 333 59002 82618=
42634 32996 00000 10178 20026 40166 333 58002=
42647 31996 03602 10166 20098 40151 70400 333 59001=
42667 32996 03205 10148 20105 39568 40173 333 58028=
42675 31995 00503 10196 20156 40151 70500 333 58033=
42701 31996 03403 10218 20127 39390 40115 70500 333 59001=
42724 31993 00000 10178 20171 40115 71000 333 58000=
42737 32996 00203 10166 20070 40160 333 59004=
42754 31996 00508 10164 20053 39511 40160 70500 333 58016=
42779 32596 33606 10212 20150 39441 40139 83500 333 58011 83620=
42798 31995 01402 10224 20179 40104 71000 333 59017=
42809 31995 02002 10236 20205 40113 70500 333 59002=
42840 32996 03603 10210 20085 40138 333 59012=
42867 31596 13604 10250 20162 40128 70500 81500 333 58011 81620=
42874 31996 00000 10244 20184 40120 70500 333 58002=
42886 31995 20000 10234 20183 40115 70500 82030 333 59009 82360=
42895 31995 32001 10254 20239 40109 70500 83030 333 59013 83360=
42909 32996 09902 10196 20090 40144 333 59012=
42971 31994 00000 10254 20236 40121 71000 333 59008=
43003 31995 00000 10226 20124 40124 70400 333 59010=
43014 31995 01602 10224 20160 39474 40120 70542 333 58001=
43041 31596 10000 10240 20182 39510 40125 70500 81500 333 58001 81625=
43063 32996 00000 10192 20142 39499 40130 333 59009=
43086 32996 00000 10212 20193 39930 40110 333 59003=
43110 31995 03201 10230 20189 40120 70544 333 59008=
43117 32997 00000 10244 20173 40113 333 59001=
43128 31996 09902 10256 20173 39518 40120 70500 333 59001=
43150 31595 32702 10252 20213 30066 40127 70500 81501 333 58001 81620 83075=
43185 32596 10000 10242 20221 30112 40116 81500 333 58001 81620=
43189 31596 40000 10246 20219 30120 40129 70511 82531 333 58006=
43192 32996 00000 10248 20218 40105 333 59009=
43201 32996 00701 10204 20084 39369 40099 333 59005=
43213 32996 01402 10262 20153 39785 40100 333 59004=
43233 32996 10904 10226 20170 39304 40121 80001 333 59010=
43237 32996 00902 10270 20121 39694 40083 333 59007=
43245 32996 01402 10262 20239 30096 40119 333 58001=
43279 31996 00000 10232 20215 30110 40128 71000 333 58003=
43284 32496 20703 10266 20221 39989 40104 81501 333 59010 81615=
43295 32996 11403 10212 20164 39110 48517 80001 333 59005 81075=
43314 32996 10000 10280 20243 40105 80001 333 59007=
43321 31496 40904 10252 20153 39673 40119 70500 81501 333 59003 81615 84070=
43329 32996 10000 10244 20223 30103 40116 80001 333 59005=
43333 31495 30000 10254 20236 40116 70510 83400 333 58003 82618=
43344 31495 30703 10240 20210 30019 40120 71000 81501 333 59008 81616 82075=
43353 31496 29901 10268 20217 40106 70521 81530 333 56790 59006 81620=
43369 32596 30502 10278 20249 40105 83500 333 59012 83620=
43371 31996 10000 10260 20224 30036 40109 71000 80001 333 59005 81071=
43413 22470 40704 10257 29095 30109 40114 5/005 81006 333 59008 60008 91006==
43418 22470 23601 10261 20237 30069 40110 52002 82100 333 59007 60008 82/18 555 60008==
43421 42970 0//// 57///==
43424 22970 00502 10243 20229 30100 40102 52003 333 59013 60008 555 60008==
43436 22470 40501 10270 20239 30104 40107 51002 82000 333 55000 59008 60008 555 60008==
43441 22970 00902 10258 20216 39967 40100 53004 333 59007 60008 555 60008==
43444 22968 00501 10222 20201 39573 40101 53005 333 55001 59009 60008 555 60008==
43450 21956 00203 10255 20223 30093 40105 50006 70500 333 59008 60008 555 60008==
43466 22/70 30702 10268 20198 30094 40102 54007 333 58000 60008 83/80 91003 555 60008==
43467 21558 40302 10272 20225 30097 40103 52007 70510 84500 333 59007 60008 555 60008==
43473 22468 71003 10141 20141 38125 48493 51001 87000 333 553// 20004 58000 60008 91005 555 60008==
43486 41430 5//// 71052 81005==
43495 22468 81002 10270 20229 30088 40102 5/050 85000 333 59050 60008 555 60008==
43497 22470 10203 10253 20000 30088 40105 5/009 81000 333 553// 20006 59016 60008 91004==
44212 42/// 42901 11270 21310 39290 40582 57002 84010==
44213 426// 80000 11251 21284 38919 40566 52010 885//==
44214 42970 03203 11213 21277 38390 40582 52003==
44215 429// 02003 11233 21281 38524 40591 52009==
44217 32998 00000 11289 21331 37938 40714 54000 333 91200=
44218 429// 01201 11222 21268 38730 40569 52007==
44219 32999 21003 11288 21316 38740 40615 52007 80008 333 91203=
44265 429// 00502 11264 21293 38947 40544 50002==
44266 329// 01402 11194 21266 37832 40552 52007 333 91206=
44454 42457 20902 10116 20059 38650 48486 82100 333 59005=
51076 14/69 /0102 11199 21229 39472 40437 52002 60001 333 11107 21232 3/103 4/025 59041 70000 90761 91102==
51087 14/75 /1001 11190 21229 39320 40435 52002 60001 333 11086 21226 3/106 4/018 59038 70000 90761 91103==
51156 14/80 /3405 11143 21225 38775 40399 57002 60001 333 11046 21155 3/115 59032 70000 90761 91105==
51243 14/58 /3101 11192 21219 39839 40445 54000 60001 333 11115 21192 3/114 59033 70000 90761 91104==
51334 14/43 /1501 11209 21233 39992 40442 54000 60001 70500 333 11095 21217 3/110 4/013 59029 90761 91103==
51379 14/18 /1601 11230 21257 39405 40454 52002 60001 71000 333 11116 21257 3/106 4/023 59029 70000 90761 91103==
51463 14/34 /0501 11165 21187 39138 40438 52006 60001 71000 333 11129 21185 3/101 4/037 59027 70000 90761 91103==
51573 14/71 /0701 11025 21137 30305 40357 52004 60001 333 10049 21064 3/109 59023 70000 90761 91104==
51644 14/57 /0301 11074 21106 39041 40358 52001 60001 70500 333 10009 21122 3/105 4/003 59005 70000 90761 91105==
51656 14/36 /2302 11061 21110 39253 40361 52004 60001 70500 333 10019 21113 3/109 59005 70000 90761 91106==
51709 14/60 /3102 11066 21163 38703 40353 54000 60001 333 10008 21073 3/109 58006 70000 90761 91106==
51711 14/61 /0000 11124 21169 38062 40326 52003 60001 333 11032 21132 3/116 58000 70000 90761 91107==
51716 14/57 /1900 11057 21133 39000 40355 57002 60001 70500 333 10013 21087 3/110 58002 70000 90761 91103==
51765 14/56 /3001 11046 21130 39315 40355 52005 60001 70600 333 10031 21118 3/111 59008 70000 90761 91104==
51811 14/58 /0000 11061 21149 38872 40354 52003 60001 333 10029 21061 3/113 58005 70000 90761 91105==
51818 14/59 /0000 11082 21188 38713 40350 52004 60001 333 10026 21082 3/114 58005 70000 90761 91106==
51886 14/80 /1503 11079 21316 37093 40244 52001 60001 333 11019 21129 3/114 59003 70000 90761 91105==
52203 14/70 /0401 11112 21189 39439 40377 52005 60001 333 10008 21134 3/117 59013 70000 90761 91106==
52602 14/80 /3202 11128 21355 37246 40256 52007 60001 333 10001 21148 3/118 59008 70000 90761 91108==
52818 14/80 /2902 11047 21290 37219 40205 52015 60001 333 10010 21100 3/106 59004 70000 90761 91106==
52908 14/77 /2501 11121 21193 35703 40058 52002 60001 333 10003 21137 3/115 59017 70000 90761 91125==
55299 14/69 /2503 11035 21244 35807 49947 52012 60001 333 10089 21161 3/112 59034 70000 90761 91121==
55591 14/79 /2403 10114 21250 36457 49841 52016 60001 333 10190 21021 3/103 59029 70000 90761 91112==
56004 14/80 /2704 11105 21182 35761 40010 52008 60001 333 10045 21132 3/115 59022 70000 90761 91125==
56018 14/66 /3100 11029 21202 36102 49911 52005 60001 333 10106 21090 3/111 59037 70000 90761 91123==
62306 12560 53022 10143 20038 40207 52013 69982 85800 333 10174==
62309 42560 43110 10149 20034 40186 52016 84500 333 10195==
62325 42960 02711 10151 20094 40154 52008 333 10204==
62332 11560 62719 10149 20065 40148 52010 69962 72522 86800 333 10190==
62337 42560 22710 10154 20096 40128 52005 82500 333 10196==
62366 15560 32914 10155 20080 40168 52021 69902 83200 333 10196==
62387 42960 03409 10164 20082 40180 52012 333 10218==
62393 42960 03406 10152 20053 40197 52016 333 10204==
62405 42960 02504 10182 20074 40154 52020 333 10250==
62414 42960 03508 10200 20030 40149 52025 333 10256==
62419 42960 03407 10211 20008 40145 52020 333 10268==
62420 32960 03506 10164 20071 40192 52020 333 10206=
62435 32960 43605 10186 20054 40170 52020 84040 333 10240=
62455 32560 32909 10181 20087 40157 52022 83200 333 10213=
62458 32960 03210 10184 20089 40153 52010 333 10204=
62459 32960 03211 10191 20069 40141 52016 333 10212=
62465 42960 03006 10204 20072 40132 52013 333 10233==
63333 42980 10902 10168 20083 38166 40178 80001 333 10290 59012 81070=
63450 42980 00603 10172 21066 37743 40259 333 10258 59008=
63471 42980 01701 10248 20083 38856 40107 333 1//// 59009=
63474 42980 00000 10160 20014 37610 4//// 333 10248 58006=
41256 32960 00806 10212 20140 30150 40167 91749 333 10245 59020 55000 55407 55408 55507 5 5508=
