SMPK OPKC 131800=
41504 02995 70000 10005 21109 37838 484501 60003 87050 333 56090 58037 60007 83360 86460 RH42%=
41506 02995 00000 10025 21012 38533 48529 60003 333 58001 60007 77%=
41507 02696 31802 10110 20035 39256 49781 60003 83500 333 56900 58007 60007 83640 60%=
41508 02996 00000 10036 21034 38676 48541 60003 333 59007 60007 61%=
41509 02996 00000 10065 21026 38774 48506 60003 333 58002 60007 52%=
41510 02996 02702 11010 21037 37918 48543 60003 333 59004 60007 82%=
41515 02995 00000 10066 21123 38564 48525 60003 333 59006 60007 25%=
41516 02996 20000 10060 21016 38542 48499 60003 82030 333 56090 58020 60007 82360 RH58%=
41517 11996 00000 10000 21057 37800 48537 60003 70400 333 58030 65%=
41518 02696 41804 10111 21056 38/// 48/// 60003 82520 333 56990 5//// 60007 82640 82462 14%=
41519 02996 00000 10120 21009 38767 48507 60003 333 58037 60007 RH41%=
41520 02695 21802 11010 21098 37636 48293 60003 82500 333 56900 58023 60007 82640 47%=
41523 02996 00000 10080 21005 39095 48503 60003 333 59007 60007 55%=
41524 02996 00000 10105 20028 39366 40247 60003 333 59020 60007 59%=
41525 12996 01304 10010 21044 37666 48399 60003 333 58004 67%=
41528 01996 00000 10100 20047 39237 48515 60003 70400 333 59003 60007 70%=
41529 02996 20000 10100 20031 39786 40178 60003 82030 333 56090 59006 60007 82362 62%=
41530 019// 32304 10130 21065 39738 40158 60003 80001 333 56009 59016 60007 81070 25%=
41534 02996 20000 10105 20050 39743 40167 60003 82030 333 56090 59017 60007 82362 69%=
41535 02996 00000 10055 20020 38727 48491 60003 333 58003 60007 78%=
41536 02996 00000 10085 20053 39044 48506 60003 333 59022 60007 81%=
41560 02996 01304 10040 20005 38305 48536 60003 333 59012 60007 RH78%=
41562 02996 50000 10125 20049 39685 40157 60003 85030 333 56090 58000 60007 85360 60%=
41565 02996 23102 10083 21030 38653 48519 60003 80030 333 56090 58000 60007 82360 44%=
41567 01996 00000 10110 21001 39714 40142 60003 70500 333 59018 60007 46%=
41571 119// 20504 10110 21025 39577 40171 60003 70500 80001 333 56009 59021 RH39%=
41572 01996 02308 10080 21058 39518 40163 60003 70500 333 59014 60007 RH37%=
41573 02997 03604 10040 21037 37970 48505 60003 333 58002 60007 57% =
41574 02997 00000 10020 21004 38359 48542 60003 333 59001 60007 84%=
41576 02997 13104 10120 20002 40176 60003 81030 333 56090 59015 60007 81360 43%=
41577 01996 00000 10085 20016 39544 40178 60003 70400 333 56000 59018 60007 RH 62%=
41593 01996 40000 10140 20068 39939 40159 60003 70411 84070 333 56090 59016 60007 84460 62%=
41597 01996 50000 10145 20035 40176 60003 70522 85030 333 56090 59009 60007 85362 48%=
41598 01996 00000 10115 20007 39891 40169 60003 70500 333 59003 60007 47%=
41599 01996 52306 10125 20049 39861 40158 60003 70422 82470 333 56990 59019 60007 82640 83460 60%=
41600 01996 33102 10130 20028 39851 40152 60003 70411 83070 333 56090 59016 60007 83462 50%=
41615 01996 00000 10170 20105 30006 40151 60003 70400 333 59024 60007 65%=
41620 31696 41802 10100 20008 38570 48473 60003 70500 84500 333 56900 59019 60007 84640 53%=
41624 01994 30502 10150 20081 39960 40164 60003 70400 83020 333 56090 58005 60007 83460 63%=
41625 01996 30000 10140 20056 39941 40146 60003 70400 83030 333 56090 59018 60007 83360 57%=
41630 01996 40000 10140 20091 40168 60003 70401 84030 333 56090 59013 60007 84360 72%=
41633 01996 40000 10140 20068 4//// 60003 70400 84030 333 56090 5//// 60007 84360 62%=
41634 02997 00000 10110 21008 3//// 4//// 60003 333 5//// 60007 44%=
41635 01996 40000 10135 20049 3//// 4//// 60003 70400 84030 333 56090 5//// 60007 84362 56%=
41636 01996 00000 10145 20086 39981 40170 60003 70400 333 59013 60007 68%=
41638 01996 00000 10145 20107 4//// 60003 70400 333 5//// 60007 78%=
41639 01996 00000 10130 20043 3//// 4//// 60003 70400 333 5//// 60007 55%=
41640 01996 50000 10150 20056 39900 40153 60003 70420 82027 333 56099 58020 60007 82460 83770 53%=
41641 01996 30000 10160 20057 39876 40153 60003 70410 83030 333 56090 59023 60007 83360 50%=
41642 01996 20000 10140 20056 3//// 4//// 60003 70400 82030 333 56090 5//// 60007 82460 RH57%=
41643 01995 30000 10120 20068 39870 40153 60003 70410 83070 333 56090 59019 60007 83460 70%=
41644 01696 30000 10135 20096 3//// 4//// 60003 70400 83020 333 56090 5//// 60007 83460 77%=
41646 01995 00000 10140 20080 39959 40178 60003 70400 333 59018 60007 67%=
41652 01996 00000 10140 20043 39986 40169 60003 70500 333 59017 60007 52%=
41660 029// 72308 10140 21030 38462 48551 60003 85031 333 56099 59027 60007 85358 83068 RH 31%=
41661 02696 50000 10135 21023 38416 48543 60003 82530 333 56990 59016 60007 82635 83360 47%=
41669 01996 20000 10165 20088 3//// 4//// 60003 70400 82030 333 56090 5//// 60007 82362 60%=
41670 01996 00000 10145 20086 3//// 4//// 60003 70400 333 5//// 60007 68%=
41674 01996 20000 10170 20115 3//// 4//// 60003 70400 82030 333 56090 5//// 60007 82362 70%=
41675 01996 00000 10170 20105 30006 40151 60003 70400 333 59024 60007 65%=
41676 01995 00000 10160 20104 30012 40172 60003 70400 333 59017 60007 69%=
41677 01996 00000 10150 20103 39975 40144 60003 70400 333 59019 60007 73%=
41678 01996 00000 10180 20083 40172 60003 70400 333 59008 60007 53%=
41679 01696 60000 10145 20049 4//// 60003 70411 83570 333 56990 5//// 60007 83640 83460 53%=
41680 01996 20000 10135 20085 39962 40165 60003 70410 82070 333 56090 59016 60007 82460 72%=
41685 02997 40000 10145 21001 38926 48509 60003 84020 333 56090 59018 60007 84460 RH37%=
41696 02696 60000 10100 21014 38015 48533 60003 84520 333 56990 59002 60007 84640 82460 RH45%=
41697 02996 00000 10210 20088 40130 60003 333 59049 60007 RH45%=
41700 01995 00000 10170 20105 40152 60003 70400 333 59024 60007 65%=
41701 01995 00000 10140 20102 30025 40171 60003 70400 333 59024 60007 78%=
41710 12696 70000 10185 21037 39364 40130 60003 83510 333 56990 59045 83640 87460 22%=
41712 22996 40000 10190 20010 39208 48530 60003 84010 333 56090 59017 84460 RH30%=
41715 01994 00000 10180 20106 30094 40159 60003 70400 333 58030 60007 RH62%=
41716 01996 00000 10170 20094 30055 40160 60003 70400 333 59030 60007 61%=
41718 01995 00000 10170 20105 30042 40147 60003 70400 333 59034 60007 65%=
41724 01995 00000 10180 20095 30083 40162 60003 70500 333 59036 60007 RH58%=
41726 01995 00000 10195 20124 30097 40169 60003 70500 333 59021 60007 RH 64%= 
41738 02996 02305 10210 20048 30023 40206 60003 333 59007 60007 RH34%=
41739 02996 20000 10180 20039 39068 48528 60003 82030 333 56090 59008 60007 82360 RH39%=
41742 12996 02302 10205 20126 40163 60003 333 59003 RH60%=
41743 01996 00502 10205 20126 60003 70400 333 60007 RH60%=
41744 12996 30000 10185 21017 38819 48546 60003 83020 333 56090 58010 83460 RH 25%=
41745 01996 01802 10205 20136 60003 70400 333 60007 RH65%=
41746 02996 00000 10180 20106 30085 40139 60003 333 59048 60007 RH62%=
41747 01996 00000 10160 20081 40137 70500 333 59033 60007 RH60%=
41748 01995 00000 10190 20118 30092 40156 60003 70500 333 59029 60007 RH63%=
41749 01996 00000 10175 20111 30129 40162 60003 70400 333 59023 60007 RH66%=
41756 01995 02702 10205 20146 30106 40172 60003 70504 333 59013 60007 RH69%=
41757 12996 02304 10220 20180 30164 40177 60003 333 59002 60007 RH78%=
41759 02996 02304 10205 20116 30182 40188 60003 333 59004 60007 RH56%=
41764 02996 00000 10220 20113 30097 40144 60003 333 59030 60007 RH51%=
41765 02996 02304 10240 20117 30115 40150 60003 333 59026 60007 RH46%=
41766 01996 02302 10185 20132 30138 40168 60003 74000 333 59024 60007 RH71%=
41767 02996 00000 10200 20130 3//// 4//// 60003 333 60007 RH64%=
41768 02996 00000 10200 20130 30159 40166 60003 333 59007 60007 RH64%=
41780 02996 02506 10230 20174 30129 40156 60003 333 59019 60007 RH71%=
41783 02996 02702 10215 20157 30133 40163 60003 333 59010 60007 RH 70%=
41783 02996 02702 10215 20157 30123 40153 60003 333 59010 60007 RH 70% CORR=
41785 02996 00000 10220 20144 30144 40157 60003 333 59010 60007 RH 62%=
41786 02996 00000 10205 20093 30101 40137 60003 333 59020 60007 RH 49%=
41BKI 02996 20000 10140 20080 39734 40158 60003 82030 333 56090 59016 60007 82360 67%=
41SKP 01996 40000 10125 20085 3//// 4//// 60003 70400 84030 333 56090 5//// 60007 84360 77%=
43532 01996 00000 10110 20047 39359 40178 60003 70400 333 58008 60007 65%=
43533 02997 00000 10100 20047 39237 48497 60003 333 58005 60007 70%=
43536 32996 02001 10022 21018 38424 48512 333 59002 67%=
43563 02997 00000 10117 21017 39456 40159 60003 333 59021 60007 40%=
41725 01996 00502 10210 20100 30065 40144 60003 333 59028 60007 RH49%=

UPPK OPKC 131800=
PPAA 6318/ 41598 MISDA DUE TO TECHNICAL PROBLEM=
PPAA 6318/ 41517 MISDA DUE TO SMOKE HAZE=
PPAA 6318/ 41600 MISDA DUE TO TECHNICAL PROBLEM=
PPAA 6318/ 41624 MISDA DUE TO TECHNICAL PROBLEM=
PPAA 6318/ 41640 MISDA DUE TO TECHNICAL PROBLEM=
PPAA 6318/ 41646 MISDA DUE TO TECHNICAL FAULT=
PPAA 6318/ 41675 MISDA DUE TO TECHNICAL ISSUE=
PPAA 6318/ 41678 MISDA DUE TO TECHNICAL PROBLEM=
PPAA 6318/ 41715 NO ASCENT DUE TO BALLOONS OUT OF STOCK=
PPAA 6318/ 41718 MISDA DUE TO TECHNICAL PROBLEM=
PPAA 6318/ 41739 no acent due to security risk=
PPAA 6317/ 41749 MISDA DUE TO TECHNICAL FAULT=
PPAA 6318/ 41764 NO ASCENT DUE TO 30GMS BALLOON OUT OF STOCK=
PPAA 63171 41780 MISDA NO ASCENT DUE TO RED BALLOON SHORTAGE=

Data Generated from File : D:/all data handling/Rmc_lhr/2025021318.FSU.txt
13/02/2025   19:07:46
____________________________________________________________________________________________
15020 07/36 60000 11024 21057 39998 40205 57011 60002 7101/ 83078 333 10024 21121 34005 55300 20000 60007 91001 90760 91102==
15090 07/60 20902 11013 21053 30112 40208 57011 60002 7101/ 82030 333 10053 21090 34010 55300 10180 20000 30000 60007 91003 90760 91103==
15108 02270 72608 11063 21113 38045 48466 57007 60002 83570 333 11037 21064 49081 55300 20000 60007 91010 90760 91110==
15150 07943 63301 11017 21045 39983 40206 57009 60002 7101/ 80008 333 10042 21110 34005 55300 20000 60007 91001 90760 91102==
15170 04/63 73101 11014 21080 39397 42788 57003 60002 87070 333 10046 21169 34014 55300 20000 60007 91002 90760 91102==
15280 01005 83005 11068 21077 37460 47001 55000 60002 74142 885// 333 11068 21103 49077 55300 20000 60007 91010 90760 91112==
15310 04968 61602 10026 21055 30131 40220 56005 60002 80006 333 10078 21063 31011 55300 10200 20000 30000 60007 91003 90760 91107==
15335 04/63 11905 10022 21006 30223 40231 56006 60002 81040 333 10063 21088 31009 55300 20000 60007 91007 90760 91108==
15350 04/67 62302 10016 21056 30099 40224 57005 60002 86070 333 10067 21106 34009 55300 20000 60007 91003 90760 91104==
15360 04966 01806 10038 20017 30219 40237 57006 60002 333 10038 21038 60007 91007 90760 91107==
15420 04/64 72901 10024 21047 30106 40221 57007 60002 87070 333 10072 21106 30016 55300 20000 60007 91002 90760 91102==
15460 04/67 60000 10013 21055 30199 40224 56005 60002 86070 333 10086 21086 30017 55300 20000 60007 91001 90760 91101==
15470 02562 83002 10016 21020 30094 40225 56007 60002 8457/ 333 10048 21075 30013 55300 20000 60007 91003 90760 91103==
15480 04967 21701 10039 20002 30215 40233 56006 60002 80002 333 10063 21042 34010 55300 10230 20000 30000 60007 91004 90760 91107==
15549 12570 60501 10026 21035 39794 40220 53003 60002 84530 333 10086 21042 555 564//=
15552 12960 41603 10048 20020 30183 40233 57010 60002 82039 222// 00055 10301 333 10091 21029 555 582// 92035 92437=
15640 12670 80000 10047 20014 39921 40240 57005 60002 885// 333 10068 21035 555 579//=
15655 12568 20901 10044 20004 30200 40234 57004 60002 82500 222// 00063 10401 333 10064 21039 555 575// 92033 92437=
15730 12970 71804 10039 21003 39829 40234 53001 60002 86036 333 10067 21024 555 574//=
16627 12565 70000 10064 20036 30236 40243 58004 60002 85870 333 10078 81820 85635 86357 90730 91104==
16650 12560 70000 10072 21012 30238 40247 56005 60002 82151 333 10094 82830 84358 86068 90730 91105==
16667 12960 22606 10066 21007 30245 40256 56002 60002 80001 333 10118 90730 91110==
16706 12960 29903 10070 20022 30239 40246 52001 60002 80001 333 10108==
16723 12560 19903 10080 20017 30234 40249 51004 60002 81200 333 10116 90730 91112==
16742 12460 23307 10076 20006 30085 40245 53003 60002 81101 333 10110 90730 91112==
16749 12960 12811 10122 20032 30219 40234 51006 60002 80001 333 10132 90730 91117==
16754 12560 61703 10110 20043 30199 40249 54000 60002 82150 333 10134 82820 85358 90730 91107==
16760 12560 20000 10076 20037 40256 52004 60002 81251 333 10133 90730 91108==
16765 12560 13108 10104 20037 40246 52005 60002 81101 333 10138 90730 91117==
17022 11670 11303 10028 20012 30093 40265 58001 60012 70181 81100 333 10071 81834 90760 91109==
17024 12670 42110 10036 20009 30171 40251 52006 69922 82430 333 10078 82635 84359 90760 91123==
17026 12570 53106 10061 20025 30217 40257 51006 60002 83205 333 10086 83830 85270 90760 91124==
17031 11470 73214 10059 20005 30247 40254 52010 60012 72582 87200 333 10081 83715 87830 90760 91130==
17034 11565 72304 10051 20028 30205 40252 52015 60122 78088 84250 333 10064 84830 87358 90760 91114==
17038 11470 73011 10067 20037 30178 40227 52012 60022 76022 87500 333 10089 84716 87633 90760 91116==
17042 12970 71202 10075 20029 30189 40229 52013 60002 80008 333 10100 87270 90760 91105==
17050 12670 61403 10068 21008 30178 40243 57004 60002 83530 333 10096 83635 86358 90760 91109==
17056 12670 62103 10071 20035 30247 40252 57003 60002 83530 333 10076 83635 86360 90760 91110==
17060 12960 01802 10035 21013 30217 40253 57001 69922 333 10089 90760 91110==
17070 11565 60801 11003 21028 39359 40261 51006 69922 70272 86500 333 10022 86630 90760 91109==
17074 11570 70000 11017 21022 39292 40261 52008 69902 70272 85550 333 10030 85630 87360 90760 91109==
17084 12670 80602 10008 20002 39314 40248 52015 60002 8452/ 333 10040 84635 88460 90760 91111==
17085 11670 70502 10029 20002 39739 40244 52014 69912 70262 85570 333 10065 85640 87360 90760 91115==
17092 12670 60000 10009 21012 38837 48466 52006 60002 83550 333 10048 83640 86357 90760 91118==
17096 11560 71004 11055 21072 38208 48483 51003 69902 70273 85550 333 11034 85625 87357 90760 91120==
17098 11560 80306 11059 21077 38182 48501 50000 69902 70271 8551/ 333 10001 85625 88457 90760 91112==
17100 11950 50000 10018 21062 39202 40232 50002 60002 70522 80008 333 10059 85268 90760 91104==
17112 12/65 41801 10068 20019 30244 40247 55001 60002 84030 333 10103 84360 90760 91107==
17115 12660 30000 10007 21003 30205 40258 52002 60002 83100 333 10096 83835 90760 91107==
17116 12970 02101 10015 20015 30137 40263 53004 60002 333 10092 90760 91105==
17124 12660 10000 11011 21050 39318 40271 51004 60002 81500 333 10038 81635 90760 91114==
17128 12660 23502 11028 21073 39116 40257 52013 60002 82100 333 10052 82840 90760 91124==
17135 12/70 32802 10028 21048 39338 40237 52017 60002 83030 333 10055 83360 90760 91116==
17140 11557 80703 11025 21028 38714 48495 52015 60062 77177 8552/ 333 11006 85630 88458 90760 91117==
17150 12960 02601 10013 21002 30129 40257 52007 60002 333 10092 90760 91107==
17160 11670 51801 10000 21038 39043 48501 52018 60052 70272 85500 333 10000 85640 90760 91123==
17170 12560 51409 10014 21081 38307 48481 57006 60002 83550 333 10072 83630 85358 90760 91121==
17175 12965 41501 10057 21021 30240 40244 55000 60002 80001 333 10112 84070 90760 91105==
17184 12960 03601 10055 21007 30134 40249 50004 60002 333 10107 90760 91106==
17190 12670 20000 11008 21057 39032 48516 52010 60002 82500 333 10038 82635 90760 91109==
17195 11434 80206 11005 21025 38978 48489 52022 69942 77172 8652/ 333 10015 83710 86620 88457 90760 91115==
17200 11360 83306 10011 20006 39164 40172 51003 60122 77162 8672/ 333 10057 83709 86630 88458 90760 91111==
17202 11360 80611 10024 20024 39109 40167 50000 60042 76872 8552/ 333 10059 82707 85630 88458 90760 91121==
17203 11512 81801 10000 21008 38858 48506 56001 60152 77177 8552/ 333 10010 85631 88457 90760 91105==
17210 11670 52304 10054 20004 39126 40169 57006 60012 70262 85100 333 10081 85840 90760 91114==
17219 12965 42403 10055 20006 30104 40255 52004 60002 80001 333 10112 84068 90760 91116==
17234 12970 00000 10064 20005 30179 40250 53005 60002 333 10131 90760 91106==
17237 12970 00000 10047 21048 39738 40259 52008 60002 333 10105 90760 91104==
17240 12970 00000 10002 21064 39075 40264 52014 60002 333 10068 90760 91116==
17244 12670 43208 10010 21064 39029 48514 52016 69902 84500 333 10043 84640 90760 91128==
17248 11670 62702 10002 21022 39006 48502 52018 60052 70172 83520 333 10003 83635 85460 90760 91109==
17250 17/67 /0605 11013 21029 38818 40247 52016 60032 722// 333 11013==
17260 11460 82504 10016 20009 39308 40141 52006 60042 72187 8552/ 333 10059 82712 85625 88458 90760 91124==
17270 11670 70000 10029 20018 39515 40176 52003 60032 70266 85520 333 10068 85640 87460 90760 91118==
17275 11665 72105 11003 21003 38974 48487 53008 60032 72272 84570 333 10057 84640 87360 90760 91117==
17280 11560 72602 10040 20025 39371 40175 50005 60082 76086 85130 333 10079 85830 87359 90760 91116==
17290 12970 00302 10102 21012 30217 40250 52007 60002 333 10141 90760 91115==
17292 12970 03202 10043 21052 39463 40245 52007 60002 333 10098 90760 91112==
17300 12970 03213 10102 21054 30162 40235 52019 60002 333 10147 90760 91125==
17310 12970 00504 10131 21065 30190 40197 52015 60002 333 10169 90760 91112==
17330 12/70 42905 10104 21015 30179 40197 52021 60002 84030 333 10142 84360 90760 91120==
17350 11960 00505 10034 20018 30101 40181 52021 60032 70161 333 10098==
17370 12665 50000 10093 20056 30185 40189 52018 60062 83230 333 10117 83835 85360==
17375 12970 00101 10084 21003 30220 40222 52013 60002 333 10141 90760 91109==
33088 32997 11401 11033 21080 39992 40191 57010 80001 333 10028 555 1/106=
33135 329// 01201 11065 21085 30067 40223 57010 333 11017 555 1/108=
33177 32597 81401 10013 21040 39931 40173 57009 885// 333 10049 555 1/001=
33317 329// 01402 11041 21075 39848 40199 57008 333 10025 555 1/104=
33393 32660 81503 10003 21065 39776 40176 57010 885// 333 10055 88643=
33415 32997 71602 10002 21045 39782 40189 57009 87030 333 10025 555 1/101=
33429 32997 71703 11011 21068 39762 40197 57010 87030 333 10024 555 1/102=
33466 32982 01603 11020 21078 30024 40219 57013 333 10015 555 14103=
33506 32997 10000 11049 21077 30031 40237 57012 80001 333 10000 555 1/108=
33562 32960 00000 11041 21078 39900 40218 57009 333 10030 555 1/107=
33587 329// 00000 11036 21097 39948 40222 57010 333 10030 555 1/104=
33658 31959 71103 11029 21059 39887 40198 57013 71022 87030 333 10007 555 1/102=
33663 32997 00000 11031 21066 30114 40214 57006 333 10042 555 1/103=
33664 32997 31402 11021 21063 39875 40203 57011 80001 333 10024 555 80017=
33678 32998 01802 11022 21088 30012 40230 57007 333 10031 555 80014=
33679 32997 01301 11009 21074 30028 40226 57008 333 10045=
33711 32960 01702 11030 21076 30010 40229 57009 333 10030 555 1/105=
33745 32897 30000 11034 21083 30020 40220 57013 83030 333 10025 555 80017=
33748 32997 01504 10002 21057 39913 40205 57012 333 10028 555 80012=
33754 32997 01301 11006 21074 30065 40217 56008 333 10047=
33761 32970 01703 11020 21075 39993 40225 57006 333 10034 555 1/103=
33791 32965 01202 11022 21069 30109 40242 57006 333 10027 555 1/104=
33815 32998 00000 10005 21053 30000 40214 57012 333 10040=
33837 32960 02302 10017 21017 30179 40232 57009 333 10026 555 1/102=
33881 32598 21404 10007 21047 30009 40211 57009 82500 333 10053 555 80012=
33883 32997 01703 11006 21054 30048 40217 57007 333 10044 555 80015=
33885 32997 61604 11004 21051 30087 40225 57009 86040 333 10048 555 80011=
33892 32997 01704 11014 21040 30008 40228 57006 333 10032 555 80021=
33902 31996 02002 11032 21042 30185 40247 56001 71000 333 10054 555 1/104=
33924 12960 01601 11025 21048 30237 40250 54000 60002 333 10014==
33946 11/57 40803 11044 21052 30021 40254 53001 60002 71011 84030 333 10009==
33983 12560 30103 11048 21058 30183 40247 53002 60002 82530 333 10021==
34300 32997 00000 11048 21096 30053 40239 57007 333 10019 555 1/111=
34336 42/60 30000 11125 21145 30138 40250 57009 83030==
34344 42970 80000 11117 21122 30153 40247 57006 80005==
34356 42970 60000 11120 21139 30091 40250 57006 80006==
34357 42970 62102 11114 21138 30079 40245 56006 80004==
34398 113// 82503 11071 21088 30238 40251 57003 60002 71022 886// 333 11054==
34415 32998 00000 11052 21093 30135 40236 57005 333 10036 555 1/106=
34438 42960 00000 11146 21157 30049 40257 57005==
34445 42/70 60000 11139 21148 30131 40255 55004 82071==
34461 42460 82201 11107 21132 30192 40251 55004 885//==
34473 314// 82302 11070 21083 30209 40250 57003 71022 886// 333 11082=
34476 41440 82003 11061 21071 30244 40252 56004 71022 886//==
34504 31958 01801 11026 21075 30061 40242 57006 71000 333 10015=
34535 41940 01301 11142 21158 30179 40258 57005 71011==
34545 42960 62501 11142 21158 30139 40260 55003 80001==
34555 42960 02402 11095 21109 30165 40262 56004==
34560 41/04 92602 11085 21093 30048 40250 57005 74942 89///==
34578 41/40 82203 11054 21054 30250 40257 57002 71022 8805/==
34579 41540 81501 11059 21070 30210 40255 57004 71022 885//==
34644 41940 03501 11108 21119 30171 40253 54000 71011==
34646 42570 71301 11055 21066 30165 40250 57002 87500==
34655 42560 81302 11063 21080 30192 40255 57002 885//==
34662 42470 81801 11041 21071 30241 40253 57005 886// 333 88715==
34691 12970 00000 11052 21089 30480 40467 54000 60002 333 10009==
34720 42460 70901 11067 21083 30212 40254 52003 87600==
34727 41940 21402 11091 21102 30224 40256 50001 71011 80001==
34743 42960 00802 11078 21092 30158 40252 57002==
34759 41940 11101 11088 21089 30116 40255 57002 71011 80001==
34772 42560 81403 11035 21056 30255 40258 57003 885//==
34785 42460 80000 11039 21068 30283 40260 57002 886//==
34798 12/60 81402 11030 21057 30417 40387 54000 60002 8805/ 333 11015==
34824 41940 00602 11067 21083 30248 40254 54000 71011==
34838 42960 00000 11070 21085 30146 40248 54000==
34845 41570 80601 11046 21055 30132 40245 57004 71022 885//==
34858 41/40 81301 11043 21069 30133 40246 58004 71011 8807/==
34861 42560 21002 11064 21080 39996 40251 57003 82500==
34866 42960 23101 11069 21082 30261 40252 57002 80001==
34880 42660 81402 11034 21065 30282 40255 57001 885//==
34887 42970 30000 11042 21065 30280 40257 54000 80001==
34949 42970 32401 11048 21058 39670 40239 57002 80001==
34954 42960 00000 11060 21072 30060 40243 54001==
34958 42570 81602 11029 21050 30037 40244 57005 885//==
34975 42970 01201 11041 21061 30252 40248 57001==
34984 42960 00902 11048 21064 30285 40254 57004==
35217 12/// 82203 11080 21090 30212 40254 57008 60002 8802/ 333 11075==
35302 125// 82304 11070 21087 30231 40253 57005 60002 885// 333 11062==
35315 329// 01703 11103 21131 30198 40258 57005 333 11045=
35344 329// 02002 11121 21143 39962 40266 53003 333 11058=
35358 129// 02302 11084 21116 30102 40279 52006 60002 333 11050==
35368 319// 02004 11094 21129 30003 40281 52005 70230 333 11037=
35386 115// 62502 11044 21071 39739 40271 52006 69900 70232 86900 333 11038=
35394 11560 82306 11045 21072 39579 40270 52006 69942 77173 8672/ 333 11038==
35404 31/// 92801 11074 21080 30246 40255 57005 74742 333 11054=
35406 129// 01103 11065 21097 30257 40259 57003 60002 333 11002==
35416 125// 61503 11077 21099 30145 40271 56005 60002 86500 333 11050==
35426 125// 80000 11084 21117 39975 40279 58004 60002 885// 333 11058==
35437 325// 82501 11088 21122 39962 40290 57020 885// 333 11069=
35449 329// 01903 11130 21167 30168 40277 53002 333 11054=
35497 11/// 82303 11047 21053 39760 40599 52002 60012 77173 8802/ 333 11045==
35498 119// 82502 11062 21070 39397 40298 52006 69960 77071 8802/ 333 11048=
35514 32598 71801 11051 21065 30497 40493 57003 87500 333 11016=
35522 125// 82401 11080 21116 30017 40280 57002 69930 885// 333 11061=
35542 329// 02704 11114 21134 30122 40277 58002 333 11040=
35563 31598 82006 11038 21089 39489 40271 53005 73632 885// 333 11037=
35576 115// 82405 11025 21047 39832 40288 58001 69922 77072 885// 333 11017==
35582 115// 82010 11032 21056 39679 40289 53002 69960 77173 8872/ 333 11030 91115=
35594 119// 82403 11042 21068 39443 40296 52001 69920 77173 8802/ 333 11030=
35605 32598 80000 11040 21066 30286 40264 57004 885// 333 11019=
35633 315// 82802 11070 21087 30059 40281 58005 71022 885// 333 11054=
35671 11540 82203 11026 21042 39852 40289 58002 69932 71022 885// 333 10004==
35699 115// 80000 11062 21081 39548 40326 58003 69952 77172 8872/ 333 11052==
35700 12470 82101 11045 21061 30295 40271 57005 60002 887// 333 11020==
35715 32997 81502 11046 21089 30290 40275 57004 8805/ 333 11010=
35739 314// 80000 11074 21118 30139 40284 58004 77172 8802/ 333 11040=
35746 12/// 73503 11046 21066 30210 40279 58003 60002 85051 333 10012==
35777 129// 00000 11064 21096 39951 40308 58005 69980 333 10007=
35796 12/60 80000 11067 21079 39883 40333 58004 60002 8801/ 333 11047==
35849 115// 60000 11023 21059 30185 40272 58005 69902 70282 83370 333 10021==
35895 32997 00000 11091 21102 39877 40342 58007 333 11007=
35907 32598 70802 11024 21046 30287 40256 57004 87500 333 11015=
35925 129// 40903 11048 21059 30167 40282 58003 60002 80002 333 11020==
35927 326// 81102 11026 21072 30273 57002 885// 333 10008=
35953 115// 80000 11001 21044 30143 40274 58007 60002 77172 885// 333 10035==
35969 129// 00000 11032 21087 30115 40292 58007 60002 333 10054==
35997 329// 00000 11073 21116 39875 40326 58014 333 11005=
36259 42584 62003 11114 21188 38159 48446 57006 85902==
36335 119// 82306 11057 21086 39240 40281 52014 69930 77173 8802/ 333 11049 91116=
36358 329// 52403 11084 21111 39234 40278 52001 85030 333 11073=
36394 326// 61904 11077 21117 39856 40292 52003 81542 333 11056=
36397 126// 72314 11078 21123 39715 40294 52002 60002 83570 333 11066 91016 90760 91118==
36403 316// 81205 11054 21100 39920 40289 58006 78582 889// 333 11042=
36418 119// 81802 11129 21143 39710 40359 52003 69960 77177 8802/ 333 11102=
36421 119// 82302 11118 21132 39746 40338 53003 69990 77172 8802/ 333 11105=
36428 116// 80101 11142 21166 39828 40360 53005 69922 70272 8152/ 333 11105==
36439 116// 80000 11118 21124 39009 48510 58002 69900 77172 8451/ 333 11082=
36498 115// 81705 11082 21096 39510 40327 58004 69920 70282 883// 333 11095=
36501 319// 22009 11076 21119 39515 40288 52016 73633 82030 333 11076 91117=
36535 11/// 80000 11158 21176 39693 40368 52002 60012 77172 8802/ 333 11137==
36546 319// 80401 11132 21148 39796 40366 52005 71022 8802/ 333 11116=
36619 329// 41202 11142 21158 84030 333 11062=
36622 115// 81810 11109 21113 39512 40352 51002 69920 78583 889// 333 11099=
36639 129// 00000 11207 21232 39727 40387 58006 69942 333 11063==
36643 329// 00000 11214 21230 39659 40382 54000 333 11108=
36665 329// 02502 11157 21187 39585 40358 58001 333 11096=
36666 324// 31801 11212 21229 39844 40383 52002 82601 333 11112=
36729 12598 81501 11064 21083 39870 40368 52005 69900 8557/ 333 11048=
36736 129// 73302 11178 21184 39791 40389 58008 69940 83031 333 11045=
36744 329// 00902 11094 21114 39861 40331 57007 333 11004=
36770 11/// 90000 11067 21076 39592 40342 58009 69900 74942 333 11040 93503=
36786 32999 71601 11060 21075 39392 40336 58006 87070 333 11049=
36796 329// 82301 11098 21128 39101 48535 58002 8802/ 333 11044=
36803 12699 51701 11109 21128 39892 40366 58011 69950 85500 333 11043=
36806 329// 80000 11087 21171 39880 40369 52004 8805/ 333 11045=
36819 319// 80901 11062 21081 39681 40313 57007 71022 82024 333 11009=
36821 11/// 50402 11076 21086 39826 40335 57008 60002 71022 85030 333 11021==
36839 11/92 92901 11094 21102 39167 40344 58024 69920 74941 333 10003 93502=
36843 329// 00000 11090 21105 39123 40346 57005 333 10015=
36846 329// 00604 11122 21134 38656 48541 58010 333 11032=
36859 129// 00201 11060 21071 39567 40377 58007 69902 333 10018==
36870 12/// 80401 11026 21042 39273 40304 57010 69902 8807/ 333 10005==
36874 126// 80501 11046 21069 39656 40465 58009 69900 885// 333 11004=
36877 129// 81001 11029 21036 39714 40751 57010 69900 8807/ 333 11003=
36885 319// 50000 11055 21072 39169 40331 53001 70242 85030 333 11008=
36889 329// 21801 11127 21187 37035 47057 58005 82030 333 11066=
36894 319// 30000 11052 21076 39560 40321 58010 71000 82041 333 10025=
36905 315// 82201 11051 21061 38797 48556 58009 74022 886// 333 11025=
36911 429// 80000 11010 21019 39297 40288 57015 8807/ 333 10031=
36927 42697 63602 11027 21093 38369 48535 58004 86900 333 10019=
36934 12697 13301 11030 21084 38286 48420 58001 69902 81500=
36953 329// 02401 11152 21159 38238 48508 58007 333 11056=
36963 429// 21602 11144 21179 37021 48/// 58004 80001 333 11085=
36974 429// 62702 11076 21116 38005 48555 58006 83035 333 10004=
36982 429// 20202 11226 21266 36503 47130 58002 80001 333 11127=
37018 42/60 80302 10055 21047 30131 40207 52006 83031==
37031 42960 80101 11046 21061 30036 40241 52004 80004==
37054 41440 80000 11036 21045 39845 40245 58003 71022 885//==
37061 41940 00000 11087 21100 30074 40254 55001 71011==
37085 42940 01102 11044 21056 30277 40250 57003==
37171 42/40 83003 10082 20030 30187 40205 53007 8805/==
37228 42960 00000 11023 21042 39368 40227 57001==
37235 41940 00000 11040 21050 39910 40241 57005 71000==
37472 41540 83001 11008 21025 30264 40240 57004 71011 8357/==
38149 12570 82601 11025 21031 30212 40291 52002 69902 885// 333 11004==
38178 42/// 80302 10000 21048 39940 40234 57006 8802/ 333 10026==
38262 115// 83101 11023 21029 30186 40270 58004 69902 77172 885// 333 10002==
38264 11/70 82902 11022 21040 30176 40273 57003 69902 77172 8802/ 333 11009 88521==
38345 42998 80901 11028 21055 38834 48518 57009 84032 333 10015=
38353 429// 00701 11020 21048 39373 40299 57016 333 10007=
38388 72598 70202 11028 21073 30214 40288 52004 87500 333 11005 6////=
38392 32497 83302 11012 21029 30163 40270 52001 886// 333 10002 88718=
38396 12560 70000 11018 21063 30142 40272 58005 69902 875// 333 11003 87628==
38403 12/// 83203 11007 21007 30134 40259 57001 69942 8802/ 333 10019==
38413 42/// 80902 10023 21010 39957 40253 58002 8807/ 333 10053==
38457 12/60 53401 10028 21005 39663 40260 57009 60002 83031 333 10078==
38462 126// 70202 11021 21046 38782 48514 57008 69922 84950 333 10032==
38507 31596 81702 10040 20009 30152 40257 54000 76162 885// 333 10054 88626=
38545 21597 83201 10005 20005 30084 40264 58004 77072 889// 333 10052 69940=
38565 129// 00000 11009 21037 39629 40204 57003 60002 333 10081==
38579 129// 00000 10005 21006 39823 40253 57007 60002 333 10082==
38583 12960 50701 10025 21008 39924 40252 57011 60002 80001 333 10099==
38599 31995 00503 10017 21007 39710 40259 57010 71011 333 10071=
38611 41920 83301 10046 20009 39692 40260 57007 71022 885// 333 10077 83386==
38613 429// 80101 10028 20004 40266 58011 8802/ 333 10062=
38616 425// 72701 10014 21003 39245 40280 58007 87500 333 10031=
38618 129// 01101 11002 21020 39566 40276 57007 60002 333 10053==
38647 72997 70903 10039 20008 30209 40252 57007 87050 333 10088 6////=
38656 72998 60204 10028 21020 30158 40270 52002 86080 333 10068 6////=
38683 41940 30902 10020 20002 39968 40251 58003 71011 80001 333 10095==
38687 72997 43602 10044 20024 30016 40255 58009 80001 333 10100 6////=
38696 129// 30901 10019 20006 39375 40248 57004 60002 80001 333 10091==
38713 329// 01602 11024 21057 39061 48510 58014 333 10046=
38750 72997 00702 10033 21011 30281 40252 58006 333 10117 6////=
38763 72997 00901 10022 21006 30154 40262 52001 333 10076 6////=
38774 72995 02401 10024 20000 30070 40270 58001 333 10067 6////=
38799 32997 02701 10032 20011 30022 40259 58003 333 10100=
38806 32997 20901 10042 20022 39973 40238 58005 80002 333 10100=
38812 41/40 33602 10040 21003 39787 40247 52001 71000 83030 333 10096==
38836 326// 60901 10070 21030 39269 40206 54000 85502 333 10128=
38880 22597 83202 10052 20006 30007 40269 51006 885// 333 10078 88631 60002=
38886 72997 13002 10042 20005 30032 40265 52003 80001 333 10104 6////=
38895 32996 60000 10038 20018 39965 40261 54000 80001 333 10106=
38911 32997 50103 10044 21020 39944 40244 58003 333 10112=
38915 32597 60000 10080 21019 39907 40231 58007 86500 333 10124=
38927 12960 83001 10080 20029 39852 40229 50002 60002 8895/ 333 10133 85966==
38933 327// 70901 10073 20023 39720 40237 54000 87500 333 10147=
38944 326// 80201 10086 20021 39630 40164 53001 885// 333 10124=
38954 328// 70000 11022 21099 37959 48550 58001 85901 333 10018=
38974 72998 02901 10054 20019 39919 40259 52009 333 10086 6////=
38987 21496 70000 10021 20013 39508 40270 53009 72166 87500 333 10048 69900=
40100 43/80 32509 10135 20016 30216 40232 52008 6///1 333 58///=
40180 12660 12803 10125 20049 30179 40229 52010 60002 81400 333 10169 20105 70000==
40199 12/// ///// 10163 20008 30201 40227 52016 60002 333 10213 20127 70000==
40255 16/// /2709 10078 29080 3//// 4//// 5//// 60012=
40265 11840 22912 10075 20046 39425 40236 52011 69932 70560 82080 333 10140 82358=
40270 11557 12611 10070 20023 39316 40234 52014 69932 70521 81100 333 10104 81830=
40272 31950 02706 10064 20016 39382 40235 52010 70510 333 10120=
40296 36/// /0000 10158 29055 4//// 5////=
40310 36/// /3107 10064 29056 4//// 5////=
40340 32960 03505 10140 21006 40231 52015 333 10197=
40356 42960 02608 10080 21020 39222 48515 333 10122 58013 55/// 555 04410 50221=
40357 42960 02208 10127 21030 39552 40199 333 10182 58002 55///=
40360 42660 22706 10105 21010 39620 40222 82200 333 10161 58013 55/// 82840=
40361 42960 03110 10118 21010 39429 40239 333 10173 58011 55///=
40362 42960 00504 10147 21030 39683 40207 333 10198 58017 55///=
40373 42560 30000 10129 20110 39786 40210 83600 333 10150 58030 55/// 83730=
40375 42960 03211 10132 21030 39310 40202 333 10175 58012 55///=
40394 42960 00804 10110 21060 39061 48530 333 10164 58014 55/// 555 04410 50201=
40400 42960 03214 10204 20080 30146 40174 333 10246 59002==
40405 42660 41105 10138 20110 39452 40203 84500 333 10157 58040 55/// 84640=
40417 41657 89902 10179 20180 30177 40192 76162 8352/ 333 10219 58045 55/// 83640 88460=
40420 41958 70208 10176 20160 39990 40200 71062 87020 333 10231 58054 55/// 87460=
40430 42660 10000 10171 20140 39428 40175 81500 333 10236 58014 55/// 81640=
40437 41650 80000 10158 20160 39497 40204 71000 885// 333 10214 58047 55/// 88640=
40439 42960 02712 10216 20110 30133 40151 333 10294 58006 55///=
40582 31956 63610 10161 20118 40196 50007 70522 86040 333 55300 00000 10053 20000 30000 41192 51245 60000 55407 40000 86460 90400 91011 91113 91209 91307=
40703 12960 10000 10010 21047 38920 40223 51002 60001 80008 333 55087 70000 81269 555 11009 29066=
40706 11957 03501 11048 21093 38661 40255 53003 60001 70500 333 55069 22431 70000 555 11059 29071=
40712 11656 32703 11040 21077 38683 40249 53003 60001 70520 83500 333 55080 21383 70000 83640 555 11049 29075=
40713 11956 00803 11012 21061 38655 40218 58002 60001 70500 333 55047 70000 555 11028 29069=
40718 12860 43002 10086 20067 30251 40222 58005 60001 84030 333 55021 20780 70000 84357 555 10077 29088=
40723 11959 09901 11048 21071 38985 40273 51004 60001 71000 333 55062 21226 70000 555 11053 29084=
40726 11656 30000 11020 21044 38660 40234 54000 60001 71000 83500 333 55024 70010 83635 555 11027 29084=
40727 12660 51503 10003 21021 38488 40235 51005 60001 85300 333 55025 20856 70000 82935 83640 555 11006 29084=
40732 12960 01801 10066 20032 30238 40213 57007 60001 333 55039 70000 555 10052 29079=
40736 12960 00804 10084 20042 30250 40224 58010 60001 333 55032 70000 555 10066 29075=
40738 12960 00000 10031 20004 30245 40247 58006 60001 333 55060 21205 70000 555 10021 29082=
40739 12662 12702 11004 21016 38717 40250 50006 60001 81500 333 55023 20982 70000 81640 555 11008 29092=
40741 12660 40000 10056 20006 39913 40256 54000 60001 82502 333 55048 70000 82635 84069 555 10036 29070=
40743 12660 50000 10034 21014 39100 40247 50002 60001 82508 333 55028 20977 70000 82635 85269 555 10016 29071=
40745 11950 50000 10010 21003 39071 40248 53002 60001 71022 82072 333 55030 21057 70000 82360 83069 555 10004 29091=
40747 12660 10303 10032 21026 38648 40220 53010 60001 81500 333 55055 20849 70000 81640 555 10010 29066=
40754 11530 62404 10043 21001 38859 40238 50001 60001 70522 83370 333 55000 70004 81930 83635 85360 555 10025 29073=
40762 11658 81102 10012 21014 38569 40210 58002 69901 71082 8542/ 333 55024 70000 85635 88459 555 10002 29083=
40766 12660 50000 10068 21001 38703 40200 53004 60001 82470 333 55062 20123 70000 82645 85360 555 10039 29061=
40768 11/00 92401 11049 21052 38277 40267 51007 60001 74940 333 55036 21155 70032 89/03 555 11048 29098=
40769 11508 80000 11003 21007 38312 40230 50004 60001 74822 8432/ 333 55007 20992 70121 82930 8363 5 88459 555 11005 29097=
40780 12660 30802 10036 20018 38705 40221 52010 60001 83400 333 55074 23498 70000 83640 555 10028 29088=
40782 12960 02701 10056 20001 38888 40208 51008 60001 333 55061 70054 555 10034 29068=
40785 11656 80000 10055 20053 39136 40255 54000 60001 71022 8351/ 333 55000 24773 70041 83640 8846 0 555 10054 29099=
40791 12660 72801 10085 20005 39386 40220 50003 60001 82576 333 55025 20832 70004 82640 84361 8627 1 555 10052 29057=
40792 12660 40000 10027 20016 38744 40226 50002 60001 82570 333 55001 20408 70004 82635 83359 555 10022 29092=
40798 12660 62504 10047 21042 37971 40173 51002 60001 82505 333 55086 21601 82640 85269 555 10012 29052=
40800 11930 43601 10056 20026 38476 40209 52010 60001 71011 80009 333 55024 21025 70001 84167 555 10043 29081=
40809 12660 40000 10073 21019 38519 40191 50007 60001 81470 333 55013 20636 70000 81640 84360 555 10035 29052=
40811 11657 73103 10166 20131 30159 40185 52009 60001 71022 83530 333 55043 70000 83640 85360 555 10147 29080=
40812 11660 60000 10165 20130 39797 40172 52009 69911 76011 86500 333 55035 21343 70001 86640 555 10145 29080=
40821 11658 73003 10060 20016 38822 40240 50005 60001 70522 81576 333 55038 21215 70000 81640 8335 9 87269 555 10041 29074=
40829 12960 53507 10129 21019 39630 40204 51010 60001 82072 333 55008 70000 82359 85069 555 10069 29036=
40831 11950 73005 10146 20118 30190 40198 52013 60001 71022 84026 333 55042 70000 84459 87269 555 10131 29083=
40833 12660 71202 10178 20137 30157 40189 50007 60001 84570 333 55052 70000 84640 87460 555 10155 29077=
40841 11558 81504 10078 20077 38271 40183 58006 60031 76362 8532/ 333 55008 20574 70128 82930 83635 88557 555 10078 29100=
40848 11520 80000 10084 20084 38554 40203 54000 60061 71062 8532/ 333 55000 22081 70412 81925 8463 0 88458 555 10084 29100=
40854 12660 70202 10137 20017 38962 40147 58003 60001 81406 333 55034 70000 81640 87270 555 10082 29044=
40856 12660 52606 10153 20050 38675 40161 52009 60001 81470 333 55025 22352 70004 81640 85360 555 10101 29050=
40859 11430 80000 10100 20096 38744 40209 53004 60061 76266 8672/ 333 55000 70112 83715 85630 8855 8 555 10098 29098=
40875 11958 52202 10229 20096 30151 40162 58006 60001 70500 82038 333 55020 21202 82360 84270 555 10157 29043=
40879 12960 42803 10236 20049 39510 40173 50010 60001 80006 333 55068 70000 84270 555 10140 29030=
40882 11950 53502 10210 20173 30134 40169 53006 60001 70522 82031 333 55022 70000 82360 84070 555 10187 29079=
40883 12960 00502 10225 20088 30139 40166 53004 60001 333 55040 70000 555 10152 29042=
40893 11958 02804 10234 20171 30158 40163 50005 60001 70500 333 55091 21218 70000 555 10195 29068=
40898 12956 00000 10232 20185 30161 40170 51018 60001 333 55096 70000 555 10202 29075=
41024 42960 03411 10238 20150 30130 40156 333 10283 55038 58004==
41036 42960 01406 10157 20140 38581 48531 333 10220 58010==
41055 41560 40115 10170 20120 38393 48540 76000 84300 333 10207 58019 83630 81925==
41061 42/60 40516 10264 20030 39447 40133 84020 333 10340 58035 84459==
41084 42560 20000 10234 20070 38879 48539 83400 333 10258 58023 83630==
41112 42960 00000 10180 20100 37971 48535 333 10222 55070 58005==
41114 42560 22304 10187 20100 38008 48538 82400 333 10231 58006 82622==
41128 42960 03605 10256 21040 38825 48539 333 10330 55100 58019==
41136 42960 01404 10247 21100 39317 40111 333 10360 58005==
41140 42560 12402 10271 20220 30131 40142 81400 333 10313 58007 81630==
41150 41866 73206 10191 20162 40199 70262 8703/ 333 10223 58048 82357 86367=
41176 44/65 /0306 10215 20196 30172 40178 333 10254 58037=
41184 42960 42704 10222 20104 40168 83031 333 10327 59009 83360=
41194 12960 40905 10258 20128 30158 40164 60001 84030 333 10332 59004 84368=
41196 12960 41004 10244 20120 30127 40168 60001 84030 333 10325 59006 84360=
41216 42960 40806 10250 20124 30157 40161 84030 333 10336 59006 84368=
41217 42960 60508 10252 20116 30129 40158 8603/ 333 10324 59004 86368=
41254 26/// /2103 10143 21050 38093 49878 333 10221 55300 25022 59005 60005==
41256 32960 09901 10229 20203 30154 40171 333 10275 59001 55000 55407 55408 55507 55508=
41288 36/// /1108 10234 20209 30154 40176 333 10270 59014=
41315 36/56 /0000 10169 20160 39342 48236 333 10540 55300 27477 59010=
41396 42962 02102 10240 20022 39427 40143 333 10323 59008=
41480 41550 40613 10256 20215 30150 40158 70644 84500 333 10293 58000 84620=
41506 12920 00000 10025 21012 38533 48290 60001 333 58001==
41508 12940 00000 10036 21034 38676 48410 60001 333 59007==
41515 12920 00000 10066 21123 38564 48250 60001 333 59006==
41516 12940 20000 10060 21016 38542 48990 60001 82030 333 56080 58020==
41517 41940 00000 10000 21057 37800 48370 70400 333 58030==
41518 12440 41802 10111 21056 30001 48010 60001 82520 333 56880 58000==
41519 12940 00000 10120 21009 38767 48070 60001 333 58037==
41523 12940 00000 10080 21005 39095 48030 60001 333 59007==
41535 12940 00000 10055 20020 38727 48910 60001 333 58003==
41536 12940 00000 10085 20053 39044 48060 60001 333 59022==
41560 02996 01304 10040 20005 38305 48536 60003 333 59012 60007=
41571 41900 20502 10110 21025 39577 40171 70500 80001 333 56008 59021==
41598 11940 00000 10115 20007 39891 40169 60001 70500 333 59003==
41600 11940 33101 10130 20028 39851 40152 60001 70411 83070 333 56080 59016==
41620 11440 41801 10100 20008 38570 48730 60001 70500 84500 333 56800 59019==
41624 11910 30501 10150 20081 39960 40164 60001 70400 83020 333 56080 58005==
41630 11940 40000 10140 20091 30000 40168 60001 70401 84030 333 56080 59013==
41640 11940 50000 10150 20056 39900 40153 60001 70420 83027 333 56088 58020==
41660 12900 72304 10140 21030 38462 48510 60001 85031 333 56088 59027==
41678 11940 00000 10180 20083 30000 40172 60001 70400 333 59008==
41696 12440 60000 10100 21014 38015 48330 60001 82520 333 56880 59002==
41697 12940 00000 10210 20088 30000 40130 60001 333 59049==
41700 11920 00000 10170 20105 30000 40152 60001 70400 333 59024==
41710 42440 70000 10185 21037 39364 40130 87510 333 56880 59045==
41712 42940 40000 10190 20010 39208 48300 84010 333 56080 59017==
41715 11910 00000 10180 20106 30094 40159 60001 70400 333 58030==
41718 11920 00000 10170 20105 30042 40147 60001 70400 333 59034==
41739 12940 20000 10180 20039 39068 48280 60001 82030 333 56080 59008==
41744 42940 30000 10185 21017 38819 48460 83020 333 56080 58010==
41749 11940 00000 10175 20111 30129 40162 60001 70400 333 59023==
41756 11920 02701 10205 20146 30106 40172 60001 70504 333 59013==
41757 12940 02302 10220 20180 30164 40177 60001 333 59002==
41759 12940 02302 10205 20116 30182 40188 60001 333 59004==
41764 12940 00000 10220 20113 30097 40144 60001 333 59030==
41768 12940 00000 10200 20130 30159 40166 60001 333 59007==
41780 12940 02503 10230 20174 30129 40156 60001 333 59019==
41785 12940 00000 10220 20144 30144 40157 60001 333 59010==
41859 01930 00000 10154 20120 30081 40120 70500 333 59003 70000==
41883 02930 00000 10180 20110 30103 40124 333 58001 70000==
41891 01930 00902 10198 20190 30070 40109 70510 333 59017 70010==
41907 01940 00000 10168 20160 30106 40122 70500 333 59004 70000==
41923 01940 00000 10230 20200 30108 40118 70500 333 59013 70000==
41936 01912 00000 10200 20180 30099 40106 70500 333 59013 70000==
41943 01930 01802 10222 20210 30115 40123 70500 333 59009 70000==
41950 02450 20000 10234 20230 30115 40117 82500 333 59012 70000 82617==
41978 01440 30000 10246 20230 30119 40125 70510 83500 333 59007 70000 83617==
41992 01/25 20000 10250 20220 30126 40128 70510 82030 333 59008 70000 82362==
42027 32996 02001 10022 21018 38424 48512 333 59002=
42071 31996 29902 10106 20033 40158 70522 82030 333 59021 82359=
42101 32996 42702 10132 20075 40156 80001 333 59022 84070=
42111 31994 50000 10110 20075 39406 40125 71011 80001 333 59006 85070=
42123 32996 00000 10140 20089 40158 333 59018=
42131 32996 00000 10134 20081 40160 333 59027=
42165 32996 00000 10194 20051 40146 333 59026=
42182 31995 02703 10172 20077 40143 70500 333 59016=
42189 31995 01802 10146 20083 40130 70500 333 59009=
42314 21495 80215 10144 20137 40138 79592 8492/ 333 57920 58003 6002/ 84618 81925 88459=
42328 32996 01602 10200 20086 40128 333 59026=
42339 31995 00000 10160 20069 40159 70500 333 59015=
42348 31996 03204 10188 20002 40160 70500 333 59007=
42361 31995 00000 10136 20093 40157 70500 333 59007=
42369 31995 00000 10148 20102 40137 70500 333 59006=
42379 31995 02704 10172 20087 40116 70500 333 58001=
42410 21594 60000 10190 20167 40124 71052 83530 333 59002 6990/ 83620 85360=
42415 32496 81104 10176 20126 40133 8241/ 333 59003 82618 88459=
42452 31996 00000 10156 20085 40161 70500 333 58002=
42492 31995 02705 10185 20098 40129 70500 333 58003=
42559 32996 00000 10160 20084 40156 333 59002=
42571 31996 00000 10152 20066 40150 70500 333 59002=
42591 31995 00000 10138 20082 40148 70500 333 58008=
42623 31495 40000 10158 20134 39243 40122 71700 82330 333 59017 82618 81925 84360=
42634 32996 00000 10226 20093 40161 333 59007=
42647 31996 00000 10210 20121 40154 70400 333 59003=
42667 32996 03403 10140 20079 39568 40175 333 58001=
42675 31995 00000 10136 20070 40163 70500 333 58001=
42701 31996 03203 10170 20024 39395 40134 70500 333 58000=
42724 31495 51801 10238 20220 40112 71000 83530 333 59016 83618 85360=
42737 32996 00502 10214 20109 40158 333 59006=
42754 31996 00903 10192 20099 39514 40156 70500 333 59003=
42779 32996 00000 10170 20061 39445 40156 333 58005=
42798 31996 03202 10202 20102 40115 70500 333 59008=
42809 31995 00000 10222 20170 40122 70500 333 59002=
42840 32996 03402 10244 20113 40143 333 59013=
42867 31996 03202 10180 20106 40156 70500 333 58003=
42874 31995 00000 10230 20108 40145 70500 333 58010=
42886 31995 00000 10184 20106 40138 70500 333 58007=
42895 31995 00000 10240 20219 40121 70500 333 58001=
42909 32996 09902 10234 20154 40147 333 59009=
42971 31994 00000 10246 20231 40130 71000 333 58004=
43003 31995 00000 10246 20161 40126 70400 333 58010=
43014 31996 03202 10206 20132 39494 40147 70542 333 58002=
43041 31996 00000 10232 20155 39516 40131 70500 333 59003=
43063 32996 00000 10190 20113 39516 40150 333 59004=
43086 32996 00000 10212 20183 39949 40129 333 58002=
43110 31995 00901 10236 20185 40130 70544 333 59004=
43117 32996 00000 10244 20162 40132 333 58000=
43128 31996 00000 10238 20165 39528 40134 70500 333 58000=
43150 31996 22304 10264 20219 30069 40130 70500 80001 333 59006 82075=
43185 32996 01802 10240 20218 30120 40124 333 59004=
43189 31596 20000 10240 20215 30130 40139 70511 82500 333 59001=
43192 32996 00000 10264 20253 40124 333 58004=
43201 32996 00000 10216 20133 39388 40117 333 59008=
43213 32996 01402 10270 20139 39793 40108 333 59008=
43233 32996 20000 10226 20180 39320 40139 80001 333 59005=
43237 32996 20904 10284 20132 39702 40089 80001 333 59008 82075=
43245 32996 00000 10250 20226 30104 40131 333 59005=
43279 31596 20000 10230 20205 30123 40141 71000 81501 333 58003 81620=
43284 32496 10203 10266 20231 30010 40125 81500 333 58003 81615=
43295 32996 10902 10230 20153 39126 48534 80001 333 58000 81075=
43314 32996 10000 10278 20240 40126 80001 333 58001=
43321 31496 43603 10242 20091 39684 40132 70500 81501 333 59003 81615 84070=
43329 32996 00000 10234 20213 30121 40135 333 58003=
43333 31495 20000 10236 20224 40126 70500 82500 333 59003 82618=
43344 31495 31104 10242 20212 30037 40137 71000 82501 333 58003 82616=
43369 32596 20000 10250 20235 40128 82500 333 58001 82620=
43371 31995 10000 10256 20226 30053 40126 71000 80001 333 59004 81072=
43413 22470 30604 10257 20213 30129 40134 5/004 81101 333 553// 20000 59002 60008 91007==
43418 22470 20500 10250 20205 30089 40130 52003 82100 333 59001 60008 555 60008==
43421 22970 00501 10236 30026 40133 51005 333 553// 20000 59001 60008 91003==
43424 22970 00501 10230 20215 30123 40125 53008 333 59003 60008 555 60008==
43436 22470 13601 10265 20217 30115 40118 52001 81000 333 55001 59013 60008 555 60008==
43441 22970 00501 10245 20212 39989 40123 53009 333 58001 60008 555 60008==
43444 22970 00902 10210 20195 39591 40123 51007 333 55001 59003 60008 555 60008==
43450 21965 00402 10248 20218 30112 40124 50006 70500 333 59004 60008 555 60008==
43466 22970 00201 10262 20199 30113 40121 5/004 333 55001 553// 20000 58000 60008 91002 555 60008==
43467 22965 00000 10264 20222 30111 40117 51004 333 59003 60008 555 60008==
43473 22970 00707 10173 21010 38142 48513 53001 333 553// 20000 59003 60008 91011 555 60008==
43486 22470 40200 10249 20249 30021 40122 51004 81000 333 553// 20000 59003 60008 91001==
43495 22970 02902 10275 20239 30108 40121 52006 333 59003 60008 555 60008==
43497 22970 10102 10241 20000 30108 40125 5/012 333 553// 20006 58001 60008 91003==
44212 429// 51402 11248 21282 39061 40312 57009 80008==
44213 42/// 70000 11225 21254 38703 40292 57012 87010==
44214 42670 63205 11077 21204 38215 40240 58007 84540==
44215 41/// 62709 11066 21177 38316 40193 57009 73633 86070==
44217 32698 60000 11137 21207 37814 40363 58004 86500 333 91206=
44218 42/// 61202 11090 21159 38525 40222 58009 86070==
44219 32999 21304 11189 21213 38552 40308 58011 80008 333 91204=
44265 429// 00503 11215 21249 38886 40438 50001==
44266 329// 03108 11080 21227 37707 40253 57009 333 91111 91208=
44454 42456 20803 10102 20075 38633 48469 82100 333 59013=
51076 14/74 /2201 11167 21199 39423 40382 57008 60001 333 11111 21211 3/103 4/025 58037 70000 90761 91103==
51087 14/70 /1202 11200 21230 39274 40390 57004 60001 333 11095 21203 3/106 4/018 58032 70000 90761 91105==
51156 14/80 /3403 11126 21168 38723 40330 57003 60001 333 11051 21150 3/115 58031 70000 90761 91108==
51243 14/35 /0201 11163 21191 39773 40372 57008 60001 70500 333 11106 21193 3/114 58031 70000 90761 91105==
51334 14/31 /1602 11154 21175 39926 40363 57004 60001 70500 333 11052 21180 3/110 4/012 58019 70000 90761 91103==
51379 14/79 /1503 11150 21185 39350 40365 57011 60001 333 11035 21236 3/107 4/022 58011 70000 90761 91105==
51463 14/79 /1602 11082 21136 39093 40334 57008 60001 333 10001 21144 3/101 4/036 58019 70000 90761 91105==
51573 14/65 /0202 11005 21186 30246 40298 57007 60001 333 10059 21059 3/107 58006 70000 90761 91104==
51644 14/36 /0101 11038 21079 39004 40308 52001 60001 70500 333 10032 21081 3/103 58015 70000 90761 91105==
51656 14/50 /1102 11054 21121 39208 40309 57006 60001 70500 333 10024 21116 3/110 58011 70000 90761 91105==
51709 14/48 /3201 11015 21143 38670 40290 52008 60001 70600 333 10049 21079 3/103 58011 70000 90761 91106==
51711 14/57 /0501 11093 21169 38034 40270 57004 60001 333 11015 21131 3/115 58014 70000 90761 91107==
51716 14/33 /3501 11049 21123 38964 40304 52005 60001 70500 333 10054 21056 3/109 58010 70000 90761 91107==
51765 14/58 /3201 11044 21166 39267 40297 57006 60001 333 10050 21098 3/110 58007 70000 90761 91106==
51811 14/50 /0701 11015 21153 38826 40275 52006 60001 70600 333 10070 21067 3/108 59002 70000 90761 91105==
51818 14/22 /0000 11043 21153 38667 40272 52001 60001 70600 333 10078 21044 3/110 59009 70000 90761 91107==
51886 14/71 /1102 11111 21287 37112 40296 52001 60001 333 11026 21164 3/116 58027 70000 90761 91106==
52203 14/64 /0902 11095 21192 39385 40310 57003 60001 333 10035 21144 3/115 58017 70000 90761 91105==
52602 14/80 /3304 11123 21288 37266 40297 57003 60001 333 11020 21204 3/119 58012 70000 90761 91111==
52818 14/80 /2701 11112 21250 37240 40294 52003 60001 333 11012 21134 3/117 58029 70000 90761 91106==
52908 14/80 /2102 11179 21256 35714 40225 54000 60001 333 11088 21236 3/122 58019 70000 90761 91115==
55228 14/80 /2903 11081 21302 36000 40161 52011 60001 333 11002 21125 3/112 58043 70000 90761 91119==
55299 14/80 /1002 11109 21295 35808 40131 52007 60001 333 11024 21137 3/115 58036 70000 90761 91118==
55578 14/80 /2504 10035 21233 36292 49921 52010 60001 333 10102 21056 3/102 59012 70000 90761 91116==
55591 14/80 /0403 10036 21232 36441 49942 52010 60001 333 10089 21005 3/101 58008 70000 90761 91109==
55664 14/80 /2504 11043 21189 35966 40037 52013 60001 333 10054 21057 3/109 58000 70000 90761 91128==
55773 14/80 /1803 11058 21113 35965 40084 57006 60001 333 11002 21094 3/107 59011 70000 90761 91114==
56004 14/80 /3402 11188 21221 35774 40235 52004 60001 333 11072 21194 3/123 58025 70000 90761 91114==
56018 14/80 /2201 11070 21192 36129 40137 52010 60001 333 11039 21096 3/111 58008 70007 90761 91106==
56312 14/80 /1802 10016 21043 37051 40103 52001 60001 76800 333 10084 21004 3/002 59002 70001 90761 91112==
62306 42560 43209 10138 20062 40260 52006 84500 333 10170==
62309 42560 33606 10137 20065 40245 52009 83500 333 10184==
62332 42960 03209 10147 20068 40244 52010 333 10168==
62337 42560 32605 10123 20057 40235 52008 83500 333 10175==
62366 45560 30111 10140 20039 40240 52016 83200 333 10174==
62387 42960 03306 10123 20048 40228 52005 333 10182==
62393 42960 03608 10122 20045 40241 52005 333 10176==
62405 42960 02405 10158 21007 40192 52008 333 10226==
62414 42960 03507 10173 21018 40185 52007 333 10227==
62419 42960 00305 10193 20003 40176 52006 333 10229==
62420 42960 00403 10150 20028 40235 52008 333 10194==
62435 42960 03608 10156 21021 40207 52018 333 10204==
62455 42960 03406 10147 20032 40236 52014 333 10185==
62458 42960 03504 10154 21020 40222 52022 333 10202==
62465 42960 03214 10188 20075 40176 52010 333 10204==
63333 42980 00000 10198 20138 38179 40195 333 10295 58005=
63471 42980 01802 10260 20173 38871 40119 333 10322 58017=
63474 42580 10000 10154 20048 37615 81100 333 10252 58005 81822=
41316 32960 00903 10236 20188 30141 40171 91745 333 10276 59010 55000 55407 55408 55507 55508=
