SIPK OPKC 220300=
41504 22997 01802 11010 21079 37877 48544 333 21030 58047 60007 70000 RH56%=
41505 22696 82302 10040 21005 38/// 48/// 83570 333 20010 56990 58/// 60007 70000 83640 87760 78%=
41506 22997 00000 10020 20008 38560 48555 333 20009 59010 60007 70006 92%=
41507 22997 00000 10070 20048 39293 49828 333 20050 58020 60007 70000 86%=
41508 22997 00000 10022 20008 38689 48553 333 21010 59017 60007 70000 91%=
41509 22997 40000 10050 20039 38801 48533 84530 333 10030 56090 59009 60007 70000 84360 RH92%=
41510 22997 40000 11015 21043 37931 48553 84030 333 21030 56090 59006 60007 70000 84360 81%=
41515 22997 30000 10012 21017 38605 48563 83020 333 21002 56090 58040 60007 70000 83460 82%=
41516 22696 80000 10065 20005 38571 48527 83510 333 20035 56990 59014 60007 70000 83640 88460 RH65%=
41517 21696 70000 10010 21044 37820 48556 70422 83570 333 21005 56990 58003 60007 70000 83635 87460 67%=
41518 02696 70000 10083 21058 38/// 48/// 83520 333 20078 56990 5//// 60007 70000 83640 85462 37%=
41519 22697 60000 10110 20007 38799 48536 83520 333 20090 56990 59017 60007 70000 83640 85460 49%=
41520 22697 61802 10010 21080 37651 48303 83530 333 21010 56990 59001 60007 70000 83640 83362 51%=
41523 22997 00000 10050 20014 39148 48543 333 20025 58024 60007 70000 78%=
41524 22997 30000 10095 20064 39382 40265 83020 333 20073 56090 59014 60007 70000 83460 81%=
41525 22697 41804 10010 21015 37692 48427 84400 333 21010 56900 58008 60007 70000 84840 RH83%=
41528 22697 30000 10090 20070 39258 48531 83500 333 20029 56900 59018 60007 70000 83640 87%=
41529 22996 00000 10105 20074 39802 40195 333 20070 59040 60007 70000 81%=
41530 21995 20000 10110 20052 39765 40180 70511 80001 333 20095 56009 59049 60007 70000 82070 69%=
41534 22997 00000 10090 20080 39756 40184 333 20071 59055 60007 70000 93%=
41535 22997 00000 10055 20020 38726 48491 333 20000 59026 60007 70000 RH78%=
41536 22997 00000 10060 20026 39059 48514 333 20040 59038 60007 70000 79%=
41560 22997 00000 10005 21007 38270 48505 333 21030 59015 60007 70000 RH91%=
41562 22997 03102 10120 20079 39707 40180 333 20105 59032 60007 70000 RH76%=
41565 22996 03106 10072 21003 38669 48533 333 20045 59024 60007 70000 60%=
41567 21996 00000 10105 20074 39719 40147 70400 333 20055 58014 60007 70000 81%=
41571 21995 43604 10105 20076 39595 40194 71000 81031 333 20085 56099 59038 60007 70000 RH82%=
41573 22697 21302 10055 21049 37980 48513 82500 333 20000 56900 59017 60007 70000 82640 47%=
41574 22997 00000 10035 20012 38377 48559 333 21018 58016 60007 70000 85%=
41576 21996 03104 10120 20090 40190 70400 333 20072 59034 60007 70000 82%=
41577 21996 00000 10090 20080 39559 40191 70400 333 20070 59038 60007 70000 RH 94%=
41593 21996 42702 10115 20095 39955 40177 70422 84020 333 20107 56090 59036 60007 70000 84460 88%=
41597 21996 00000 10115 20095 39888 40188 70400 333 20098 59033 60007 70000 88%=
41598 21995 20000 10115 20074 39897 40175 70400 82030 333 20064 56090 59012 60007 70000 82360 76%=
41599 21695 60000 10130 20101 39875 40172 71020 83470 333 20088 56990 59034 60007 70000 83640 83460 83%=
41599 21695 60000 10130 20101 39875 40172 71020 83470 333 20088 56990 59034 60007 70000 83640 83460 83%=
41600 21996 30000 10140 20112 39863 40164 70422 83070 333 20083 56090 59029 60007 70000 83462 83%=
41620 31696 42302 10050 21030 38607 48508 70500 84500 333 20005 56900 58007 60007 70000 84640 56%=
41624 21994 33102 10125 20085 39973 40178 70410 83020 333 20115 56090 59010 60007 70000 83460 77%=
41625 21996 31302 10115 20074 39965 40165 70400 83020 333 20100 56090 59007 60007 70000 83460 76%=
41630 21996 20000 10130 20101 40186 70400 82030 333 20103 56090 59030 60007 79999 82360 83%=
41633 21996 00000 10105 20085 3//// 4//// 70400 333 20083 5//// 60007 70002 87%=
41634 22997 00000 10090 20048 3//// 4//// 333 20050 5//// 60007 70000 75%=
41635 21996 00000 10120 20090 3//// 4//// 70400 333 20113 5//// 60007 70000 82%=
41636 21996 00000 10120 20111 30003 40194 70400 333 20083 59023 60007 70000 94%=
41638 21995 00000 10115 20095 4//// 71000 333 20077 5//// 60007 70000 88%=
41639 21996 00000 10120 20090 3//// 4//// 70410 83030 333 20085 56090 5//// 60007 70000 83460 82%=
41640 21695 50502 10140 20102 39923 40176 70422 82570 333 20095 56990 59022 60007 70000 82640 83460 78%=
41641 21995 32703 10130 20091 39898 40179 70400 83030 333 20100 56090 59024 60007 70000 83360 77%=
41642 21995 00000 10100 20068 3//// 4//// 71000 333 20076 5//// 60007 70000 81%=
41643 21696 50000 10125 20106 39881 40164 71022 82530 333 20085 56990 59025 60007 70000 82640 83360 88%=
41644 21695 30000 10105 20085 4//// 71000 83020 333 20087 56090 5//// 60007 70000 83460 87%=
41646 21995 30000 10135 20106 39992 40211 71000 83500 333 20095 56900 59009 60007 70000 83640 83%=
41652 21995 62302 10150 20123 30005 40187 70420 82430 333 20125 59030 60007 70000 82640 84460 84%=
41660 22697 70506 10080 20060 38459 48550 82430 333 20065 56990 58013 60017 70130 82840 85358 84%=
41661 22696 50000 10070 20060 38403 48532 83520 333 20060 56990 58012 60027 70257 83635 82460 93%=
41669 21996 00000 10125 20096 3//// 4//// 70400 333 20100 5//// 60007 70000 82%=
41670 21996 00000 10120 20090 3//// 4//// 70400 333 20110 5//// 60007 70000 82%=
41674 21694 40000 10130 20111 3//// 4//// 71012 82570 333 20117 56990 5//// 60007 79999 82640 83460 88%=
41675 21994 30000 10145 20127 30035 40181 71020 83030 333 20115 56090 59029 60007 79999 83360 89%=
41676 21995 00000 10130 20101 30033 40194 71000 333 20118 59007 60007 70000 83%=
41677 21694 50000 10110 20100 30013 40185 71000 82530 333 20095 56990 58006 60007 70000 82640 83360 94%=
41678 21996 30000 10130 20101 40163 70400 83070 333 20117 56090 58009 60007 70000 83%=
41679 21696 62302 10130 20111 4//// 70422 83570 333 20095 56990 5//// 60007 70000 83640 83460 88%=
41680 21995 40000 10130 20111 39981 40184 71010 84070 333 20095 56090 59025 60007 70000 84460 88%=
41685 21697 43102 10105 20076 38947 48524 70162 82220 333 20065 56990 58028 60047 70040 82840 82460 RH82%=
41696 22697 20000 10075 20033 37996 48517 82500 333 21010 56900 59016 60007 70040 82640 RH75%=
41697 22697 80000 10135 20106 30052 40213 84510 333 20120 56990 58059 60007 70040 84640 84460 RH83%=
41700 21694 70504 10130 20111 30039 40171 72162 84530 333 20103 56990 59009 60027 70020 84640 84360 88%=
41701 21694 70000 10150 20141 30044 40190 75052 83520 333 20102 56990 59017 60027 70024 83640 85460 94%=
41710 22997 00502 10170 20051 39349 40118 333 20130 59003 60007 70000 45%=
41712 22996 00000 10115 20065 39197 48503 333 20100 58010 60007 79999 RH71%=
41715 21993 00502 10135 20106 30130 40197 70400 333 20125 58003 60007 70000 RH83%=
41716 21995 40000 10150 20123 30092 40198 71010 84030 333 20126 56090 59004 60007 70000 84360 84%=
41718 21994 30000 10140 20102 30088 40195 71000 83030 333 20124 56090 58030 60007 70000 83360 78%=
41724 21995 00000 10140 20091 30130 40212 70400 333 20135 58044 60007 79999 RH72%=
41725 21995 00502 10155 20118 30104 40183 70500 333 20145 58031 60007 70000 RH79%=
41726 21995 00000 10145 20118 30127 40201 71000 333 20130 58055 60007 70000 RH83%=
41738 22996 10000 10205 20164 39993 40175 81040 333 20183 56090 58012 60007 70000 81460 RH77%=
41739 22996 00504 10140 20022 39043 48497 333 20120 59005 60007 70000 RH45%=
41742 22996 00000 10180 20106 30067 40173 333 20135 58017 60007 70000 RH62%=
41743 21995 00504 10145 20107 70400 333 20120 60007 70000 RH 78%=
41744 22996 40000 10110 20007 38798 48518 84020 333 20090 56090 58011 60007 79999 84460 RH49%=
41745 21996 03106 10150 20113 70400 333 20140 60007 70000 RH78%=
41746 21995 03604 10135 20106 30136 40193 71000 333 20120 58041 60007 70000 RH83%=
41747 21994 03106 10135 20106 30114 40176 71000 333 20115 58026 60007 70000 RH83%=
41748 22995 03104 10155 20118 30141 40206 333 20140 58011 60007 79999 RH79%=
41749 21994 03106 10150 20132 30158 40193 71000 333 20140 58023 60007 79999 RH89%=
41756 21995 20502 10210 20194 30098 40164 71004 80001 333 20175 56009 58027 60007 70000 82070 RH91%=
41757 21596 30000 10210 20186 30164 40177 70500 83600 333 20185 56900 58013 60007 70000 83720 RH86%=
41759 21695 50000 10220 20197 30158 40164 71011 83510 333 20145 56990 58017 60007 70000 83640 82460 RH87%=
41760 21595 50504 10190 20138 30168 40181 70500 82640 333 20135 56990 58023 60007 70000 82720 83360 RH72%=
41764 21995 03616 10175 20111 30127 40178 70400 333 20169 58011 60007 70000 RH66%=
41765 21996 03606 10170 20125 30147 40183 70400 333 20160 58028 60007 70000 RH75%=
41766 21993 03102 10150 20132 30150 40180 74000 333 20140 58013 60007 70000 RH89%=
41767 22996 03604 10160 20143 3//// 4//// 333 20135 60007 70000 RH89%=
41768 22996 00000 10150 20092 30161 40168 333 20135 59001 60007 70000 RH68%=
41780 21996 03606 10200 20109 30149 40177 70500 333 20172 58014 60007 70000 RH56%=
41783 22996 00504 10195 20144 30129 40159 333 20180 58013 60007 70000 RH 72%=
41785 22996 03106 10175 20140 30167 40180 333 20162 58020 60007 70000 RH 80%=
41786 22996 03602 10160 20104 30117 40154 333 20140 58009 60007 70000 RH69%=
41BAG 22696 70504 10030 21035 85510 333 21005 56990 60007 70000 85635 87460 62%=
41BKI 22996 00000 10120 20056 39755 40183 333 20080 59048 60007 70000 RH 65%=
41SKP 21996 20000 10105 20095 4//// 70400 82030 333 20058 56090 5//// 60007 70000 82460 94%=
43532 22697 30000 10100 20070 39353 40174 83500 333 20039 56900 59010 60007 70000 83640 82%=
43533 22997 40000 10080 20059 39237 48492 84030 333 20045 56090 59035 60007 70000 84360 87%=
43536 31595 71401 10045 20014 38456 48543 70522 84510 333 20032 59021=
43563 22997 00000 10106 20086 39471 40178 333 20074 59031 60007 70000 88%=


Data Generated from File : D:/all data handling/Rmc_lhr/2025022203.FSU.txt
22/02/2025   04:03:30
____________________________________________________________________________________________
15020 24/69 /1002 11096 21137 30175 40391 56014 333 55300 20000 60007==
15090 24962 00801 11121 21144 30303 40405 57011 333 55300 10230 20000 30000 60007 91003 90730 91103==
15108 22184 10202 11136 21222 38132 48560 57007 81500 333 55300 20000 60007 91004 90730 91105==
15150 24968 02101 11122 21141 30167 40404 57012 333 55300 20000 60007 91001 90730 91102==
15170 24970 02801 11157 21176 39551 42903 57006 333 55300 20000 60007 91002 90730 91102==
15280 22984 03606 11162 21354 37507 47029 57005 333 55300 20000 60007 91008 90730 91108==
15310 24/70 /0101 11088 21130 30306 40400 56010 333 55300 10240 20000 30000 60007==
15335 24/61 /2601 11079 21107 30390 40397 56008 333 55300 20000 60007==
15350 24/70 /3303 11086 21133 30276 40408 57011 333 55300 20000 60007==
15360 27456 83408 11048 21059 30362 40380 57008 7716/ 8672/ 333 55300 20000 69907 91010 90730 91110==
15420 27/57 /0000 11130 21144 30280 40404 57007 7101/ 333 55300 20000 60007==
15460 24/60 /2501 11134 21154 30374 40402 57005 333 55300 20000 60007==
15470 21/40 70301 11089 21115 30262 40401 58008 71022 87070 333 55300 20000 60007 91002 90730 91102==
15480 24969 03002 11061 21102 30367 40386 57005 333 55300 10240 20000 30000 60007 91003 90730 91106==
15549 42970 02901 11117 21122 39945 40402 57003 333 11089 21130 43014 555 596// 92602=
15552 42960 02903 11062 21092 30325 40378 54000 333 11042 21062 41997 555 577// 92036 92437=
15640 42970 03202 11058 21081 30056 40393 58007 333 11039 21076 555 584//=
15655 42568 13203 11047 21082 30344 40380 57006 81500 333 11032 21050 41001 555 574// 92032 92437=
15730 42970 00000 11083 21110 39962 40393 58007 333 11034 21083 41998 555 581// 92600=
16627 42560 10308 11034 21137 30367 40374 56007 81100 333 90730 91112==
16650 42560 20512 11002 21066 30351 40360 54000 82100 333 90730 91132==
16723 42560 20210 10034 21036 30291 40306 52004 82100 333 90730 91123==
16742 42560 10119 10046 21014 30114 40276 52001 81100 333 90730 91123==
16749 42960 03313 10060 21052 30231 40246 52002 333 90730 91119==
16754 41460 63614 10070 20001 30245 40294 53005 70262 86600 333 82710 83818 86620 90730 91130==
16760 47/// /3616 10042 21053 39857 40288 52003 7414/ 333 90730 91128==
17022 41556 72007 11027 21027 30141 40316 57004 78588 86270 333 86828 87358 90730 91112==
17024 47/39 /3107 11028 30210 40292 57009 785//==
17026 46/80 /3306 11007 21013 30245 40285 50000==
17031 41370 72405 11036 21054 30268 40275 55006 72688 87200 333 84708 87827 90730 91114==
17034 42/70 32101 11023 21078 30228 40277 57007 83030 333 83360 90730 91126==
17038 42670 52112 11002 21112 30210 40260 55009 83250 333 83835 85360 90730 91118==
17042 46/71 /0000 11015 21056 30227 40269 55008==
17050 42970 00000 11046 21113 30322 40389 56007 333 90730 91106==
17056 42970 02906 11046 21088 30360 40365 56006 333 90730 91115==
17060 41458 73003 11015 21029 30299 40342 57005 78588 87200 333 84715 87823 90730 91116==
17070 41562 73201 11079 21102 39388 40312 53002 70172 85520 333 85630 87460 90730 91102==
17074 46/81 /2701 11096 39306 40290 56002==
17084 41670 60000 11081 21097 39325 40285 52005 70272 83540 333 83635 86360 90730 91107==
17085 42670 50000 11039 21086 39759 40275 53001 83570 333 83635 85359 90730 91106==
17092 42670 60000 11114 21139 38859 48476 56002 83550 333 83645 86358==
17096 42660 51008 11141 21163 38183 48467 57006 83530 333 83635 85357 90730 91116==
17098 41660 73103 11194 21212 38148 48478 55003 77022 85530 333 85635 87357 90730 91105==
17100 42670 52901 11052 21097 39196 40237 54000 82530 333 82640 85358 90730 91111==
17112 46/82 /0208 11023 21085 30362 40369 53001==
17115 42460 63616 11011 21059 30294 40348 57007 86200 333 83710 86830 90730 91125==
17116 42665 50000 11019 21052 30209 40337 56005 83250 333 83835 85360 90730 91103==
17124 41560 51401 11076 21093 39343 40316 55005 70272 85500 333 85630 90730 91114==
17128 42670 21803 11100 21141 39128 40296 53002 82100 333 82840 90730 91111==
17135 42/70 22302 11055 21087 39354 40279 53001 82030 333 82360 90730 91106==
17140 41556 80603 11101 21122 38705 48483 55000 77122 8652/ 333 86630 88457 90730 91109==
17150 42560 63512 11019 21055 30205 40335 57006 86200 333 82720 85835 90730 91119==
17160 47/78 /0105 11086 21144 39045 40267 50000 724//==
17170 41460 52007 11074 21140 38265 48446 57002 72272 83550 333 81715 83630 85357 90730 91113==
17175 42965 01402 11016 21076 30336 40341 55000 333 90730 91109==
17184 42970 03504 11014 21070 30214 40331 56001 333 90730 91111==
17190 42970 03004 11094 21136 39048 48522 56003 333 90730 91111==
17195 41456 60000 11137 21141 38990 48486 55003 77177 85520 333 83715 85625 86457 90730 91103==
17200 42960 03112 11066 21173 39202 40237 57004 333 90730 91122==
17202 42670 42206 11079 21120 39134 40227 55000 82540 333 82635 84360 90730 91117==
17203 41630 82501 11071 21133 38851 48494 55001 76022 8552/ 333 85640 88460 90730 91106==
17210 47/32 /3001 11028 39120 40188 50000 724//==
17219 42565 13618 11008 21077 30169 40321 57003 81500 333 81630 90730 91129==
17234 42970 00201 10006 21089 30227 40298 52005 333 90730 91103==
17237 42970 00000 11025 21107 39784 40312 52007 333 90730 91107==
17240 42970 03507 11057 21133 39084 40285 55000 333 90730 91116==
17244 42570 33310 11083 21138 39036 48510 56004 83100 333 83830 90730 91115==
17248 47/74 /0000 11077 21108 39008 40277 50000 724//==
17250 46/75 /0000 11086 21113 38809 40270 57010==
17260 42960 03409 11054 21154 39337 40187 55002 333 90730 91110==
17270 46/82 /2903 11023 21123 39541 40213 50000==
17275 46/75 /0106 11059 21124 38960 40200 55001==
17280 42/60 32608 11048 21107 39381 40201 55000 83030 333 83360 90730 91110==
17290 42970 03503 10039 21114 30253 40286 53009 333 90730 91118==
17292 42970 02502 11030 21148 39472 40259 55000 333 90730 91114==
17300 42960 03113 10019 21142 30192 40266 53002 333 90730 91128==
17310 42970 00703 10053 21142 30207 40214 56004 333 90730 91111==
17330 46/// /2905 10023 21108 30220 40232 58002==
17350 42/60 20409 11014 21126 30140 40222 55004 82030 333 82360==
17370 42970 00000 10025 21140 30229 40233 55004==
17375 42670 23503 10048 21095 30223 40226 55003 82200 333 82835 90730 91110==
33088 42960 01602 11120 21140 30184 40393 57009==
33135 429// 00000 11173 21188 30265 40431 58005 333 55049==
33177 42960 01403 11078 21116 30106 40361 57012==
33317 42/// 51402 11104 21132 30035 40402 58004 83031 333 55083==
33393 42960 01404 11079 21128 39937 40357 57015==
33415 42960 01203 11091 21111 39954 40384 57011==
33429 42960 01203 11115 21138 39942 40403 57002==
33466 41959 00000 11131 21143 30214 40421 57001 71000 333 34///==
33506 41560 70101 11100 21122 30197 40411 55002 70272 87500 333 55056==
33562 42960 03302 11130 21139 30090 40426 55002==
33587 429// 00000 11144 21157 30130 40422 54000==
33658 42980 01004 11111 21139 30061 40388 57010 333 55096==
33663 42960 00901 11121 21134 30300 40406 57004==
33664 42997 01102 11102 21139 30053 40397 57006 333 55098 555 21104 7000/=
33678 42998 02802 11118 21144 30190 40423 57005 555 21131 7000/=
33679 42997 01001 11110 21130 30208 40417 53001 555 21114 7000/=
33711 42560 80000 11104 21117 30176 40405 57003 885// 333 88630==
33745 42997 01102 11122 21154 30199 40415 57009 333 55095 555 21128 7000/=
33748 42997 01203 11108 21137 30093 40404 57006 555 21110 7000/=
33754 42997 00000 11142 21155 30249 40412 58005 333 55065 555 21143 7000/=
33761 41559 60202 11111 21117 30168 40412 55002 71011 86500==
33791 42/61 63502 11120 21128 30261 40401 57006 86030==
33815 42998 00202 11087 21125 30173 40398 58007 333 55069 555 21087 7000/=
33837 41956 03501 11080 21099 30337 40393 57006 71011 333 55057==
33881 42998 00000 11100 21134 30189 40403 57008 555 21118 7000/=
33883 42997 03501 11117 21131 30216 40396 57008 555 21117 7000/=
33885 42997 00602 11091 21134 30259 40407 57004 333 55075 555 21100 7000/=
33892 42997 00102 11118 21132 30166 40396 57007 333 55056 555 21118 7000/=
33902 42960 00103 11102 21122 30325 40390 57005 333 55066==
33924 22570 21101 11085 21123 30357 40371 57006 82500 333 21086 60002==
33946 22966 00604 11115 21123 30122 40364 57001 333 21120 55071 69972==
33983 22560 40408 11052 21089 30265 40329 57002 84500 333 21055 55080 69902 91012 90730 91114==
34300 42960 00000 11157 21178 30219 40416 56002==
34336 22960 00000 11179 21200 30276 40391 57004 333 21179 47013 60002==
34344 22970 03002 11164 21170 30284 40382 57005 333 21181 43016 60002==
34356 22970 03602 11183 21207 30191 40355 57008 333 21183 47011 55096 60002==
34357 22970 02602 11161 21180 30190 40361 57007 333 21162 43016 60002==
34398 41/// 80208 11111 21131 30208 40222 57020 77173 8802/ 333 46001 55062 90730 91115==
34415 42/60 50000 11123 21133 30290 40396 58004 85030==
34438 22560 60103 11141 21153 30170 40380 57004 86500 333 21162 47014 60002==
34445 22970 02902 11167 21182 30245 40371 57004 333 21170 43009 60002==
34461 22960 03002 11158 21190 30283 40344 57009 333 21158 42001 60002==
34473 329// 23505 11138 21165 30242 40284 57015 80003 333 47003 55102 555 21150 7000/=
34476 22970 43307 11141 21168 30272 40280 58019 80004 333 21141 43004 55096 60002 91010 90730 91110==
34504 41/37 20303 11103 21123 30208 40397 57003 71011 82030==
34535 22960 02901 11132 21150 30296 40375 57002 333 21132 43008 60002==
34545 22970 03503 11135 21157 30238 40360 57006 333 21136 43001 60002==
34555 22970 03205 11130 21156 30252 40351 57007 333 21130 60002==
34560 42960 03504 11141 21165 30124 40332 57009 333 21141==
34578 22960 03305 11121 21160 30279 40286 57011 333 21121 60002 90730 91110==
34579 22570 23106 11125 21160 30227 40273 57011 82500 333 21125 43001 60002 91010 90730 91111==
34644 22960 00103 11120 21147 30270 40354 57004 333 21121 60002==
34646 22970 03603 11118 21141 30256 40344 57006 333 21122 55102 60002==
34655 22960 03303 11125 21147 30273 40339 57007 333 21126 60002==
34662 22970 03203 11121 21146 30305 40317 57006 333 21125 60002==
34691 22/70 53210 11126 21153 30449 40436 57016 85030 333 55041 60002==
34720 22970 00204 11098 21122 30320 40363 55000 333 21098 42001 55075 60002==
34727 22960 00605 11076 21104 30326 40358 57002 333 21077 41997 60002 90730 91110==
34743 22960 03301 11129 21143 30246 40343 57005 333 21129 60002==
34759 21940 23003 11132 21142 30185 40328 57005 71000 80001 333 21135 55098 60002==
34772 22/60 73207 11113 21166 30276 40279 57010 8703/ 333 21125 60002==
34785 22/60 83205 11115 21148 30270 40246 57010 8807/ 333 21116 46997 69902 90730 91111==
34798 22/60 83006 11110 21130 30390 40358 58010 8805/ 333 41997 60002==
34824 22960 00604 11088 21123 30343 40349 57002 333 21088 55057 60002==
34838 22960 00302 11111 21140 30240 40345 53004 333 21111 47004 60002==
34845 22970 20101 11133 21144 30225 40342 53002 80001 333 21137 46001 60002==
34858 21940 00000 11116 21136 30213 40330 56003 71000 333 21116 46001 60002==
34861 22960 20107 11132 21157 30050 40313 57005 80001 333 21134 55094 60002 90730 91110==
34866 22960 03305 11121 21154 30303 40294 57005 333 21121 60002==
34880 21540 82903 11118 21140 30274 40246 57008 77071 8672/ 333 21118 46001 55089 69902==
34887 21970 03202 11122 21142 30290 40265 56003 77611 333 21123 47002 69902==
34949 22/// /0301 11151 21170 39746 40343 57001 333 21151 60002==
34954 22560 80000 11173 21197 30150 40343 54001 83501 333 21174 47008 55039 60002==
34958 22570 60000 11164 21187 30113 40333 56005 86500 333 21170 47018 60002==
34975 22970 03103 11148 21164 30291 40287 57002 333 21150 47005 60002==
34984 22960 02805 11125 21148 30300 40267 57002 333 21125 42001 60002==
35217 41/// 90513 11075 21088 30148 40190 57017 73873 89/// 333 47032 90730 91116==
35302 41/// 80511 11078 21092 30177 40199 57023 77173 8802/ 333 47003 90730 91118==
35315 /14// 80908 11036 21054 30108 40166 57012 73773 8802/ 333 47026 555 21084 3/109 47026 60042 7005/=
35344 /1497 80510 11086 21105 39944 40244 57018 77173 8802/ 333 47035 55000 555 21092 60022 7004/=
35358 12/60 60203 11101 21129 30070 40247 57005 60002 86030 333 43022==
35368 31999 81410 11026 21063 39982 40254 57005 73632 85046 333 48043 55097 555 21128 7000/=
35386 32998 40000 11098 21144 39777 40322 53002 84040 333 47029 555 21128 7000/=
35394 12970 31102 11074 21137 39625 40327 53001 60002 80004 333 43030==
35404 /19// 80309 11092 21108 30182 40191 57025 77173 8807/ 333 47002 555 21106 3/111 69992 7001/=
35406 41/// 80206 11057 21064 30142 40144 57023 77177 8802/ 333 47008 55000==
35416 41/// 80906 11031 21045 30050 40172 57008 77173 8802/ 333 48035 55000==
35426 41560 80606 11079 21106 39909 40210 56006 73632 885// 333 48022==
35437 315// 80711 11072 21093 39888 40211 58010 73632 885// 333 47030 55000 91016 91116 555 21076 7001/=
35449 32997 60104 11088 21103 30174 40183 52006 80003 333 48015 555 21089 7000/=
35497 12970 20905 11065 21120 39793 40641 53001 60002 80001 333 47050==
35498 32998 01901 11160 21194 39426 40366 52009 333 47050 555 21180 7000/=
35514 /1495 81104 10000 21005 30371 40367 57012 77377 8872/ 333 47018 555 21065 60092 7012/=
35522 /25// 81505 11049 21081 39932 40189 58014 885// 333 48007 555 21051 69982 7014/=
35542 325// 80504 11086 21097 30071 40224 57008 885// 333 47008 55000 555 21087 7000/=
35563 32598 81402 11087 21110 39492 40290 53001 885// 333 47026 55045 555 21092 7000/=
35576 12970 40604 11142 21167 39828 40305 57003 60002 80001 333 48030==
35582 32998 40706 11125 21162 39689 40323 57001 80003 333 47021 555 21140 7000/=
35594 32999 01401 11150 21168 39460 40353 54000 333 47033 555 21176 7000/=
35605 /1596 83210 11076 21081 30167 40145 57015 77173 8802/ 333 47005 555 21082 60032 7004/=
35633 31596 80505 11064 21080 39984 40204 57008 71022 885// 333 44004 55000 555 21070 7000/=
35671 11/40 60905 11068 21088 39829 40272 57002 60002 71011 86040 333 47011==
35699 12960 00905 10002 21117 39543 40302 53001 60002 333 48019==
35700 41/10 83005 11087 21094 30194 40170 57011 77577 8802/ 333 47007 55000==
35715 /1497 82504 11063 21086 30172 40157 53006 70277 8802/ 333 47015 555 21064 60122 7021/=
35739 325// 80908 11034 21062 30031 40172 57012 886// 333 44003 555 21034 7000/=
35746 11940 40302 11038 21046 30122 40191 57004 60002 71000 80001 333 41998 55010==
35777 32997 60503 11077 21112 39909 40265 57011 86030 333 47011 555 21112 7000/=
35796 12960 00405 11099 21135 39860 40315 53004 60002 333 47024 55094==
35849 12970 60000 11018 21042 30093 40179 57003 60002 80002 333 55020==
35895 32998 00203 11108 21124 39850 40316 53006 333 47006 555 21121 7000/=
35907 /1598 83210 11076 21098 30264 40232 53010 72272 885// 333 46001 555 21079 69962 7001/=
35925 41/// 82705 11050 21057 30063 40178 53014 71072 8802/ 333 47005==
35927 /15// 82706 11059 21067 30179 52011 70272 885// 333 48003 555 21062 60042 7004/=
35953 11940 60802 11010 21020 30064 40194 54000 60002 71022 80002 333 41998==
35969 12/84 30904 11006 21054 30049 40224 53006 60002 82031==
35997 31996 20000 11109 21137 39839 40295 53008 71000 82040 555 21110 7000/=
36259 42984 20000 11306 21338 38386 48664 52009 80001 333 21379==
36335 32999 00000 11123 21168 39302 40379 53008 333 48038 555 21135 7000/=
36358 32999 01603 11153 21177 39311 40394 52002 333 47019 555 21161 7000/=
36394 32997 01102 11171 21177 39941 40396 52004 333 48010 555 21177 7000/=
36397 12984 02304 11083 21146 39794 40380 52008 60002 333 42002==
36403 31995 02901 11199 21206 30004 40398 52002 71000 333 44029 55078 555 21207 7000/=
36418 32999 22101 11161 21186 39762 40423 53007 80003 333 47069 555 21216 7000/=
36421 32999 01201 11276 21299 39829 40466 52007 333 47089 555 21299 7000/=
36428 12984 03402 11255 21286 39893 40454 52007 60002 333 47049 55099==
36439 31998 01208 11096 21168 39091 48583 53008 73633 333 48037 555 21114 7000/=
36498 32998 00205 11131 21179 39534 40369 53002 333 48064 555 21148 7000/=
36501 32999 00000 11112 21156 39579 40368 52003 333 42003 555 21136 7000/=
36535 12/84 20000 11237 21273 39751 40451 53010 60002 82030 333 48075 55092==
36546 32999 01102 11187 21219 39847 40433 53008 333 47036 555 21243 7000/=
36619 32999 00704 11068 21105 333 43021 555 21079 7000/=
36622 32998 00000 11185 21208 39529 40397 53007 333 48038 555 21205 7000/=
36639 12984 00000 11103 21170 39712 40344 53010 60002 333 47059==
36643 31894 83501 11178 21187 39716 40432 53010 71041 8807/ 333 47017 555 21227 7000/=
36665 31996 01301 11175 21193 39632 40414 53002 71011 333 47024 55092 555 21195 7000/=
36666 /1498 80000 11201 21217 39899 40438 52008 70272 886// 333 47018 55080 555 21247 69902 7990/=
36729 32998 00904 11058 21088 39805 40299 58009 333 43005 555 21104 7000/=
36736 32999 41013 10001 21087 39785 40343 53011 82051 333 44017 55096 91017 91117 555 21040 7000/=
36744 32998 00503 11099 21111 39824 40293 53010 333 47002 555 21107 7000/=
36770 32999 00000 11080 21094 39539 40289 53004 333 43020 555 21110 7000/=
36786 32999 00000 11033 21078 39342 40272 53001 333 43033 555 21069 7000/=
36796 32998 00000 11178 21213 39071 48495 53003 333 47067 555 21183 7000/=
36803 32999 02902 11098 21119 39837 40305 53002 333 42004 555 21123 7000/=
36806 32999 01512 11082 21156 39872 40360 53004 333 91015 91121 555 21131 7000/=
36819 31997 00000 11042 21057 39647 40271 53008 71000 333 41999 55086 555 21056 7000/=
36821 11940 00302 11066 21086 39780 40285 53006 60002 71000==
36839 32999 01701 11074 21120 39155 40321 52006 333 42008 555 21121 7000/=
36843 32998 03005 10017 21062 39085 40252 53004 333 42026 555 21025 7000/=
36846 32999 03606 11055 21138 38637 48525 53003 333 43056 555 21094 7000/=
36859 12984 00000 11020 21041 39548 40344 52006 60002==
36870 12970 00000 11022 21047 39239 40265 52005 60002 333 42019==
36874 32997 01801 11111 21130 39470 40284 53008 333 47009 555 21112 7000/=
36877 32999 00000 11069 21085 333 43015 555 21081 7000/=
36885 32999 02002 11019 21073 39123 40264 53007 333 43029 555 21037 7000/=
36889 32999 01603 11088 21273 37055 47079 53005 333 42008 555 21095 7000/=
36894 32999 00902 11005 21052 39522 40267 53013 555 21032 7000/=
36905 32999 01401 11009 21076 38776 48536 53006 333 43020 55096 555 21045 7000/=
36911 12999 20000 10060 21026 39248 40208 53018 6//// 80001 333 20032 555 50036 530// 7000/=
36927 12999 00502 11024 21088 38382 48544 53012 6//// 333 21052 555 50001 530// 7000/=
36934 12699 23601 11015 21101 38320 48449 53010 6//// 81530 333 2//// 555 11001 5//// 530// 7000/=
36953 32999 00000 11108 21127 38232 48508 53008 333 47016 55073 555 21140 7000/=
36963 12999 31403 11142 21236 37044 48/// 52008 6//// 80001 333 2//// 4/007 555 11104 5//// 530// 7000/=
36974 12998 60902 11084 21121 38040 48584 52013 6//// 80001 333 2//// 555 11051 5//// 530// 7000/=
36982 12999 00402 11168 21259 36531 47141 53010 6//// 333 21237 45998 555 5//// 530// 7////=
37018 21660 50407 11046 21151 30174 40253 57001 72682 82931 333 21053 45998 55057 69912 91014 90730 91115==
37031 22960 01401 11187 21208 30125 40343 52001 333 21187 47010 55060 60002==
37054 22960 00000 11228 21256 39926 40361 54001 333 21228 47013 60002==
37061 22960 02702 11157 21180 30142 40328 57003 333 21157 43012 55018 60002==
37085 22940 22703 11130 21159 30326 40298 53001 80001 333 21130 42005 60002==
37171 21740 30806 11037 21052 30228 40247 58001 70182 83900 333 21045 43010 60052 83956==
37228 21460 60000 11163 21188 39425 40339 52001 72581 82570 333 21163 47010 55028 69922==
37235 22/60 22301 11138 21169 39977 40322 57001 8004/ 333 21140 47015 60002==
37472 22970 03104 11077 21127 30313 40289 52004 333 21077 46002 55026 60002 90730 91112==
38149 12570 82603 10007 21007 30082 40160 53011 60002 885//==
38178 12/70 31402 10023 21048 39879 40168 58008 60002 83040 333 55015==
38262 12960 61501 10003 21003 30072 40156 54000 60002 80002 333 55024==
38264 12/70 62405 10040 20017 30067 40162 52014 60002 86030==
38345 12999 40901 10020 21041 38826 48523 52018 6//// 80002 333 21033 34105 555 5//// 530// 7000/=
38353 12998 30000 10002 21035 39329 40242 52021 6//// 80001 333 21025 34102 555 5//// 530// 7000/=
38388 32598 82703 10028 21005 30098 40169 53020 889// 333 20026 38002 55080 555 7000/=
38392 32997 82807 10035 20025 30060 40164 53018 8807/ 333 20035 31002 55049 555 7000/=
38396 12/60 72805 10043 20020 30039 40164 53011 60002 8707/ 333 20023==
38403 12/60 60502 10041 21005 30058 40180 53001 60002 86020==
38413 12/70 30804 10035 21009 39898 40191 53005 60002 83030 333 55054==
38457 12984 23601 10052 21053 39607 40197 52004 60002 80001 333 55084==
38462 12984 00000 11027 21127 38776 48514 52010 60002 333 21031==
38507 11696 80203 10001 21014 30137 40243 52008 69902 72272 8457/ 333 20001 31000 55000 555 7002/=
38545 32998 71701 10036 20029 39979 40156 53003 82083 333 20028 30000 55080 555 7000/=
38565 12870 20903 10062 20006 39580 40152 53008 60002 80003 333 21001==
38579 12960 22301 10048 21008 39768 40189 52006 60002 80001 333 55037==
38583 12960 30501 10010 21004 39877 40205 52012 60002 80001==
38599 31995 00403 10032 21008 39680 40225 52014 71011 333 20021=
38611 12/60 43403 10046 21042 39660 40237 52015 60002 84040 333 55079==
38613 12999 50101 21046 40241 52015 6//// 80002 333 20022 30101 555 10068 5//// 530// 7000/=
38616 12597 61801 10026 21033 39223 40251 53006 6//// 82501 333 2//// 555 10050 5//// 530// 7000/=
38618 12/// 81601 10046 21035 39532 40227 52020 60002 83041 333 55090==
38647 11495 80000 10003 21011 30187 40231 52019 60072 77176 8872/ 333 20003 3/000 47003 555 7007/=
38656 32698 82906 10051 20013 30095 40205 52023 885// 333 20050 30005 55071 555 7000/=
38683 12960 40903 10054 20002 39896 40174 53005 60002 80001==
38687 32997 21806 10081 20051 39926 40159 54000 80001 333 20060 31004 55056 555 7000/=
38696 12984 71401 10012 21026 39341 40213 52010 60002 80009 333 55061==
38713 32999 01802 10049 21062 39033 48500 53014 333 20019 55076=
38750 32597 83608 10030 20017 30272 40243 53032 885// 333 20029 30004 55008 555 7000/=
38763 11497 83003 10002 21007 30131 40240 52016 60012 77172 8802/ 333 20002 31001 55063 555 7001/=
38774 32897 83106 10024 21000 30028 40228 52021 8807/ 333 20022 30004 555 7000/=
38799 32597 42703 10070 20043 39927 40158 52010 84500 333 20068 30006 555 7000/=
38806 32997 31101 10072 20019 39896 40156 53009 80002 333 20070 31003 555 7000/=
38812 12960 00705 10040 21006 39726 40183 52009 60002==
38836 32999 30000 10088 21014 39256 40186 52018 80001 333 20054=
38880 12597 83009 10054 20008 39949 40206 52022 60002 889// 333 20052 31006 88923 555 7000/=
38886 32597 73004 10076 20029 39966 40195 52022 87900 333 20072 30005 555 7000/=
38895 32996 72801 10068 20045 39890 40180 52023 87050 333 20060 30003 555 7000/=
38911 32998 01604 10066 21004 39878 40174 53006 333 20066 30005 55053 555 7000/=
38915 32997 00000 10070 21005 39858 40182 53029 333 20064 31000 555 7000/=
38927 12960 30403 10042 20005 39824 40205 52012 60002 80001 333 55054==
38933 32997 01401 10052 20017 39693 40212 54000 333 20031=
38944 32698 53402 10084 20032 39614 40147 53013 83530 333 20076=
38954 32899 60000 11018 21059 37975 48570 52012 84901 333 21030=
38974 32998 83202 10084 20038 39853 40187 53014 85078 333 20069 30008 55098 555 7000/=
38987 32996 70000 10064 20046 39436 40180 53010 87070 333 20063 31004 55102 555 7000/=
40100 43982 89905 10091 21045 30187 40203 58018 333 58///=
40180 02660 60801 10092 20054 30141 40192 57006 86400 333 70000==
40199 02/// /0501 10097 20024 30172 40198 57001 333 70000==
40265 41840 60000 10000 21011 39395 40213 57006 70520 86080 333 86358=
40270 41557 40000 10020 21007 39275 40197 57009 70500 84200 333 84830=
40272 41540 61004 10020 20005 39344 40201 57010 71000 86800 333 83830 83635=
40340 42960 03604 10097 20008 40198 57002=
40356 42960 03006 10000 21050 39190 48484 333 58019 555 04410 50190=
40357 42560 33012 10087 21020 39522 40161 83500 333 58002 83630=
40360 42960 00404 10014 21020 39587 40191 333 58015=
40361 43960 03203 10068 20000 39392 40213 333 59003=
40362 42960 00806 10104 20000 39631 40146 333 59017=
40373 42960 01204 10096 20080 39738 40160 333 59007=
40375 42960 33404 10060 21010 39287 40168 83030 333 58008 83360=
40394 42960 02704 10102 21040 39003 48483 333 59030 555 04410 50121=
40400 42960 20303 10130 20030 30129 40157 80001 333 59003 82070=
40405 42960 00801 10102 20050 39389 40146 333 59032=
40417 41958 09903 10118 20110 30147 40162 71000 333 58013=
40420 42960 10000 10104 20060 39951 40166 80001 333 58003 81070=
40430 42960 03104 10155 20020 39401 40154 333 59016=
40437 42960 01203 10130 20010 39455 40157 333 59011=
40439 42960 00000 10120 20070 30115 40133 333 59011=
40582 32960 00000 10150 20093 40163 53008 333 55300 00000 10231 20000 30000 41005 51236 60000 55407 40000 90400 91005 91113 91207 91303=
40703 42660 50000 11064 21080 38890 40213 54000 85570 333 11048 21078 70009 82640 85458 555 11066 29089 66666 01048 11046 21004 30026 50058 90082=
40706 42470 42501 11089 21107 38606 40208 55001 81602 333 11026 21095 70014 81715 84068 555 11091 29087 66666 00001 10025 20049 30057 50062 90073=
40712 42665 22902 11059 21085 38627 40173 51002 82500 333 10002 21085 70000 82635 555 11064 29082 66666 00006 10012 20019 30019 50033 90051=
40713 42664 41203 11021 21058 38601 40143 56003 81572 333 10028 21034 70000 81635 555 11032 29076 66666 00024 10046 20058 30064 50073 90092=
40718 41440 82705 10025 20015 30284 40254 53007 76166 8552/ 333 10037 20025 70164 85615 88556 555 10021 29093=
40723 41160 82808 10025 20005 38939 40179 53007 76022 8652/ 333 10079 20025 79999 83703 84625 88456 555 10017 29087 66666 00044 10050 20056 30058 50060 90070=
40726 42660 21605 11006 21065 38608 40161 54000 82500 333 10010 21014 70000 82635 555 11024 29065 66666 00020 10024 20050 30048 50058 90080=
40727 42560 72702 11019 21046 38436 40173 54000 86300 333 10001 21035 70003 82930 85635 555 11027 29082 66666 01001 10020 20034 30040 50044 90069=
40732 41450 80000 10030 20025 30262 40237 51009 76166 8632/ 333 10048 20029 70253 85712 82915 88556 555 10028 29096 66666 00056 10068 20084 30098 50110 90124=
40736 41457 82603 10057 20051 30258 40232 52016 76166 8532/ 333 10086 20056 70244 84718 82922 88558 555 10054 29096 66666 00092 10103 20100 30113 50113 90118=
40738 42460 83505 10044 20034 30248 40250 52024 8462/ 333 10079 20043 70026 81713 84635 88459 555 10040 29093 66666 00078 10084 20096 30098 50102 90122=
40739 42965 00306 10034 21050 38642 40127 52005 333 10112 20034 70000 555 10004 29054 66666 00050 10052 20076 30084 50082 90087=
40741 42660 32906 10083 20034 39855 40187 52022 81502 333 10148 20078 70000 81635 83070 555 10062 29071 66666 00097 10108 20118 30121 50113 90117=
40743 42965 50402 10100 21002 39010 40104 52009 82072 333 10152 20069 70000 82460 84070 555 10057 29049 66666 00104 10114 20126 30126 50122 90126=
40745 42660 61604 10070 20025 39014 40148 52018 82571 333 10143 20069 70000 82640 83360 555 10050 29073 66666 00070 10084 20098 30088 50085 90105=
40747 41535 80000 11003 21014 38596 40158 54000 77172 8672/ 333 10054 21004 70022 83720 85835 88557 555 11007 29092 66666 00010 10032 20050 30060 50066 90088=
40754 42660 72807 10056 21009 38792 40131 52018 83370 333 10124 20054 79999 83635 81940 86459 555 10030 29063=
40762 42962 22902 10027 21011 38527 40141 53010 81042 333 10117 20024 70000 81360 555 10012 29076 66666 00032 10046 20060 30068 50072 90086=
40766 42660 50000 10041 21034 38670 40164 55000 83570 333 10059 20025 70029 83640 85457 555 10013 29058 66666 00032 10044 20052 30066 50074 90092=
40768 41656 72205 10022 21050 38216 40134 54000 72287 85370 333 10057 20004 70002 81935 85640 86459 555 11005 29059 66666 00008 10014 20027 30034 50032 90049=
40769 42660 22606 10056 21069 38255 40115 52011 82500 333 10082 20051 70000 82635 555 10011 29040 66666 00046 10052 20064 30066 50070 90094=
40780 41557 81502 10032 20012 38669 40186 53002 76022 8532/ 333 10050 20022 70075 81930 84635 88557 555 10024 29087 66666 00040 10042 20064 30064 50084 90096=
40782 42660 50202 10054 21017 38854 40161 58003 85500 333 10114 20047 70001 85640 555 10026 29060 66666 00066 10080 20094 30084 50104 90116=
40785 42960 02401 10056 21016 39055 40142 52016 333 10151 20045 70000 555 10028 29060 66666 00084 10103 20110 30122 50124 90156=
40791 42960 03101 10100 21030 39318 40129 52023 333 10196 20099 70000 555 10049 29040 66666 00122 10128 20150 30158 50162 90166=
40792 42962 11403 10111 21027 38690 40113 52012 80001 333 10149 20085 70000 81070 555 10054 29038 66666 00094 10102 20110 30122 50136 90130=
40798 42660 22409 10040 21065 37945 40151 53011 81570 333 10063 20034 70000 81635 555 11001 29046 66666 00025 10036 20059 30069 50069 90080=
40800 42965 02704 10094 21069 38440 40130 52009 333 10128 20038 70000 555 10033 29031 66666 00098 10114 20108 30098 50112 90122=
40809 42960 00806 10073 21024 38496 40145 53016 333 10140 20072 70000 555 10034 29050 66666 00073 10086 20107 30118 50117 90131=
40811 42660 50802 10136 20085 30128 40154 57012 85500 333 10212 20129 70000 85640 555 10111 29071 66666 00154 10170 20188 30196 50202 90214=
40812 42660 81202 10134 20083 39776 40150 57008 8457/ 333 10164 20115 70000 84640 88460 555 10108 29071 66666 00132 10134 20154 30166 50176 90194=
40821 42962 01204 10087 21045 38765 40130 53008 333 10192 20086 70000 555 10036 29039 66666 00102 10119 20144 30145 50139 90144=
40829 41925 00404 10110 20045 39600 40167 53022 70500 333 10198 20110 70000 555 10080 29064 66666 00120 10144 20168 30168 50172 90184=
40831 42960 00505 10148 20084 30154 40163 57015 333 10140 20140 70000 555 10116 29066 66666 00158 10174 20200 30198 50202 90220=
40833 42960 00202 10132 20073 30132 40164 55006 333 10226 20126 70000 555 10104 29068 66666 00152 10160 20174 30190 50202 90218=
40841 42960 01202 10007 21046 38251 40169 52016 333 10140 20004 70000 555 11013 29068 66666 00064 10062 20082 30096 50124 90144=
40845 41950 00303 10169 20145 30157 40162 53002 7100/ 333 10180 20158 70000 555 10155 29086 66666 00144 10154 20172 30182 50186 90202=
40848 41958 10000 10010 20000 38536 40195 53010 71000 80001 333 10100 20004 70000 81070 555 10006 29093 66666 00038 10056 20088 30102 50108 90118=
40854 42960 02803 10142 21023 38924 40095 53009 333 10218 20136 70000 555 10072 29032 66666 00136 10158 20180 30194 50196 90206=
40856 42960 02306 10100 21004 38643 40143 53013 333 10174 20083 70000 555 10055 29048 66666 00094 10118 20142 30150 50152 90152=
40859 42960 13103 10016 20011 38719 40195 53008 80001 333 10134 20016 70000 81070 555 10014 29097 66666 00320 10074 20102 30116 50130 90150=
40875 41957 33302 10141 20107 30140 40152 52016 71000 80002 333 10242 20138 70000 83070 555 10123 29080 66666 00152 10210 20236 30236 50250 90256=
40879 42960 00203 10135 20044 39496 40167 52018 333 10253 20131 70000 555 10092 29054 66666 00204 10220 20240 30242 50242 90254=
40882 42960 03202 10180 20158 30119 40154 52011 333 10216 20180 70000 555 10167 29087 66666 00172 10192 20222 30236 50236 90248=
40883 41956 03602 10174 20075 30115 40142 53009 70500 80000 333 10228 20162 70000 555 10124 29052 66666 00156 10178 20214 30222 50226 90250=
40893 41958 00802 10220 20100 30139 40145 53013 70500 333 10259 20208 70000 555 10155 29046 66666 00252 10259 20273 30275 50275 90278=
40898 41557 10603 10210 20194 30150 40159 52018 71000 81600 222// 00234 20900 333 10238 20210 70000 81720 555 10200 29091 66666 00210 10230 20250 30260 50266 90270=
41024 42960 00000 10191 20130 30112 40138 333 59005=
41036 42960 01404 10129 20080 38559 48509 333 59001 555 04410 50133=
41055 42960 01303 10142 20100 38365 48512 333 59001 555 04410 50133=
41061 42960 01311 10162 21010 39438 40137 333 58002=
41084 42960 03203 10148 21010 38851 48508 333 59010 555 04410 50106=
41112 42960 02010 10125 20110 37952 48521 333 58002 555 04410 50121=
41114 42960 01911 10143 20040 37987 48520 333 59001 555 04410 50110=
41128 42960 00000 10160 20040 38827 48535 333 58005 555 04410 50142=
41136 42960 00000 10183 20040 39331 40133 333 58014=
41140 42960 00000 10240 20180 30119 40123 333 58002=
41150 41960 20000 10161 20143 40163 70500 80001 333 58018 82075=
41176 44/40 /0103 10144 20137 30158 40164 333 58014=
41184 42960 01402 10131 20092 40165 333 58018=
41194 41958 29903 10219 20187 30150 40156 70500 80001 333 58018 82075=
41196 42960 11002 10149 20115 30120 40162 80001 333 58019 81072=
41216 41358 23304 10208 20191 30157 40161 70500 81601 333 58027 81709=
41217 41457 13305 10207 20189 30127 40157 70510 81600 333 58024 81710=
41242 36/// /2103 10179 20063 30140 40166 333 0E014 55300 25022 58011=
41244 26/// /1504 10203 20163 39725 40141 333 0E024 55300 25022 58016 70000=
41253 36/// /1601 10182 20166 39788 40153 333 0E019 55300 25022 58016=
41254 36/// /3005 10122 20023 38071 49861 333 0E007 55300 25022 58007=
41255 35/72 /0802 10187 20163 39640 40168 333 0E020 55300 20000 5////=
41258 36/// /2504 10229 20219 30147 40150 333 0E/// 55300 20000 58020=
41265 36/// /2700 10185 20163 39579 40150 333 0E023 55300 20000 58014=
41267 36/// /0000 10222 20205 30143 40155 333 0E022 58035=
41268 36/// /2111 10236 20193 30103 40150 333 0E023 55300 25022 58036=
41275 36/// /0905 10204 20194 30007 40020 333 0E019 55300 20000 5////=
41288 36/// /2205 10239 20207 30145 40167 333 0E023 58011=
41304 36/// /1516 10204 20204 39827 40144 333 0E020 55300 20000 58016=
41315 36/70 /0000 10162 20143 39334 48161 333 0E020 55300 27865 58008=
41316 32580 79901 10233 20191 30135 40165 87500 333 58008 55001 55407 55408 55507 55508 87630=
41480 42460 40206 10241 20199 30142 40150 84500 333 59006 84618=
41506 12960 00000 10020 20008 38560 48550 60001 333 20008 59010 70060==
41508 12960 00000 10022 20008 38689 48530 60001 333 21010 59017 70000==
41515 12960 30000 10012 21017 38605 48630 60001 83020 333 21002 56080 58040 70000==
41516 12440 80000 10065 20005 38571 48270 60001 88510 333 20034 56880 59014 70000==
41517 11440 70000 10010 21044 37820 48560 60001 70422 87570 333 21006 56880 58003 70000==
41518 12440 70000 10083 21058 30001 48010 60001 85520 333 20078 56880 58000 70000==
41519 12460 60000 10110 20007 38799 48360 60001 85520 333 20090 56880 59017 70000==
41523 12960 00000 10050 20014 39148 48430 60001 333 20024 58024 70000==
41535 12960 00000 10055 20020 38726 48910 60001 333 20000 59026 70000==
41536 12960 00000 10060 20026 39059 48140 60001 333 20040 59038 70000==
41560 12960 00000 10005 21007 38270 48050 60001 333 21030 59015 70000==
41571 11920 43602 10105 20076 39595 40194 60001 71000 81031 333 20084 56088 59038 70000==
41598 11920 20000 10115 20074 39897 40175 60001 70400 82030 333 20064 56080 59012 70000==
41600 11940 30000 10140 20112 39863 40164 60001 70422 83070 333 20082 56080 59029 70000==
41620 11440 42301 10050 21030 38607 48080 60001 70500 84500 333 20004 56800 58007 70000==
41624 11910 33101 10125 20085 39973 40178 60001 70410 83020 333 20114 56080 59010 70000==
41630 11940 20000 10130 20101 30000 40186 60001 70400 82030 333 20102 56080 59030==
41640 11420 50501 10140 20102 39923 40176 60001 70422 83570 333 20094 56880 59022 70000==
41660 12460 70503 10080 20060 38459 48500 60011 85430 333 20064 56880 58013 71300==
41678 11940 30000 10130 20101 30000 40163 60001 70400 83070 333 20116 56080 58009 70000==
41696 12460 20000 10075 20033 37996 48170 60001 82500 333 21010 56800 59016 70400==
41697 12460 80000 10135 20106 30052 40213 60001 84510 333 20120 56880 58059 70400==
41700 11410 70502 10130 20111 30039 40171 60021 72162 84530 333 20102 56880 59009 70200==
41710 12960 00501 10170 20051 39349 40118 60001 333 20130 59003 70000==
41712 12940 00000 10115 20065 39197 48030 60001 333 20100 58010==
41715 11905 00501 10135 20106 30130 40197 60001 70400 333 20124 58003 70000==
41718 11910 30000 10140 20102 30088 40195 60001 71000 83030 333 20124 56080 58030 70000==
41725 11920 00501 10155 20118 30104 40183 60001 70500 333 20144 58031 70000==
41739 12940 00502 10140 20022 39043 48970 60001 333 20120 59005 70000==
41744 12940 40000 10110 20007 38798 48180 60001 84020 333 20090 56080 58011==
41749 11910 03103 10150 20132 30158 40193 60001 71000 333 20140 58023==
41756 11920 20501 10210 20194 30098 40164 60001 71004 80001 333 20174 56008 58027 70000==
41757 11340 30000 10210 20186 30164 40177 60001 70500 83600 333 20184 56800 58013 70000==
41759 11420 50000 10220 20197 30158 40164 60001 71011 82510 333 20144 56880 58017 70000==
41764 11920 03608 10175 20111 30127 40178 60001 70400 333 20168 58011 70000==
41768 12940 00000 10150 20092 30161 40168 60001 333 20134 59001 70000==
41780 11940 03603 10200 20109 30149 40177 60001 70500 333 20172 58014 70000==
41785 12940 03103 10175 20140 30167 40180 60001 333 20162 58020 70000==
42027 31595 71401 10045 20014 38456 48543 70522 84510 333 20032 59021 555 10044=
42071 31594 52703 10124 20105 40176 71022 82430 333 10208 20110 59022 82630 84360 555 10044=
42101 31695 43202 10134 20130 40180 71000 82530 333 10245 20114 59020 82635 83360 555 10022=
42111 31995 40502 10132 20114 39434 40147 71011 81031 333 10247 20116 59035 81360 84070 555 10017=
42123 31595 53202 10140 20110 40183 70500 83530 333 10220 20126 59018 83630 85360 555 10017=
42131 31995 22702 10128 20113 40184 71000 80002 333 10225 20098 59016 555 10016=
42165 32996 00000 10160 20112 40185 333 10268 20134 59001 555 10003=
42182 31994 22503 10144 20133 40172 71000 82030 333 10266 20125 59007 82360 555 10008=
42189 31995 03202 10152 20130 40163 71000 333 10283 20129 59014 555 10015=
42309 21395 83203 10164 20161 40197 75065 333 20114 58022 6007/ 555 00065 10119=
42314 21595 80208 10164 20150 40196 71065 8452/ 333 20141 58023 6008/ 84620 88459 555 00076 10095=
42328 31995 00506 10152 20115 40167 70500 333 10288 20136 58003 555 10002=
42339 31895 20502 10172 20077 40183 70500 82030 333 10294 20156 59004 82358 555 10001=
42348 31995 00000 10168 20091 40182 70500 333 10280 20132 58003 555 10015=
42361 31994 00000 10166 20134 40182 71000 333 20147 58002 555 10008=
42369 31995 02902 10172 20137 40164 71000 333 10305 20151 59016 555 10001=
42379 31995 00000 10192 20128 40152 70500 333 10302 20134 59016 555 10000=
42398 31595 39902 10226 20164 40163 70511 81630 333 20184 59001 555 10000=
42410 21594 20000 10200 20171 40174 71010 81530 333 20153 59001 6001/ 81620 555 00011 10005=
42415 22996 41403 10208 20135 40190 80001 333 20177 58009 6990/ 84075 555 10020=
42452 31996 00000 10186 20086 39858 40176 70500 333 10289 20134 58008 555 10014=
42492 31594 22702 10214 20168 40159 72840 82500 333 20185 59010 82620 555 10001=
42559 32996 03603 10164 20072 40175 333 20132 58018 555 10000=
42571 31996 00000 10194 20157 40164 70500 333 20166 58000 555 10002=
42591 31594 40000 10196 20166 40172 71021 82530 333 20159 59007 82620 83360 555 10000=
42623 31495 50901 10170 20110 39303 40185 70521 82530 333 20105 58003 82618 84360 555 10008=
42634 32996 00000 10194 20123 40174 333 20184 58006 555 10000=
42647 31895 60702 10236 20087 40167 70422 86030 333 20193 58003 86358 555 10000=
42667 32996 00207 10176 20083 39582 40182 333 20120 58011 555 10000=
42675 31996 03202 10190 20130 40169 70500 333 20142 58006 555 10000=
42701 21995 20000 10210 20141 39415 40142 70560 82030 333 10286 20169 59015 6990/ 82360 555 10015=
42724 31994 00000 10240 20193 40163 71000 333 20180 58002 555 00000 10000=
42737 32996 00203 10204 20130 40172 333 20185 58006 555 10000=
42754 31995 00504 10210 20101 39528 40168 70500 333 20160 58008 555 10000=
42779 32996 00000 10192 20103 39455 40159 333 20146 59012 555 10000=
42798 31595 42002 10224 20179 40152 71000 82530 333 20176 59013 82620 83360 555 10003=
42809 31993 20000 10234 20219 40165 71100 82030 333 20206 59004 82360=
42840 32996 30000 10252 20105 40152 83030 333 20226 59006 83360 555 10000=
42867 31996 03403 10244 20113 40163 70500 333 20172 58002 555 10001=
42874 31995 00000 10222 20174 40156 70500 333 20179 58005 555 10000=
42886 31995 00000 10230 20157 40158 70500 333 20175 59016 555 10000=
42895 31595 52302 10250 20232 40163 70522 82530 333 20213 59003 82620 84360 555 10025=
42909 32896 20000 10230 20146 40157 82030 222// 20000 333 20204 58005 82358 555 10000=
42971 21595 30000 10262 20236 40167 71000 82530 333 20212 59002 6007/ 82620 555 00068 10032=
43003 31995 10000 10230 20142 40138 70400 81030 333 20204 59005 81360 555 10000=
43014 31995 00902 10228 20102 39509 40158 70544 333 20170 58002 555 10000=
43041 31995 00000 10230 20181 39544 40163 70500 333 20176 58000 555 10000=
43063 32997 00000 10200 20148 39538 40172 333 20153 58005 555 00000 10000=
43086 31996 00000 10266 20248 39974 40151 70500 333 10354 20206 58001 555 10000=
43110 31996 00502 10276 20112 40141 70544 333 20219 58002 555 10000=
43117 32997 00502 10240 20165 40158 333 20216 58004 555 10000=
43128 31996 09902 10258 20201 39546 40149 70500 333 10341 20207 59002 555 10000=
43150 31596 52702 10264 20232 30104 40165 70522 82531 222// 20000 333 10320 20247 59001 82620 83360 555 10000=
43185 31595 20000 10254 20233 30152 40156 71000 82500 333 10330 20227 58001 82620 555 10000=
43189 31596 30000 10266 20233 30156 40165 70511 82530 333 10324 20230 59002 555 10000=
43192 31996 00000 10266 20257 40136 70500 333 20252 58006 555 10000=
43198 31995 20504 10240 20195 39322 40144 71000 80001 333 10357 20204 59003 82075 555 10000=
43201 32997 20000 10244 20151 39405 40128 80001 333 10356 20198 58006 82075 555 10001=
43213 31996 01402 10258 20196 39823 40140 70500 333 10372 20231 58003 555 10000=
43233 32997 20000 10244 20193 39344 40160 80001 333 10337 20187 58007 555 10000=
43237 31996 00000 10240 20193 39732 40127 70500 333 10361 20207 58002 555 10000=
43245 32997 01802 10278 20231 30133 40160 333 10333 20242 58001 555 10005=
43279 31596 23202 10260 20228 30141 40159 70500 81501 333 10327 20230 58002 81620 555 10056=
43284 31195 20704 10270 20247 30025 40141 71000 82600 333 10332 20255 58004 82702 555 10036=
43295 32997 10902 10212 20178 39143 48548 80001 333 10334 20194 58005 81075 555 10005=
43310 32597 40502 10284 20247 40137 82211 333 20245 58014=
43314 32596 70902 10288 20254 40146 84831 333 10354 20272 58006 555 10000=
43321 31496 79903 10236 20192 39710 40161 71020 83531 333 10351 20219 58004 83612 83358 555 10001=
43329 32996 23202 10250 20229 30137 40151 71000 80001 333 10314 20220 59001 555 10005=
43333 31496 30502 10298 20234 40147 70500 82401 333 20257 58002 81618 555 10074=
43344 31496 30203 10260 20221 30057 40157 71011 82501 333 10339 20226 58002 82616 555 10015=
43353 31495 20904 10278 20241 40144 71021 81530 333 10316 20262 56790 58011 81620=
43369 31496 70000 10266 20249 40145 70292 84470 333 10332 20248 58010 83618 85358 555 10073=
43371 31995 00501 10244 20220 30073 40146 71000 333 10336 20230 58008 555 10049=
43404 22470 20702 10289 29083 30143 40146 52026 82000 333 58006 60008 70000 91004==
43410 22470 31203 10291 20219 30147 40150 51/// 83100 333 10291 20269 3/026 58006 60008 70000 91007==
43413 22970 01001 10270 29085 30150 40154 51026 333 3/022 553// 20266 58009 60008==
43415 22470 20801 10260 20231 30043 40151 52/// 82000 333 10296 20220 3/019 58006 60008 70000==
43418 22470 20000 10274 20230 30106 40147 52022 82100 333 10292 20232 58005 60008 70000 82/18==
43421 42970 0////==
43422 22/69 10902 10257 20229 30013 40148 52020 333 10304 20206 58007 60008 70000==
43424 22970 00702 10259 20230 30141 40143 52021 333 20226 58006 60008 70000==
43436 22470 23601 10274 20239 30147 40150 50010 82000 333 10285 20240 58006 60008 70000==
43441 22070 01102 10274 20199 30006 40139 52022 333 20220 58006 60008 70000==
43444 22970 01101 10221 20193 39610 40145 52021 333 10306 20184 58005 60008 70000==
43450 21958 40701 10276 20231 30133 40145 51020 70510 84106 333 10301 20233 3/021 58007 60008 70000==
43467 21/57 10502 10281 20233 30139 40145 52024 70500 333 20250 58013 60008 70000 81/17==
43475 22470 53202 10271 29074 30141 52021 84201 333 553// 20263 58002 60008 70000 91004==
43476 22960 02301 10178 20138 38803 48545 5/020 333 10229 20123 59001 60008 70000==
43479 22470 11301 10192 20173 39297 81100 333 10258 20164 59002 60008 70000==
43486 41460 1//// 70500 81000==
43495 22470 00502 10272 20215 30126 40139 52022 333 20247 58005 60008 70000==
43497 42470 2//// 82000==
44212 41960 60000 11211 21254 39360 40631 52010 71022 80007==
44213 42984 00000 11258 21291 38986 40650 52005==
44214 42960 00000 11186 21246 38410 40581 52008==
44215 41960 20000 11254 21285 38563 40660 52008 71070 80004==
44217 32998 00000 11243 21300 37957 40678 52010 333 91200=
44218 41960 02401 11211 21246 38779 40620 51007 77600==
44219 32999 01202 11274 21305 38798 40673 51007 333 91202=
44265 42984 01301 11102 21173 38979 40475 52011==
44266 32999 01702 11179 21250 37871 40586 52007 333 91204=
44404 22358 10903 10127 20041 38139 48474 81100 333 20058 59027 60004=
44416 22660 11904 10148 20080 39383 40157 81100 333 20064 59022 60004=
44424 22960 01502 10028 21047 37686 47070 80000 333 21036 58000 60004=
44434 22560 10602 10152 20110 39261 48541 81100 333 20092 59013 69904=
44438 21930 01402 10180 20141 30028 40155 71044 80000 333 20130 59017 60004=
44449 21950 00908 10185 20134 30000 40157 71044 80000 333 20118 59009 60004=
44454 21420 20000 10130 20096 38694 48530 71044 82100 333 20077 59006 60004=
44462 22360 30902 10116 20082 38275 48497 82101 333 20080 59007 60004=
44474 21030 20000 10120 20063 38274 48515 70542 82200 333 20061 59015 60094=
44477 21550 11601 10164 20122 38840 48545 7104/ 81100 333 20085 59010 60004=
44478 21925 01106 10190 20165 30076 40158 7104/ 80000 333 20143 59006 60004=
48010 42956 03601 10185 20147 30014 40171 333 58013==
48020 42957 00000 10195 20159==
48025 41320 50000 10218 20156 31003 40176 58003 70521 84840==
48048 42956 00401 10235 20155 30100 40157 333 58003==
48052 32457 31802 10230 20163 81231 333 56999=
48062 42556 23603 10230 20181 30144 40150 82500 333 58010==
48064 42956 01401 10240 20155 30068 40126 333 58001==
48094 42958 03102 10270 20230 30137 40147 333 59001==
48109 42960 00401 10288 20230 30145 40148 333 59005==
51076 14/77 /1601 11085 21157 39487 40438 52011 60001 333 11085 21156 3/102 4/025 58004 70000 90761 91103==
51087 14/76 /1301 11039 21186 39337 40423 52013 60001 333 11039 21143 3/105 4/016 58005 70000 90761 91105==
51156 14/74 /0103 11031 21126 38801 40396 52009 60001 333 10011 21105 3/113 58013 70000 90761 91106==
51243 14/23 /2601 11100 21113 39837 40427 52010 60001 71000 333 11072 21142 3/109 58000 70000 90761 91103==
51334 14/39 /1601 11125 21142 39988 40430 52015 60001 70500 333 11051 21172 3/110 4/012 58003 70000 90761 91103==
51379 14/17 /2001 11135 21155 39411 40438 52010 60001 71000 333 11050 21164 3/106 4/023 58005 70000 90761 91104==
51463 14/02 /0101 11108 21124 39144 40422 52011 60001 74600 333 11028 21115 3/101 4/034 58003 70000 90761 91102==
51573 14/70 /1301 10050 21150 30305 40356 52018 60001 333 10132 20016 3/104 58049 70000 90761 91103==
51644 14/56 /3501 11002 21091 39046 40343 52019 60001 70500 333 10079 21057 3/107 58033 70000 90761 91105==
51656 14/60 /1105 10044 21149 39252 40330 52020 60001 333 10081 21006 3/105 58034 70000 90761 91108==
51709 14/61 /2802 11003 21123 38702 40322 52016 60001 333 10086 21024 3/104 58030 70000 90761 91104==
51711 14/61 /2502 11056 21156 38078 40309 52015 60001 333 10031 21086 3/113 58034 70000 90761 91106==
51716 14056 03501 11022 21120 39001 40343 52020 60001 333 10108 21052 3/110 58036 70000 90761 91104==
51765 14/59 /0902 10024 21143 39311 40340 52019 60001 333 10094 21065 3/113 58032 70000 90761 91103==
51811 14057 02901 11009 21128 38866 40326 52016 60001 333 10108 21032 3/111 58029 70000 90761 91102==
51818 14/50 /2800 11006 21145 38711 40311 52014 60001 70600 333 10104 21060 3/112 58027 70000 90761 91102==
51886 14/60 /1601 11066 21229 37132 40288 52013 60001 333 10012 21124 3/117 58021 70000 90761 91106==
52203 14/27 /1105 10037 21166 39443 40355 52018 60001 70700 333 10090 21034 3/108 58042 70000 90761 91110==
52602 14/80 /1001 11038 21247 37280 40287 52019 60001 333 10037 21108 3/114 58020 70000 90761 91109==
52818 14/66 /2503 11024 21248 37259 40242 52012 60001 333 10036 21097 3/113 4/001 58038 70000 90761 91108==
52908 14/75 /2807 11162 21199 35753 40304 52014 69921 333 11036 21199 3/124 4/001 58026 70011 90761 91110==
55228 14/80 /0801 11102 21249 36037 40272 52014 60001 333 11007 21148 3/120 58009 70000 90761 91103==
55299 14/71 /2102 11075 21242 35858 40200 52013 60001 333 11009 21155 3/123 58021 70000 90761 91106==
55578 14/80 /2405 10027 21222 36381 40103 52018 60001 333 10074 21062 3/112 58006 70000 90761 91107==
55591 14/78 /1103 10022 21079 36534 40128 52018 60001 333 10092 21015 3/105 58015 70000 90761 91108==
55664 14/80 /2501 11054 21199 36022 40216 52011 60001 333 10031 21130 3/115 59001 70000 90761 91108==
55773 14/72 /2001 11049 21115 36019 40208 52013 60001 333 10002 21121 3/114 58002 70000 90761 91103==
56004 14/80 /2807 11106 21195 35819 40245 52018 60001 333 11020 21170 3/122 58029 70000 90761 91113==
56018 14/60 /1101 11046 21184 36178 40202 52016 60001 333 10024 21135 3/117 58012 70000 90761 91104==
56312 14/80 /1601 10037 21033 37115 40191 52015 60001 333 10098 20004 3/001 58006 70000 90761 91106==
62332 32560 43512 10131 20084 40197 57008 84500=
62337 32960 02403 10097 20062 40191 57006=
62366 35860 63208 10102 20032 40209 52001 86050=
62387 32960 03206 10064 20092 40221 54000=
62393 32960 03604 10070 20021 40234 52008=
62405 32960 03002 10110 20016 40187 52003=
62414 32960 00106 10120 20022 40182 52004=
62419 32960 00515 10163 20043 40173 52003=
62420 32960 03602 10077 20030 40229 52001=
62458 32960 00102 10098 20009 40199 52001=
41256 324// 52003 10219 20200 30140 40157 90245 333 58017 55007 55407 55408 55507 55508=
41859 31940 00000 10218 20170 30124 40162 70500 333 20174 59001 70000=
41883 32956 00000 10245 20200 30142 20200 30142 40163 333 20190 58001 70000=
41891 31945 00902 10216 20160 30126 40166 70500 333 20180 58004 70000=
41907 31930 00000 10220 20200 30145 40160 71000 333 20175 59004 70000=
41923 31950 00000 10262 20190 30156 40165 70500 333 20208 58001 70000=
41936 31903 00000 10228 20210 30145 40152 74244 333 20184 59007 70000=
41943 31930 00000 10240 20190 30158 40165 70500 333 20172 58005 70000=
41950 31945 00000 10240 20210 30166 40168 70500 333 20189 58004 70000=
41978 31925 00604 10254 20190 30156 40162 72841 333 20182 58002 70000=
41992 31930 00301 10257 20210 30163 40165 70500 333 20208 58004 70000=
