SMPK OPKC 100600=
41504 02596 80000 10040 21054 37875 48530 60001 85710 333 56990 59024 60007 82730 83640 88460 50%=
41505 22696 82304 10040 21037 38/// 48/// 60002 82520 333 56990 58/// 83640 88460 57%=
41506 02697 81806 10090 20001 38538 48536 60001 8452/ 333 5699/ 59021 60007 84640 85460 54%=
41507 02697 73602 10150 20073 39252 49770 60001 83520 333 56990 59040 60007 83640 84460 60%=
41508 01696 80502 10089 20059 38685 48553 69951 76066 8452/ 333 5699/ 58001 69957 84635 85460 81%=
41509 01696 80904 10090 20035 38786 48524 69921 76052 8452/ 333 5699/ 59016 69927 84635 86458 69%=
41510 22696 80000 10025 21012 37918 48535 60001 82520 333 56990 59013 60007 82640 86460 77%=
41515 02697 80000 10082 20023 38590 48550 60001 8572/ 333 5699/ 59005 60007 82734 83640 85460 67%=
41516 02696 70902 10100 21024 38573 48530 60001 82510 333 56990 59023 60007 82640 87460 42%=
41517 01496 70000 10060 21025 37826 48549 60001 70422 85620 333 56990 59020 60007 82718 83635 86460 54%=
41518 02596 80902 10111 21090 38/// 48/// 60001 8472/ 333 5699/ 5//// 60007 81730 83640 88461 24%=
41519 02697 73602 10120 21068 38783 48521 60001 83520 333 56990 59032 60007 83640 85462 26%=
41520 02596 71802 10035 21044 37636 48278 60001 84670 333 56990 59018 60007 81720 83640 86762 56%=
41523 02696 83606 10130 20021 39100 48516 60001 8352/ 333 5699/ 59010 60007 83640 85460 48%=
41524 02697 80000 10160 20007 39383 40247 60001 8352/ 333 59003 60007 83640 82460 35%=
41525 12696 80904 10040 20005 37671 48396 60001 8352/ 333 5699/ 59018 83640 85460 78%=
41528 02697 70000 10145 20043 39221 48512 60001 83520 333 56990 59018 60007 83640 84460 50%=
41529 02696 82702 10200 20061 39780 40159 60001 84530 333 56990 59018 60007 84640 85360 40%=
41530 01696 82306 10200 20014 39740 40151 60001 70522 82430 333 56990 59016 60007 82840 88359 29%=
41534 02696 80000 10180 20058 39742 40156 60001 83520 333 56990 59016 60007 83640 85462 45%=
41535 02697 73102 10155 21019 38715 48487 60003 84520 333 56990 59019 60007 84635 86460 30%=
41536 02597 83604 10160 20023 39042 48516 60001 8352/ 333 5699/ 59017 60007 83630 88460 40%=
41560 02697 60000 10030 21006 38318 48549 60001 82520 333 56990 58008 60007 82630 84460 77%=
41562 02697 50504 10180 20029 39694 40158 60001 82530 333 59005 60007 82640 83360 36%=
41565 02696 83102 10094 21015 38644 48511 60001 8352/ 333 5699/ 58001 60007 83640 85460 46%=
41567 01696 30000 10155 20063 39714 40133 60001 70400 82530 333 56990 58009 60007 82640 82360 54%=
41571 11996 71304 10200 21006 39574 40152 60001 70522 83031 333 56099 59014 25%=
41572 01696 52308 10190 20010 39520 40140 60001 70511 83530 333 56990 59014 60007 83640 85360 30%=
41573 02697 71306 10115 21006 37977 48497 60001 83520 333 56990 59013 60007 83640 84460 43%=
41574 02697 71304 10140 21013 38356 48533 60001 85520 333 56990 59004 60007 85640 83460 35%=
41576 01995 50000 10170 20070 40172 60001 70400 85070 333 56090 59007 60007 85460 52%=
41577 01696 70000 10205 20021 39543 40151 60001 70522 82530 333 56990 59009 60007 83640 83360 29%=
41593 01996 42302 10190 20096 39963 40155 60001 70421 84030 333 56090 59009 60007 84360 55%=
41597 01996 60000 10185 20112 40167 60001 70422 86070 333 56090 59015 60007 86461 62%=
41598 01995 51302 10170 20094 39880 40153 60001 70400 85030 333 56090 59025 60007 85360 61%=
41599 01694 60000 10160 20081 39866 40158 60001 70422 83470 333 56990 59013 60007 83640 84460 60%=
41600 01696 70000 10170 20094 39854 40151 60001 70422 83470 333 56990 59018 60007 83640 84460 61%=
41620 32696 20502 10140 21028 38590 48493 60001 82500 333 56900 59016 60007 82640 31%=
41624 02997 02302 10220 20077 39947 40146 60001 333 59015 60007 40%=
41625 01996 00000 10220 20090 39936 40134 60001 70500 333 59014 60007 43%=
41630 01995 20000 10210 20075 40062 60001 70500 82030 333 56090 59004 60007 82360 42%=
41633 01996 40000 10200 20086 4//// 60001 70400 84030 333 56090 5//// 60007 84360 48%=
41634 02697 73102 10195 20019 3//// 4//// 60001 82570 333 56990 5//// 60007 82640 85460 31%=
41636 01996 02302 10200 20109 39977 40162 60001 70400 333 59016 60007 58%=
41638 01996 01804 10190 20109 4//// 60001 70400 333 5//// 60007 56%=
41639 01696 63102 10165 20063 3//// 4//// 60001 70410 83530 333 56990 5//// 60007 83630 83360 51%=
41640 01696 50000 10190 20096 39907 40156 60001 70400 82530 333 56990 59010 60007 82640 84360 55%=
41641 01695 60000 10195 20103 39886 40161 60001 70422 83570 333 56990 59005 60007 83640 84460 55%=
41642 01996 53102 10190 20118 3//// 4//// 60001 70400 85070 333 56090 5//// 60007 85461 63%=
41643 01695 70000 10175 20121 39871 40148 60001 70422 83570 333 56990 59012 60007 83640 85460 71%=
41644 01695 60000 10160 20114 4//// 60001 70400 82520 333 56990 5//// 60007 82640 84460 74%=
41646 01995 02304 10205 20104 39950 40165 60001 70400 333 59016 60007 52%=
41652 01996 00504 10205 20104 39982 40161 60001 70400 333 59012 60007 52%=
41660 02697 72314 10130 20016 38436 48526 60001 82530 333 56990 58000 60007 82640 85358 46%=
41661 02697 4000/ 10120 20041 38387 48514 60001 84500 333 56900 58005 60007 84635 58%=
41669 02997 02302 10195 20103 3//// 4//// 60001 333 5//// 60007 55%=
41670 01996 01802 10190 20096 4//// 60001 70400 333 5//// 60007 55%=
41674 01996 00000 10210 20122 3//// 4//// 60001 70400 333 5//// 60007 57%=
41675 01994 00000 10210 20088 30012 40155 60001 70500 333 59011 60007 45%=
41676 01995 03102 10195 20103 30013 40173 60001 70400 333 59012 60007 55%=
41677 01996 01304 10200 20109 39968 40134 60001 70400 333 59018 60007 56%=
41678 01996 30000 10210 20075 40156 60001 70500 83020 333 56090 59014 60007 83460 42%=
41679 01996 32302 10205 20116 4//// 60001 70411 83030 333 56090 5//// 60007 83360 56%=
41680 01995 01304 10210 20111 39958 40158 60001 70400 333 59013 60007 53%=
41685 02997 00000 10185 20001 38918 48507 60001 333 59013 60007 29%=
41696 02697 42304 10120 20001 38000 48514 60001 82520 333 56990 59006 60007 82640 82460 44%=
41697 02997 00000 10230 20051 40162 60001 333 58000 60007 31%=
41700 01995 00000 10220 20077 40143 60001 70500 333 59013 60007 40%=
41701 01995 20000 10235 20092 30007 40149 60001 70500 82030 333 56090 59024 60007 82360 41%=
41710 12997 03106 10200 20028 39345 40106 60001 333 58000 32%=
41712 12997 00000 10180 20077 39186 48506 60001 333 58010 51%=
41715 01996 20000 10230 20079 30087 40151 60001 70400 80001 333 56009 59012 60007 82070 38%=
41716 01995 00000 10210 20075 30051 40154 60001 70500 333 59015 60007 42%=
41718 01995 00000 10200 20098 30041 40144 60001 70400 333 59016 60007 52%=
41724 01995 20000 10240 20094 30085 40163 60001 70400 80001 333 56009 59015 60007 82070 39%=
41725 01996 40000 10220 20113 30068 40147 60001 70500 84030 333 56090 59007 60007 84360 51%=
41726 01995 30000 10210 20122 30102 49173 60001 70500 83030 333 56090 58001 60007 83360 57%=
41738 02996 80000 10210 20169 39991 40173 60001 8803/ 333 5609/ 58008 60007 88360 78%=
41739 02996 40000 10180 20065 39063 48523 60001 84030 333 56090 59028 60007 84360 47%=
41742 12997 21802 10245 20113 40156 60001 80001 333 56009 59010 82070 43%=
41743 01996 00502 10200 20109 60001 70400 333 60007 56%=
41744 12996 40000 10180 21049 38798 48525 60001 84030 333 56090 58002 84360 21%=
41745 01996 01304 10230 20115 60001 70400 333 60007 48%=
41746 02996 20000 10190 20109 30094 40149 60001 82030 333 56090 59015 60007 82360 56%=
41747 01995 40000 10220 20064 40134 60001 70500 84030 333 56090 59018 60007 84360 36%=
41748 01996 40502 10220 20102 40159 60001 70500 84030 333 56090 59012 60007 84360 47%=
41749 01995 21704 10240 20117 30124 40158 60001 70400 80001 333 56009 59004 60007 82070 46%=
41756 01596 50000 10230 20165 30099 40165 60001 70504 85400 333 56900 58005 60007 85625 67%=
41757 12996 22704 10230 20165 30150 40163 60001 82500 333 56900 59013 60007 82630 67%=
41759 01996 22302 10245 20173 30160 40166 60001 70500 82030 333 56090 58009 60007 82360 64%=
41760 01996 42710 10245 20164 30147 40160 60001 70500 80001 333 56009 58000 60007 84080 61%=
41764 01995 52404 10240 20068 30102 40152 60001 70400 80000 333 56009 59007 60007 85070 33%=
41765 02996 12302 10240 20094 30118 40153 60001 80001 333 56009 59013 60007 81070 39%=
41766 21994 21802 10225 20130 40162 82030 70400 333 56090 59003 60007 70000 82360 55%=
41767 01995 00000 10245 20124 3//// 4//// 60001 70400 333 60007 47%=
41768 02996 02302 10250 20120 30147 40154 60001 333 58003 60007 44%=
41780 21996 42706 10250 20170 30128 40155 70400 80001 333 56009 58005 60007 82070 61%=
41783 02996 02302 10250 20167 30107 40136 60001 333 59011 60007 58%=
41785 02996 42304 10210 20100 30149 40162 83030 60001 333 56090 58002 60007 83360 49%=
41786 02996 42704 10240 20038 30099 40136 60001 82031 333 56099 59019 60007 82362 82072 27%=
41BAG 02697 60000 10035 21081 60001 84510 333 56990 60007 84640 86460 42%=
41BKI 02696 82304 10200 20061 39730 40145 60001 84520 333 56990 59018 60007 84640 86460 40%=
41SKP 01996 30000 10190 20118 3//// 4//// 60001 70400 83030 333 56090 5//// 60007 84360 63%=
43532 02997 00000 10160 20037 39342 40145 60001 83520 333 56990 59001 60007 83640 83460 44%=
43533 02997 80000 10140 20035 39228 48498 60001 8802/ 333 5609/ 59012 60007 88460 49%=
43563 02697 80000 10172 20064 39455 40145 60001 83530 333 56990 59015 60007 83640 85360 50%=

UPPK OPKC 100600=
PPAA 6006/ 41506 MISDA DUE TO TECHNICAL FAULT=
PPAA 6006/ 41515 MISDA DUE TO OVERCAST=
PPAA 6006/ 41715 NO ASCENT DUE TO BALLOONS OUT OF STOCK=
PPAA 6006/ 41739 no acent due to security risk =
PPAA 6006/ 41764 NO ASCENT DUE TO PAF FLYING=
PPAA 7106/ 41768 No ASCENT DUE TO SHORTAGE OF STAFF=
PPAA 6006/ 41598 MISDA DUE TO TECHNICAL PROBLEM=
PPAA 6006/ 41600 MISDA DUE TO TECHNICAL PROBLEM=
PPAA 6006/ 41624 MISDA DUE TO TECHNICAL PROBLEM=
PPAA 6006/ 41640 MISDA DUE TO TECHNICAL PROBLEM=
PPAA 6006/ 41646 MISDA DUE TO TECHNICAL REASON=
PPAA 6006/ 41675 MISDA DUE TO TECHNICAL ISSUE=
PPAA 6006/ 41678 MISDA DUE TO TECHNICAL PROBLEM=
PPAA 6006/ 41718 MISDA DUE TO TECHNICAL PROBLEM=


Data Generated from File : D:/all data handling/Rmc_lhr/2025021006.FSU.txt
10/02/2025   07:01:39
____________________________________________________________________________________________
15020 01950 03100 11109 21120 30146 40363 52002 60002 7101/ 333 11058 21114 34113 55300 20004 60007 70000 91001 90760 91101==
15090 07456 82501 11092 21106 30262 40363 52002 60002 7101/ 886// 333 11046 21111 34112 55300 10140 20000 30000 60007 70000 91001 90760 91101==
15108 02984 00905 11089 21260 38121 48544 57004 60002 333 11053 21092 49082 55300 20009 60007 70000 91005 90760 91106==
15150 07941 03401 11099 21117 30129 40362 53003 60002 7101/ 333 11048 21101 34111 55300 20005 60007 70000 91003 90760 91103==
15170 02960 01001 11149 21169 39510 42872 54000 60002 333 11063 21168 3/112 41998 55300 20003 60007 70000 91001 90760 91101==
15280 02984 00207 11112 21329 37504 47036 56005 60002 333 11089 21117 49081 55300 20003 60007 70000 91009 90760 91109==
15310 07457 80203 11065 21079 30254 40347 54001 60002 7101/ 886// 333 11025 21079 34108 55300 10030 20002 30002 60007 70000 91006 90760 91106==
15335 04560 70102 11058 21081 30336 40344 54001 60002 87500 333 11027 21059 34106 55300 20004 60007 70000 91004 90760 91106==
15350 04968 03302 11076 21112 30223 40353 55000 60002 333 11023 21078 34107 55300 20005 60007 70000 91003 90760 91104==
15360 04563 83409 11040 21057 30311 40330 53004 60002 886// 333 10006 21040 60007 91011 90760 91111==
15420 02960 03301 11119 21134 30225 40348 55002 60002 333 11053 21121 34113 55300 20000 60007 70000 91001 90760 91101==
15460 04957 02301 11078 21096 30318 40345 50001 60002 71000 333 11043 21081 30110 55300 20008 60007 70000 91001==
15470 07958 00201 11094 21113 30209 40347 55002 60002 7101/ 333 11033 21094 30111 55300 20004 60007 70000 91001 90760 91102==
15480 07459 72902 11032 21053 30314 40333 53004 60002 7101/ 87600 333 11013 21034 34104 55300 10040 20003 30003 60007 70000 91004 90760 91105==
15549 12966 03401 11085 21097 39885 40334 57002 60002 333 11058 21099 70000 555 34114 590// 92602=
15552 12560 53405 11031 21066 30273 40325 53007 69902 85500 222// 00061 311// 40402 333 11012 21032 55010 70000 555 30105 574// 92036 92437=
15640 12674 23203 11040 21056 39993 40325 54000 60002 82500 333 11019 21044 55070 70000 555 34106 589//=
15655 12568 60000 11010 21048 30282 40317 57001 60002 86500 222// 00062 10502 333 10003 21010 70000 555 34/// 573// 92035 92437=
15730 12670 20000 11078 21104 39909 40337 53003 60002 81131 333 11008 21078 55005 70000 555 31/// 582// 92600=
16627 12565 61105 11002 21051 30296 40303 53002 60002 86800 333 21002 34/// 55000 70000 82830 85650 90730 91110==
16650 11460 70611 10048 21018 30280 40290 53001 69902 72052 87600 333 20044 30/// 55012 83712 87625 90730 91120==
16667 12560 50113 10062 20023 30256 40269 53005 60002 85800 333 20058 30/// 55057 70000 82820 83630 90730 91129==
16706 12560 50218 10078 20022 30236 40243 55004 60002 85500 333 20076 30/// 55020 70000==
16723 12560 30212 10064 20003 30211 40226 52008 60002 83200 333 20064 30/// 55000 70000 90730 91118==
16742 12460 13516 10070 20004 30045 40203 52005 60002 81100 333 20064 30/// 70000 90730 91124==
16749 12460 39903 10094 20017 30170 40185 53007 60002 82106 333 20050 30/// 55086 70000 90730 91107==
16754 11460 63416 10092 20052 30186 40235 52005 69952 72161 86600 333 20086 30/// 55003 70014 82710 85625 90730 91129==
16760 11460 63614 10056 20031 40235 53005 60022 72165 86800 333 20051 32/// 55030 70079 82818 86625 90730 91124==
16765 12560 63216 10104 21002 40199 52007 60002 86800 333 20103 30/// 70000 85820 85625 90730 91127==
17022 11670 61604 10018 20010 30102 40275 53004 60082 70182 83250 333 20008 32000 55000 20239 70112 83834 86360 90760 91107==
17024 11570 72210 10013 20011 30185 40266 52008 60152 70262 85570 333 20007 32101 55000 70230 85632 87360 90760 91115==
17026 11570 62603 10040 20016 30224 40264 52013 60022 70262 85570 333 20033 32000 55001 20360 70030 85628 85459 90760 91118==
17031 11458 72305 10047 20022 30249 40256 52011 69922 78082 84250 333 20023 32001 70014 82715 84830 87358 90760 91110==
17034 12670 70000 10057 20023 30213 40260 52009 69922 83250 333 20048 32004 55000 70059 83835 86360 90760 91105==
17038 12670 42210 10057 21033 30199 40248 52009 60002 84100 333 20049 30/// 84835 90760 91118==
17042 12670 41205 10056 21011 30217 40258 52009 60002 84250 333 20032 31003 55000 70015 84835 84360 90760 91110==
17050 12670 73402 10005 21070 30257 40322 53006 60002 84570 333 21001 34102 55002 84635 87360 90760 91111==
17056 12670 63406 10018 21019 30297 40302 53006 60002 83530 333 20004 30000 55000 20368 83635 86360 90760 91116==
17060 12560 70309 10046 21019 30244 40286 53006 69902 85270 333 20026 31001 70006 85830 87360 90760 91122==
17070 11530 81901 11017 21028 39359 40263 53007 60012 77077 8552/ 333 21022 3/103 47002 55/// 20406 70010 85630 88458 90760 91103==
17074 11550 82401 11012 21017 39287 40254 52007 69982 77072 8552/ 333 21016 3/104 47002 55000 20331 70008 85630 88459 90760 91104==
17084 11665 72402 11011 21016 39316 40254 52009 69902 72277 84570 333 21011 3/103 45998 55012 24798 84635 87360 90760 91107==
17085 11550 83202 10008 21005 39746 40253 52009 69932 77022 8672/ 333 20006 3/000 41998 55022 70003 83720 84630 88457 90760 91105==
17092 12960 01502 11102 21113 38898 48510 52011 60002 333 21143 3/115 47009 55048 21562 90760 91105==
17096 12660 42703 11181 21192 38244 48525 52011 60002 82540 333 21204 3/120 43007 55085 20548 82635 84357 90760 91105==
17098 11660 12705 11109 21128 38202 48525 52009 69902 70271 81500 333 21153 34117 81635 90760 91106==
17100 12670 20000 11038 21096 39248 40292 52014 60002 82500 333 21069 30109 55028 20959 82636 90760 91102==
17112 12570 60305 10027 21014 30287 40290 53003 60002 86500 333 20018 30001 55000 20268 86630 90760 91114==
17115 11460 73616 10031 20022 30230 40283 53005 60042 78322 87200 333 20018 32001 55002 20239 70050 85710 87830 90760 91124==
17116 12570 70203 10036 21011 30152 40278 53008 60002 85250 333 20031 30002 55000 20440 85833 86359 90760 91112==
17124 12660 43208 11014 21060 39315 40267 52007 60002 84500 333 20343 34103 84640 90760 91114==
17128 12670 72902 11029 21084 39112 40253 52008 60002 84150 333 21043 34106 55027 20285 84840 86360 90760 91105==
17135 11670 82102 11001 21005 39339 40244 52010 69922 72272 8552/ 333 21003 3/102 47001 55007 22914 70002 85635 88460 90760 91106==
17140 11457 80502 11036 21045 38710 48491 52007 69982 77177 8672/ 333 21040 3/105 47010 70010 82711 85634 88459 90760 91107==
17150 11560 60104 10023 20006 30144 40272 53006 69982 70282 86200 333 20017 32001 55010 20490 70034 82720 85835 90760 91117==
17160 11670 73503 11018 21059 39037 48495 53006 69902 70272 84550 333 21029 34106 55023 20808 84640 87360 90760 91110==
17170 12660 20704 11040 21114 38338 48514 52011 60002 82500 333 21089 30/// 82640 90760 91109==
17175 12665 70904 10041 21020 30261 40265 53005 60002 83250 333 20029 30000 55026 20892 83835 86360 90760 91114==
17184 12970 03505 10017 21018 30138 40254 53006 60002 333 20014 30001 55080 21444 90760 91113==
17190 11556 62902 11033 21081 39020 48504 52010 69902 77072 86500 333 21033 34104 55000 86630 90760 91107==
17195 11460 80406 11051 21063 38987 48493 52007 69922 77177 8652/ 333 21052 3/106 47007 55048 20917 70004 83710 85625 88457 90760 91108==
17200 12660 41702 11025 21059 39223 40257 52012 60002 82530 333 21075 30/// 82640 84360 90760 91108==
17202 11431 82004 11004 21016 39165 40242 52012 69902 77022 8652/ 333 21031 34/// 82712 85630 88458 90760 91107==
17203 12670 60000 11009 21094 38905 48548 52011 60002 84520 333 21030 34104 55083 21348 84640 86460 90760 91104==
17210 12970 10000 10023 21047 39167 40225 52012 60002 80001 333 20009 30101 55080 81070==
17219 12/60 10209 10022 21025 30097 40247 53005 60002 81030 333 20010 30101 55085 21407 81360 90760 91119==
17234 12970 00402 10043 21041 30158 40228 53007 60002 333 20028 31101 55065 21323 90760 91105==
17237 12670 50000 10018 21036 39723 40242 53009 60002 83250 333 20003 34103 55031 83837 85359 90760 91102==
17240 12570 40408 10004 21057 39047 40224 53008 60002 84500 333 21001 34105 55029 21055 84630 90760 91121==
17244 11470 73509 11018 21051 39014 48498 53009 69912 77072 87500 333 21025 41998 70003 82710 87630 90760 91116==
17248 11530 80502 11020 21041 38991 48489 52006 69902 77122 8452/ 333 21023 3/102 45997 55000 84630 88459 90760 91104==
17250 12670 70503 11039 21064 38810 48493 52008 60002 84550 333 21047 3/105 46003 55009 20682 84640 87360 90760 91108==
17260 12560 70102 10038 20011 39346 40180 52013 60002 84550 333 20009 30000 84625 87358 90760 91111==
17270 12670 70902 10051 20006 39559 40219 52015 60002 85520 333 20048 30002 85640 87460 90760 91108==
17275 12670 70000 10014 21015 39005 48513 52013 69992 84550 333 20003 32000 55021 70022 84635 87359 90760 91110==
17280 11460 72903 10027 20009 39419 40229 52011 60012 70262 86550 333 20021 32000 55086 21344 70010 82715 84635 87359 90760 91108==
17290 12970 00104 10071 21063 30174 40207 53006 60002 333 20063 30000 55086 90760 91114==
17292 12970 02901 10011 21067 39423 40200 53006 60002 333 20005 31102 55022 20649 90760 91107==
17300 12960 03110 10069 21042 30130 40203 52010 60002 333 20064 30005 90760 91119==
17310 12670 60704 10108 21045 30167 40174 52009 60002 84250 333 20089 31005 55000 70012 84835 86360 90760 91110==
17330 12670 42801 10087 21032 30177 40195 52011 60002 82130 333 20079 30006 82840 84360 90760 91117==
17350 12660 70106 10089 21006 30101 40180 52014 60002 82250 333 20075 30/// 82835 87358==
17370 12670 52202 10122 21006 30180 40184 52009 60002 83230 333 20107 30008 55020 83835 85360 90760 91106==
17375 12670 63601 10099 21015 30178 40180 52009 60002 83250 333 20087 30006 55056 21319 83834 86360 90760 91103==
33088 32997 00000 11119 21128 30175 40384 57001 333 21119 555 14112=
33135 31996 20601 11110 21119 30227 40388 57003 71000 80001 333 21110 555 14110=
33177 32997 00802 11105 21117 30113 40371 53005 333 21106 555 14114=
33317 31/93 90902 11092 21092 30010 40374 53002 74941 333 21114 555 14107=
33393 32960 00601 11071 21106 39935 40354 53005 333 21073=
33415 32997 00000 11086 21114 39937 40365 53002 333 21087 555 14110=
33429 31/93 90802 11091 21091 39913 40368 53002 74941 333 21106 555 14106=
33466 31542 83503 11084 21090 30168 40370 54000 71022 885// 333 21084 46997 555 1/106=
33506 31996 20302 11118 21126 30154 40368 53005 71000 82030 333 21119 46998 555 16107=
33562 31457 80702 11080 21086 30052 40380 53002 71022 885// 333 21083 555 14107=
33587 31596 80301 11076 21089 30081 40364 57001 71022 885// 333 21078 88629 555 14105 34106=
33658 31956 00000 11107 21112 30039 40364 52004 71000 333 21109 555 14110=
33663 32997 80502 11065 21077 30257 40360 57004 8805/ 333 21096 555 14104=
33664 31995 60602 11078 21081 30021 40361 53003 71011 86030 333 21096 555 80014=
33678 31596 82803 11087 21098 30151 40376 52003 71022 885// 333 21092 555 80012=
33679 32497 80901 11078 21092 30161 40366 57003 885// 333 21079 88616=
33711 32360 80204 11077 21091 30125 40350 53001 886// 333 21092 88707 555 14107=
33745 32497 83601 11074 21074 30170 40378 53003 889// 333 21092 555 80014=
33748 32597 80902 11082 21084 30050 40357 53002 883// 333 21085 555 80013=
33754 32598 80502 11077 21091 30198 40355 56002 885// 333 21092 88630=
33761 31959 80204 11080 21086 30117 40357 55000 71022 8802/ 333 21081 555 14106=
33791 31959 00303 11098 21110 30210 40348 53003 71000 333 21100 41998 555 11110=
33815 11597 80103 11076 21088 30128 40351 57001 60022 72682 889// 333 21076 47002=
33837 31256 70204 11061 21078 30280 40335 53002 71022 87600 333 21064 87706 555 14103=
33881 32597 70201 11068 21083 30143 40354 53003 87300 333 21084 555 80010=
33883 32597 83603 11069 21069 30170 40344 52001 885// 333 21087 555 80014=
33885 31996 80103 11077 21087 30214 40358 52004 71011 8805/ 333 21089 555 80012=
33892 31996 80203 11065 21079 30134 40364 57001 71022 8801/ 333 21078 46002 555 80020=
33902 32597 60405 11074 21091 30269 40333 53004 86600 333 21080 555 14105=
33924 12570 70404 11032 21071 30294 40307 52002 60002 87500 333 21043==
33946 11457 80405 11045 21050 30061 40295 53002 69902 77772 886// 333 21046 43004 88711 90760 91110==
33983 12560 60407 11030 21058 30216 40280 53004 60002 84530 333 21040 42001 91011 90760 91111==
34300 11497 80803 11093 21112 30178 40369 56001 69922 77172 885// 333 21110 47002 555 17107=
34336 41410 80602 11100 21122 30261 40373 52006 78682 883//==
34344 41/60 80801 11098 21109 30275 40370 52008 77172 8801/==
34356 42960 00803 11116 21139 30214 40374 53010 333 21128==
34357 42970 00802 11114 21138 30199 40367 52011==
34398 12/70 20903 11087 21106 30338 40352 54000 60002 82041 333 21110==
34415 11564 80502 11115 21134 30257 40362 53004 69902 78581 889// 333 21127 555 14111=
34438 41560 70303 11096 21112 30153 40359 53007 72681 84342==
34445 41440 80403 11094 21103 30244 40366 52011 77172 887//==
34461 42960 00503 11100 21130 30307 40367 52010 333 21115==
34473 32997 20403 11095 21121 30316 40357 53003 80001 333 21109=
34476 42970 20503 11094 21115 30348 40356 53006 80001 333 21106==
34504 31958 60403 11110 21132 30162 40351 53006 71011 86030 333 21111 46001=
34535 41460 80000 11087 21106 30275 40352 51005 77171 886//==
34545 41470 80504 11073 21087 30234 40353 53009 77722 886//==
34555 42560 60503 11077 21101 30265 40363 52011 82132 333 21082==
34560 42260 30706 11087 21102 30156 40360 52009 83600 333 21115==
34578 41940 00302 11082 21097 30342 40349 51008 71000 333 21107==
34579 42/70 30103 11085 21113 30300 40346 53003 82031 333 21117==
34644 42560 80603 11049 21071 30253 40334 52004 8657/==
34646 42570 80503 11050 21061 30252 40339 52006 885//==
34655 42/60 20803 11084 21106 30283 40347 52010 82030 333 21114==
34662 42970 03402 11094 21116 30342 40354 52008 333 21115==
34691 12570 60702 11105 21141 30557 40544 53002 60002 83550 333 21121==
34720 41460 70302 11074 21086 30290 40332 53006 70272 87600==
34727 41440 80704 11074 21083 30295 40327 53007 71012 885//==
34743 41940 40703 11077 21088 30243 40338 52007 71000 80005 333 21097==
34759 42960 10903 11070 21082 30197 40336 53008 80001 333 21121==
34772 42970 30102 11077 21108 30340 40343 53005 80001 333 21107==
34785 42970 80402 11097 21121 30360 40336 53005 80009 333 21129==
34798 12/60 83502 11080 21107 30466 40435 57004 60002 8802/ 333 21120==
34824 41940 00504 11070 21090 30307 40312 52008 71000 333 21086==
34838 42960 00504 11070 21095 30205 40308 52005 333 21088==
34845 42970 01003 11072 21085 30204 40319 53003 333 21097==
34858 41/40 21101 11065 21085 30211 40325 52005 71000 82035 333 21104==
34861 41/40 20703 11085 21092 30074 40333 52008 71000 82030 333 21102==
34866 42970 00803 11072 21095 30344 40334 52009 333 21095==
34880 41560 70302 11063 21111 30356 40328 52004 70281 83931 333 21099==
34887 42570 80000 11079 21097 30352 40328 53003 885// 333 21105==
34949 42970 61005 11085 21107 39734 40315 52007 80001==
34954 42970 50000 11075 21097 30137 40322 52006 80001 333 21120==
34958 42970 20000 11067 21098 30114 40325 52008 80001 333 21131==
34975 42/70 50902 11072 21087 30331 40327 52010 80080 333 21094==
34984 42460 80102 11066 21086 30359 40327 53006 8767/ 333 21100==
35217 12960 30704 11084 21121 30315 40358 57005 60002 80001 333 21106==
35302 12970 20805 11083 21121 30338 40360 57003 60002 80001 333 21098==
35315 32998 40605 11093 21133 30290 40350 57005 82032 333 21115=
35344 32999 20402 11131 21151 30092 40401 53005 80003 333 21149=
35358 12960 00203 11124 21159 30200 40383 58002 60002 333 21165==
35368 32999 00000 11131 21174 30110 40395 52008 333 21177=
35386 31998 30000 11128 21152 39848 40403 58002 71041 83040 333 21202=
35394 11970 21301 11103 21120 39679 40393 58004 60002 70241 80009 333 21184==
35404 32998 21006 11092 21117 30336 40345 57003 80001 333 21110=
35406 12/60 20903 11096 21122 30340 40342 57004 60002 82030 333 21121==
35416 12/70 40803 11094 21146 30226 40353 56003 60002 84030 333 21119==
35426 12584 10503 11096 21160 30059 40367 53005 60002 81500 333 21133==
35437 31998 23001 11089 21139 30134 40468 52006 70230 80003 333 21123=
35449 32998 00105 11150 21180 30269 40380 53012 333 21166=
35497 11970 20000 11075 21092 39836 40691 52002 60002 70141 80001 333 21180==
35498 31998 20000 11132 21150 39476 40410 52006 70241 80001 333 21225=
35514 32998 40904 11089 21138 30562 40558 53002 80001 333 21124=
35522 32998 50803 11088 21149 30085 40350 57004 85030 333 21102=
35542 32998 20205 11127 21165 30221 40379 52006 80002 333 21149=
35563 32998 01702 11076 21135 39587 40389 52006 333 21110=
35576 12970 00604 11120 21157 39919 40397 52010 60002 333 21183==
35582 32998 20504 11144 21182 39763 40407 52004 80003 333 21182=
35594 32999 60801 11144 21177 39515 40411 52001 80001 333 21220=
35605 32998 70702 11104 21132 30346 40323 54000 83075 333 21116=
35633 32998 00504 11104 21140 30130 40356 52006 333 21154=
35671 12970 00703 11059 21089 39929 40374 52010 60002 333 21113==
35699 12960 00201 11057 21127 39593 40373 52006 60002 333 21114==
35700 12/70 80904 11086 21110 30341 40316 57008 60002 8807/ 333 21105==
35715 41599 81108 11072 21106 30337 40322 53010 72271 885// 333 21097=
35739 11699 80503 11080 21132 30181 40327 51011 60020 70273 885// 333 21088=
35746 12970 50606 11073 21132 30265 40335 52012 69962 80001 333 21098==
35777 32997 00203 11114 21142 30002 40367 53018 333 21162=
35796 12960 00503 11110 21144 39931 40392 52011 60002 333 21148==
35849 12970 60604 11064 21109 30227 40316 53010 60002 80002 333 21072==
35895 32998 00403 11110 21136 39916 40386 52007 333 21143=
35907 32598 70403 11037 21077 30329 40297 57010 87500 333 21063=
35925 12/70 81104 11057 21071 30196 40312 55011 69932 8802/ 333 21076==
35927 11998 80903 11056 21074 30303 53008 60010 70272 8805/ 333 21069=
35953 12984 60504 11070 21113 30171 40306 53007 60002 80001 333 21105==
35969 12984 00708 11047 21124 30134 40313 52004 60002 333 21107==
35997 32998 00501 11097 21143 39908 40366 52001 333 21175=
36259 41584 71303 11165 21214 38219 48506 52015 70232 83940==
36335 31999 00000 11123 21152 39329 40409 52002 70241 333 21182=
36358 32999 71301 11109 21134 39326 40391 52006 87030 333 21140=
36394 11697 72603 11081 21095 39940 40379 52009 69990 70272 87500 333 21132=
36397 11/40 83402 11084 21107 39794 40380 52008 69962 77177 8802/ 333 21132==
36403 11997 80803 11104 21127 30000 40379 52007 69960 77177 8807/ 333 21158=
36418 32999 23106 11143 21179 39737 40392 52018 80003 333 21241=
36421 12999 70701 11213 21243 39804 40423 52012 69930 87050 333 21305=
36428 12784 72302 11182 21233 39866 40409 52010 69922 82552 333 21275==
36439 11798 71102 11158 21177 39038 48528 52010 60010 70372 82531 333 21250=
36498 32998 03402 11127 21151 39559 40396 52007 333 21162=
36501 11999 50000 11072 21124 39590 40368 52002 69990 70182 85030 333 21136=
36535 12984 22703 11097 21143 39721 40382 52015 69902 80001 333 21236==
36546 32999 20801 11190 21228 39810 40395 52008 80001 333 21295=
36619 32999 00502 11147 21198 333 21198=
36622 11998 30000 11106 21150 39541 40387 51004 69960 70281 82040 333 21153=
36639 12984 00601 11121 21202 39737 40376 52010 60002 333 21262==
36643 12599 73203 11075 21123 39692 40378 52008 69920 87500 333 21195=
36665 11999 62802 11073 21125 39605 40354 52008 69920 70132 82032 333 21193=
36666 11999 22707 11093 21128 39863 40377 52007 69920 73631 82070 333 21200=
36729 32998 03403 11130 21167 39871 40382 52015 333 21124=
36736 32999 01102 11108 21147 39803 40386 52002 333 21215=
36744 32998 00604 11084 21131 39895 40365 52008 333 21201=
36770 32999 03102 11087 21134 39591 40347 52004 333 21220=
36786 32999 03202 11057 21126 39394 40338 52005 333 21138=
36796 32998 00000 11140 21201 39100 48527 51001 333 21213=
36803 32999 00000 11108 21130 39905 40378 51010 333 21160=
36806 32999 00000 11050 21155 39851 40363 52014 333 21221=
36819 32998 30000 11089 21127 39712 40353 52009 80001 333 21165=
36821 12984 02201 11079 21129 39845 40356 52005 60002 333 21185==
36839 32999 01701 11097 21163 39162 40341 52010 333 21205=
36843 32998 00000 11023 21104 39112 40302 52005 333 21121=
36846 32999 00203 11079 21145 38645 48534 52006 333 21155=
36859 12/84 21304 11038 21094 39548 40350 52011 60002 82040 333 21111==
36870 12960 00000 11005 21079 39268 40290 58005 60002 333 21094==
36874 32999 03601 11069 21130 39660 40477 58001 333 21198=
36877 32999 03202 11019 21084 39709 40742 58002 333 21125=
36885 32999 03202 11017 21118 39156 40301 58003 333 21078=
36889 12999 01603 11060 21205 37041 47057 58002 69900 333 21104=
36894 32999 02304 11027 21091 39554 40308 52014 333 21082=
36905 32999 02302 10017 21118 38778 48536 52004 333 21028=
36911 42998 20000 10046 21005 39277 40245 53002 80008 333 21035=
36927 42699 21402 10032 21059 38353 48515 52007 82900 333 21038=
36934 42599 61302 10035 21035 38287 48420 52021 82932 333 21036=
36953 32999 03205 10004 21103 38192 48508 53006 333 21072=
36963 42799 52902 11050 21123 37021 48/// 53008 81501 333 21110=
36974 42798 01401 11026 21091 37999 48536 53008 333 21106=
36982 41599 23303 11071 21140 36496 47062 52002 70172 82500 333 21178=
37018 41670 70503 10017 21047 30174 40251 52009 70182 85931 333 20004==
37031 42960 20401 11047 21093 30086 40292 52002 80001==
37054 42970 00702 11065 21101 39913 40320 52008==
37061 42960 20701 11056 21088 30148 40326 53009 80005==
37085 42570 60501 11048 21060 30353 40325 53010 85502==
37171 42/70 70704 10049 20002 30232 40251 53012 87030==
37228 42460 62201 11045 21085 39428 40301 52009 86500 333 21065==
37235 42/70 22001 11070 21091 39983 40320 52008 8004/==
37472 42/60 73202 11036 21060 30342 40318 52009 83081==
38149 42570 80801 11050 21091 30223 40304 53007 885// 333 21074==
38178 42/70 80000 11049 21116 39934 40232 57007 8807/ 333 20130==
38262 12970 80701 11050 21086 30204 40290 52004 60002 80002 333 21095==
38264 42/70 73303 11051 21105 30199 40298 52004 8707/ 333 21112==
38345 41/92 90000 11030 21030 38815 48509 52002 74544 333 21039=
38353 41997 23501 10016 21012 39359 40270 52007 70410 80001 333 21032=
38388 72598 70000 11065 21124 30228 40302 52012 87500 333 21115 6////=
38392 72997 83602 11042 21111 30184 40292 52007 8807/ 333 21110 6////=
38396 41/60 80102 11047 21109 30165 40296 52010 77172 8802/ 333 21098 88535==
38403 42/60 82702 11063 21117 30142 40270 52007 8802/ 333 21129==
38413 42/70 83001 11041 21066 39946 40250 58034 8802/ 333 21065==
38457 11/40 81201 10027 20003 39631 40226 52018 60002 71022 8802/ 333 20019==
38462 42/84 60000 10039 21065 38734 48469 53005 82051 333 21026==
38507 72998 60202 11014 21090 30187 40294 53007 80001 333 21067 6//// 555 51012=
38545 71597 82802 11060 21083 30104 40290 52017 72272 8802/ 333 21096 6////=
38565 12540 80000 11008 21017 39624 40198 52023 60002 886// 333 21027==
38579 12560 82301 10028 20015 39811 40236 52017 60012 889// 333 21002==
38583 12660 82503 10006 21008 39911 40241 52023 60002 885// 333 20003==
38599 31120 82408 10009 20005 39684 40233 52017 71022 886// 333 20010 88703=
38611 41/05 91103 10020 20012 39639 40220 52008 74544 89/// 333 21017==
38613 42996 80101 10028 20001 40213 52011 8802/ 333 21010=
38616 41595 73601 10028 20012 39198 40222 52010 71022 87500 333 20003=
38618 12/60 80000 10061 20013 39508 40197 52006 60002 8807/ 333 20030==
38647 72598 71201 11014 21040 30238 40282 52009 87500 333 21044 6////=
38656 02698 82702 11022 21054 30183 40298 52010 69982 87500 333 21040 6////=
38683 11360 82504 11035 21046 39986 40273 52035 60032 72287 846//==
38687 21497 82904 11048 21061 30046 40294 52017 72272 8802/ 333 21050 60040 88512=
38696 41/05 90502 11006 21006 39371 40251 52026 77142 89/// 333 21009==
38713 11/92 92702 11020 21029 39034 48480 53014 69930 74544 333 21015=
38750 32597 81103 10025 20004 30331 40302 52008 885// 333 20007=
38763 72597 70802 11018 21036 30183 40293 53009 87800 333 21028 6//// 87623=
38774 01495 81101 11016 21027 30097 40302 52008 60032 72277 8802/ 333 21030 6////=
38799 22597 23203 11034 21045 30066 40311 52043 82500 333 21042 60070=
38806 21697 72701 11032 21046 30004 40277 52030 70172 87500 333 21028 60070=
38812 11220 82203 11026 21032 39810 40283 52026 60032 71082 883// 333 21019 82704==
38836 32698 82503 10029 20027 39269 40220 52027 8592/ 333 20024=
38880 12696 80601 11013 21021 30031 40298 53011 77177 8552/ 333 21035 60052=
38886 21596 70000 11017 21034 30064 40303 52019 71022 83534 333 21042 60053=
38895 21696 70000 11025 21047 30007 40312 52025 70172 87700 333 21042 60040=
38911 21598 82803 11020 21053 39983 40292 52039 77072 8802/ 333 21026 60060=
38915 21597 80000 11008 21029 39959 40296 51030 70272 885// 333 60040 21014=
38927 11256 82405 11002 21014 39894 40285 52030 60022 71082 889// 333 21004 86706==
38933 11796 81802 10036 21002 39715 40238 52015 69930 71032 885// 333 20046=
38944 11596 81602 10032 20027 39653 40198 52036 69900 78082 889// 333 20033=
38954 32899 60000 11009 21078 37952 48540 52003 84901 333 21055=
38974 21497 83402 11022 21031 39953 40304 52019 77177 8872/ 333 88517 31031 60052=
38987 22496 80000 11016 21024 39533 40308 52025 885// 333 21031 60080=
40100 43/60 81102 10114 20079 30171 40187 53006 6///1 333 58///=
40101 333 20185 59028/63474 32580 21202 10170 2010 3 37606 4////=
40180 11557 81804 10110 20086 30129 40179 52012 60042 76262 8800/ 333 10110 20099 70061==
40199 333 70000==
40255 36/// /0000 10070 29080 3//// 4//// 5////=
40265 11650 61403 10058 20040 39389 40199 52010 69912 76022 84230 333 20030 31003 70001 83840 85360=
40270 11730 72305 10059 20024 39273 40187 52013 69932 75965 87220 333 20056 32004 70003 84715 81825 85458=
40272 31520 72410 10066 20053 39343 40191 52010 76122 87800 333 20035 31001 84830 85635=
40296 31758 71401 10158 20071 30657 40182 5//// 70511 87200 333 20125 30010 87850=
40310 32960 02408 10040 20011 38954 48419 5//// 333 20030 30///=
40340 31950 00000 10124 20034 40198 52012 70500 333 20104 30009=
40356 42960 01304 10030 21020 39195 48489 333 21007 59016 555 04410 50194=
40357 42960 00000 10071 21030 39545 40196 333 20029 59011=
40360 42560 51204 10039 21040 39586 40191 85500 333 20016 59019 85630=
40361 42960 10604 10075 21030 39404 40225 80008 333 20034 59021 81270=
40362 42660 31410 10079 21010 39676 40203 83100 333 20041 59011 83835=
40373 42960 21212 10104 21010 39786 40214 80001 333 20048 59001 82070=
40375 42960 20000 10074 21040 39284 40172 82030 333 20034 59012 82360=
40394 42960 41804 10096 21050 39021 48492 84040 333 20062 59039 84360 555 04410 50160=
40400 42960 30104 10165 20060 30121 40149 80001 333 20134 59018 83070=
40405 42660 41305 10118 21030 39415 40171 84500 333 20087 59039 84640=
40417 42960 02404 10131 20030 30195 40211 333 20070 58015=
40420 42960 20108 10140 20000 39992 40205 80002 333 20076 58009 82070=
40430 42960 20502 10163 21050 39400 40151 80002 333 20129 59044 82070=
40437 42960 01208 10123 21040 39485 40200 333 20080 59007=
40439 42960 43203 10150 20100 30105 40123 83031 333 20120 59036 83360=
40582 31958 30000 10134 20027 40215 51017 70500 80001 333 55310 00466 10000 21183 30365 41038 51384 61548 55407 40818 83070 90400 91003 91105 91203 91301=
40703 12960 00000 11054 21125 38955 40286 52013 60001 333 3/113 47003 5//// 70000 90768 93100 555 11069 29057=
40706 12570 19901 11046 21125 38681 40289 52010 60001 81402 333 34113 70000 81067 555 11065 29054=
40712 12670 12704 11088 21148 38705 40300 52012 60001 81500 333 3/113 43022 5//// 70000 81635 9076 8 93100 555 11098 29062=
40713 12965 01102 11031 21107 38680 40266 53017 60001 333 30110 70000 555 11051 29056=
40718 12460 62303 10036 21002 30325 40295 52010 60001 84820 222// 0//// 20201 333 32001 50061 70084 81815 84620 86457 555 10022 29076=
40723 11430 72802 11049 21083 39001 40299 51013 69921 77177 81720 333 3/108 42001 70002 81710 87556 90768 93101 555 11057 29077=
40726 12960 00000 11070 21133 38684 40300 52013 60001 333 3/118 47007 5//// 70000 90768 93100 555 11083 29061=
40727 12560 60000 11061 21090 38498 40293 52011 60001 86300 333 3/109 47004 70001 82930 84635 9076 8 93101 555 11067 29080=
40732 12560 60902 10060 20008 30309 40284 52012 60001 85370 333 30000 50091 70000 82920 83625 86458 555 10040 29069=
40736 11560 72202 10045 20027 30314 40287 52012 69901 72562 84370 333 32002 50041 70022 83720 8192 5 85359 555 10038 29088=
40737 11560 72402 10056 20029 30261 40280 51007 69931 70162 83570 333 31000 50061 70058 83627 8735 8 555 10045 29083=
40738 11558 41103 10041 20029 30306 40308 51008 60001 71021 82550 333 31104 50031 70043 82630 83358 555 10036 29092=
40739 12665 10000 11018 21097 38717 40274 51018 60001 81500 333 30109 5//// 70005 81635 555 11040 29055=
40741 11557 83102 11010 21017 39954 40305 52022 69951 72272 8572/ 333 3/104 43007 70108 85720 8845 8 90768 93107 555 11012 29095=
40743 12565 71003 11015 21059 39109 40275 52023 60001 82720 333 3/105 47010 5//// 70080 82725 8746 0 90768 93110 555 11028 29072=
40745 11465 71705 11004 21012 39083 40281 52017 69911 70272 85770 333 3/108 43013 70107 85710 87457 90768 93113 555 11007 29094=
40747 12660 30302 11036 21102 38657 40268 52010 60001 83530 333 34108 70000 83645 555 11053 29060=
40754 12660 22202 11008 21074 38858 40258 53018 60001 81101 333 30105 5//// 70002 81835 555 11028 29061=
40762 11558 63404 11024 21081 38557 40244 51018 60001 70522 84306 333 3/105 47012 70133 81930 8363 5 86269 90768 93100 555 11041 29065=
40766 12660 51202 11007 21066 38703 40238 52012 60001 83470 333 3/110 42005 5//// 70000 83645 85460 555 11026 29064=
40768 12660 11403 11126 21155 38265 40340 52011 60001 81400 333 3/118 47017 79999 81640 90768 9310 0 555 11129 29079=
40769 11656 30501 11056 21085 38302 40266 52012 60001 71022 81571 333 3/112 47012 5//// 70001 8164 0 90768 93100 555 11062 29080=
40780 12960 01001 10031 21024 38686 40232 52016 60001 333 31108 5//// 70000 555 10010 29067=
40782 12560 10000 10033 21027 38877 40220 52012 60001 81100 333 34109 5//// 70000 81825 555 10011 29065=
40785 12960 00701 10023 21054 39139 40273 50005 60001 333 32100 5//// 70005 555 11004 29057=
40791 12665 12701 10050 21062 39415 40268 52023 60001 81501 333 30104 5//// 70000 81640 555 10012 29044=
40792 12665 22603 11003 21045 38743 40254 52023 60001 82500 333 31105 5//// 70000 82635 555 11017 29073=
40798 12960 03202 11018 21100 37948 40241 52015 60001 333 30113 5//// 70000 555 11043 29053=
40800 11958 00801 10017 21052 38480 40241 52021 60001 70500 333 30109 5//// 70000 555 11008 29060=
40809 12965 01602 10025 21049 38507 40210 52016 60001 333 30/// 5//// 70000 555 11003 29058=
40811 11958 03501 10150 20068 30180 40206 52018 60001 70500 333 30001 50121 70000 555 10110 29058=
40812 12960 01301 10108 20031 39808 40192 52022 60001 333 30002 50461 70000 555 10074 29059=
40818 12972 01202 10018 21125 37978 40214 51011 60001 333 30112 5//// 70000 555 11026 29034=
40821 12660 83601 10025 21053 38827 40265 52019 60001 8352/ 333 30002 5//// 70000 83640 88459 555 11003 29057=
40829 11957 03411 10084 21010 39637 40222 52028 60001 70700 333 30001 50441 70000 555 10047 29052=
40831 11956 00102 10127 20069 30204 40212 52022 60001 70500 333 30002 50201 70000 555 10099 29068=
40833 12960 01301 10121 20026 30183 40216 52022 60001 333 30002 50421 70000 555 10080 29052=
40835 12960 01402 10090 20007 39368 40221 52016 60001 333 31030 50221 70000 555 10055 29056=
40841 11950 30000 10022 21038 38251 40198 52014 60001 70500 80001 333 30107 5//// 70000 83070 555 11002 29065=
40845 12960 23605 10158 20045 30205 40210 52018 60003 80002 333 30011 50631 70000 82068 555 10105 29047=
40848 12960 00000 10062 21058 38530 40192 52018 60001 333 30110 5//// 70000 555 10018 29042=
40854 11958 20503 10071 21021 38990 40202 52025 60001 70600 80001 333 30001 50441 70000 82070 555 10035 29052=
40856 11930 01902 10118 21005 38653 40160 51021 60001 70600 333 30003 50791 70000 555 10064 29042=
40859 12960 20000 10070 21062 38714 40195 52017 60001 80001 333 30107 5///1 70000 82070 555 10022 29038=
40875 11945 13403 10206 20133 30162 40173 52027 60001 70500 80001 333 30010 50451 70000 81070 555 10164 29063=
40879 11656 32602 10155 20068 39506 40186 52024 60001 70510 82502 333 31009 50311 70003 82640 555 10111 29056=
40882 12960 33005 10194 20072 30143 40178 51022 60001 80001 333 30016 50521 70000 83070 555 10132 29045=
40883 11957 02904 10226 20124 30116 40143 53012 60001 70500 80000 333 30018 50411 70000 555 10168 29053=
40893 11958 02302 10217 20129 30156 40161 52021 60001 70500 222// 00195 20300 333 30020 50541 7000 0 555 10167 29057=
40898 12960 20000 10240 20187 30147 40156 51010 60001 80002 222// 00232 20900 333 30013 50661 70000 82069 555 10206 29072=
41024 42960 20105 10226 20150 30102 40128 80002 333 20190 59030 82070==
41036 42960 21904 10177 20030 38555 48504 80002 333 20110 59013 82070==
41055 41557 21204 10174 21010 38357 48504 70644 82400 333 20125 59014 82630==
41061 42960 01218 10154 21040 39456 40167 333 20117 58003==
41084 42957 00000 10187 21010 38857 48512 333 20122 59007==
41112 42960 01710 10177 20020 37946 48514 333 20094 59006==
41114 42960 00000 10182 21010 37984 48516 333 20078 59007==
41128 42960 01304 10162 20050 38839 48543 333 20110 58013==
41136 42960 00811 10187 20060 39355 40170 333 20143 58015==
41140 42960 03603 10280 20190 30114 40122 333 20220 59022==
41150 42970 43411 10172 20071 40208 80001 333 20150 30014 58017 84075=
41170 42960 43311 10183 20066 30192 40206 81031 333 20149 58021 81366 84072=
41176 44/70 /3609 10175 20073 30202 40208 333 20106 58023=
41184 42660 21905 10204 20113 40192 82500 333 20134 58030 82640=
41194 12660 13010 10210 20109 30181 40187 60001 81500 333 20168 58025 81635=
41196 12660 12710 10210 20109 30150 40192 60001 81500 333 20150 58025 81635=
41216 42960 03210 10202 20118 30191 40195 333 20169 58023=
41217 42960 03112 10202 20107 30161 40191 333 20175 30015 58025=
41244 26/// /3409 10170 20109 39756 40179 333 20135 55300 25022 58021 60005==
41246 22960 03607 10225 20092 30171 41149 333 20178 3/018 58025 60005==
41254 46/// /2204 10161 20014 38063 49828 333 20083 55300 25022 58011==
41263 36/// /1203 10221 20120 39583 40145 333 0E017 20154 55300 20843 58014=
41265 36/// /1103 10215 20147 39583 40149 333 0E021 20175 55300 21132 58021=
41267 36/// /3408 10247 20199 30157 40170 333 0E019 20207 58031=
41268 32960 02305 10252 20169 30118 41145 333 20211 3/021 58026=
41275 36/// /3210 10230 20068 30019 40189 333 0E016 20157 55300 21059 58015=
41288 36/// /2908 10240 20195 30160 40182 333 0E022 20223 58021=
41315 36/70 /0000 10223 20139 39344 48271 333 0E021 20144 55300 27865 58013=
41316 22988 09903 10252 20175 30144 40174 333 20215 55/// 05508 553// 05410 58011 60005==
41396 42962 00303 10221 20112 39436 40156 333 20155 30/// 58017=
41480 42560 81108 10260 20199 30144 40152 888// 333 20241 30/// 58009 84820 88640=
41506 12460 81803 10090 20001 38538 48360 60001 8552/ 333 5688/ 59021==
41508 11440 80501 10089 20059 38685 48530 69951 76066 8552/ 333 5688/ 58001==
41515 12460 80000 10082 20023 38590 48500 60001 8572/ 333 5688/ 59005==
41516 12440 70901 10100 21024 38573 48300 60001 87510 333 56880 59023==
41517 11440 70000 10060 21025 37826 48490 60001 70422 86620 333 56880 59020==
41518 12440 80901 10111 21090 30001 48010 60001 8872/ 333 5688/ 58000==
41519 12460 73601 10120 21068 38783 48210 60001 85520 333 56880 59032==
41523 12440 83603 10130 20021 39100 48160 60001 8552/ 333 5688/ 59010==
41535 12460 73101 10155 21019 38715 48870 60001 86520 333 56880 59019==
41536 12460 83602 10160 20023 39042 48160 60001 8852/ 333 5688/ 59017==
41560 12460 60000 10030 21006 38318 48490 60001 84520 333 56880 58008==
41571 11940 71302 10200 21006 39574 40152 60001 70522 83031 333 56088 59014==
41598 11920 51301 10170 20094 39880 40153 60001 70400 85030 333 56080 59025==
41600 11440 70000 10170 20094 39854 40151 60001 70422 84470 333 56880 59018==
41620 12440 20501 10140 21028 38590 48930 60001 82500 333 56800 59016==
41624 12960 02301 10220 20077 39947 40146 60001 333 59015==
41630 11920 20000 10210 20075 30000 40062 60001 70500 82030 333 56080 59004==
41640 11440 50000 10190 20096 39907 40156 60001 70400 84530 333 56880 59010==
41660 12460 72307 10130 20016 38436 48260 60001 85530 333 56880 58000==
41678 11940 30000 10210 20075 30000 40156 60001 70500 83020 333 56080 59014==
41696 12460 42302 10120 20001 38000 48140 60001 82520 333 56880 59006==
41697 12960 00000 10230 20051 30000 40162 60001 333 58000==
41700 11920 00000 10220 20077 30000 40143 60001 70500 333 59013==
41710 12960 03103 10200 20028 39345 40106 60001 333 58000==
41712 12960 00000 10180 20077 39186 48060 60001 333 58010==
41715 11940 20000 10230 20079 30087 40151 60001 70400 80001 333 56008 59012==
41718 11920 00000 10200 20098 30041 40144 60001 70400 333 59016==
41725 11940 40000 10220 20113 30068 40147 60001 70500 84030 333 56080 59007==
41739 12940 40000 10180 20065 39063 48230 60001 84030 333 56080 59028==
41744 12940 40000 10180 21049 38798 48250 60001 84030 333 56080 58002==
41749 11920 21702 10240 20117 30124 40158 60001 70400 80001 333 56008 59004==
41756 11340 50000 10230 20165 30099 40165 60001 70504 85400 333 56800 58005==
41757 12440 22702 10230 20165 30150 40163 60001 82500 333 56800 59013==
41759 11940 22301 10245 20173 30160 40166 60001 70500 82030 333 56080 58009==
41764 11920 52402 10240 20068 30102 40152 60001 70400 333 56008 59007==
41768 12940 02301 10250 20120 30147 40154 60001 333 58003==
41780 11940 42703 10250 20170 30128 40155 60001 70400 80001 333 56008 58005==
41785 12940 42302 10210 20100 30149 40162 60001 83030 333 56080 58002==
41859 01940 02302 10240 20150 30117 40155 70500 333 58013 70000==
41883 02956 02702 10250 20110 30133 40154 333 58006 70000==
41891 01935 00902 10232 20130 30116 40155 70500 333 58017 70000==
41907 01940 02703 10255 20130 30136 40151 70500 333 58006 70000==
41923 01945 00000 10272 20070 30144 40153 70500 333 58009 70000==
41936 01910 01904 10284 20120 30142 40149 70540 333 58005 70000==
41943 01935 00000 10270 20090 30145 40152 70500 333 58013 70000==
41950 02950 00000 10270 20090 30152 40154 333 58008 70000==
41978 31945 00202 10280 20070 30149 40156 70500 333 58012 70000=
41992 01940 00305 10280 20040 30154 40156 70500 333 58018 70000==
42027 31596 82301 10120 20002 38439 48525 70222 8451/ 333 59015=
42071 31594 61805 10194 20114 40156 70500 83430 333 59011 83630 85359=
42101 31696 50000 10206 20129 40166 70221 84530 333 59002 84635 83360=
42111 31995 51801 10236 20095 39438 40127 70522 83031 333 59001 83360 85070=
42123 32996 00701 10214 20100 40154 333 59010=
42131 32996 11802 10238 20105 40158 81030 333 59005=
42165 21696 70000 10212 20078 40142 70252 82511 333 59010 6990/ 82640 85460 87070=
42182 31996 09902 10242 20096 40152 70500 333 59005=
42189 31995 01101 10224 20122 40154 70510 333 59001=
42309 31596 50905 10240 20154 40142 70521 81130 333 58014=
42314 31596 72003 10244 20155 40140 70522 81530 333 58016 81620 87360=
42328 31995 62303 10284 20040 40120 70500 82031 333 59004 82360 85070=
42339 31895 50000 10272 20063 40157 70510 81031 333 58001 81360 84070=
42348 31995 89902 10217 20090 39717 40162 70500 82031 333 58001 82360 87070=
42361 31995 50000 10254 20113 40156 70500 83031 333 59006 83360 85070=
42369 31996 29902 10258 20090 40158 70500 80001 333 58004 82070=
42379 31994 00000 10226 20156 40153 70540 333 58009=
42410 31595 22302 10244 20151 40149 70500 82500 333 58013 82620=
42415 31995 00000 10234 20158 40151 70500 333 58012=
42452 31996 39902 10242 20101 40151 70500 80001 333 58003=
42492 31995 02703 10236 20120 40155 70500 333 58005=
42559 32996 30902 10282 20134 40132 80002 333 59002=
42571 31996 00000 10248 20109 40146 70500 333 59003=
42591 32996 00000 10262 20096 40162 333 58003=
42623 31996 00902 10202 20090 39260 40128 70500 333 58006=
42634 32996 00000 10264 20028 40165 333 58014=
42647 31995 23202 10290 20082 40156 70400 80001 333 58010 82070=
42667 31996 02508 10270 20145 39567 40147 70500 333 58001=
42675 31996 00000 10258 20119 40133 70500 333 59015=
42701 32996 02302 10284 20051 39415 40125 333 58004=
42724 31996 02301 10258 20128 40154 70500 333 58016=
42737 32996 02306 10286 20107 40161 333 58016=
42754 32996 03204 10272 20106 39514 40139 333 58008=
42779 32996 00000 10300 20105 39455 40135 333 58001=
42798 31995 00000 10280 20087 40147 70500 333 58006=
42809 31995 03201 10284 20160 40153 70500 333 58006=
42840 32996 00000 10304 20139 40152 333 58009=
42867 31996 03403 10308 20140 40150 70500 333 58004=
42874 31996 02302 10312 20113 40146 70500 333 58001=
42886 32996 00506 10306 20022 40152 333 58004=
42895 31996 03602 10290 20153 40155 70240 333 58006=
42909 32996 02505 10260 20181 40154 222// 20000 333 58010=
42971 31996 02303 10300 20210 40157 70500 333 58005=
43003 31995 00000 10318 20145 40148 70400 333 58016=
43014 31995 02004 10310 20198 39501 40131 70540 333 58011=
43041 31996 00000 10298 20129 39536 40140 70500 333 58007=
43063 32997 02702 10310 20150 39527 40136 333 58013=
43086 31996 09901 10302 20254 39967 40142 70510 333 58009=
43110 31995 01401 10325 20166 40146 70544 333 58013=
43117 32997 02303 10308 20253 40141 333 58017=
43128 31996 21803 10296 20196 39551 40147 70511 80001 333 58014 82070=
43150 31995 21404 10306 20217 30098 40159 70500 80001 333 58009 82075=
43185 31596 31103 10318 20221 30150 40153 70510 83500 333 58017 83620=
43189 32597 50000 10306 20220 30155 40164 83530 333 58015=
43192 31996 00502 10326 20185 40141 70500 333 58015=
43198 32996 21404 10300 20141 39322 40128 80001 333 58015 82075=
43201 32997 00202 10306 20128 39409 40117 333 58011=
43213 32997 00502 10316 20171 39820 40131 333 58016=
43233 32997 20704 10288 20196 39340 40143 80001 333 58016=
43237 31996 20000 10310 20138 39731 40117 70500 80001 333 58018 82075=
43245 32597 61403 10300 20220 30127 40154 85402 333 58014=
43279 31596 61408 10296 20206 30137 40155 70510 84501 333 58009 84620 84075=
43284 32996 00909 10316 20168 30021 40134 333 58017=
43295 31997 10903 10250 20183 39136 48548 70242 80001 333 58015 81075=
43314 32597 32303 10328 20216 40136 82401 333 58015=
43321 31496 60508 10284 20154 39702 40144 70521 83501 333 58016 83612 85070=
43329 32997 01102 10312 20204 30136 40149 333 58010=
43333 31495 60903 10308 20230 40127 70522 86400 333 58013 83618 85820=
43344 31495 60508 10294 20214 30053 40152 70522 82531 333 58017 82616 84360=
43353 31495 40703 10310 20179 40133 70521 81530 333 56790 58013 81620 83359=
43369 32597 33202 10302 20243 40136 83500 333 58012 83620=
43371 32997 32701 10324 20178 30059 40130 80007 333 58012 83272=
43404 22/70 50503 10295 20223 30128 40131 5/005 333 553// 20350 58006 60008 83818 91006==
43410 22470 10704 10293 20216 30132 40135 58005 81100 333 58005 60008 555 60008==
43413 22470 20103 10295 20229 30131 40136 5/008 82200 333 553// 20585 58008 60008 91005==
43415 22470 23601 10300 20210 30023 40131 52014 82000 333 58003 60008 70000 555 60008==
43418 22470 30901 10291 20227 30092 40133 57007 83100 333 58009 60008 70000 555 60008==
43421 22470 40702 10311 20203 30024 40128 5/012 82101 333 553// 20575 58006 60008 91004==
43422 22470 30704 10294 20203 39993 40126 5/012 83000 333 58005 60008 555 60008==
43424 22470 30502 10312 20221 30125 40127 56010 83100 333 58007 60008 555 60008==
43436 22470 30501 10286 20227 30126 40129 50008 83000 333 58010 60008 70000 555 60008==
43441 22/70 10703 10304 20179 39982 40113 56015 333 58006 60008 70000 555 60008==
43444 22470 21102 10283 20190 39587 40120 58011 81000 333 58006 60008 555 60008==
43450 21/59 40602 10311 20211 30112 40124 55010 70500 333 58007 60008 70000 555 60008==
43466 22470 31701 10317 20136 30111 40119 52015 81001 333 58011 60008 81818 83/80 91002 555 60008==
43467 21456 21102 10313 20185 30114 40120 57014 70500 81100 333 58011 60008 555 60008==
43473 22970 00903 10201 20080 38138 48503 57004 333 553// 20593 58009 60008 91006 555 60008==
43475 22470 50203 10319 20208 30119 40123 57009 83108 333 553// 20538 58008 60008 91006 555 60008==
43476 21460 10902 10238 20155 38789 48537 5/005 70500 81000 333 58003 60008 555 60008==
43479 22470 13301 10257 20175 39281 57014 81100 333 58004 60008 555 60008==
43486 21460 51701 10325 20190 30017 40115 55017 70511 81000 333 553// 20561 58011 60008 91002==
43495 22468 82204 10288 20225 30106 40119 5/060 82000 333 58100 60008 70000 555 60008==
43497 22470 30602 10334 20000 30099 40116 5/011 83000 333 553// 20571 58012 60008 91005==
44212 42984 43501 11202 21253 39114 40348 52011 80008==
44213 41570 72202 11151 21185 38758 40307 52008 70272 87500==
44214 42/70 42807 11123 21261 38242 40315 51006 84041==
44215 42/70 22808 11117 21235 38366 40295 52017 82040==
44217 31697 73604 11159 21245 37797 40364 51015 71522 84542 333 91206=
44218 42984 00503 11101 21213 38578 40293 51018==
44219 41999 62704 11192 21221 38578 40342 51022 70272 84038 333 91205=
44265 42984 32806 11117 21170 38832 40312 52011 80004==
44266 31699 60313 11142 21235 37674 40278 52010 70732 84580 333 91116 91213=
44404 42358 50903 10186 20025 38149 48477 83251 333 58003=
44416 42660 61402 10216 20119 39375 40151 82432 333 58004=
44424 42460 42203 10138 21022 37675 47090 82231 333 58002=
44434 41450 11105 10196 20125 39247 48528 70544 81600 333 58007=
44438 41920 01603 10222 20155 30028 40157 70544 80000 333 58003=
44449 41930 01503 10233 20176 39996 40154 70544 80000 333 58009=
44454 41450 22604 10194 20121 38672 48553 70544 82100 333 58006=
44462 42359 12702 10149 20048 38273 48492 81200 333 58017=
44474 41015 32203 10153 20070 38262 48502 71044 83500 333 58001=
44477 41440 22202 10214 20108 38830 48536 70544 82100 333 58009=
44478 41920 00902 10226 20187 30067 40149 71044 80000 333 58013=
48020 42458 10401 10260 20138 81100==
48025 41430 30401 10266 20133 30000 40140 58018 70511 83500==
48048 42957 02203 10300 20166 30067 40122 333 58006==
48052 32957 01801 10303 20124 333=
48062 42558 20904 10265 20215 30144 40151 82500 333 58021==
48064 42957 00401 10287 20230 30027 40083 333 59012==
48094 42960 03202 10320 20190 30122 40132 333 58013==
48109 42960 00401 10300 20239 30148 40152 333 58031==
51716 14056 02404 10053 21147 38858 40172 57006 60001 70600 333 10058 21074 3/113 59083 70000 90761 91107==
51811 14057 00101 10072 21156 38738 40169 57008 60001 333 10072 21066 3/115 59073 70000 90761 91103==
51818 14/58 /1102 10070 21171 38587 40170 57009 60001 333 10074 21085 3/116 59068 70000 90761 91103==
51886 14/80 /2101 11040 21276 37052 40171 57014 60001 333 10029 21147 3/121 59048 70000 90761 91103==
52602 14/80 /1101 11029 21212 37211 40207 57015 60001 333 10000 21195 3/123 59048 70000 90761 91103==
52818 14/80 /0803 10020 21220 37173 40143 57019 60001 333 10052 21131 3/120 59055 70000 90761 91106==
52908 14/80 /2810 11073 21244 35704 40209 57020 60001 333 11061 21214 3/127 59045 70000 90761 91114==
55228 14/80 /2703 11046 21217 36027 40239 57002 60001 333 11006 21141 3/120 59003 70000 90761 91106==
55299 14/80 /2708 11021 21261 35816 40099 57015 60001 333 11012 21153 3/122 59025 70000 90761 91121==
55578 14/80 /2506 10084 21345 36341 49992 57016 60001 333 10128 21044 3/111 59005 70000 90761 91116==
55591 14/80 /3602 10090 21251 36468 49968 57032 60001 333 10127 21024 3/111 59006 70000 90761 91104==
55664 14/73 /2805 10033 21293 35988 40098 57021 60001 333 10080 21121 3/116 59007 70000 90761 91112==
55773 14/80 /2107 10020 21146 35993 40133 57012 60001 333 10060 21120 3/112 58001 70000 90761 91112==
56004 14/80 /2803 11061 21260 35768 40193 57023 60001 333 11042 21231 3/128 59047 70000 90761 91108==
56018 14/74 /1102 11034 21237 36135 40162 57031 69921 333 11004 21165 3/120 59031 70002 90761 91104==
56312 14/80 /1305 10086 21114 37060 40095 57038 60001 333 10107 21045 3/106 59010 70000 90761 91110==
62306 11560 62008 10110 20086 40207 52004 60104 72522 86800 333 20106 70100==
62309 12560 53505 10134 20058 40189 60024 85800 333 20120 70020==
62332 42560 42207 10117 20091 40183 52009 84500 333 20110==
62337 42560 32205 10114 20083 40180 52008 83500 333 20100==
62366 45560 32204 10122 20077 40191 52010 83200 333 20062==
62387 41/30 30000 10094 20056 40201 52009 71000 83030 333 20062==
62393 42960 00000 10088 20050 40216 52012 333 20060==
62405 42960 30000 10128 20040 40182 52015 80002 333 20090==
62414 42960 03611 10146 20039 40173 52015 333 20104==
62419 42960 03505 10138 20038 40167 52009 333 20116==
62420 42560 22301 10100 20053 40210 52014 82500 333 20078==
62435 42960 03305 10118 20037 40193 52015 333 20106==
62440 41530 62606 10100 20073 40191 52003 71020 86800 333 20090==
62455 42960 00000 10110 20055 40192 333 20091==
62458 42960 00101 10113 20040 40193 52008 333 20099==
62459 42960 03601 10139 20025 40179 52015 333 20119==
62465 42960 03005 10157 20048 40166 333 20149==
63210 32580 30306 10253 20190 40141 83100 333 20204 59003 83834=
63227 32980 00813 10234 20140 40182 333 20197 58004=
63330 33980 01002 10200 21092 37790 40258 333 20105 59010=
63331 32980 0//// 10216 20093 38089 4022=
41256 32960 09905 10244 20165 30155 40172 90543 333 20199 58028 55407 55408 55507 55508=
