SIPK OPKC 010300=
41505 22696 00000 11015 21025 38/// 48/// 333 21030 58/// 60007 70000 91%=
41506 22995 03606 10030 21051 38523 48521 333 21012 59003 60007 70000 55%=
41507 22997 00000 10055 20020 39259 49792 333 20030 58007 60007 70000 78%=
41508 22997 00000 11019 21051 38651 48514 333 21025 59004 60007 70000 79%=
41509 22996 00902 10015 21027 38763 48496 333 20010 58004 60007 70000 RH74% 
41515 22997 00504 10014 21061 38593 48551 333 20002 58014 60007 70000 57%=
41516 22696 32306 10025 21047 38554 48510 81570 333 21022 58016 60007 70000 81640 83460 RH59%=
41518 22596 80000 10022 21006 38/// 48/// 8472/ 333 20011 5699/ 5//// 60007 70000 81730 83640 88461 83%COR=
41518 22596 80000 10022 21006 38/// 48/// 8472/ 333 20017 5699/ 5//// 60007 70000 81730 8364088461 83%=
41519 22596 80000 10055 21023 38775 48509 84720 333 20040 56990 58008 60007 70000 81730 83640 88462 RH57%=
41520 22596 81802 11025 21037 37616 48279 8662/ 333 21035 5699/ 58016 60007 70000 83720 83640 88462 90%=
41523 22997 00502 10005 21008 39073 48467 333 20005 59015 60007 70000 91%=
41524 22697 70502 10135 21058 39348 40217 82520 333 20060 56990 59008 60007 70000 82640 85460 RH 26%=
41525 22997 00904 10000 21026 37651 48387 333 21020 58000 60007 70000 82%=
41528 21696 80000 10060 20049 39227 48497 76066 8552/ 333 20055 5699/ 58015 60037 70045 85640 88460 93%=
41530 21996 30000 10100 21020 39740 40160 70500 81530 333 20085 56990 58016 60007 70000 81640 83460 44%=
41534 22997 20000 10065 20042 39722 40152 82030 333 20045 56090 58003 60007 70000 82360 RH 85%=
41535 21697 70000 10050 20027 38698 48465 70262 84520 333 20018 56990 58012 60017 70040 84640 86460 85%=
41536 22597 70000 10070 20011 39035 48494 83520 333 20055 56990 58013 60007 70000 83630 85460 66% =
41560 22997 01302 10020 21018 38297 48530 333 21025 58001 60007 70000 RH76%=
41562 22997 43102 10110 21001 39669 40142 84030 333 20080 56090 58012 60007 70000 84362 RH46%=
41565 22996 20000 10067 21003 38634 48500 82030 333 20060 56090 58010 60007 70000 82360 60%=
41567 21696 30000 10095 20051 39696 40124 70401 83500 333 20080 56900 58009 60007 70000 83640 74%=
41571 21696 70518 10110 20056 39549 40143 70522 83830 333 20085 56990 58006 60007 70000 RH71%=
41571 21696 70518 10110 20056 39549 40143 70522 83830 333 20085 56990 58006 60007 70000 RH71%=
41572 21696 40906 10100 20035 39505 40144 70422 82510 333 20092 56990 58022 60007 70000 82640 84460 RH 64%= 
41574 21697 71304 10045 20034 38326 48509 72162 84520 333 20015 56990 59010 60047 70042 84640 84460 93%=
41576 21696 73108 10135 20085 40154 71792 84970 333 20083 56990 58022 60007 70000 81930 83640 85460 72% =
41577 21696 60504 10125 20066 39533 40156 70422 83510 333 20070 56990 58024 60007 70000 83640 84460 RH 68%= 
41593 21996 00000 10100 20057 39914 40137 70400 333 20083 58022 60007 70000 74%=
41597 21996 50000 10105 20062 39858 40158 70422 85030 333 20088 56090 58034 60007 70000 85362 75%=
41598 21695 80000 10120 20101 39866 40142 71022 85520 333 20090 56990 58024 60007 70120 85640 88460 88%=
41599 21/93 90000 10120 20111 39850 40147 74322 8//// 333 20083 5699/ 58026 60007 70000 89/// 94%=
41600 21/93 90000 10115 20105 39839 40141 74242 333 20098 56/// 58028 60007 70000 89/// 94%=
41620 31996 00000 10020 21054 3855948461 70500 333 20005 58007 60007 70000 58%=
41624 21694 53104 10120 20043 39930 40134 70400 82520 333 20090 56990 58012 60007 70000 82637 83460 59%=
41630 21994 00000 10070 20047 40144 71000 333 20065 58022 60007 70000 85%=
41633 21996 00000 10085 20052 4//// 70400 333 20065 5//// 60007 70000 79%=
41634 22696 30000 10080 20023 3//// 4//// 83600 333 20055 56900 5//// 60007 70000 83640 67%=
41635 21995 00000 10070 20047 3//// 4//// 71000 333 20065 5//// 60007 70000 85%=
41636 21996 00000 10070 20035 39953 40146 70400 333 20062 58015 60007 70000 78%=
41638 21995 00000 10075 20064 4//// 71000 333 20071 5//// 60007 70000 93%=
41639 21996 30000 10110 20079 3//// 4//// 70400 83030 333 20095 56090 5//// 60007 70000 83460 81%=
41640 21/92 90000 10125 20116 39887 40142 74744 333 20098 58028 60007 70000 89/// 94%=
41641 21/91 91204 10120 20120 39865 40146 74544 333 20118 59001 60007 70000 89/// 100%=
41642 21/93 90000 10100 20090 3//// 4//// 74210 333 20085 5//// 60007 70000 89/// 93%=
41643 21/90 90000 10095 20095 39852 40137 74544 333 20075 58020 60007 70000 89/// 100%=
41644 21994 00000 10080 20069 4//// 71000 333 20065 5//// 60007 70000 93%=
41646 21994 00000 10090 20057 39932 40155 71000 333 20080 58010 60007 70000 80%=
41652 21996 00502 10085 20011 39962 40147 70400 333 20075 58015 60007 70000 60%=
41660 22997 02304 11030 21077 38438 48532 333 21035 59016 60007 70000 RH70%=
41661 22997 00000 11040 21084 38383 48517 333 21050 58011 60007 70000 68%=
41669 21996 20000 10100 20068 3//// 4//// 70400 82030 333 20090 56090 5//// 60007 70000 82362 81%=
41670 21996 00000 10095 20051 3//// 4//// 70400 333 20080 5//// 60007 70000 74%=
41674 21995 00000 10095 20074 3//// 4//// 70400 333 20087 5//// 60007 70000 87%=
41675 21995 00000 10090 20069 39987 40136 71000 333 20085 58016 60007 70000 86%=
41676 21994 00000 10095 20063 39987 40149 71000 333 20093 58009 60007 70000 81%=
41677 21995 00000 10070 20059 39938 40112 71000 333 20064 58003 60007 70000 93%=
41678 21996 00000 10110 20056 40123 70400 333 20095 59002 60007 70000 69%=
41679 21/91 90000 10115 20115 4//// 74540 333 20097 5//// 60007 70000 89/// 100%=
41680 21995 00000 10070 20047 39933 40143 71000 333 20065 58026 60007 70000 85%=
41685 22997 00000 10065 21010 38882 48456 333 20040 59015 60007 70000 RH59%=
41696 22997 00000 11060 21110 38018 48564 333 21080 58001 60007 70000 RH64%=
41697 22997 00000 10110 20043 39989 40152 333 20090 58022 60007 70000 RH63%=
41700 21994 00000 10080 20069 39994 40127 71000 333 20075 58018 60007 70000 93%=
41701 21994 00000 10070 20047 39993 40143 71000 333 20068 58002 60007 70000 85%=
41710 22997 00000 10020 21054 39394 40210 333 20010 59003 60007 70000 RH58%=
41712 22997 00000 10015 21061 39219 48500 333 20010 59013 60007 70000 RH57%=
41715 21996 03102 10110 20015 30078 40145 70500 333 20080 58020 60007 70000 RH52%=
41716 21993 00000 10085 20063 30041 40149 71000 333 20081 58011 60007 70000 86%=
41718 21994 00000 10100 20079 30018 40125 71000 333 20078 58008 60007 70000 87%=
41724 21994 00000 10080 20046 30081 40164 71000 333 20055 58019 60007 70000 RH79%=
41725 21995 00000 10100 20044 30055 40137 70500 333 20095 58016 60007 70000 RH68%=
41726 21993 00000 10085 20063 30073 40148 71000 333 20070 59014 60007 70000 RH86%=
41738 01996 00504 10115 21049 30002 40191 70500 333 20110 58020 60007 70000 RH31%=
41739 22996 00504 10035 21003 39085 48516 333 20025 58001 60007 70000 RH76%=
41742 22997 03602 10090 20018 30032 40140 333 20060 58009 60007 70000 RH 61%=
41743 21995 00000 10085 20039 70400 333 20065 60007 70000 RH 73%=
41744 22996 00000 10035 21018 38777 48491 333 20005 58006 60007 70000 RH 68%=
41745 21995 00000 10105 20074 71000 333 20090 60007 70000 RH 81%=
41746 21995 00000 10090 20057 30083 40137 71000 333 20075 58011 60007 70000 RH80%=
41747 21994 00000 10055 20031 30058 40121 71000 333 20040 58007 60007 70000 RH84%=
41748 21996 00000 10090 20057 30071 40137 70500 333 20085 58003 60007 RH80%=
41749 21995 00000 10100 20068 30115 40148 70400 333 20090 58010 60007 70000 RH81%=
41756 21996 00502 10180 20083 30098 40165 70504 333 20105 59004 60007 70000 RH53%=
41757 22996 03604 10100 21056 30163 40176 333 20095 58013 60007 70000 RH33%=
41759 22996 03604 10140 21044 30161 40167 333 20070 58015 60007 70000 RH28%=
41760 21996 03108 10100 21035 30127 40140 70500 333 20080 58000 60007 70000 RH38%=
41764 21996 00000 10140 20056 30083 40134 70400 333 20130 58020 60007 70000 RH57%=
41765 22996 03602 10140 20068 30101 40138 333 20130 58015 60007 70000 RH62%=
41766 21994 03102 10115 20074 30105 40136 74000 333 20085 58010 60007 70000 RH76%=
41767 21995 03602 10110 20068 3//// 4//// 70400 333 20095 60007 70000 RH75%=
41768 22996 00000 10100 20031 30119 40126 333 20065 58006 60007 70000 RH62%=
41780 21996 00702 10140 20028 30113 40142 70400 333 20115 58018 60007 70000 RH47%=
41783 22996 03604 10140 20102 30095 40126 333 20135 59001 60007 70000 RH 78%=
41785 22996 00000 10130 20091 30109 40122 333 20112 58001 60007 70000 RH 77%=
41786 22996 00000 10080 20033 30048 40112 333 20070 58005 60007 70000 RH 72%=
41BAG 22696 70000 11010 21048 84510 333 21040 56990 60007 70000 84640 87460 73%=
41BKI 22696 50000 10090 20018 39718 40149 82520 333 20085 56990 58006 60007 70000 82640 83460 RH61%=
41SKP 21993 00000 10085 20074 3//// 4//// 74444 333 20072 5//// 60007 70000 93%=
43532 21696 80000 10075 20065 39355 40184 76066 8552/ 333 20055 5699/ 58005 60047 70055 85640 88460 93%=
43533 21696 80000 10065 20054 39222 48475 76066 8352/ 333 20060 5699/ 58020 60077 70146 83640 88460 93%=
43536 221594 83401 10020 20008 38415 48504 71062 8552/ 333 10117 20008 58005 6005/ 555 00045 10026=
43563 21697 80514 10111 20070 39446 40151 70296 83520 333 20092 56990 58028 60027 70040 83640 85460 76%=
41517 21496 80000 11015 21027 37794 48533 72272 8562/ 333 21025 5699/ 58017 69917 70001 83710 83635 88460 91%=

Data Generated from File : D:/all data handling/Rmc_lhr/2025020103.FSU.txt
01/02/2025   04:06:06
____________________________________________________________________________________________
15020 24/70 /3204 10059 20027 30076 40279 51013 333 55300 20000 60007==
15090 27450 82902 10073 20065 30173 40267 51008 7101/ 886// 333 55300 10010 20000 30000 60007 91004 90730 91104==
15108 21/00 92302 11023 21023 38130 48543 58004 74544 89/// 333 55300 20000 60007 91004 90730 91104==
15150 27/22 /3301 10058 20055 30055 40273 52010 7626/ 333 55300 20000 60027==
15170 21528 81401 10013 20008 39470 42852 58002 71022 8557/ 333 55300 20000 60007 91002 90730 91103==
15280 21005 52703 11053 21059 37536 47082 57004 74144 82502 333 55300 20000 60007 91006 90730 91106==
15310 27/20 /2701 10073 20070 30165 40253 54000 7101/ 333 55300 10010 20000 30000 60007==
15335 22460 81700 10069 20067 30244 40251 58004 886// 333 55300 20000 60007 91001 90730 91102==
15350 27/03 /3102 10045 20045 30138 40262 52005 7333/ 333 55300 20000 60007==
15360 27925 02702 10068 20065 30235 40252 50003 7101/ 333 55300 20000 60007 91002 90730 91104==
15420 27/04 /2402 10057 20057 30142 40256 54000 7333/ 333 55300 20000 60007==
15460 27/07 /2302 10060 20060 30233 40258 54000 7333/ 333 55300 20000 69917==
15470 21402 82704 10035 20035 30133 40264 50002 74444 886// 333 55300 20000 60007 91005 90730 91106==
15480 27450 82901 10075 20064 30238 40256 50002 7101/ 886// 333 55300 10030 20000 30000 60007 91003 90730 91103==
15549 41920 02302 10050 20048 39833 40257 52002 71000 333 10059 20034 555 598//=
15552 41/01 90000 10053 20053 30203 40253 54000 74544 333 10071 20053 555 500// 92023 92421=
15640 42970 00000 10065 20051 39944 40262 58001 333 10105 20060 555 591//=
15655 41/02 90000 10068 20066 30224 40258 52002 74544 333 10114 20060 555 598// 92022 92422=
15730 41908 00000 10032 20027 39866 40274 52004 74640 333 10111 20032 555 597//=
16627 42460 50000 10038 20033 30246 40253 54000 85500 333 90730 91104==
16650 41558 10000 10070 20066 30247 40256 54000 71000 81100 333 90730 91102==
16723 42560 29903 10112 20092 30235 40249 57004 82200 333 90730 91106==
16742 42460 23505 10120 20096 30085 40242 57002 82140 333 90730 91108==
16749 42960 03008 10158 20106 30211 40226 57008 333 90730 91114==
16754 42560 11705 10102 20094 30204 40253 57005 81100 333 90730 91110==
16760 46/// /0305 10108 20088 39837 40257 57003 333 90730 91107==
16765 46/// /3214 10148 20114 30214 40234 57008 333 90730 91122==
17022 42670 21303 10086 20055 30087 40254 56004 82100 333 82834 90730 91106==
17024 47/31 /2010 10040 20019 30171 40250 50000 704//==
17026 46/63 /3103 10076 20059 30217 40257 50000==
17031 41947 01604 11008 21027 30249 40256 52005 71000 333 90730 91105==
17034 42/70 32802 10091 20008 30214 40261 52003 83030 333 83360 80/60==
17038 42970 30000 10066 20009 30206 40255 53004 80001 333 83068 90730 91108==
17042 46/73 /0502 10082 21020 30227 40267 53006==
17050 47/56 /0000 10053 20030 30202 40265 50000 704//==
17056 41950 03401 10075 20059 30255 40259 50000 71000 333 90730 91104==
17060 41965 02302 10070 20066 30220 40261 50000 74644 333 90730 91105==
17070 46/74 /3400 10001 21011 39383 40264 50000==
17074 46/80 /2401 11004 21006 39316 40272 50000==
17084 46/80 /0000 11032 21035 39348 40282 50005==
17085 47/59 /3101 11006 21017 39771 40275 52007 704//==
17092 42/60 40000 11099 21099 38935 48547 52003 82032 333 82362 84070 90730 91104==
17096 41957 00000 11230 21230 38283 48562 52002 71000 333 90730 91104==
17098 42960 02803 11176 21198 38233 48554 54000 333 90730 91105==
17100 41941 00000 11044 21110 39254 40283 52002 70500==
17112 46/63 /0601 10084 20080 30254 40260 55002==
17115 41902 02702 10032 20032 30214 40266 51001 74600 333 90730 91103==
17116 41940 00000 10039 20039 30143 40266 58001 71000==
17124 41102 90000 11028 21028 39340 40277 54000 74900 333 90730 91104==
17128 42970 01801 11032 21058 39149 40269 52001 333 90730 91104==
17135 42970 00701 11007 21021 39370 40260 55000 333 90730 91103==
17140 42965 00701 11019 21060 38757 48538 50003 333 90730 91105==
17150 41002 90201 10026 20024 30137 40263 58003 74700 333 90730 91104==
17160 46/76 /3402 11015 21069 39080 40272 52004==
17170 42560 61002 11074 21090 38365 48539 53001 82508 333 82630 86268 90730 91104==
17175 42965 01601 10087 20082 30245 40249 56003 333 90730 91102==
17184 42960 00000 10035 20033 30143 40256 58004==
17190 41957 00000 10000 21001 39062 48555 50000 71000 333 90730 91103==
17195 42970 01202 11062 21078 39032 48540 52009 333 90730 91105==
17200 42960 02803 11080 21098 39242 40271 53002 333 90730 91108==
17202 42970 02704 11069 21093 39182 40260 53002 333 90730 91107==
17203 42970 00000 11031 21119 38921 48565 53001 333 90730 91102==
17210 46/79 /1701 10030 21066 39165 40208 55001==
17219 41956 03201 10056 20050 30111 40257 58002 71000 333 90730 91104==
17234 42970 00602 10079 20079 30183 40252 58004 333 90730 91105==
17237 42670 30000 10081 20063 39752 40259 56002 83200 333 83835==
17240 42970 03401 10011 21008 39101 40259 52001 333 90730 91103==
17244 42960 02403 10003 21022 39057 48548 52004 333 90730 91110==
17248 46/62 /0000 11011 21040 39040 40265 50003==
17250 46/66 /0303 11041 21081 38860 40280 50003==
17260 42960 00104 10012 21040 39358 40185 50001 333 90730 91106==
17270 42970 02602 10061 21060 39559 40211 53001 333 90730 91106==
17275 46/77 /0000 10063 21094 39004 40201 53001==
17280 42960 00601 11026 21068 39418 40227 53004 333 90730 91105==
17290 42970 03501 10126 20088 30212 40244 55004 333 90730 91108==
17292 41950 02903 10066 20048 39475 40235 57008 71000 333 90730 91107==
17300 42960 03309 10116 20038 30160 40231 55000 333 90730 91113==
17310 46/71 /1004 10126 20045 30202 40210 58003==
17330 46/// /2702 10130 20017 30200 40212 55001==
17350 42960 00106 10050 20021 30136 40215 52003==
17370 42970 00000 10113 20053 30218 40222 50004 333 90730 91103==
17375 46/// /3101 10122 20030 30213 40216 58005==
33088 42560 82604 10012 21010 30066 40263 52005 885//==
33135 41/// 92302 10055 20055 30076 40225 57004 74754 89/// 333 55000==
33177 42560 72501 10014 21005 30038 40282 52003 87500==
33317 425// 62903 10018 21011 39928 40274 52006 84530 333 55000==
33393 42460 82903 10009 21010 39898 40302 52005 886// 333 88711==
33415 42560 83201 10036 20013 39881 40287 52008 885// 333 88621==
33429 42460 83205 10019 20000 39846 40279 52007 8455/ 333 84616==
33466 41456 82502 10056 20047 30050 40239 57006 75152 886// 333 31///==
33506 41310 82301 10054 20052 30045 40243 57008 72842 886// 333 55000==
33562 41459 80202 10060 20051 39962 40270 52008 71022 886//==
33587 414// 83303 10060 20056 39981 40247 58004 72842 886// 333 88713==
33658 42583 83105 10040 20015 39985 40291 52010 885// 333 55047 88623==
33663 41560 83202 10072 20056 30166 40263 52005 70282 889//==
33664 42597 83304 10044 20018 39949 40271 52009 885// 333 55000 555 20043 7994/=
33678 41595 82805 10051 20050 30066 40275 52006 71022 885// 555 20051 7997/=
33679 41495 83201 10065 20061 30061 40254 52003 75152 886// 555 20057 7994/=
33711 41/06 90000 10062 20062 30027 40238 57007 78084 89///==
33745 41596 83404 10057 20055 30085 40273 52011 71022 8693/ 333 55000 555 20054 7993/=
33748 41596 83402 10060 20060 39969 40257 52007 71022 883// 555 20060 7000/=
33754 42497 83302 10071 20059 30100 40247 54000 886// 333 55000 88718 555 20069 7995/=
33761 41/05 93202 10056 20056 30020 40245 57007 74564 89///==
33791 41432 81401 10075 20071 30116 40244 57009 71022 886// 333 88711==
33815 42598 83402 10067 20053 30038 40247 54000 889// 333 55000 555 20067 7005/=
33837 41/05 90000 10066 20066 30189 40241 58003 74564 89/// 333 55000==
33881 41596 83501 10068 20065 30056 40254 54000 71022 883// 555 20067 7995//=
33883 41596 83302 10065 20065 30084 40248 57002 71042 883// 555 20065 7995/=
33885 41595 83201 10055 20054 30123 40267 52003 71022 885// 333 55000 555 20055 7994/=
33892 41/93 93202 10073 20073 30045 40258 53003 74544 555 20070 7000/=
33902 41/05 90000 10075 20075 30184 40244 57007 74742 89/// 333 55002==
33924 21940 01901 10062 20055 30233 40246 57007 71000 333 20050 60002==
33946 22981 81303 10058 20043 30029 40253 57002 80001 333 20052 55067 60002==
33983 21940 00604 10020 20015 30188 40250 58001 71000 333 20012 55082 60002==
34300 41440 80000 10050 20032 30072 40251 58008 71022 885//==
34336 22660 80000 10029 20013 30185 40291 57006 885// 333 20029 60002==
34344 22560 81301 10018 20018 30200 40290 57008 885// 333 20018 60002==
34356 21410 81101 10015 20015 30155 40306 58006 71022 886// 333 20015 55000 60002==
34357 22560 81203 10018 20008 30136 40295 57008 885// 333 20016 60002==
34398 215// 82301 10006 21009 30312 40325 52001 71022 885// 333 55027 60002==
34415 41420 81101 10000 21003 30170 40270 54000 71011 886//==
34438 22460 71003 10016 20016 30090 40285 57008 87300 333 20016 60002==
34445 21540 81001 10023 20023 30178 40294 57008 71022 885// 333 20011 60002==
34461 22460 81401 10024 20006 30250 40307 57005 885// 333 20009 60002==
34473 325// 81602 10012 21017 30282 40322 54000 885// 333 55000 555 20011 7000/=
34476 22/70 81002 10015 21003 30315 40323 53001 8805/ 333 20014 55003 60002==
34504 41456 81302 10070 20054 30076 40251 57006 71022 886//==
34535 22460 81401 10023 20017 30209 40283 57006 886// 333 20007 60002==
34545 22570 81003 10028 20019 30176 40289 57005 885// 333 20026 60002==
34555 22570 81304 10021 20003 30213 40306 57004 885// 333 20021 60002==
34560 41640 71305 10019 20009 30113 40308 57004 71022 87500 333 20012==
34578 21/40 80701 10019 20007 30311 40318 54000 71022 8808/ 333 20019 60002==
34579 21540 80701 10016 20000 30278 40322 53002 71022 885// 333 20016 55006 60002==
34644 21540 80903 10032 20028 30199 40277 57006 71022 8657/ 333 20032 60002==
34646 22570 81002 10024 20020 30202 40286 57005 885// 333 20023 55023 60002==
34655 22560 81103 10024 20008 30234 40295 57004 885// 333 20024 60002==
34662 22470 70902 10023 20000 30299 40311 54000 87500 333 20023 69932 87618==
34691 22/70 80000 10003 21017 30538 40525 58003 8807/ 333 55000 60002==
34720 22/// /0302 10025 20010 30226 40266 57006 333 20023 60002==
34727 22960 01004 10027 20009 30233 40264 57005 333 20021 60002==
34743 21440 80903 10027 20018 30193 40284 57005 71022 885// 333 20027 60002==
34759 21440 70904 10003 21003 30159 40294 53002 71022 87500 333 20003 55001 69912==
34772 22460 80402 10015 21010 30307 40310 57005 885// 333 20015 60002==
34785 22960 00602 11024 21034 30336 40313 57002 333 21024 60002==
34798 21940 50902 11039 21054 30437 40407 57001 71011 80005 333 60002==
34824 21540 81102 10027 20008 30256 40261 57001 71011 885// 333 20021 55047 60002==
34838 22560 81102 10011 21012 30162 40261 54000 885// 333 20011 60002==
34845 21540 81203 10021 20012 30156 40266 58003 71011 885// 333 20010 34/// 60002==
34858 21/10 81102 10022 20022 30173 40283 53002 71022 8801/ 333 20022 60002==
34861 21210 81104 11008 21021 30046 40296 52002 71022 886// 333 21008 55000 69902==
34866 22/60 21202 11014 21024 30308 40299 54000 80030 333 21014 60002==
34880 21/40 30702 11033 21042 30332 40305 57002 71000 83030 333 21033 55010 60002==
34887 22970 00000 11034 21052 30325 40301 56001 333 21036 60002==
34949 22360 81406 11003 21006 39706 40267 57003 886// 333 21019 55091 60002==
34954 22460 80902 10028 20020 30098 40275 57001 886// 333 20015 55000 60002==
34958 22570 81002 10036 20035 30075 40278 55001 885// 333 20021 60002==
34975 21440 80903 11019 21027 30296 40292 57001 71011 885// 333 21022 34/// 60002 88619==
34984 21/02 90602 11029 21029 30332 40301 53001 74941 89/// 333 21030 60002==
35217 125// 82302 10002 21001 30285 40326 52001 60002 885// 333 43017==
35302 115// 82602 10005 21007 30304 40325 54000 60002 71022 886// 333 42002==
35315 325// 82003 10000 21011 30273 40331 54000 885// 333 47005 555 21004 3/101 7000/=
35344 325// 82804 11019 21028 30022 40316 53001 885// 333 47036 55000 555 21035 7000/=
35358 12/// 81402 11038 21064 30141 40316 57001 60002 8802/ 333 43022==
35368 /1996 82008 11026 21059 30052 40325 57004 73673 8802/ 333 48041 55000 555 21051 69932 7993/=
35386 32598 71701 11158 21185 39822 40382 57003 87500 333 47025 555 21182 7993/=
35394 41570 71803 11146 21168 39667 40392 58001 70272 84570 333 47037==
35404 325// 82402 10005 21006 30322 40330 52001 885// 555 20005 32100 7000/=
35406 125// 81901 11001 21022 30333 40335 53002 60002 885// 333 47004 55000==
35416 125// 80000 11015 21049 30219 40343 52004 60002 885// 333 47009 55000==
35426 125// 82303 11020 21052 30043 40341 52006 60002 885// 333 47012==
35437 /25// 82501 11025 21051 30098 40422 52003 8802/ 333 47016 55000 555 21036 69902 7990/=
35449 325// 82103 11032 21046 30221 40327 57002 885// 333 48018 555 21034 7000/=
35497 12570 60000 11172 21184 39815 40702 53001 60002 85501 333 47056==
35498 32998 80000 11238 21260 39469 40444 54000 80004 333 47049 555 21255 7990/=
35514 32598 71101 11026 21036 30550 40546 53008 87500 333 43005 555 21027 7000/=
35522 /16// 82301 11017 21045 30086 40344 53004 70272 885// 333 47005 555 21024 69922 7992/=
35542 325// 82702 11026 21042 30183 40334 53003 885// 333 47008 55000 555 21027 7000/=
35563 32598 82303 11054 21079 39544 40337 57007 885// 333 47026 55000 555 21082 7000/=
35576 11440 81502 11150 21172 39909 40392 57003 60002 71042 886// 333 47027==
35582 32698 80903 11216 21255 39796 40461 52005 885// 333 47021 555 21253 7000/=
35594 /2999 00000 11241 21267 39512 40444 52006 333 47029 555 21257 69902 7990/=
35605 32998 00502 11052 21059 30353 40330 53004 333 41997 555 21054 7000/=
35633 315// 82402 11025 21041 30125 40344 52002 71022 885// 333 44005 55000 555 21033 7000/=
35671 41570 81501 11062 21085 39916 40362 57004 70272 885// 333 47012==
35699 12960 00000 11171 21199 39604 40421 52010 60002 333 48029==
35700 12970 00804 11043 21045 30351 40327 54000 60002 333 55030==
35715 32997 01102 11051 21072 30348 40333 53001 555 21052 7000/=
35739 326// 80000 11023 21056 30207 40351 53002 885// 333 48004 555 21030 7000/=
35746 425// 82404 11027 21043 30282 40351 58003 885// 333 46001 55000==
35777 32597 81403 11096 21132 30093 40458 52019 885// 333 47011 555 21119 7000/=
35796 12960 20403 11191 21214 39943 40419 52009 60002 80001 333 48033 55039==
35849 125// 80000 11015 21038 30274 40362 53003 60002 885// 333 47001 55000==
35895 32998 00000 11195 21212 39947 40435 52009 333 47009 555 21196 7000/=
35907 32998 00804 10009 21011 30341 40310 52005 555 20005 7000/=
35925 129// 01403 11050 21072 30230 40346 53002 60002==
35927 329// 01402 11039 21042 30328 53001 555 21041 7000/=
35953 125// 80000 11019 21040 30232 40365 53002 60002 885// 333 42001==
35969 12584 80000 11028 21069 30200 40379 54000 60002 885// 333 47001==
35997 31996 00000 11172 21198 39951 40423 53007 71011 333 47002 555 21172 7999/=
36259 42584 30000 11305 21337 38276 48570 52011 82901==
36335 32999 80000 11141 21168 39318 40405 52004 8802/ 333 48044 555 21189 7993/=
36358 32999 60000 11167 21198 39325 40416 52015 80002 333 47014 555 21200 7000/=
36394 /2997 01403 11250 21268 39967 40439 52011 333 48013 555 21281 69922 7002/=
36397 42/84 20000 11260 21276 39811 40432 52007 82040 333 47010==
36403 /1998 81801 11216 21229 30028 40426 52013 70272 8802/ 333 48050 55000 555 21217 60032 7008/=
36418 /1996 80501 11114 21118 39737 40384 52016 77177 8802/ 333 48081 555 21118 60042 7005/=
36421 /1996 81201 11122 21135 39785 40380 52018 77177 8802/ 333 47122 555 21136 60022 7004/=
36428 41640 80701 11108 21124 39859 40386 52021 77177 8252/ 333 47064 55000==
36439 /1798 71107 11145 21170 39051 48540 52013 73633 82531 333 48038 555 21146 69902 7996/=
36498 32698 70000 11151 21178 39567 40413 52012 85530 333 48050 555 21170 7001/=
36501 32999 00000 11225 21246 39598 40426 52006 333 47010 555 21225 7005/=
36535 41684 72703 11177 21192 39730 40413 52016 70272 84531 333 48093 55000==
36546 /1596 81401 11112 21115 39822 40389 52017 77072 8802/ 333 47049 555 21139 60032 7003/=
36619 /2999 72701 11132 21153 87500 333 47024 555 21133 69952 7002/=
36622 32998 80000 11159 21180 39558 40419 52015 8807/ 333 48045 555 21178 7005/=
36639 41/40 80000 11094 21124 39764 40397 52017 77177 8802/ 333 40086==
36643 /1599 62603 11138 21159 39702 40406 52023 70172 86500 333 47016 555 21139 69942 7994/=
36665 32698 72606 11107 21144 39616 40376 52022 86902 333 47022 55058 555 21114 7000/=
36666 32498 82902 11120 21136 39875 40396 52021 8567/ 333 47016 55008 555 21153 7992/=
36729 /1498 82504 11060 21083 39903 40402 52012 70272 886// 333 47020 555 21060 60022 7003/=
36736 /1597 80000 11073 21090 39833 40409 52019 77177 8802/ 333 48024 55001 555 21079 60032 7003/=
36744 32998 00000 11198 21213 39932 40425 52008 333 47004 555 21199 7999/=
36770 /1997 80000 11080 21098 39646 40404 52004 70272 8802/ 333 47032 555 21080 60022 7005/=
36786 /1997 80000 11091 21102 39439 40400 52009 77172 8802/ 333 47067 555 21091 60032 7003/=
36796 /1996 80000 11104 21119 39140 48568 52008 77177 8802/ 333 47084 555 21105 60062 7007/=
36803 32599 81304 11063 21067 39934 40401 52016 8662/ 333 47006 555 21077 7992/=
36806 /1997 80000 11053 21118 39905 40395 52024 77172 8802/ 333 47003 555 21094 60032 7003/=
36819 /1597 82002 11078 21092 39762 40403 53012 77172 885// 333 47005 55000 555 21082 69982 7998/=
36821 11540 70000 11110 21115 39894 40413 52005 60002 71022 83530 333 47003==
36839 /1496 83001 11085 21112 39222 40402 52005 71022 8367/ 333 47017 555 21087 69972 7002/=
36843 /2998 60000 11092 21116 39173 40404 52003 82032 333 47057 555 21094 60032 7005/=
36846 /1497 80000 11111 21116 38703 48576 52005 77172 8572/ 333 47081 555 21114 60042 7007/=
36859 42/70 80000 11050 21056 39614 40425 52011 8802/ 333 47007==
36870 12570 80901 11056 21097 39331 40381 52002 60002 8697/ 333 47034==
36874 32698 82901 11073 21094 39706 40528 52004 885// 333 47015 555 21083 7993/=
36877 32999 62101 11139 21152 39752 40841 52004 84031 333 47022 555 21150 7002/=
36885 /1999 61102 11065 21096 39219 40393 52001 70272 82031 333 47045 555 21067 69962 7005/=
36889 /2999 01603 11165 21254 37058 47076 52012 333 47017 555 21195 69932 7002/=
36894 /1598 70000 11061 21080 39632 40402 53005 72682 85972 333 47020 555 21062 60032 7008/=
36905 /1999 51301 11101 21129 38849 48586 53006 70272 85040 333 47032 55000 555 21105 60022 7004/=
36911 12999 00000 11025 21131 39367 40413 53007 6//// 333 21131 47011 555 51041 530// 7005/=
36927 12699 12712 11074 21139 38402 48567 52008 6//// 81100 333 21100 555 51058 530// 7000/=
36934 12699 10401 11069 21148 38310 48446 53006 6//// 81500 333 2//// 555 11017 5//// 530// 7000/=
36953 /2699 80000 11140 21149 38271 48508 52011 8594/ 333 47023 55000 555 21160 60012 7002/=
36963 12999 01402 11181 21231 37046 48/// 52011 6//// 333 2//// 4/007 555 11144 5//// 530// 7001/=
36974 12798 30000 11178 21184 38058 48620 52015 6//// 83500 333 2//// 4/006 555 11064 5//// 530// 7996/=
36982 12599 20201 11241 21281 36507 47148 52011 69902 82500 333 21267 47001 555 5//// 530// 7////=
37018 22960 80604 10055 21009 30169 40246 52005 80001 333 20051 55088 60002==
37031 22960 21303 11001 21018 30054 40255 54000 80001 333 21003 55088 60002==
37054 21440 81101 10017 21005 39884 40277 55002 71022 885// 333 21006 60002==
37061 21520 80903 10034 20029 30109 40281 57001 71022 885// 333 20022 55000 60002==
37085 22540 80505 10037 20028 30313 40285 54000 885// 333 20037 31/// 60002==
37171 22940 41002 10044 20008 30234 40254 52010 80001 333 20040 60002==
37228 21/02 91301 11027 21030 39412 40277 54000 74542 89/// 333 21033 55076 60002==
37235 41440 81901 10013 20007 39948 40273 54000 72842 886// 333 20004==
37472 21/40 81002 10066 20059 30294 40271 53004 71022 8807/ 333 20065 30/// 55007 60002==
38149 12570 81002 11009 21034 30273 40353 54000 60002 885//==
38178 11540 80702 11023 21029 30047 40345 58002 60002 71022 885// 333 55000==
38262 12520 80802 11013 21032 30266 40351 57003 60002 885// 333 55000==
38264 12470 70803 11006 21044 30251 40349 54000 60002 875// 333 87617==
38345 12999 00801 11098 21124 38898 48571 54000 69902 333 21125 3/116 47007 555 5//// 530// 7003/=
38353 12597 80000 11074 21104 39447 40401 57004 69972 886// 333 21085 3/110 47011 555 5//// 530// 7////=
38388 32998 00903 11036 21097 30261 40336 58015 333 21038 34106 55080 555 7000/=
38392 32997 50804 11032 21053 30232 40340 53003 85030 333 21034 34103 55000 555 7000/=
38396 12960 00602 11037 21052 30219 40351 53007 60002 333 21037==
38403 12960 00502 11021 21088 30221 40347 52002 60002==
38413 12/70 80802 11012 21051 30030 40333 54000 60002 8807/ 333 55000==
38457 11940 03501 11020 21029 39729 40342 57001 60002 71000 333 55005==
38462 12984 00000 11087 21186 38842 48557 54000 60002 333 21094==
38507 32996 00000 11011 21043 30168 40275 57005 333 21022 30103 55083 555 7000/=
38545 32998 00202 11049 21055 30159 40344 53004 333 21053 34109 55060 555 7000/=
38565 11970 00000 11068 21080 39688 40278 57001 60002 72840 333 21075==
38579 12560 70000 11012 21021 39902 40338 54000 60002 85571 333 55000==
38583 12/60 33601 11027 21030 30005 40342 54000 60002 82041==
38599 31216 50707 10003 21006 39784 40340 52003 71011 85600 333 21028 85705=
38611 41/40 83302 10005 21031 39772 40364 52006 71022 8807/ 333 55000==
38613 12997 30102 11054 21079 40375 53005 69932 80002 333 21056 30104 4/008 555 10007 5//// 530// 7001/=
38616 11/92 90000 11026 21029 39319 40378 53004 6//// 747// 333 2//// 555 11007 5//// 530// 7003/=
38618 42660 80501 10005 21009 39635 40349 52006 8253/ 333 55000==
38647 32997 00906 11011 21036 30214 40258 52003 333 21011 34103 555 7000/=
38656 32998 00902 11024 21047 30195 40310 54000 333 21024 30104 55078 555 7000/=
38683 11940 03402 11034 21038 30042 40334 53004 60002 71000==
38687 31996 00000 11048 21051 30088 40337 57010 71000 333 21050 34105 55084 555 7000/=
38696 12960 00902 11024 21030 39438 40332 54000 60002 333 55000==
38713 32997 01601 11053 21099 39110 48550 58013 333 21054 55000=
38750 32997 03202 10009 21023 30295 40266 54000 333 20008 30000 55092 555 7000/=
38763 31996 01004 11007 21028 30164 40274 54000 71000 333 21007 30102 55086 555 7000/=
38774 32997 01301 11022 21038 30082 40287 57005 333 21024 30103 555 7000/=
38799 32997 01401 11040 21052 30085 40330 53002 333 21042 31104 555 7000/=
38806 32997 00000 11048 21076 30043 40319 57002 333 21050 34105 555 7000/=
38812 11920 00501 11030 21043 39846 40323 57001 60002 71000==
38836 31697 80000 10006 20006 39322 40287 53004 81022 885// 333 20004=
38880 11995 00902 11025 21035 30015 40282 56004 60002 71000 333 21028 30102 555 7000/=
38886 32997 01303 11012 21037 30078 40317 53003 333 21019 34105 555 7000/=
38895 32996 00701 11011 21033 30026 40330 54000 333 21011 34104 555 7000/=
38911 32998 20301 10002 21046 30008 40314 54000 80002 333 20002 30000 55076 555 7000/=
38915 32997 30601 11012 21021 39988 40328 54000 83050 333 21014 34106 555 7000/=
38927 11629 70201 10026 20013 39920 40308 54000 60002 71022 87400 333 55004 87649==
38933 31796 80000 10028 21014 39798 40328 53008 71022 885// 333 20027=
38944 31696 80000 10024 20014 39695 40245 54000 71022 885// 333 20020=
38954 32999 00000 11103 21125 37989 48600 52004 333 21106=
38974 32998 01101 11016 21025 39965 40316 58035 333 21017 30102 55072 555 7000/=
38987 32496 80401 10007 21007 39538 40307 53002 885// 333 20007 31001 55000 555 7000/=
40100 43/70 70906 10137 20088 30221 40237 50000 333 58///=
40180 02760 21302 10116 20109 30175 40226 52001 82800 333 70000==
40199 02/// /3603 10136 20077 30205 40231 52004 333 70000==
40265 41900 00000 10034 20034 39433 40244 52002 74400=
40270 42460 22906 10085 20055 39320 40227 52003 82600 333 82715=
40272 41650 30000 10084 20067 39384 40222 57006 71000 83600 333 83640=
40340 41950 03505 10130 20067 30172 40237 52002 70500=
40356 42960 03007 10045 20010 39219 48521 333 59025 555 04410 50205=
40357 42960 03310 10062 20000 39540 40188 333 59047=
40360 42960 03604 10078 20040 39617 40211 333 59014=
40361 42960 02911 10094 20010 39421 40237 333 59034=
40362 42960 02406 10072 21060 39668 40189 333 59052=
40373 42960 02704 10046 21050 39775 40201 333 59036=
40375 42960 02903 10079 20010 39324 40205 333 59003=
40394 42960 01806 10044 21010 39056 48523 333 59037 555 04410 50202=
40400 42960 00103 10153 20040 30128 40156 333 59028=
40405 42960 00000 10055 20020 39444 40220 333 59042=
40417 42960 03204 10083 21040 30177 40193 333 59019=
40420 42960 02911 10111 21080 39984 40199 333 59019=
40430 42960 00703 10151 20020 39428 40184 333 59052=
40437 42960 00000 10036 21060 39491 40215 333 59025=
40439 42960 02303 10164 20080 30113 40131 333 59027=
40582 32960 02004 10049 21062 40195 53002 333 55300 00000 10200 20000 30000 40810 51010 60000 55407 40000 90401 91003 91103 91203 91303=
41024 42660 20000 10224 20160 30104 40130 82500 333 58000 82640=
41036 42560 12604 10127 20070 38568 48517 81500 333 59011 81630 555 04410 50147=
41055 42960 01103 10111 21010 38372 48521 333 59018 555 04410 50159=
41061 42960 01110 10109 21010 39471 40187 333 59024=
41084 42960 03004 10117 20000 38866 48517 333 59026 555 04410 50143=
41112 42460 12105 10110 20100 37949 48519 81600 333 59013 81715 555 04410 50122=
41114 42960 00000 10085 21010 37988 48526 333 59013 555 04410 50131=
41128 42960 00000 10099 20000 38837 48537 333 59030 555 04410 50187=
41136 42960 00704 10122 21010 39362 40188 333 59019=
41140 41559 20000 10248 20220 30118 40123 71000 82100 333 59017 82830=
41150 42962 02907 10154 20102 40191 333 59012=
41170 42960 02803 10157 20123 30175 40189 333 59013=
41176 44/30 /3005 10104 20093 30185 40191 333 59013=
41184 42960 02404 10094 20057 40185 333 58006=
41194 42960 09903 10153 20081 30169 40175 333 58005=
41196 42960 09902 10115 20058 30139 40181 333 58006=
41216 42960 00000 10148 20134 30172 40177 333 59008=
41217 42960 09901 10146 20109 30143 40173 333 59008=
41242 36/// /2104 10131 20059 30160 40187 333 0E009 55300 25022 58007=
41244 36/// /0409 10149 20080 39730 40155 333 0E018 55300 25022 59015=
41255 36/// /0301 10150 20029 39632 40153 333 0E015 58001=
41258 36/// /0109 10218 20071 30164 40167 333 0E/// 55300 20000 58012=
41263 36/// /0000 10120 20033 39572 40154 333 0E013 55300 20000 59001=
41267 36/// /3110 10214 20091 30150 40163 333 0E020 58005=
41268 36/// /3507 10202 20064 30107 40155 333 0E019 55300 25022 58002=
41275 36/// /3007 10104 20073 30014 40191 333 0E010 55300 20000 58005=
41288 36/// /3110 10195 20107 30146 40168 333 0E020 59001=
41315 36/70 /3317 10124 21044 39331 48113 333 0E017 55300 27865 59006=
41316 32982 13618 10203 21038 30142 40172 80001 333 58003 55000 55407 55408 55507 55508 81075=
41506 12920 03603 10030 21051 38523 48210 60001 333 21012 59003 70000==
41508 12960 00000 11019 21051 38651 48140 60001 333 21026 59004 70000==
41515 12960 00502 10014 21061 38593 48510 60001 333 20002 58014 70000==
41516 12440 32303 10025 21047 38554 48100 60001 83570 333 21022 58016 70000==
41517 21496 80000 11015 21027 37794 48533 72272 8562/ 333 21025 43997 5699/ 58017 69917 70001 83710 83635 88460=
41518 12440 80000 10022 21006 30001 48010 60001 8872/ 333 20010 5688/ 58000 70000==
41519 12440 80000 10055 21023 38775 48090 60001 88720 333 20040 56880 58008 70000==
41523 12960 00501 10005 21008 39073 48670 60001 333 20004 59015 70000==
41535 11460 70000 10050 20027 38698 48650 60011 70262 86520 333 20018 56880 58012 70400==
41536 12460 70000 10070 20011 39035 48940 60001 85520 333 20054 56880 58013 70000==
41560 12960 01301 10020 21018 38297 48300 60001 333 21026 58001 70000==
41571 11640 70509 10110 20056 39549 40143 60001 70522 83830 333 20084 56880 58006 70000==
41598 11420 80000 10120 20101 39866 40142 60001 71022 88520 333 20090 56880 58024 71200==
41600 11/05 90000 10115 20105 39839 40141 60001 74242 89000 333 20098 58028 70000==
41620 11940 00000 10020 21054 38559 48610 60001 70500 333 20004 58007 70000==
41624 11410 53102 10120 20043 39930 40134 60001 70400 83520 333 20090 56880 58012 70000==
41630 11910 00000 10070 20047 30000 40144 60001 71000 333 20064 58022 70000==
41640 11/02 90000 10125 20116 39887 40142 60001 74744 89000 333 20098 58028 70000==
41660 12960 02302 11030 21077 38438 48320 60001 333 21036 59016 70000==
41678 11940 00000 10110 20056 30000 40123 60001 70400 333 20094 59002 70000==
41696 12960 00000 11060 21110 38018 48640 60001 333 21080 58001 70000==
41697 12960 00000 10110 20043 39989 40152 60001 333 20090 58022 70000==
41700 11910 00000 10080 20069 39994 40127 60001 71000 333 20074 58018 70000==
41710 12960 00000 10020 21054 39394 40210 60001 333 20010 59003 70000==
41712 12960 00000 10015 21061 39219 48000 60001 333 20010 59013 70000==
41715 11940 03101 10110 20015 30078 40145 60001 70500 333 20080 58020 70000==
41718 11910 00000 10100 20079 30018 40125 60001 71000 333 20078 58008 70000==
41725 11920 00000 10100 20044 30055 40137 60001 70500 333 20094 58016 70000==
41739 12940 00502 10035 21003 39085 48160 60001 333 20024 58001 70000==
41744 12940 00000 10035 21018 38777 48910 60001 333 20004 58006 70000==
41749 11920 00000 10100 20068 30115 40148 60001 70400 333 20090 58010 70000==
41756 11940 00501 10180 20083 30098 40165 60001 70504 333 20104 59004 70000==
41757 12940 03602 10100 21056 30163 40176 60001 333 20094 58013 70000==
41759 12940 03602 10140 21044 30161 40167 60001 333 20070 58015 70000==
41764 11940 00000 10140 20056 30083 40134 60001 70400 333 20130 58020 70000==
41768 12940 00000 10100 20031 30119 40126 60001 333 20064 58006 70000==
41780 11940 00701 10140 20028 30113 40142 60001 70400 333 20114 58018 70000==
41785 12940 00000 10130 20091 30109 40122 60001 333 20112 58001 70000==
41859 01902 00502 10156 20156 30109 40148 74744 89/// 333 20142 58031 70000==
41883 01940 00000 10154 20140 30126 40147 70500 333 20134 58016 70000==
41891 01420 80000 10202 20180 30109 40149 71022 8532/ 333 20172 58006 70000 81710 84615 88460 81930==
41907 01930 00000 10170 20160 30127 40143 70500 333 20138 58017 70000==
41923 01320 60000 10230 20190 30139 40149 70500 84670 333 20204 58012 70000 82709 83615 85458==
41936 01201 50000 10218 20220 30123 40131 74242 85600 333 20198 58010 70000 85704==
41943 01420 60000 10218 20200 30136 40144 71022 83520 333 10190 58001 70000 83616 85458==
41950 41908 00000 10219 20219 30143 40145 74344 89/// 333 20204 58011==
41978 01923 00803 10235 20200 30137 40143 71041 333 20188 58001 70000==
41992 01925 00302 10240 20200 30145 40147 70500 333 20190 59004 70000==
42027 21594 83401 10020 20008 38415 48504 71062 8552/ 333 10117 20008 58005 6005/ 555 00045 10026=
42071 31/92 99902 10108 20100 40148 74544 333 10218 20105 58031 555 10008=
42101 31/90 90000 10124 20117 40157 74544 333 10223 20114 58028=
42111 31996 00000 10100 20068 39422 40144 71000 333 10250 20080 58020 555 10007=
42123 31992 00000 10066 20066 40148 74644 333 10231 20061 58025 555 10013=
42131 31/90 90000 10106 20106 40147 74544 333 10180 20097 58020 555 10013=
42165 31994 40000 10138 20104 40126 71000 84030 333 10233 20120 58010 84360=
42182 31992 00000 10116 20116 40143 74444 333 10270 20102 58022 555 10007=
42189 31993 00000 10124 20113 40137 74240 333 10246 20106 58019 555 10013=
42309 21594 70000 10158 20151 40156 71022 84570 333 20098 58003 6001/ 555 00012 10076=
42314 21494 70000 10148 20141 40153 71022 83530 333 20114 58005 6003/ 83618 87360 555 00031 10036=
42328 31995 00000 10132 20093 40110 70500 333 10250 20116 58009 555 10002=
42339 31995 00000 10134 20077 40131 70500 333 10271 20115 58010 555 10001=
42348 31994 00704 10156 20111 40112 71000 333 10272 20138 58009 555 10013=
42361 31994 00000 10134 20119 40131 71000 333 20115 58012=
42369 31995 00000 10140 20122 40139 71000 333 10282 20110 58014 555 10001=
42379 31994 00000 10136 20121 40140 71040 333 10259 20095 58019 555 10000=
42398 31/94 90204 10164 20136 40149 71040 89/// 333 20140 58021 555 10000=
42410 31594 50000 10160 20150 40159 71022 82530 333 20130 58016 82620 85360 555 10004=
42415 31595 30000 10178 20140 40160 71011 82530 333 20157 58012 82620 83360 555 10018=
42452 31996 00501 10148 20115 40132 71000 333 10271 20128 58020 555 10014=
42492 31994 00000 10170 20142 40143 71144 333 20145 58017 555 10001=
42559 32996 51802 10144 20098 40125 80002 333 20126 58013 85075=
42571 31996 00000 10154 20113 40133 70500 333 20125 58010 555 10002=
42623 21495 71102 10158 20138 39262 40143 71022 85630 333 20110 58000 6001/ 83710 85618 87360 555 00011 10002=
42634 32996 00000 10154 20105 40138 333 20148 58013=
42647 31996 13402 10178 20108 40136 70500 80001 333 20157 58020 81070=
42667 31996 02002 10150 20118 39537 40140 333 20126 58006=
42675 31996 00000 10166 20145 40131 70500 333 20134 58001 555 10000=
42701 31995 00000 10186 20083 39402 40143 70500 333 20140 58013 555 10000=
42724 31/92 90000 10210 20201 40147 74740 89/// 333 20190 58013 555 00000 10000=
42737 32996 22503 10174 20143 40142 80001 333 20143 58013 82070=
42754 31995 00000 10158 20096 39488 40137 70500 333 20130 58013=
42779 32996 00000 10200 20155 39431 40134 333 20144 58007=
42798 31594 30000 10204 20164 40137 71000 83500 333 20175 58012 83620 555 10000=
42809 31/92 90503 10222 20219 40137 74344 333 20217 58009 555 10000=
42840 31996 30000 10196 20145 40137 70500 80001 333 20182 58013 83075=
42867 31994 01601 10224 20186 40131 71000 333 20181 58003=
42874 31995 00000 10224 20202 40132 71000 333 20203 58003=
42886 31995 00000 10224 20189 40141 71040 333 20182 58010 555 10000=
42895 31993 30000 10230 20227 40138 74444 83030 333 20208 58004 83360=
42909 32996 20205 10188 20143 40137 80002 222// 20000 333 20175 58012 82070=
42971 31/92 92302 10240 20228 40141 74544 333 20224 58004 555 10000=
43003 31995 00000 10208 20182 40129 70500 333 20179 58008 555 10000=
43014 31994 00000 10200 20140 39469 40121 71044 333 20165 58003 555 10000=
43041 31995 00000 10210 20172 39521 40143 71000 333 20171 58003 555 10000=
43063 32997 00000 10170 20143 39499 40137 333 20138 58001 555 00000 10000=
43086 31996 00000 10216 20200 39945 40125 70500 333 10332 20184 58003 555 10000=
43110 31995 00000 10222 20180 40122 70544 333 20181 58003=
43117 32997 01601 10220 20166 40124 333 20184 58000=
43128 31996 09901 10234 20179 39522 40128 70500 333 10334 20177 58002=
43150 31995 32703 10240 20222 30082 40143 71040 80001 222// 20000 333 10292 20218 58005 83075 555 10000=
43185 31595 10000 10232 20219 30128 40132 71000 81500 333 10334 20206 58002 81620 555 10000=
43189 31996 10000 10234 20212 30135 40144 70511 80001 333 10314 20210 58002 555 10000=
43192 31995 00000 10228 20222 40116 70500 333 20220 58003 555 10000=
43198 31395 51103 10174 20151 39295 40133 71022 83631 333 10336 20146 56299 58002 82707 83612 555 10000=
43201 32997 00000 10206 20161 39380 40111 333 10352 20168 58007 555 10000=
43213 31996 00000 10220 20185 39799 40120 70500 333 10366 20198 58000 555 10000=
43233 32997 09902 10222 20207 39318 40138 333 10335 20180 58007 555 10000=
43237 31996 00000 10214 20175 39708 40104 70500 333 10355 20189 58005 555 10000=
43245 32597 31403 10274 20245 30106 40133 82402 333 10328 20245 59002 555 10005=
43279 31596 50000 10256 20244 30117 40135 71021 82530 333 10322 20235 58007 82620 84630 555 10056=
43284 31496 50704 10258 20222 39999 40115 71022 81501 333 10325 20236 58002 81615 84075 555 10036=
43295 32997 20000 10220 20202 39116 48523 80001 333 10314 20197 58002 82075 555 10005=
43310 32496 41402 10268 20239 40117 82211 333 20252 59009=
43314 32596 50000 10274 20242 40114 82531 333 10360 20262 58002 555 10000=
43321 31495 60902 10240 20210 39685 40134 71022 83431 333 10326 20227 58006 83612 86070 555 10001=
43329 21496 70000 10262 20253 30108 40122 72122 86701 333 10304 20236 56199 58000 6996/ 555 00006 10003=
43333 31496 50502 10290 20216 40124 70521 84401 333 20248 56109 59007 82618 83820 555 10074=
43344 31495 50204 10262 20242 30027 40126 71022 83401 333 10329 20236 58006 82616 83820 555 10015=
43353 31495 49902 10284 20256 40115 71021 81530 333 10324 20252 56790 58005 81616 83358=
43369 32496 70000 10270 20259 40110 84470 333 10321 20255 58001 83618 85458 555 10073=
43371 21496 40000 10266 20249 30042 40115 71021 81532 333 10336 20248 58004 6001/ 81618 555 00015 10049=
43479 22470 7//00 10201 20199 39278 84200 333 10240 20191 58004 60008 70063==
44212 42984 20000 11272 21321 39226 40513 52014 80004==
44213 41/84 30000 11254 21299 38858 40496 52014 70272 83040==
44214 42960 22903 11165 21244 38306 40433 52010 80001==
44215 42970 22901 11205 21252 38437 40458 52010 80004==
44217 32998 20000 11252 21291 37861 40563 52009 80001 333 91200=
44218 41940 02501 11196 21247 38649 40451 52012 70400==
44219 32999 31502 11250 21277 38669 40498 52014 82089 333 91203=
44265 42984 22301 11220 21249 38924 40487 52017 80001==
44266 32999 03504 11160 21227 37769 40425 52013 333 91205=
44404 22958 00902 10102 20030 38118 48457 80000 333 20042 58020 60004=
44416 22960 00803 10113 20074 39370 40146 80000 333 20049 58022 60004=
44424 22960 01902 10006 21077 37681 47054 80000 333 21057 58016 60004=
44434 21450 10903 10130 20099 39237 48519 71044 81100 333 20100 58018 60004=
44438 21912 00702 10138 20138 30016 40145 71044 80000 333 20095 58022 60004=
44449 21918 00000 10148 20131 39986 40144 71044 80000 333 20105 58024 60004=
44454 21435 21002 10100 20067 38663 48499 71044 82100 333 20058 58014 60004=
44462 21/08 30903 10078 20071 38239 48464 7404/ 83600 333 20057 58016 60004=
44474 21008 80000 10077 20070 38255 48508 74044 888// 333 20057 58041 60004=
44477 21330 11601 10125 20100 38819 48524 7104/ 81100 333 20072 58021 60004=
44478 21908 00701 10138 20135 30061 40143 7414/ 80000 333 20094 58020 60004=
48010 42540 43601 10170 20154 39974 40132 83730 333 58005==
48020 41250 30000 10170 20145 70341 83600==
48025 41110 61401 10172 20172 31002 40139 59005 74044 85840==
48048 42956 03601 10195 20150 30068 40126 333 58003==
48052 32957 00000 10184 20129 333=
48062 41550 23202 10210 20195 30122 40128 71011 82500 333 59009==
48064 42956 00000 10184 20147 30043 40101 333 59013==
48094 42958 00000 10235 20190 30113 40123 333 59014==
48109 42460 30401 10260 20215 30130 40134 83800 333 59007==
51076 14/61 /0000 11181 21206 39457 40421 52013 60001 333 11090 21207 3/102 4/027 58068 70003 90761 91102==
51087 14/50 /1101 11181 21204 39306 40431 52013 60001 71000 333 11073 21202 3/105 4/019 58067 70001 90761 91103==
51156 14/77 /2404 11088 21152 38754 40373 52007 60001 333 11065 21134 3/112 58048 90761 91109==
51243 14/56 /0601 11126 21161 39817 40412 52019 60001 71000 333 11085 21131 3/112 4/001 58066 70000 90761 91103==
51334 14/37 /2901 11096 21121 39967 40404 52011 60001 70500 333 11031 21151 3/108 4/012 58067 70000 90761 91103==
51379 14/80 /1602 11125 21151 39388 40415 52010 60001 333 11065 21187 3/106 4/023 58058 70013 90761 91103==
51463 14/58 /1702 11086 21107 39130 40392 52011 60001 333 11059 21101 3/101 4/036 58057 70013 90761 91105==
51573 14/60 /0502 11024 21124 30288 40340 52018 60001 333 10021 21047 3/111 58056 70000 90761 91105==
51644 14/13 /3401 11080 21110 39016 40346 52019 60001 70500 333 10012 21102 3/106 4/004 58054 70000 90761 91103==
51656 14/59 /0802 11037 21095 39222 40333 52010 60001 333 10010 21097 3/112 58051 70000 90761 91104==
51709 14/61 /2902 11072 21169 38677 40329 52022 60001 333 10049 21098 3/111 58050 70000 90761 91105==
51711 14/70 /2403 11107 21184 38037 40297 52016 60001 333 10032 21128 3/119 58051 70000 90761 91107==
51716 14/50 /3502 11087 21172 38977 40346 52026 60001 70500 333 10046 21107 3/116 58052 70000 90761 91103==
51765 14/71 /0902 11042 21108 39287 40328 52017 60001 333 10041 21100 3/114 58057 70000 90761 91105==
51811 14043 02801 11073 21165 38843 40329 52022 60001 333 10094 21094 3/115 58045 70000 90761 91104==
51818 14/50 /1901 11043 21178 38685 40309 52020 60001 70500 333 10083 21092 3/118 58042 70000 90761 91104==
51886 14/80 /1902 11094 21174 37103 40273 52012 60001 333 11012 21131 3/117 58023 70000 90761 91106==
52203 14/39 /1102 11058 21079 39415 40346 52013 69951 77000 333 10010 21069 3/107 4/001 58054 70005 90761 91104==
52602 14/80 /3602 11079 21178 37261 40293 52013 60001 333 11008 21119 3/115 58026 70000 90761 91111==
52818 14/80 /2904 11059 21167 37234 40278 52026 60001 333 10007 21096 3/114 58037 70000 90761 91108==
52908 14/80 /2604 11148 21241 35724 40304 52017 60001 333 11074 21214 3/124 58022 70000 90761 91106==
55228 14/80 /0902 11123 21256 35994 40217 52016 60001 333 11008 21166 3/123 58030 70000 90761 91109==
55299 14/58 /2001 11021 21350 35817 49981 52019 60001 70500 333 10073 21128 3/124 58017 70000 90761 91124==
55578 14/72 /1002 10033 21194 36353 40001 52016 60001 333 10170 21078 3/113 58028 70000 90761 91112==
55591 14/80 /3102 10118 21291 36470 49928 52016 60001 333 10186 20021 3/111 58008 70000 90761 91110==
55664 14/79 /2801 11040 21269 36004 40134 52010 60001 333 10116 21116 3/117 58017 70000 90761 91107==
55773 14/67 /2301 11066 21139 36006 40209 52010 60001 333 10068 21149 3/120 58019 70000 90761 91103==
56004 14/80 /2903 11152 21235 35790 40277 52020 60001 333 11035 21224 3/126 58024 70000 90761 91107==
56018 14/63 /1201 11092 21252 36140 40158 52016 60001 333 10072 21159 3/120 58012 70000 90761 91106==
56312 14/80 /2001 10047 21033 37078 40125 52016 60001 333 10080 20006 3/000 58013 70000 90761 91105==
62306 42960 02003 10106 20070 40247 57005==
62332 42560 33506 10168 20112 40234 57004==
62366 45960 01002 10123 20091 40234 57004==
62387 31950 03205 10095 20065 40229 52003 71000=
62393 42960 03506 10088 20056 40238 52002==
62405 42960 02104 10106 20017 40193 52005==
62414 42960 03506 10125 20013 40182 52002==
62419 42960 03405 10133 20013 40176 57003==
62458 32960 00000 10137 20094 40233 52003=
