SMPK OPKC 161800=
41504 02995 01802 10030 21089 37798 48452 60003 333 59016 60007 RH41%=
41506 02995 00000 10045 20011 38518 48516 60003 333 58032 60007 79%=
41507 01696 33604 10110 20070 39252 49777 60023 70229 83500 333 56900 58026 60017 83640 76%=
41508 02695 62702 10047 20009 38666 48532 60013 83520 333 56990 58026 60007 83635 83460 RH 77%=
41509 02996 01302 10075 20017 38761 48499 60013 333 58031 60007 RH 67%=
41510 02696 80000 10010 21002 37911 48528 60003 84520 333 56990 58021 60007 84640 84460 92%=
41515 02995 00000 10060 21016 38535 48498 60003 333 59038 60007 58%=
41516 02496 63104 10055 21008 38539 48497 69903 84610 333 56990 58034 60007 81720 83640 86160 RH64%=
41517 11696 70000 10040 21037 37771 48497 60003 70422 83570 333 56990 58002 83635 87760 57%=
41518 22696 71804 10089 21006 38/// 48/// 60003 83520 333 56990 5//// 60007 83640 85462 51%=
41519 02996 50000 10085 20016 38780 48516 60003 80001 333 56009 58044 60007 85070 62%=
41520 02595 70000 10010 21029 37611 48260 60003 84670 333 56990 58011 60007 81720 83640 85762 75%=
41523 01695 63602 10090 20035 39091 48501 60013 70296 83520 333 56990 58027 60017 83640 83460 69%=
41524 01696 80000 10100 20059 39387 40270 60093 72162 8552/ 333 5699/ 58055 60037 85640 83460 76%=
41525 01696 40000 10010 21044 37665 48398 70271 60023 84400 333 48003 56900 58010 60027 84840 67%=
41528 01696 50000 10115 20076 39230 48512 60003 70422 82520 333 56990 58023 60007 82640 83460 77%=
41529 02996 01802 10125 20074 39772 40161 60003 333 58026 60007 71%=
41529 02996 01802 10125 20074 39772 40161 60003 333 58026 60007 71%=
41530 019// 12310 10140 20028 39745 40171 60003 7011 81030 333 56090 58038 60007 47%=
41534 02996 03104 10140 20057 39727 40146 60003 333 58017 60007 RH 57%=
41535 02696 20000 10100 20022 38710 48478 60003 82500 333 56900 58004 60007 82640 58%=
41536 01596 80000 10120 20048 39049 48516 60003 71792 8352/ 333 5699/ 58028 60007 83630 88460 61%=
41560 02996 00000 10035 21014 38307 48538 60003 333 58001 60007 RH70%=
41562 02996 00000 10120 20056 39654 40125 60003 333 58005 60007 RH 65%=
41565 02996 01302 10094 21015 38662 48527 60003 333 58019 60007 46%=
41567 01996 00000 10160 20069 39690 40109 60003 70400 333 58007 60007 55%=
41571 116// 30504 10150 20049 39580 40168 69903 70511 81830 333 56990 58029 RH51%=
41572 01696 21306 10120 20035 39516 40152 60003 70400 82500 333 56900 58027 60007 82640 RH56%=
41573 02997 20000 10040 20018 37959 48493 69903 83070 333 56090 58006 83360 85%=
41574 02697 82302 10040 20029 38343 48525 69983 8452/ 333 5699/ 59001 69987 84640 88460 93%=
41576 01996 00000 10140 20091 40157 60003 70400 333 58019 60007 72%=
41577 01996 00000 10125 20077 39547 40170 69903 70421 333 58028 60007 RH 72%=
41593 01996 00000 10165 20120 39929 40147 60003 70420 333 58032 60007 75%=
41597 01996 00000 10155 20128 40171 60003 70411 333 58028 60007 84%=
41598 01996 00000 10160 20104 39872 40146 60003 70400 333 58030 60007 69%=
41599 01996 20504 10160 20114 39869 40161 60003 70400 82030 333 56090 58034 60007 82360 74%=
41599 01996 20504 10160 20114 39869 40161 60003 70400 82030 333 56090 58034 60007 82360 74%=
41600 01996 00000 10150 20103 39842 40141 60003 70400 333 58017 60007 73% =
41620 31996 01804 10085 21030 38581 48483 60003 70500 333 58026 60007 44%=
41624 01995 00000 10160 20104 39927 40129 60003 70400 333 58016 60007 69%=
41625 01996 30000 10155 20108 39918 40124 60003 70400 83030 333 56090 58016 60007 83360 74%=
41630 01996 23602 10165 20120 40154 60003 70402 82030 333 56090 58023 60007 82360 75%=
41630 01996 23602 10165 20120 40154 60003 70402 82030 333 56090 58023 60007 82360 75%=
41633 02996 00000 10155 20118 3//// 4//// 60003 333 5//// 60007 79%=
41634 02997 00000 10140 20094 3//// 4//// 60003 333 5//// 60007 74%=
41635 01996 30000 10160 20124 3//// 4//// 60003 70400 83030 333 56090 5//// 60007 83360 79%=
41636 01996 00000 10170 20103 39955 40142 60003 70400 333 58015 60007 65%=
41638 01996 40000 10180 20136 4//// 60003 70421 84070 333 56090 5//// 60007 84460 76%=
41639 01996 00000 10150 20081 3//// 4//// 60003 70400 333 5//// 60007 63%=
41640 01696 60000 10180 20127 39900 40150 60003 70422 83570 333 58027 60007 83640 84460 71%=
41641 01996 30000 10175 20131 39879 40155 60003 70422 83030 333 56090 58029 60007 83360 73%=
41642 01996 00000 10140 20112 3//// 4//// 60003 71004 333 5//// 60007 83%=
41643 01996 00000 10150 20103 39863 40143 60003 70412 333 58022 60007 73%=
41644 01996 00000 10140 20102 4//// 60003 70401 333 5//// 60007 RH 78%=
41646 01695 40000 10160 20104 39948 40165 60003 70400 84500 333 56900 58027 60007 84640 69%=
41652 01996 02302 10148 20102 39966 40148 60003 70400 333 58014 60007 78%=
41660 029// 32306 10060 20003 38456 48547 69903 81031 333 56099 58031 60007 81360 RH67%=
41661 02996 00000 10060 20028 38405 48534 60003 333 58022 60007 80%=
41669 01996 00000 10170 20115 3//// 4//// 60003 70400 333 5//// 60007 70%=
41670 01996 20000 10160 20104 4//// 60003 70400 82030 333 56090 5//// 60007 82360 69%=
41674 01996 40000 10160 20104 3//// 4//// 60003 70400 84070 333 56090 5//// 60007 84460 69%=
41675 01995 20000 10170 20115 39989 40134 60003 70400 82030 333 56090 58015 60007 82360 70%=
41675 01995 20000 10170 20115 39989 40134 60003 70400 82030 333 56090 58015 60007 82360 70%=
41676 01995 30000 10170 20125 39993 40150 60003 70400 83030 333 56090 58017 60007 83360 75%=
41677 01996 50000 10150 20113 39955 40124 60003 70400 85030 333 56090 58013 60007 85362 78%=
41678 01696 50000 10185 20090 40136 60003 70422 82570 333 56990 58012 60007 82640 84460 54%=
41679 01996 30000 10175 20121 4//// 60003 70411 83030 333 56090 5//// 60007 83360 71%=
41680 01995 30000 10190 20138 39947 40147 60003 70412 83070 333 56090 58025 60007 83460 72%=
41685 02697 63602 10125 21001 38926 48506 60003 83520 333 56990 58024 60007 83635 83460 RH42%=
41696 02696 40000 10070 21002 38009 48532 60003 82520 333 56990 59003 60007 82640 82460 RH62%=
41697 02996 00000 10210 20100 40142 60003 333 58026 60007 RH49%=
41700 01995 30000 10175 20121 40129 60003 70400 83030 333 56090 58015 60007 83360 71%=
41701 01695 60505 10160 20124 39996 40141 60003 70422 83530 333 56990 58000 60007 83640 83360 79%=
41710 12996 42302 10210 20013 39336 40093 60003 84010 333 56090 58000 84460 27%=
41712 12996 10904 10175 20032 39202 48521 60003 80008 333 56009 58027 81270 RH38%=
41715 01994 00000 10190 20118 30071 40136 60003 70400 333 58022 60007 RH63%=
41716 01996 00504 10190 20128 30046 40150 60003 70400 333 58030 60007 67%=
41718 01995 20000 10180 20136 30033 40137 60003 70410 82030 333 56090 58016 60007 82362 76%=
41724 01995 30000 10200 20140 30073 40152 60003 70500 83030 333 56090 58028 60007 83360 RH68%=
41725 01996 30506 10210 20142 40138 60003 70500 83030 333 56090 58032 83360 RH65%=
41726 01995 30000 10180 20117 30055 40127 60003 70500 80001 333 56009 59007 60007 83070 RH66%=
41738 02996 21805 10250 20034 39956 40133 60003 82040 333 56090 59005 60007 82460 RH35%=
41739 02996 03604 10180 20039 39031 48494 60003 333 59008 60007 RH39%=
41742 12996 02702 10240 20176 40129 60003 333 58008 RH68%=
41743 01996 03102 10215 20148 60003 70400 80001 333 56009 60007 84170 RH66%=
41744 12996 30000 10170 21008 38771 48498 60003 83020 333 56090 59008 83460 RH 34%=
41745 01996 00000 10225 20168 60003 70400 333 60007 RH 70%=
41746 01995 43604 10180 20127 30065 40119 60003 70500 84030 333 56090 58014 60007 84360 RH71%=
41747 01696 00000 10180 20095 40113 60003 70400 83600 333 58012 60007 83640 RH58%=
41748 02996 03604 10220 20144 40138 60003 333 58022 60007 RH62%=
41749 02996 03106 10230 20165 30102 40135 60003 333 58044 60007 RH67%=
41756 01995 02710 10220 20180 30075 40141 60003 70504 333 58007 60007 RH78%=
41757 11995 32306 10210 20186 30123 40136 60003 71000 83830 333 56090 59003 60007 83360 RH86%=
41759 02996 32304 10225 20119 30135 40141 60003 83030 333 56090 58014 60007 83360 RH51%=
41764 02996 00000 10245 20164 30073 40122 60003 333 58017 60007 RH61%=
41765 02996 03104 10265 20170 30087 40122 60003 333 58014 60007 RH56%=
41766 02996 01802 10240 20176 30097 40126 60003 333 59012 60007 RH68%=
41767 22996 00000 10230 20199 3//// 4//// 60003 333 60007 RH83%=
41768 02996 00000 10235 20196 30117 40124 60003 333 58017 60007 RH79%=
41780 02996 02006 10235 20205 30099 40126 60003 333 58007 60007 RH83%=
41783 02996 02704 10235 20196 30086 40115 60003 333 58003 60007 RH 79%=
41785 02996 02304 10235 20196 30111 40124 60003 333 59004 60007 RH79%=
41786 02996 00000 10260 20154 30081 40117 60003 333 58017 60007 RH52%=
41BKI 02996 20000 10145 20049 39718 40140 60003 82030 56090 58015 60007 82360 RH53%=
41SKP 01996 40000 10160 20122 3//// 4//// 60003 84030 333 56090 5//// 60007 84360 79%=
43532 01696 60000 10120 20035 39332 40145 60003 70402 83520 333 56990 58014 60007 83640 83460 56%=
43533 02997 30000 10115 20065 39210 48477 60003 83030 333 56090 58018 60007 83360 71%=
43563 02997 00502 10156 20043 39460 40153 60003 333 58025 60007 47%=



UPPK OPKC 161800=
PPAA 66171 41780 MISDA No Ascent due to PAF Flights=
PPAA 6618/ 41517 MISDA DUE TO SMOKE HAZE=
PPAA 6618/ 41598 MISDA DUE TO TECHNICAL PROBLEM=
PPAA 6618/ 41600 MISDA DUE TO TECHNICAL FAULT=
PPAA 6618/ 41624 MISDA DUE TO TECNICAL PROBLEM=
PPAA 6618/ 41640 MISDA DUE TO TECNICAL PROBLEM=
PPAA 6618/ 41646 MISDA DUE TO TECHNICAL PROBLEM=
PPAA 6618/ 41675 MISDA DUE TO TECHNICAL ISSUE=
PPAA 6618/ 41678 MISDA DUE TO TECHNICAL PROBLEM=
PPAA 6618/ 41715 NO ASCENT DUE TO BALLOONS OUT OF STOCK=
PPAA 6618/ 41718 MISDA DUE TO TECHNICAL PROBLEM=
PPAA 6618/ 41739 no acent due to security risk=
PPAA 6618/ 41764 NO ASCENT DUE TO 30GMS BALLOON OUT OF STOCK=


Data Generated from File : D:/all data handling/Rmc_lhr/2025021618.FSU.txt
16/02/2025   18:58:34
____________________________________________________________________________________________
15020 01/69 23002 11046 21094 30035 40245 52013 69902 70271 81041 333 11001 21051 3/004 42998 55300 20000 60007 91003 90760 91103==
15090 01465 82601 11027 21045 30148 40245 52012 69932 72272 8662/ 333 10001 21055 3/001 47003 55300 10070 20000 30000 69937 91002 90760 91102==
15108 01/00 91101 11162 21180 38013 48452 52009 60002 74944 89/// 333 11110 21162 49086 55300 20000 60007 91002 90760 91103==
15150 04570 73301 11020 21087 30017 40241 52013 60002 84570 333 11009 21035 34001 55300 20000 60007 91002 90760 91103==
15170 04570 80802 11047 21095 39399 42788 52013 60002 8437/ 333 11019 21071 3/003 42998 55300 20000 60007 91004 90760 91104==
15280 01005 83103 11126 21141 37403 47932 52006 60002 74143 885// 333 11108 21137 49083 55300 20000 60007 91007 90760 91108==
15310 04570 81001 11019 21091 30145 40235 52012 60002 8757/ 333 11004 21027 30002 55300 10060 20000 30000 60007 91002 90760 91102==
15335 04470 80701 11013 21094 30226 40234 52008 69902 886// 333 11005 21030 34001 55300 20000 60007 91002 90760 91102==
15350 01413 80503 11038 21043 30114 40241 52015 69962 77172 8672/ 333 11013 21038 3/001 47002 55300 20000 69967 91004 90760 91104==
15360 04/70 70605 10000 21078 30213 40231 52006 69902 87070 333 10001 21028 60007 91007 90760 91109==
15420 01432 80602 11029 21039 30107 40224 52011 60022 77172 8672/ 333 11011 21034 3/101 43005 55300 20000 60017 91004 90760 91105==
15460 07/21 80603 11023 21029 30196 40221 52007 60062 7717/ 8802/ 333 11023 21036 3/101 47010 55300 20000 60027 91005 90760 91105==
15470 01457 80504 11027 21035 30087 40220 53010 60022 77172 8672/ 333 11017 21034 3/002 47005 55300 20000 69997 91005 90760 91105==
15480 07420 80603 10001 21013 30199 40217 52006 60042 7717/ 8672/ 333 10002 21021 3/001 43003 55300 10050 20000 30000 60017 91006 90760 91108==
15549 11/03 90503 11031 21034 39769 40203 53007 60032 77174 333 11008 21031 47003 555 59801 69999 71850=
15552 11460 80702 10027 20017 30142 40192 53005 60022 76176 8802/ 222// 00057 10302 333 10028 20000 555 40250 59301 69999 71842 92034 92437=
15640 11559 80000 10024 20014 39871 40191 53001 60032 76165 8802/ 333 10033 20016 555 59301 69999 71846=
15655 11565 80508 10049 20039 30148 40182 54000 60042 76166 8802/ 222// 00063 10301 333 10049 20021 555 40360 59402 69999 71843 92035 92437=
15730 11665 80000 10016 20008 39772 40178 53005 69992 76066 8452/ 333 10033 20016 555 59400 65499 71846=
16627 11360 80409 10068 20050 30147 40153 53005 69952 72162 8667/ 333 10084 82708 86618 88356 90730 91118==
16650 12360 79903 10114 20098 30125 40134 52003 69952 86670 333 10134 81708 84625 86358 90730 91113==
16667 11560 70000 10108 20088 30136 40147 53001 69992 70262 85850 333 10170 82820 84625 85358 90730 91108==
16706 12560 52003 10120 20104 30127 40133 51002 60002 84550 333 10162 84625 84360==
16723 12560 61709 10140 20098 30129 40142 51003 60002 85852 333 10166 83820 83625 86360 90730 91113==
16742 12560 51610 10138 20091 39990 40145 52004 60002 83141 333 10178 83825 84068 90730 91112==
16749 12560 31509 10148 20094 30134 40149 50004 60002 83152 333 10172 90730 91115==
16754 11460 62012 10140 20102 30079 40127 52006 69912 76061 85850 333 10190 82818 85625 86358 90730 91124==
16760 11560 71808 10130 20083 40128 53001 69992 70262 84272 333 10152 84820 87358 90730 91118==
16765 12560 41414 10154 20115 40148 52004 60002 84260 333 10170 84825 84356 90730 91117==
17022 11565 70507 10039 20039 30009 40178 50001 60032 70282 85270 333 10059 85830 87358 90760 91118==
17024 17/56 /2106 10034 20029 30111 40190 51005 60042 723// 333 10051==
17026 11458 82702 10050 20036 30155 40195 50003 60032 76066 8652/ 333 10069 83712 85628 88458 90760 91115==
17031 11256 73306 10065 20059 30182 40188 50006 60022 78082 87200 333 10088 85706 87825 90760 91112==
17034 11560 70402 10096 20084 30141 40187 52006 69932 78022 84250 333 10123 84830 87358 90760 91107==
17038 12470 70505 10099 20078 30133 40181 51005 60002 87200 333 10120 83712 87825 90760 91115==
17042 12670 60000 10079 20061 30148 40188 52008 60002 83250 333 10141 83835 86360 90760 91103==
17050 11560 83601 10035 20019 30117 40181 51008 60052 76066 8552/ 333 10051 85630 88457 90760 91108==
17056 12670 70407 10078 20059 30160 40164 51005 60012 84270 333 10088 84835 87360 90760 91111==
17060 12360 70511 10075 20057 30123 40164 50003 60002 87200 333 10095 85709 87822 90760 91115==
17070 12665 79901 10064 20028 39279 40154 51006 60002 84520 333 10107 84634 87460 90760 91109==
17074 11560 70000 10051 20044 39217 40158 52007 60012 76066 85550 333 10091 85630 87360 90760 91114==
17084 12670 61501 10077 20053 39250 40164 52013 60002 83250 333 10121 83840 86360 90760 91108==
17085 12670 23605 10108 20007 39664 40156 52013 60002 82100 333 10159 82840 90760 91114==
17092 12/60 31405 11041 21081 38867 48487 52009 60002 83050 333 10019 83360 90760 91110==
17096 11/57 22302 11138 21146 38222 48506 52004 60002 71000 82040 333 11049 82358 90760 91106==
17098 12960 03204 11126 21142 38176 48502 50001 60002 333 11013 90760 91109==
17100 17/20 /0000 10008 21046 39193 40207 50000 60002 704// 333 10048==
17112 11662 60503 10089 20088 30141 40143 53004 69932 70282 83230 333 10128 83835 86360 90760 91113==
17115 11356 70208 10087 20079 30109 40160 52007 60002 71022 84270 333 10101 82707 84830 87360 90760 91118==
17116 12660 52502 10084 20083 30035 40157 52009 60002 82130 333 10145 82835 85360 90760 91106==
17124 11660 40101 10057 20025 39237 40171 51010 69902 72511 84200 333 10131 84840 90760 91111==
17128 12670 61105 10074 21003 39053 40162 51010 60002 84250 333 10126 84840 85360 90760 91125==
17135 12670 53601 10092 20016 39272 40154 51009 60002 82130 333 10133 82840 85360 90760 91112==
17140 11665 60601 10014 20007 38678 48464 50006 69912 70181 84250 333 10085 84838 86358 90760 91110==
17150 11660 63505 10102 20077 30022 40147 52014 69902 70281 83250 333 10171 83835 85360 90760 91112==
17160 12670 43601 10037 21022 38999 48467 51009 60002 84500 333 10104 84640 90760 91110==
17170 12560 51203 11040 21065 38314 48490 51004 60002 81558 333 10027 81630 83357 85267 90760 91109==
17175 12665 61601 10115 20087 30129 40133 51004 69902 83250 333 10172 83835 85360 90760 91108==
17184 11559 60000 10117 20064 30030 40143 52008 60002 71011 83250 333 10173 83830 86360 90760 91106==
17190 12670 40000 10070 20004 38962 48464 52008 69902 84200 333 10118 84835 90760 91111==
17195 12670 20508 11017 21053 38958 48467 50004 60002 82500 333 10033 82640 90760 91113==
17200 12960 02004 11029 21046 39195 40223 51006 60002 333 10075 90760 91108==
17202 12970 41704 10001 21011 39138 40217 52005 60002 80001 333 10050 84070 90760 91107==
17203 12670 30000 11002 21061 38873 48518 52005 60002 83100 333 10051 83840 90760 91104==
17210 12670 30000 10052 20007 39125 40175 51004 60002 83100 333 10101 83840==
17219 12565 61604 10108 20074 30003 40149 51005 60002 82132 333 10175 82830 83362 85068 90760 91113==
17234 12670 40000 10126 20073 30088 40156 51008 60002 81140 333 10199 81840 84360 90760 91106==
17237 12670 30000 10118 20028 39649 40153 52011 60002 83200 333 10169 83835 90760 91104==
17240 12570 41510 10083 20017 39014 40170 52016 60002 82130 333 10133 82830 84360 90760 91120==
17244 12970 01805 10049 21013 38973 48468 52013 60002 333 10125 90760 91111==
17248 12970 01102 10036 21032 38958 48464 52005 60002 333 10099 90760 91108==
17250 12970 00401 10012 21026 38787 48476 52009 60002 333 10088 90760 91112==
17260 12960 13003 10026 21002 39322 40154 52011 60002 80001 333 10103 81068 90760 91111==
17270 12670 42802 10082 21015 39521 40176 52008 60002 81230 333 10131 81840 84360 90760 91106==
17275 12/70 50112 10039 21049 38965 48481 52004 60002 83043 333 10097 83360 85068 90760 91115==
17280 12660 52404 10025 21016 39377 40185 52005 60002 82530 333 10095 82640 85360 90760 91109==
17290 12/70 50902 10153 20078 30122 40154 50008 60002 85050 333 10187 85359 90760 91111==
17292 12570 40000 10076 20036 39401 40171 52009 60002 84200 333 10142 84830 90760 91107==
17300 12560 40605 10136 20095 30096 40168 51007 60002 84100 333 10169 84830 90760 91113==
17310 12970 00801 10144 20060 30145 40152 50007 60002 333 10193 90760 91108==
17330 12970 02901 10118 20048 30149 40167 52013 60002 333 10179 90760 91108==
17350 12960 00303 10090 20031 30073 40152 52017 60002 333 10186==
17370 12970 00000 10137 20018 30160 40164 52016 60002 333 10188==
17375 12670 20000 10123 20078 30154 40156 51009 60002 82200 333 10179 82835 90760 91112==
33088 11997 83402 11056 21069 30017 40218 53020 60022 72273 8802/ 333 11035 555 1/105=
33135 329// 22701 11148 21169 30055 40216 52009 80001 333 11055 555 1/117=
33177 11597 83002 11042 21081 39988 40237 52014 69922 70282 889// 333 11015 555 1/105=
33317 119// 52802 11068 21076 39863 40218 53006 69922 70282 85030 333 11027 555 1/104=
33393 32560 63601 11056 21092 39828 40240 53011 86500 333 11022 86632=
33415 11997 30000 11046 21073 39813 40229 53006 69902 70181 83030 333 11025 555 1/105=
33429 11997 22303 11082 21108 39785 40233 52006 69902 70281 82030 333 11040 555 1/110=
33466 12980 02201 11069 21137 30024 40222 52009 69902 333 11028 555 1/110=
33506 11597 22602 11090 21110 30013 40222 52017 69932 70281 82500 333 11063 555 1/114=
33562 11960 40000 11066 21098 39916 40238 51006 69902 70281 82031 333 11028 555 1/107=
33587 319// 00000 11090 21101 39955 40236 52012 71011 333 11024 555 1/110=
33658 11970 00000 11057 21103 39930 40246 52011 69902 70281 333 11018 555 1/107=
33663 12597 52701 11027 21102 30134 40234 52011 69922 85500 333 11002 555 1/102=
33664 32597 80000 11044 21087 39906 40238 52010 69902 885// 333 11018 555 80014=
33678 12998 42802 11057 21106 30031 40254 52010 69902 80001 333 11022 555 80014=
33679 12997 73101 11060 21108 30033 40234 53018 69902 80009 333 10001=
33711 32960 00000 11085 21108 30006 40229 52014 333 11022 555 1/114=
33745 12997 50000 11052 21086 30052 40256 52012 69902 82031 333 10000 555 80016=
33748 11997 02501 11045 21065 39937 40235 53010 69902 70181 333 11006 555 80011=
33754 32997 00000 11054 21096 30081 40235 52013 333 10011=
33761 11956 00000 11071 21076 39999 40235 52010 69912 71071 333 11020 555 1/106=
33791 32975 02502 11068 21088 30099 40234 52013 333 11025 555 1/107=
33815 32598 82703 11025 21056 30015 40231 52004 885// 333 11028=
33837 32984 80000 11026 21097 30179 40233 52007 8805/ 333 10000 555 1/101=
33881 32598 80000 11021 21109 30032 40237 52011 885// 333 11010 555 80011=
33883 32597 81101 11022 21104 30063 40233 52011 885// 333 11007 555 80016=
33885 32597 83601 11026 21113 30108 40245 52012 885// 333 11015 555 80011=
33892 32997 80000 11031 21100 30029 40252 53009 8803/ 333 10029 555 80021=
33902 32997 00000 11064 21105 30175 40238 52009 333 11012 555 1/107=
33924 12970 01202 11054 21088 30222 40235 52008 60002 333 11008==
33946 12/82 80905 11055 21096 30003 40236 52007 60002 8805/ 333 11046==
33983 11560 53503 11040 21078 30164 40228 52010 69902 70282 83530 333 11023==
34300 11997 03001 11102 21136 30025 40214 52017 69922 70281 333 11051 555 1/115=
34336 42960 02702 11124 21152 30085 40196 52020==
34344 42970 02802 11111 21132 30097 40191 52022==
34356 41970 02701 11101 21129 30020 40176 52016 70270==
34357 41970 02404 11102 21139 30014 40178 52019 70281 333 90760 91110==
34398 129// 52404 11103 21131 30148 40161 52008 69912 80001 333 10006==
34415 12997 00000 11092 21108 30107 40210 52016 69902 333 11039 555 1/114=
34438 42960 02501 11132 21143 30004 40210 52021==
34445 42970 02406 11113 21131 30072 40194 52019==
34461 42960 02603 11085 21126 30124 40182 52017==
34473 315// 62503 11082 21101 30128 40168 52013 70172 86500 333 11053=
34476 41470 82805 11067 21083 30162 40170 52015 72682 8693/==
34504 11966 53002 11069 21089 30043 40227 52021 69932 70181 85030 333 11036=
34535 42570 32403 11073 21112 30135 40211 51020 83900==
34545 41970 02703 11082 21106 30088 40206 52019 72611==
34555 42/70 22504 11069 21102 30110 40206 52016 82030==
34560 41/60 62606 11082 21112 39987 40187 52015 70281 83031 333 90760 91112==
34578 41940 02703 11078 21090 30184 40191 52018 71071==
34579 41970 02303 11074 21100 30140 40185 52017 70181==
34644 42560 52802 11057 21094 30131 40211 52017 85500==
34646 42570 82902 11047 21088 30123 40208 52018 8455/==
34655 42560 62503 11051 21101 30144 40207 52017 86500==
34662 42970 02602 11073 21104 30187 40199 52019==
34691 12/70 60000 11032 21072 30399 40386 52010 60002 86030 333 11012==
34720 42570 72801 11046 21096 30181 40222 51016 83531==
34727 42960 02202 11061 21091 30198 40229 52012==
34743 41960 02601 11054 21093 30120 40214 52017 70281==
34759 41560 72903 11046 21080 30077 40213 52021 70282 87500==
34772 41460 82904 11034 21085 30195 40198 52018 70272 886//==
34785 42/60 82001 11026 21077 30215 40192 52014 8807/==
34798 11560 82602 11029 21029 30347 40317 53015 60032 72277 8872/ 333 10036==
34824 41960 00000 11056 21083 30229 40234 52014 70281==
34838 42/60 80000 11075 21092 30128 40230 51015 8807/==
34845 42570 32802 11056 21086 30111 40223 52019 83500==
34858 41/40 83104 11039 21065 30103 40215 51021 77172 8802/==
34861 41440 83606 11049 21075 39956 40208 52022 78582 889//==
34866 41460 82701 11018 21021 30208 40199 52017 72682 889//==
34880 41420 82602 11025 21032 30220 40193 52013 77372 8672/==
34887 41560 83402 11022 21041 30216 40193 52009 78582 889//==
34949 41/20 82803 11071 21088 39652 40224 52014 77372 8802/==
34954 41460 82703 11043 21064 30040 40221 51018 78582 889//==
34958 42570 63003 11036 21065 30007 40213 51018 86500==
34975 41440 83001 11008 21018 30200 40196 52014 78582 889// 333 88611==
34984 42560 63601 11025 21045 30228 40197 52013 83402==
35217 129// 02304 11130 21143 30115 40157 52014 69962 333 10010==
35302 12/// 52805 11106 21126 30133 40155 52012 60012 85030 333 11002==
35315 129// 02403 11091 21136 30102 40161 52017 60010 333 10008=
35344 115// 81909 11028 21048 39905 40197 51001 69900 77073 8802/ 333 11020=
35358 12/// 82303 11070 21113 30066 40242 54000 60002 8802/ 333 11076==
35368 319// 82006 11096 21132 30017 40296 52004 73631 8807/ 333 11074=
35386 115// 81902 11090 21110 39772 40315 52008 69920 78582 889// 333 11042=
35394 11560 81901 11078 21092 39615 40317 52008 69902 77172 885// 333 11023==
35404 129// 42802 11093 21109 30160 40169 52015 69950 80001 333 11004=
35406 125// 82702 11086 21114 30167 40169 52011 60022 885// 333 10005==
35416 11/// 82705 11021 21036 30040 40162 53021 60022 77172 8802/ 333 10016==
35426 11/// 81610 11010 21039 39879 40171 53002 69932 77173 8802/ 333 11008 90760 91115==
35437 115// 82011 11017 21041 39882 40198 53002 69900 73632 885// 333 11020 91015 91115=
35449 315// 81608 11044 21067 30148 40253 53007 73633 885// 333 11057=
35497 115// 80000 11082 21092 39779 40632 52007 60002 77171 885// 333 11044==
35498 116// 80000 11130 21150 39411 40339 52010 69930 70272 885// 333 11042=
35514 11596 72902 11040 21062 30408 40404 52019 60010 78582 87900 333 10018=
35522 115// 81906 10002 21019 39913 40164 52008 69930 77177 8802/ 333 10004=
35542 325// 81805 11033 21054 30092 40242 58003 885// 333 11024=
35563 32598 51902 11087 21110 39499 40297 52004 85500 333 11060=
35576 115// 61801 11133 21151 39854 40331 52011 60002 70242 86500 333 11010==
35582 119// 00000 11147 21178 39660 40298 53008 69940 70241 333 11047=
35594 119// 80000 11115 21131 39451 40330 52006 69920 77177 8807/ 333 11040=
35605 11598 82302 11022 21037 30195 40173 52012 69940 70272 885// 333 10028=
35633 325// 81907 11019 21044 30016 40232 58002 885// 333 11006=
35671 12/70 51201 11079 21106 39867 40313 52005 69922 85040 333 11060==
35699 12/// 80000 11106 21125 39541 40332 52009 60002 8802/ 333 11018==
35700 11420 63303 11005 21014 30198 40174 52008 69902 71022 86700 333 10038==
35715 31396 81802 10029 21001 30193 40178 52010 75152 886// 333 10068=
35739 426// 81805 11006 21072 30098 40238 58001 885// 333 11003=
35746 129// 01505 11044 21071 30203 40272 58001 69902 333 11009==
35777 329// 00000 11120 21155 39964 40329 52005 333 11045=
35796 11960 40403 11123 21135 39875 40335 52009 69902 77671 80005 333 11055==
35849 125// 80000 11017 21078 30199 40286 52004 60002 885// 333 10010==
35895 32597 80201 11058 21065 39867 40325 52009 885// 333 11032=
35907 32598 73505 10016 21006 30203 40172 52011 87500 333 10078=
35925 126// 61807 11005 21020 30110 40222 52004 60002 86500 333 10022==
35927 325// 51806 10004 21029 30206 52006 85500 333 10046=
35953 125// 80000 11012 21055 30165 40297 52003 60002 885// 333 11004==
35969 129// 00000 11106 21142 30137 40320 52009 60002 333 11012==
35997 316// 80000 11044 21075 39871 40317 52009 71022 885// 333 11024=
36259 42584 31101 11262 21289 38259 48552 52009 82901==
36335 329// 00000 11167 21192 39270 40363 52007 333 11055=
36358 329// 00000 11161 21185 39275 40357 52008 333 11054=
36394 315// 72501 11083 21102 39898 40336 52018 70282 87300 333 11034=
36397 11/// 80000 11064 21076 39751 40329 52018 69922 77177 8802/ 333 11048==
36403 319// 82901 11092 21108 39958 40334 52021 71011 8807/ 333 11045=
36418 329// 62701 11172 21195 39703 40363 52016 80003 333 11074=
36421 119// 80000 11110 21130 39752 40342 52017 60020 70272 8802/ 333 11094=
36428 12/// 51001 11134 21158 39822 40352 52015 60002 82041 333 11087==
36439 317// 80901 11098 21106 39018 48522 52014 77172 8352/ 333 11050=
36498 326// 50000 11173 21184 39519 40367 52009 85500 333 11106=
36501 126// 70000 11112 21143 39547 40334 52011 69900 87500 333 11041=
36535 11/// 80000 11096 21117 39687 40345 52015 69932 77172 8802/ 333 11065==
36546 319// 62802 11180 21186 39785 40366 52015 71011 82043 333 11099=
36619 126// 80301 11064 21083 69920 885// 333 11060=
36622 119// 80000 11099 21116 39503 40339 52008 69900 74442 8807/ 333 11074=
36639 129// 00802 11111 21147 39702 40336 52006 60002 333 11024==
36643 329// 02101 11142 21158 39652 40353 52022 333 11078=
36665 319// 51702 11170 21196 39582 40359 52010 71011 80002 333 11122=
36666 329// 02302 11192 21203 39831 40364 52012 333 11100=
36729 32598 81302 11035 21067 39827 40317 52014 885// 333 11026=
36736 329// 53202 11154 21154 39769 40360 52009 83031 333 11018=
36744 329// 80000 11054 21068 39852 40314 52013 8807/ 333 11015=
36770 329// 60000 11102 21102 39573 40332 52008 80002 333 11012=
36786 32999 00000 11105 21111 39375 40334 52008 333 11042=
36796 329// 50000 11158 21189 39079 48507 51007 80005 333 11015=
36803 32999 01602 11114 21122 39867 40340 51006 333 11020=
36806 329// 00000 11099 21170 39841 40331 52006 333 11051=
36819 319// 80902 11036 21054 39689 40315 52009 71022 8802/ 333 11001=
36821 11/// 53401 11061 21072 39813 40318 52014 60002 71022 82032 333 10026==
36839 32998 82601 11101 21145 39154 40333 52009 80001 333 11020=
36843 329// 30000 11070 21090 39107 40318 52009 83040 333 10001=
36846 326// 70802 11078 21099 38644 48525 52006 84510 333 11018=
36859 12/// 61001 11014 21026 39550 40345 52013 60002 82045 333 10048==
36870 12/// 80000 11012 21027 39268 40292 52010 60002 8805/ 333 10012==
36874 325// 81801 11051 21079 39498 40295 52008 889// 333 11001=
36877 329// 83501 11031 21045 8802/ 333 10015=
36885 315// 81102 11027 21040 39152 40299 52012 71022 886// 333 10003=
36889 124// 80000 11122 21135 37031 47046 52004 69970 886// 333 11098=
36894 319// 60000 11011 21030 39547 40295 52009 71022 84071 333 10026=
36905 319// 71102 11035 21075 38781 48536 52005 74022 86072 333 11010=
36911 429// 80000 10000 21008 39302 40289 54000 8807/ 333 10046=
36927 42697 22712 11040 21103 38357 48525 52015 82100 333 10045 91120=
36934 12597 70802 11010 21046 38269 48400 52011 69902 86932=
36953 326// 60000 11120 21142 38223 48508 52017 83943 333 11032=
36963 417// 71102 11116 21129 37016 48/// 52005 70272 86501 333 11066=
36974 429// 20000 11064 21092 38000 48542 52005 82040 333 10005=
36982 429// 60000 11178 21223 36491 47099 52005 82031 333 11065=
37018 41540 80202 11002 21012 30119 40197 52009 78582 889//==
37031 41440 82902 11059 21069 30024 40229 52012 77172 8872/==
37054 41440 80000 10001 21023 39810 40203 51011 71022 885//==
37061 41/60 83105 11009 21041 30034 40208 52016 77072 8802/==
37085 42540 63503 10010 21026 30225 40199 52015 86500==
37171 41540 83301 10055 20041 30165 40184 52005 78082 889// 333 88933==
37228 42560 82702 10004 21021 39338 40185 52018 885//==
37235 42560 80702 10031 21010 39865 40186 52016 885//==
37472 41/40 83001 10028 20012 30211 40188 52017 71011 8807/==
38149 42970 81203 11025 21062 30194 40273 52008 333 10034==
38178 41/// 80000 11003 21041 39966 40259 52003 71022 8807/ 333 10013==
38262 125// 81402 10000 21041 30186 40270 52004 60002 885// 333 10021==
38264 42770 41305 10002 21046 30179 40275 52003 84500 333 10020==
38345 41596 82701 11011 21021 38836 48529 58002 71022 886// 333 10043=
38353 415// 70901 11001 21021 39378 40297 52001 70272 87500 333 10034=
38388 72998 01101 10012 21051 30186 40259 52003 333 10061 6////=
38392 72996 51103 11030 21043 30166 40273 52002 85030 333 10026 6////=
38396 42560 71103 11003 21030 30151 40280 58002 875// 333 10016 87630==
38403 42/// 81101 10003 21030 30162 40287 52005 8807/ 333 10019==
38413 42/// 82702 11002 21026 39978 40278 58002 8802/ 333 10016==
38457 12560 82201 10021 21001 39681 40282 52002 60032 8454/ 333 10028==
38462 115// 80000 11020 21059 38800 48532 52014 60022 70277 8692/ 333 10017==
38507 72996 01406 10077 20015 30091 40194 57005 333 10094 6//// 91006=
38545 72598 70802 10011 21024 30101 40281 54000 85970 333 10021 6////=
38565 12/// 80000 10003 21021 39660 40236 52004 60002 8807/ 333 10034==
38579 125// 80000 10020 20007 39859 40287 52008 60002 885// 333 10036==
38583 12660 80201 10019 21003 39958 40288 52002 69942 885// 333 10036==
38599 11796 42303 10014 21001 39740 40291 52007 60010 71000 84500 333 10049 84650=
38611 11/20 83402 10046 20026 39698 40276 54000 60012 71022 8807/ 333 10066==
38613 429// 03501 11002 21014 40282 52001 333 10056=
38616 425// 41801 10004 21013 39247 40286 53001 84500 333 10045=
38618 126// 82801 10041 20001 39566 40265 52002 69902 8357/ 333 10080==
38647 22997 00807 10047 20022 30151 40194 57007 333 10118 69900=
38656 72998 01104 10032 20014 30139 40251 52005 333 10068 6////=
38683 12660 80000 10016 21003 30001 40285 52004 69902 885// 333 10034 88637==
38687 32696 80901 10034 20024 30046 40287 52006 885// 333 10042=
38696 129// 40000 11007 21013 39398 40281 54000 69902 80003 333 10012==
38713 124// 41401 11022 21047 39073 48520 54000 60020 84600 333 10004=
38750 72997 00502 10073 20009 30228 40200 58016 333 10162 6////=
38763 72997 01006 10050 20030 30106 40213 57007 333 10092 6////=
38774 72995 01201 10042 20025 30035 40235 58010 333 10094 6////=
38799 32597 81605 10038 20012 30042 40278 58005 885// 333 10050=
38806 32997 60201 10034 20013 39997 40263 58004 80002 333 10046=
38812 42/60 23602 10012 21017 39812 40279 58001 82030 333 10042==
38836 326// 40000 10046 20007 39277 40223 58007 83502 333 10099=
38880 01995 01205 10030 20025 39979 40239 58001 60002 71000 333 10103 6////=
38886 31996 01101 10006 21011 30030 40266 71000 333 10066=
38895 32996 61002 10022 20006 39993 40291 52016 86500 333 10068=
38911 32997 30405 10039 21017 39974 40276 53015 80002 333 10086=
38915 32597 82902 10062 20033 39938 40266 52006 885// 333 10078=
38927 11949 82802 10057 20033 39877 40257 52010 60002 71022 8895/ 333 10077 85960==
38933 329// 33601 10060 20015 39728 40247 54000 80002 333 10120=
38944 329// 03601 10069 20026 39641 40177 52007 333 10134=
38954 328// 30000 11026 21091 37898 48480 52010 82901 333 10042=
38974 72998 71602 10063 20021 39927 40266 52014 87070 333 10107 6////=
38987 32996 30000 10028 20018 39508 40268 52013 83080 333 10083=
40100 43/60 00904 10145 20059 30160 40176 51015 6///1 333 58///=
40180 12460 11603 10159 20129 30108 40157 52019 60002 81500 333 10203 20143 70000==
40199 12/// /3303 10193 20024 30133 40157 52021 60002 333 10237 20135 70000==
40255 36/// /0000 10101 29065 3//// 4//// 5////=
40265 31950 30000 10099 20055 39381 40181 52018 70511 80001 333 10149 83070=
40270 11957 20000 10084 20054 39268 40177 52020 60012 70500 80001 333 10155 82070=
40272 11950 00000 10094 20056 39333 40177 52014 69902 70500 333 10160=
40296 36/// /0000 10169 29055 4//// 5////=
40340 31956 03304 10184 20015 30098 40163 52022 70500 333 10232=
40356 41557 30904 10045 20040 39184 48478 71000 83500 333 10074 59003 55/// 83630 555 04410 50186=
40357 42560 50000 10083 20060 39530 40182 85500 333 10083 59002 55/// 85630=
40360 42660 30604 10120 20010 39566 40160 83400 333 10171 58016 55/// 83640=
40361 41557 50207 10087 20090 39389 40203 71000 85600 333 10112 58007 55/// 85720=
40362 42660 40000 10118 20090 39640 40159 84200 333 10136 59023 55/// 84835=
40373 41556 71510 10140 20130 39732 40154 71020 87500 333 10144 59039 55/// 87630=
40375 42960 23409 10150 21090 39262 40137 82030 333 10206 58028 55/// 82360=
40394 42960 03506 10160 21160 39013 48493 333 10208 59013 55/// 555 04410 50131=
40400 42960 03110 10204 20090 30122 40150 333 10246 58033 55///=
40405 41930 01702 10151 20150 39386 40127 71000 333 10193 59034 55///=
40417 41658 50304 10163 20150 30134 40149 71022 83530 333 10183 59042 55/// 83640 85360=
40420 42660 71205 10169 20170 39934 40143 83520 333 10208 59037 55/// 83640 87460=
40430 42960 02109 10222 21100 39396 40132 333 10282 58015 55///=
40437 41650 60503 10154 20150 39457 40165 71000 86500 333 10185 59016 55/// 86640=
40439 42960 02706 10212 20090 30113 40131 333 10290 58024 55///=
40582 42660 82403 10132 20086 40161 52017 8347/ 333 55300 00000 10016 20000 30000 41170 51186 60000 55407 40000 83640 88358 90400 91003 91111 91209 91305=
40703 12960 00000 10000 21054 38900 40194 52004 60001 333 55076 70000 555 11017 29067=
40706 12962 72401 10008 21082 38632 40203 51004 60001 80006 333 55092 22896 70000 87266 555 11021 29051=
40712 12660 72703 11030 21105 38657 40217 54000 60001 83502 333 55081 21534 70000 83640 86067 555 11050 29056=
40713 11657 83201 10007 21046 38635 40183 51009 60001 70522 8152/ 333 55085 70000 81635 88459 555 11012 29068=
40718 12960 40000 10088 20074 30191 40162 54000 60001 80005 333 55087 21540 70000 84268 555 10081 29091=
40723 12960 02602 11016 21045 38970 40239 53001 60001 333 55085 21585 70000 555 11025 29081=
40726 12660 80000 10004 21043 38639 40204 51005 60001 8851/ 333 55074 70000 82640 88460 555 11012 29070=
40727 12660 81503 10026 21017 38457 40188 52006 60001 8252/ 333 55037 21563 70000 82640 88460 555 10009 29073=
40732 12960 00000 10092 20061 30176 40152 58005 60001 333 55091 70000 555 10078 29081=
40736 12960 00000 10104 20079 30187 40162 57010 60001 333 55060 70000 555 10092 29081=
40737 12960 61901 10053 20034 30132 40150 58006 60001 86070 333 55090 21675 70000 86361 555 10045 29087=
40738 12960 00000 10046 20011 30173 40175 57010 60001 333 55095 21625 70000 555 10032 29078=
40739 12965 03602 10035 21082 38699 40216 52010 60001 333 55063 21703 70000 555 11006 29042=
40741 12660 60409 10064 20019 39921 40261 52003 60001 83506 333 55072 70000 83635 86270 555 10046 29073=
40743 12965 00000 10063 21026 39080 40209 52010 60001 333 55098 21706 70000 555 10029 29053=
40745 11430 81105 10032 20023 39076 40250 51017 60001 71020 886// 333 55065 21320 70000 88713 555 10028 29094=
40747 12660 89901 10056 21063 38604 40165 50004 60001 8341/ 333 55041 21336 70000 83640 88460 555 10014 29042=
40754 12665 70000 10092 21109 38829 40182 52024 60001 81576 333 55090 23236 70000 81645 83360 8526 9 555 10026 29023=
40762 12965 00000 10008 21031 38570 40224 52011 60001 333 55088 70000 555 11006 29075=
40766 11659 71303 10069 21064 38663 40156 54000 60001 76022 84320 333 55055 21337 70000 81935 83645 87558 555 10021 29038=
40768 12960 50000 11021 21053 38235 40205 57003 60001 85010 333 55058 21618 70000 85460 555 11031 29079=
40769 11658 82701 10038 21001 38277 40180 51014 60001 70522 8452/ 333 55077 21891 70000 84640 8845 9 555 10022 29076=
40780 12660 61102 10043 20018 38661 40169 53006 60021 84570 333 55043 28564 70018 84640 86458 555 10032 29084=
40782 11550 81204 10059 20039 38856 40174 52017 60011 76386 8632/ 333 55070 70014 82925 84630 88556 555 10050 29087=
40785 12960 00000 10090 21003 39074 40168 50007 60001 333 55095 24762 70000 555 10051 29052=
40791 12960 00702 10104 21097 39351 40178 50005 60001 333 55100 21866 70000 555 10037 29023=
40792 12962 00403 10065 21082 38726 40185 51004 60001 333 55102 21989 70000 555 10015 29034=
40798 12660 52405 10044 21038 37938 40157 50007 60001 83570 333 55088 21982 70000 83640 83459 555 10012 29055=
40800 12665 41702 10107 21102 38437 40129 52011 60001 82530 333 55100 21851 70000 82640 83360 555 10034 29022=
40809 12960 00603 10057 21034 38510 40185 52006 60001 333 55106 21890 70000 555 10022 29052=
40811 12660 60000 10155 20075 30117 40143 50002 69901 84370 333 55052 79999 81935 83640 86360 555 10115 29059=
40812 12660 81201 10151 20083 39763 40138 52009 60001 8637/ 333 55057 21220 70000 82935 84640 8845 9 555 10116 29064=
40821 12960 11902 10091 21079 38776 40165 50004 60001 80001 333 55094 21762 70000 81070 555 10031 29029=
40829 12960 03506 10122 21005 39617 40188 51016 60001 333 55097 70000 555 10069 29041=
40831 12660 82003 10149 20074 30155 40163 52019 69911 8532/ 333 55024 70001 82935 83640 88460 555 10112 29061=
40833 11660 71603 10164 20077 30139 40171 52015 69961 70282 87300 333 55066 70006 82935 85640 555 10120 29056=
40841 12965 10902 10099 20023 38240 40134 52013 60001 81030 333 55100 21711 70000 81360 555 10063 29059=
40848 11556 80602 10096 20081 38524 40152 52008 60031 71062 8532/ 333 55070 21088 70026 82930 8363 5 88458 555 10088 29090=
40854 12960 00000 10132 21012 38950 40139 51006 60001 333 55074 70000 555 10070 29037=
40856 12962 21102 10100 20016 38660 40175 51016 60001 80002 333 55081 22306 70000 82070 555 10062 29056=
40859 11550 80000 10110 20103 38718 40175 52022 69981 76082 8732/ 333 55026 70008 82930 85635 88458 555 10106 29095=
40875 12965 79901 10224 20142 30137 40148 51018 60001 87070 333 55020 21052 70000 87360 555 10176 29060=
40879 12962 43602 10184 20080 39487 40154 51015 60001 84070 333 55044 79999 84360 555 10129 29051=
40882 11658 73404 10198 20172 30119 40154 50023 69941 76062 81120 333 55007 70016 81835 87559 555 10182 29085=
40883 11558 63102 10206 20167 30116 40143 51004 60001 70522 81570 333 55009 70002 81630 86459 555 10182 29078=
40893 12560 73107 10235 20145 30129 40135 51015 60001 81510 333 55063 21112 70000 81630 87459 555 10181 29057=
40898 11956 00000 10238 20194 30125 40134 51018 60001 70500 333 55086 70000 555 10210 29077=
41024 42660 13512 10246 20090 30110 40136 81500 333 10302 55061 58021 81640==
41036 42960 03108 10170 20110 38558 48508 333 10260 58007==
41055 42960 02004 10180 20080 38368 48514 333 10265 58008==
41061 42560 51110 10233 20070 39410 40106 83230 333 10273 59016 83830 85358==
41084 42960 02509 10242 20120 38841 48503 333 10320 58006==
41112 42960 01805 10159 20140 37957 48518 333 10231 55095 58005==
41114 42960 02204 10170 20110 37995 48521 333 10233 58003==
41128 42560 12402 10268 20010 38795 48507 81400 333 10320 55080 59012 81630==
41136 42960 00904 10260 21020 39292 40087 333 10330 59010==
41140 41960 01304 10269 20230 30104 40112 70240 333 10307 58010==
41150 41962 50808 10180 20155 40144 70262 8503/ 333 10192 59043 85361=
41170 41960 70308 10194 20170 30137 40151 70362 84031 333 10209 59021 84362 85072=
41176 44/70 /0808 10196 20175 30139 40145 333 10208 59024=
41184 42960 50203 10230 20161 40156 83031 333 10271 59004 83360 84070=
41194 12960 53306 10242 20161 30143 40149 60001 85030 333 10272 59008 85363=
41196 12960 50205 10232 20160 30115 40156 60001 85030 333 10263 59007 85363=
41216 42960 43606 10225 20166 30141 40145 84030 333 10260 59018 84362=
41217 42960 43511 10233 20144 30112 40142 84030 333 10281 59016 84363=
41246 46/// /1502 10234 20188 30145 40147 333 10262 55300 25022 59003==
41288 36/// /1511 10244 20210 30130 40152 333 0E025 10312 58003=
41315 36/70 /0000 10208 20063 39335 48181 333 0E022 10265 55300 27865 58005=
41396 42965 01702 10224 21023 39415 40135 333 10339 58004=
41480 42560 20610 10252 20202 30130 40138 82500 333 20284 58002 82620=
41506 12920 00000 10045 20011 38518 48160 60001 333 58032==
41508 12420 62701 10047 20009 38666 48320 60001 83520 333 56880 58026==
41515 12920 00000 10060 21016 38535 48980 60001 333 59038==
41516 12440 63102 10055 21008 38539 48970 60001 83610 333 56880 58034==
41517 41940 70000 10040 21037 37771 48970 70422 87570 333 56880 58002==
41518 12440 71802 10089 21006 30001 48010 60001 85520 333 56880 58000==
41519 12940 50000 10085 20016 38780 48160 60001 80001 333 56008 58044==
41523 11420 63601 10090 20035 39091 48010 60011 70296 83520 333 56880 58027==
41535 12440 20000 10100 20022 38710 48780 60001 82500 333 56800 58004==
41536 11440 80000 10120 20048 39049 48160 60001 71792 8852/ 333 5688/ 58028==
41560 12940 00000 10035 21014 38307 48380 60001 333 58001==
41571 41600 30502 10150 20049 39580 40168 70511 81830 333 56880 58029==
41598 11940 00000 10160 20104 39872 40146 60001 70400 333 58030==
41600 11940 00000 10150 20103 39842 40141 60001 70400 333 58017==
41620 11940 01802 10085 21030 38581 48830 60001 70500 333 58026==
41624 11920 00000 10160 20104 39927 40129 60001 70400 333 58016==
41630 11940 23601 10165 20120 30000 40154 60001 70402 82030 333 56080 58023==
41640 11440 60000 10180 20127 39900 40150 60001 70422 84570 333 58027==
41660 12900 32303 10060 20003 38456 48470 60001 81031 333 56088 58031==
41678 11440 50000 10185 20090 30000 40136 60001 70422 84570 333 56880 58012==
41696 12440 40000 10070 21002 38009 48320 60001 82520 333 56880 59003==
41697 12940 00000 10210 20100 30000 40142 60001 333 58026==
41700 11920 30000 10175 20121 30000 40129 60001 70400 83030 333 56080 58015==
41710 42940 42301 10210 20013 39336 40093 84010 333 56080 58000==
41712 42940 10902 10175 20032 39202 48210 80008 333 56008 58027==
41715 11910 00000 10190 20118 30071 40136 60001 70400 333 58022==
41718 11920 20000 10180 20136 30033 40137 60001 70410 82030 333 56080 58016==
41725 41940 30503 10210 20142 30000 40138 70500 83030 333 56080 58032==
41739 12940 03602 10180 20039 39031 48940 60001 333 59008==
41744 42940 30000 10170 21008 38771 48980 83020 333 56080 59008==
41749 12940 03103 10230 20165 30102 40135 60001 333 58044==
41756 11920 02705 10220 20180 30075 40141 60001 70504 333 58007==
41757 11920 32303 10210 20186 30123 40136 60001 71000 83830 333 56080 59003==
41759 12940 32302 10225 20119 30135 40141 60001 83030 333 56080 58014==
41764 12940 00000 10245 20164 30073 40122 60001 333 58017==
41768 12940 00000 10235 20196 30117 40124 60001 333 58017==
41780 12940 02003 10235 20205 30099 40126 60001 333 58007==
41785 12940 02302 10235 20196 30111 40124 60001 333 59004==
41859 01930 00502 10184 20130 30114 40152 70500 333 58029 70000==
41883 02930 00000 10200 20150 30124 40145 333 58002 70000==
41891 01930 00904 10185 20140 30107 40147 70500 333 58025 70000==
41907 01930 00000 10172 20150 30123 40138 70500 333 58022 70000==
41923 01940 00000 10214 20150 30133 40143 70500 333 58022 70000==
41936 01916 00000 10190 20170 30115 40122 70500 333 58009 70000==
41943 01930 00000 10182 20160 30135 40143 70500 333 58019 70000==
41950 01935 00000 10212 20190 30140 40142 70500 333 58020 70000==
41978 01933 00000 10214 20180 30137 40143 70500 333 58020 70000==
41992 01925 00000 10213 20190 30142 40144 70500 333 58018 70000==
42027 32596 51403 10066 20018 38427 48516 82501 333 58033=
42071 31995 00504 10146 20116 40160 71021 333 58031=
42101 32595 20000 10146 20128 40160 82500 333 58020 82630=
42111 31994 72701 10138 20113 39410 40120 71022 84031 333 59006 84360 87070=
42123 32696 50000 10168 20140 40147 83430 333 58023 83635 85360=
42131 32696 50000 10156 20119 40167 82530 333 58029=
42165 32696 80505 10222 20115 40125 8552/ 333 58010 85640 88460=
42182 31995 30000 10164 20139 40148 71010 83030 333 58029 83360=
42189 31995 00000 10168 20140 40140 71000 333 58022=
42314 31595 69902 10148 20126 40169 71022 83530 333 58035 83620 85360=
42328 32996 43602 10228 20147 40100 84030 333 58008 84360=
42339 31895 50000 10200 20113 40125 70522 85030 333 58016 85358=
42348 31996 40505 10220 20079 40136 70522 84030 333 58027 84360=
42361 31995 00000 10190 20149 40142 70500 333 58029=
42369 31995 00000 10193 20143 40140 70500 333 58022=
42379 31995 00000 10156 20135 40143 71000 333 58027=
42410 31594 40000 10180 20134 40163 71011 82530 333 58025 82620 83360=
42415 32596 70000 10190 20130 40171 84530 333 58038 84620 86360=
42452 31995 00000 10206 20137 40118 70500 333 58016=
42492 31994 00000 10184 20139 40135 70500 333 58020=
42559 32996 00000 10200 20134 40128 333 58024=
42571 31996 00000 10200 20145 40131 70500 333 58021=
42591 31995 00904 10180 20128 40145 70500 333 58019=
42623 31495 20000 10120 20098 39278 40177 71000 82500 333 58032 82618=
42634 32996 02302 10224 20186 40140 333 58015=
42647 31996 00000 10224 20154 40132 70400 333 58015=
42667 32996 01403 10208 20119 39545 40136 333 58016=
42675 31995 00502 10198 20139 40129 70500 333 58015=
42701 31996 00000 10198 20111 39400 40131 70500 333 58012=
42724 31995 00000 10192 20162 40141 71000 333 58022=
42737 32996 02702 10232 20156 40146 333 58020=
42754 31996 02703 10216 20099 39493 40130 70500 333 58012=
42779 32996 00000 10204 20101 39429 40128 333 58009=
42798 31995 00000 10230 20125 40124 70500 333 58010=
42809 31995 00000 10244 20214 40139 70500 333 58021=
42840 32996 00000 10236 20196 40134 333 58014=
42867 31996 03202 10206 20108 40132 70500 333 58009=
42874 31996 00000 10230 20165 40128 70500 333 58009=
42886 32996 00000 10190 20095 40129 333 58002=
42895 32996 00000 10238 20207 40131 333 58007=
42909 32996 00000 10240 20219 40142 333 58017=
42971 31994 01801 10242 20224 40141 71000 333 58009=
43003 31995 00000 10254 20159 40133 70400 333 58019=
43014 31995 03402 10214 20083 39480 40129 70544 333 58011=
43041 31996 00000 10214 20142 39519 40138 70500 333 58011=
43063 32996 00000 10190 20109 39515 40150 333 58014=
43086 32996 00000 10224 20200 39944 40123 333 58012=
43110 31996 00000 10235 20177 40131 70544 333 58017=
43117 32996 00000 10238 20144 40129 333 58012=
43128 31996 00000 10230 20149 39528 40136 70500 333 58010=
43150 31596 30000 10258 20235 30085 40146 70500 81501 333 58012 81620=
43185 32996 01802 10244 20226 30129 40133 333 58020=
43189 31996 10000 10240 20225 30139 40148 70510 80001 333 58016=
43192 00000 10262 20233 40121 333 58014=
43201 32996 00000 10214 20101 39390 40119 333 58010=
43213 32996 00000 10268 20136 39797 40112 333 58015=
43233 32996 20000 10226 20113 39321 40140 80001 333 58015=
43237 32996 21103 10270 20134 39706 40095 80001 333 58016 82075=
43245 32996 00000 10260 20233 30113 40140 333 58020=
43279 31596 20000 10256 20222 30124 40142 70500 81501 333 58017 81620=
43284 31495 40000 10276 20238 30004 40119 71000 83501 333 58012 83615=
43295 32996 10903 10228 20179 39123 48531 80001 333 58013 81075=
43314 32996 10000 10278 20199 40114 80001 333 58010=
43321 31996 30906 10254 20135 39685 40131 70500 80001 333 58015 83070=
43329 32596 30000 10266 20221 30123 40137 82530 333 58015=
43333 31495 20000 10240 20216 40130 70500 82400 333 58013 81618=
43344 31495 30503 10240 20222 30040 40141 71000 82501 333 58018 82616=
43369 32596 30000 10266 20246 40122 83500 333 58010 83620=
43371 32996 10000 10262 20230 30053 40126 80001 333 58008 81075=
43413 11970 00704 10257 20224 30132 40137 5/012 60008 70200 333 553// 20000 58015 91006=
43418 01470 10700 10255 20211 30090 40131 52008 60008 70100 81000 333 58016 60008 81818=
43421 11970 00502 10233 20232 30026 40133 5/009 60008 70200 333 553// 20000 58013 91003=
43424 01970 00502 10236 20212 30124 40126 52016 60008 70100 333 58014 60008=
43436 01470 40501 10275 20237 30119 40122 52007 60008 70210 84000 333 55002 58005 60008 84818=
43441 01970 00701 10248 20202 39988 40122 51016 60008 70200 333 58012 60008=
43444 01970 00901 10218 20194 39592 40124 52013 60008 70200 333 55002 58010 60008=
43450 01959 00302 10246 20216 30112 40124 51013 60008 70500 333 58012 60008=
43466 01970 10301 10268 20197 30114 40122 51007 60008 70200 333 58011 60008 81180 91001=
43467 01470 12001 10280 20246 30117 40123 52008 60008 70310 81100 333 58013 60008 81116=
43486 11465 50600 10254 20254 30024 40124 51012 60008 70521 83000 333 553// 20000 58013 83816 82356 91001=
43495 01968 50502 10266 20234 30109 40122 5/110 60008 70112 333 58100 60008 85266=
43497 01970 00103 10253 30105 40122 52012 60008 70000 333 553// 20006 58012 60008 91005=
44212 42/// 60101 11240 21276 39218 40486 52010 86010==
44213 429// 00000 11277 21309 38850 40503 52005==
44214 42/70 61701 11109 21198 38283 40353 52006 82048==
44215 42/// 81301 11158 21195 38432 40411 52007 8802/==
44217 32998 60000 11124 21182 37841 40384 52006 83047 333 91202=
44218 429// 52101 11166 21195 38644 40421 52008 80006==
44219 32999 01104 11241 21266 38658 40477 51006 333 91204=
44265 429// 32903 11174 21203 38873 40396 53013 80004==
44266 329// 03306 11137 21274 37768 40397 52001 333 91207=
51076 14/69 /0501 11134 21157 39392 40320 52015 60001 333 11010 21154 3/103 4/025 58025 70000 90761 91104==
51087 14/66 /2703 11119 21145 39242 40316 52019 60001 333 11004 21177 3/106 4/018 58023 70000 90761 91105==
51156 14/80 /3602 11107 21153 38714 40305 52008 60001 333 11002 21123 3/113 58033 70000 90761 91105==
51243 14/38 /0801 11142 21172 39748 40339 52008 60001 70500 333 11083 21158 3/112 58036 70000 90761 91104==
51334 14/34 /1201 11089 21113 39890 40318 52004 60001 70500 333 11052 21191 3/107 4/012 58025 70000 90761 91104==
51379 14/43 /1501 11174 21202 39337 40358 52012 60001 71000 333 11080 21188 3/106 4/022 58046 70000 90761 91108==
51463 14/80 /0000 11070 21135 39081 40338 52014 60001 333 11059 21153 3/101 4/036 58046 70000 90761 91106==
51573 14/63 /3601 10002 21162 30201 40252 52005 60001 333 10092 21029 3/104 59003 70000 90761 91105==
51644 14/50 /3201 11013 21132 38955 40233 52005 60001 70600 333 10062 21063 3/103 59012 70000 90761 91106==
51656 14/56 /2601 11017 21076 39163 40244 52010 60001 70500 333 10060 21101 3/105 59008 70000 90761 91107==
51709 14/50 /0100 11004 21130 38638 40244 52003 60001 70600 333 10042 21053 3/101 59002 70000 90761 91105==
51711 14/58 /0701 11059 21146 38007 40213 52006 60001 333 10004 21103 3/109 59006 70000 90761 91105==
51716 14/35 /2501 11017 21155 38925 40248 52001 60001 70500 333 10063 21054 3/106 59005 70000 90761 91103==
51765 14/58 /3002 11007 21146 39217 40232 52008 60001 333 10078 21108 3/109 59010 70000 90761 91106==
51811 14/50 /0701 11008 21147 38803 40248 54000 60001 70600 333 10059 21053 3/105 58001 70000 90761 91104==
51818 14/49 /2500 11013 21183 38651 40245 52001 60001 70600 333 10049 21072 3/104 58003 70000 90761 91105==
51886 14/80 /2302 11081 21302 37105 40255 57002 60001 333 10006 21175 3/114 58010 70000 90761 91107==
52203 14/63 /0301 11051 21152 39342 40249 52001 60001 333 10084 21102 3/111 59007 70000 90761 91104==
52602 14/80 /2901 11136 21313 37278 40311 57002 60001 333 10005 21202 3/120 58017 70000 90761 91106==
52818 14/73 /2200 11104 21258 37243 40273 57003 60001 333 10024 21164 3/115 58016 70000 90761 91105==
52908 14/80 /2002 11204 21273 35742 40307 57004 60001 333 11084 21220 3/126 58020 70000 90761 91114==
55299 14/80 /0302 11150 21238 35834 40223 57008 60001 333 11034 21150 3/121 58046 70008 90761 91118==
55591 14/80 /1104 11004 21159 36500 40071 52001 60001 333 10072 21019 3/105 58056 70012 90761 91110==
56004 14/80 /0702 11189 21222 35805 40304 57003 60001 333 11068 21189 3/122 58031 70011 90761 91111==
56018 14/80 /1601 11133 21174 36183 40230 52002 69921 333 11004 21133 3/113 4/001 58039 70016 90761 91111==
62306 42960 00908 10162 20099 40162 52008 333 10207==
62309 42960 00302 10158 20073 40160 52010 333 10202==
62332 42960 03409 10167 20114 40170 52012 333 10202==
62337 42960 02903 10159 20118 40164 52007 333 10203==
62366 45960 00000 10181 20057 40160 52008 333 10198==
62387 42960 0//// 10167 20063 40168 52015 333 10212==
62393 42960 03605 10154 20046 40187 52011 333 10217==
62405 42960 00000 10176 21026 40160 52016 333 10246==
62414 42960 09909 10209 21076 40153 52012 333 10263==
62419 42960 03503 10199 21036 40151 52014 333 10256==
62420 41940 00000 10146 20011 40164 52012 70500 333 10218==
62435 42960 03201 10136 21006 40156 52015 333 10256==
62455 42960 03208 10156 20068 40164 52015 333 10214==
62458 42960 03602 10160 20061 40165 52016 333 10197==
62459 32960 00603 10162 20029 40153 52009 333 10210=
62465 42960 02404 10189 20055 40136 52020 333 10232==
