Data Generated from File : D:/all data handling/Rmc_lhr/2025022103.FSU.txt
21/02/2025   04:09:04
____________________________________________________________________________________________
15020 25/70 /3101 11097 21119 30180 40397 52006 7000/ 333 55300 0//// 20000 3//// 60007=
15090 25570 63001 11067 21104 30293 40393 52009 7000/ 83570 333 55300 10132 20000 30000 60007 91002 91102 92600=
15108 22197 72700 11180 21200 38123 48558 54001 84570 333 55300 0//// 20000 3//// 60007 91003 91104 92727=
15150 25963 23201 11068 21087 30157 40388 52006 7000/ 82030 333 55300 0//// 20000 3//// 60007 91002 91102 92611=
15170 25970 13301 11147 21164 39542 42897 52007 7000/ 81060 333 55300 0//// 20000 3//// 60007 91002 91102=
15280 21093 63409 11207 21231 37483 47996 57004 74144 86500 333 55300 0//// 20000 3//// 60007 91010 91111=
15310 25/70 /3602 11060 21108 30281 40374 52002 7000/ 333 55300 10202 20000 30000 60007=
15335 25970 40102 11049 21111 30361 40369 52004 7000/ 84070 333 55300 0//// 20000 3//// 60007 91003 91104 92600=
15350 25/70 /3402 11051 21100 30252 40381 52003 7000/ 333 55300 0//// 20000 3//// 60007=
15360 25970 33510 11030 21115 30335 40353 52006 7000/ 83030 333 55300 0//// 20000 3//// 60007 91011 91112 92438=
15420 27/59 /0501 11057 21079 30253 40373 52005 7101/ 333 55300 0//// 20000 3//// 60007=
15460 25/61 /0901 11107 21119 30345 40372 53007 7000/ 333 55300 0//// 20000 3//// 60007=
15470 21414 72902 11093 21103 30234 40373 50000 72842 87600 333 55300 0//// 20000 3//// 60007 91002 91103 92713=
15480 25970 51802 11031 21103 30338 40357 52007 7000/ 85030 333 55300 10257 20000 30000 60007 91004 91105 92438=
15549 41540 60501 11075 21079 39913 40361 52004 71042 86500 333 11066 21107 43020 555 597// 92602=
15552 42960 03403 11051 21087 30298 40351 52007 333 11014 21052 41003 555 576// 92023 92427=
15640 42968 00000 11042 21054 30020 40353 53003 333 11018 21057 555 591//=
15655 42968 20000 11028 21060 30314 40349 52002 82030 333 11010 21042 42003 555 579// 92032 92437=
15730 42970 80000 11044 21073 39927 40350 54000 86037 333 11018 21049 41998 555 580// 92600=
16627 42560 20307 11014 21068 30326 40333 56004 81160 333 91111 555 40000 47777 44225 50000 51030=
16723 42560 20210 10020 21008 30251 40266 54000 82400 333 91121 555 40000 47724 44240 50000 50010=
16742 42460 20210 10056 21001 30082 40243 54000 82100 333 91120 555 40000 47593 44200 50000 50034=
16749 42960 03109 10074 21030 30203 40218 54000 333 91115 555 40000 47684 44210 50000 50036=
16754 42560 63317 10090 20000 30218 40267 54000 86800 333 82820 86625 91128=
16760 47/// /3512 10051 21004 39838 40267 57001 74144 333 91123 555 60000 60001 60300=
17022 41565 71914 11026 21025 30122 40297 57007 78522 85270 333 85830 87358 91117 92447=
17024 47/81 /2016 11027 21040 30198 40280 50000 724//=
17026 47/76 /3617 11008 21011 30249 40290 50000=
17031 41328 72806 11017 21040 30277 40284 53001 78522 87200 333 85708 87827 91120=
17034 41345 72103 11012 21018 30232 40280 53001 78588 87200 333 84709 87828 91111 92436=
17038 41457 72209 11002 21029 30213 40263 55001 78588 87200 333 85712 87825 91116 92426=
17042 47/58 /1003 10001 21019 30226 40267 50008 724//=
17050 42970 03602 11031 21083 30287 40353 53006 333 91107=
17056 42970 43105 11007 21054 30325 40330 55000 84030 333 84360 91109 92428=
17060 41206 70108 11006 21014 30276 40318 55002 78688 87200 333 84704 87825 91018 91118=
17070 42665 71102 11091 21114 39382 40307 55000 84520 333 84634 87460 91104=
17074 47/83 /2202 11122 21125 39308 40305 55003=
17084 42970 01801 11087 21103 39331 40289 55000 333 91107=
17085 42970 00000 11051 21094 39769 40285 53003 333 91107=
17092 42660 70000 11091 21148 38846 48467 53001 84550 333 84640 87357 91108=
17096 42660 70506 11124 21149 38177 48458 53004 85550 333 85635 87358 91114=
17098 41657 73611 11119 21166 38129 48454 53003 73822 85530 333 85635 87357 91124=
17100 42570 83004 11020 21108 39155 40185 53001 8551/ 333 85625 88458 91112=
17112 47/80 /0702 10004 21066 30319 40325 55001=
17115 41420 73610 10001 20001 30264 40318 53003 78582 87200 333 84710 87830 91125=
17116 42665 50000 11022 21029 30186 40314 53002 82130 333 82835 85360 91102=
17124 42960 02202 11085 21096 39335 40306 55002 333 91108=
17128 42970 00203 11105 21153 39129 40296 55000 333 91108=
17135 42670 60901 11054 21111 39358 40278 53001 84550 333 84640 86360 91105=
17140 42665 50501 11110 21135 38714 48491 55001 83150 333 83840 85360 91107=
17150 42660 40104 11019 21036 30175 40305 53001 84200 333 84835 91110=
17160 47/83 /2704 11076 21122 39049 40270 53003=
17170 41438 70102 11048 21053 38236 48414 52005 77177 85550 333 83710 85620 87357 91105=
17175 42665 21102 10004 21047 30295 40300 55003 82100 333 82840 91107 92417=
17184 42670 43605 11013 21056 30178 40295 53002 84200 333 84840 91110=
17190 42970 03101 11082 21121 39038 48515 55000 333 91107=
17195 42670 50803 11089 21115 38990 48492 53002 85500 333 85633 91106=
17200 42960 03014 11053 21145 39183 40207 53007 333 91126=
17202 42670 42607 11069 21108 39110 40195 53005 82540 333 82635 84360 91113=
17203 42670 62302 11056 21148 38830 48477 52007 84250 333 84840 86360 91112=
17210 47/64 /2201 10000 21014 39072 40127 50004=
17219 42965 43613 10003 21066 30132 40283 55000 80001 333 84068 91119=
17234 42970 00000 10002 21049 30193 40264 53002 333 91103=
17237 42970 00000 11013 21104 39753 40276 53002 333 91104=
17240 42970 00109 11042 21116 39063 40258 55000 333 91117=
17244 42470 43110 11077 21130 39027 48504 53001 84500 333 82718 84625 91116=
17248 47/80 /3402 11068 21090 38994 40250 53003=
17250 47/79 /0605 11082 21116 38807 40255 50000=
17260 42960 00106 11030 21115 39303 40142 53008 333 91110=
17270 42670 33106 10004 21123 39500 40162 53006 83200 333 83840 91113=
17275 47/68 /3511 11039 21105 38919 40146 53004=
17280 42960 02612 11022 21091 39339 40149 52007 333 91120=
17290 42970 01501 10047 21115 30217 40250 53003 333 91112 92428=
17292 42970 03102 11021 21137 39448 40231 53001 333 91115=
17300 42960 03216 10038 21113 30155 40228 53002 333 91126=
17310 42970 00905 10066 21121 30177 40184 53001 333 91110 92438=
17330 46/// /2804 10042 21093 30186 40197 52012=
17350 42860 60115 10044 21116 30104 40184 52010 86050 333 86358=
17370 42970 30000 10063 21074 30189 40193 53010 83030 333 83360 92428=
17375 42670 23403 10065 21108 30198 40200 53010 82200 333 82834 91114 92428=
33088 42997 00000 11171 21186 30200 40414 52003 555 1/121=
33135 429// 00301 11111 21147 30246 40407 52009 333 55047 555 1/115=
33177 42997 00000 11110 21129 30139 40398 52003 555 1/112=
33317 429// 00702 11125 21138 30038 40408 52004 333 55077 555 1/117=
33393 42960 01402 11098 21131 39966 40390 58001=
33415 42997 20000 11113 21123 39968 40402 52003 80001 555 1/114=
33429 42997 00901 11116 21135 39942 40403 52004 555 1/114=
33466 42575 80203 11063 21113 30188 40389 52008 8655/ 555 14106=
33506 41597 80303 11092 21108 30155 40367 52013 78581 889// 333 55055 555 1/108=
33562 42660 60202 11086 21114 30079 40408 52006 86500 555 1/109=
33587 425// 80101 11062 21126 30104 40386 52006 885// 333 88622 555 1/107=
33658 41958 00000 11098 21114 30073 40398 52004 71000 333 55040 555 1/111=
33663 42997 00000 11107 21127 30291 40396 52009 555 1/108=
33664 41996 00101 11107 21117 30052 40397 52006 71000 333 55050 555 21108 7000/=
33678 42898 62801 11091 21129 30182 40409 52010 86050 555 21091 7000/=
33679 42497 60201 11070 21108 30175 40380 52001 86500 555 21075 7000/=
33711 41560 80206 11081 21095 30138 40364 52006 72681 883// 333 88920 555 1/109=
33745 42997 53603 11116 21145 30192 40402 52010 82031 333 55022 555 21118 7990/=
33748 42997 40602 11064 21105 30074 40379 52004 84030 555 21068 7994/=
33754 42997 80102 11057 21101 30223 40380 52009 8805/ 333 55039 555 21059 7000/=
33761 42970 03403 11099 21123 30139 40381 52005 555 1/115=
33791 41580 80105 11090 21101 30219 40357 52009 72272 8772/ 333 87726 555 1/109=
33815 42998 50801 11050 21109 30150 40371 52009 85030 333 55017 555 21050 7991/=
33837 42684 70106 11047 21101 30304 40359 52007 87500 333 55014 87646 555 1/105=
33881 42598 70102 11060 21121 30170 40381 52006 87500 555 21069 7000/=
33883 42897 63302 11077 21127 30193 40368 52004 83031 555 21078 7990/=
33885 42597 73502 11077 21127 30240 40384 52002 84530 333 55058 555 21077 7000/=
33892 42997 60103 11063 21109 30162 40489 52007 86030 555 21064 7990/=
33902 42997 00103 11101 21123 30283 40348 52006 333 55037 555 1/112=
33924 22570 60307 11038 21087 30316 40329 52005 86900 333 21039 69932 91012 90730 91112==
33946 21745 80404 11069 21073 30084 40320 52005 71022 8555/ 333 21088 55093 60002 85650==
33983 22560 20701 11074 21109 30245 40310 53007 82500 333 21077 55095 60002==
34300 42597 30101 11101 21120 30183 40375 52018 83500 555 1/116=
34336 12997 00000 11194 21218 30265 40381 52010 60002 333 21194 47013=
34344 12998 00000 11211 21226 30278 40377 53009 60002 333 21215 43016=
34356 62998 00000 11207 21231 30206 40372 52004 60002 333 21211 47011 55092=
34357 12998 02303 11156 21175 30195 40366 52007 60002 333 21161 43016=
34398 22/// 40206 11171 21205 30297 40311 57006 84041 333 46001 55089 60002==
34415 42997 00000 11160 21173 30260 40367 52015 555 1/117=
34438 12997 00301 11168 21186 30160 40372 52011 60002 333 21195 47014 93501=
34445 12998 02702 11225 21248 30247 40376 52009 60002 333 21230 43009=
34461 12997 00000 11164 21191 30300 40361 52004 60002 333 21164 47001=
34473 329// 20104 11171 21197 30299 40341 52001 80003 333 47003 55094 555 21172 7000/=
34476 62998 00105 11161 21210 30328 40336 53002 60002 333 21161 43004 55095=
34504 41425 80303 11088 21103 30163 40350 52013 78582 889//=
34535 12997 00000 11169 21188 30286 40366 53010 60002 333 21170 43008 93500=
34545 12998 00000 11145 21163 30237 40359 53006 60002 333 21149 43001 93501=
34555 12998 03504 11114 21145 30263 40362 53006 60002 333 21114=
34560 42997 00202 11121 21155 30146 40352 52005 333 21127=
34578 12997 00104 11126 21194 30320 40328 53003 60002 333 21134=
34579 62998 03402 11159 21201 30276 40324 53001 60002 333 21162 43001=
34644 12597 50503 11090 21127 30262 40345 52008 60002 85500 333 21091=
34646 62998 30303 11102 21124 30257 40346 52007 60002 82031 333 21102 55097=
34655 12997 03202 11121 21146 30281 40347 52006 60002 333 21137=
34662 12998 03303 11134 21155 30331 40344 52007 60002 333 21135=
34691 32998 03602 11131 21166 30513 40499 57003 333 55078 555 21132 7000/=
34720 12998 10203 11090 21119 30299 40342 53009 60002 81030 333 21090 42001 55100=
34727 12997 00804 11075 21135 30304 40336 52009 60002 333 21080 41997=
34743 12997 00602 11119 21144 30246 40343 52008 60002 333 21120=
34759 61996 33301 11137 21147 30189 40332 53003 60002 71000 80001 333 21137 55083=
34772 12997 63506 11138 21181 30308 40311 53002 60002 86010 333 21139=
34785 12997 23504 11136 21174 30309 40284 51001 60002 80001 333 21136=
34798 22/60 83306 11110 21123 30431 40399 57006 8802/ 333 42001 60002==
34824 62997 00502 11087 21129 30321 40326 52007 60002 333 21087 41998 55071=
34838 12997 50503 11099 21149 30218 40321 53007 60002 80009 333 21105 47004=
34845 62598 20702 11111 21135 30210 40326 52006 60002 80001 333 21122 46002=
34858 11996 20000 11109 21140 30209 40325 52006 60002 71011 82030 333 21109 47001=
34861 12997 30504 11137 21163 30058 40322 52002 60002 82031 333 21137 55028=
34866 62997 03603 11131 21157 30319 40310 58001 60002 333 21131=
34880 62997 63303 11121 21151 30304 40275 57002 60002 82031 333 21121 47001 55040=
34887 12998 63604 11114 21149 30305 40281 58007 60002 84030 333 21115 47002=
34949 61496 80702 11120 21137 39729 40318 52004 69972 77172 887// 333 21166 48028 55070=
34954 12597 80602 11103 21143 30134 40321 53007 60002 885// 333 21112 47009 55072=
34958 12598 80000 11121 21150 30102 40318 52006 60002 885// 333 21121 47018=
34975 12998 30104 11122 21145 30296 40292 58002 60002 83050 333 21122 47006=
34984 62998 63203 11111 21143 30311 40278 57003 60002 80032 333 21115 43001=
35217 /25// 80504 11122 21149 30257 40300 57011 885// 333 47018 555 21140 3/115 69932 7993/=
35302 329// 60608 11148 21199 30287 40309 57007 86050 333 43003 555 21153 7000/=
35315 /15// 80408 11104 21148 30219 40279 57008 73732 885// 333 47011 555 21106 3/111 60012 7002/=
35344 /1497 80506 11117 21142 30010 40315 56001 77173 8802/ 333 47038 55000 555 21131 60042 7004/=
35358 12/60 80203 11113 21141 30131 40311 58002 60002 8802/ 333 43022==
35368 32999 00000 11149 21183 30032 40318 53003 333 48043 55046 555 21150 7000/=
35386 32598 50000 11140 21167 39796 40351 52007 85500 333 47029 555 21152 7000/=
35394 32998 40801 11114 21143 39637 40351 52008 80001 333 43031 555 21122 7000/=
35404 /15// 80504 11128 21148 30282 40291 57007 77177 885// 333 47001 555 21132 3/114 69922 7992/=
35406 /15// 80405 11098 21110 30271 40273 57002 70273 885// 333 47005 55050 555 21104 69942 7994/=
35416 /15// 80505 11092 21103 30137 40263 57010 77173 8802/ 333 47022 55000 555 21098 60022 7004/=
35426 /14// 80407 11108 21133 39974 40280 57004 77173 8802/ 333 48022 555 21115 60022 7002/=
35437 /14// 80508 11095 21116 39948 40276 57002 77173 8802/ 333 47029 55000 555 21108 60032 7009/=
35449 319// 80604 11102 21121 30184 40293 57002 71022 80007 333 48015 555 21108 7000/=
35497 32998 30000 11152 21158 39806 40685 52010 80001 333 47051 555 21152 7000/=
35498 32998 60000 11200 21169 39397 40339 52016 333 47052 555 21200 7000/=
35514 /1496 80506 11083 21097 30489 40485 57009 77177 8872/ 333 47014 555 21084 60032 7003/=
35522 /15// 80805 11090 21119 39994 40257 57009 77177 8802/ 333 48007 555 21094 60032 7003/=
35542 325// 80504 11089 21100 30139 40293 57002 885// 333 47008 55000 555 21104 7994/=
35563 31596 80000 11148 21163 39513 40332 53006 71022 86502 333 47026 55061 555 21152 7000/=
35576 12/70 50803 11170 21198 39857 40341 53004 60002 85070 333 48030==
35582 32998 60503 11168 21199 39710 40356 52006 80002 333 47021 555 21170 7000/=
35594 32999 51101 11202 21223 39470 40383 52010 80002 333 47033 555 21230 7000/=
35605 /1596 83604 11087 21098 30261 40238 57011 77172 8802/ 333 47005 555 21088 69932 7993/=
35633 /1596 80604 11078 21092 30052 40274 58002 71072 885// 333 48004 55000 555 21084 69922 7996/=
35671 31994 80000 11140 21150 39866 40323 53002 71011 8807/ 333 47011 555 21144 7000/=
35699 12960 00203 11104 21138 39557 40349 52007 60002 333 48019==
35700 /1495 80104 11071 21071 30250 40225 57015 77377 8802/ 333 47005 55012 555 21072 60032 7003/=
35715 /1396 81005 11034 21051 30218 40203 57014 73677 8802/ 333 47009 555 21035 60072 7011/=
35739 315// 80907 11029 21056 30098 40240 56002 71022 886// 333 44004 555 21034 7992/=
35746 31595 80704 11016 21024 30193 40261 57003 71022 885// 333 41997 55021 555 21023 7990/=
35777 32997 61407 11089 21118 39954 40315 58007 86030 333 47011 555 21092 7000/=
35796 32997 00505 11149 21173 39886 40351 52006 333 47024 55077 555 21150 7000/=
35849 32598 60502 10002 21027 30159 40246 57004 86500 333 55019 555 21017 7000/=
35895 32998 03604 11139 21152 39879 40352 52006 333 47006 555 21145 7000/=
35907 32598 83609 11061 21084 30268 40236 57013 885// 333 45998 555 21072 7000/=
35925 /15// 81106 10008 20005 30076 40188 57013 71022 887// 333 93400 555 21005 69962 7996/=
35927 /15// 80000 10010 20010 30183 57005 77172 8802/ 333 42001 555 21006 60022 7003/=
35953 31/93 90702 11028 21029 30131 40264 57002 74942 333 41998 555 21030 7000/=
35969 32999 30501 11022 21054 30097 40274 57002 83050 555 21024 7000/=
35997 31996 03201 11106 21126 39871 40327 52005 71000 555 21107 7000/=
36259 82599 31001 11316 21350 38369 48650 52006 82902 333 21366=
36335 32999 00000 11116 21172 39296 40369 52007 333 48038 555 21153 7000/=
36358 32999 02302 11132 21172 39307 40380 52010 333 47019 555 21181 7000/=
36394 32997 11602 11161 21174 39931 40384 52010 80001 333 48010 555 21163 7000/=
36397 32999 22004 11088 21159 39783 40370 53015 82040 333 42002 555 21094 7000/=
36403 31994 00000 11190 21198 39994 40386 53013 71000 333 44031 55088 555 21201 7000/=
36418 32999 20000 11194 21213 39753 40422 52010 80003 333 48069 555 21227 7000/=
36421 32999 00000 11282 21306 39815 40452 52009 333 47090 555 21303 7000/=
36428 32999 00000 11249 21280 39877 40436 52011 333 47049 55098 95000 555 21270 7000/=
36439 31998 01208 11097 21157 39077 48572 53007 73633 333 48038 555 21134 7000/=
36498 32998 00205 11155 21186 39539 40383 52010 333 48064 555 21180 7000/=
36501 32999 00000 11125 21177 39572 40365 52008 333 42003 555 21128 7000/=
36535 32999 22701 11247 21280 39741 40445 52013 81031 333 48075 55074 555 21268 7000/=
36546 31996 00000 11260 21272 39840 40444 52013 71000 333 47036 555 21274 7000/=
36619 32999 01105 11083 21119 333 43022 555 21133 7000/=
36622 32998 20000 11184 21214 39531 40399 53010 82040 333 48038 555 21198 7000/=
36639 32999 21301 11143 21193 39722 40365 52007 80001 333 47060 555 21176 7000/=
36643 31594 82601 11205 21217 39702 40425 52009 71011 8657/ 333 47018 555 21223 7000/=
36665 31996 02801 11195 21215 39630 40419 52011 71000 333 47024 55090 555 21215 7000/=
36666 32498 31101 11250 21270 39890 40440 52013 83600 333 47019 55061 555 21276 7000/=
36729 32998 61401 11111 21127 39835 40340 52004 80001 333 43006 555 21127 7000/=
36736 32999 20302 11022 21112 39783 40345 52007 82041 333 44018 55093 555 21103 7000/=
36744 32998 00201 11091 21107 39853 40322 53005 333 47003 555 21096 7000/=
36770 32999 00000 11094 21110 39576 40333 53005 333 47021 555 21105 7000/=
36786 32999 00000 11047 21081 39377 40315 53005 333 43033 555 21073 7000/=
36796 32998 00000 11179 21214 39102 48519 52006 333 47067 555 21180 7000/=
36803 32999 22902 11110 21115 39867 40340 53008 80002 333 42005 555 21143 7000/=
36806 32999 01611 11091 21171 39866 40356 53018 333 91119 555 21140 7000/=
36819 31997 01401 11034 21051 39681 40306 52006 71000 333 41999 55098 555 21043 7000/=
36821 31996 00901 11040 21059 39810 40311 53007 71000 555 21060 7000/=
36839 32999 00000 11090 21137 39169 40345 52003 333 42009 555 21117 7000/=
36843 32998 02503 11013 21076 39118 40304 53005 333 42026 555 21047 7000/=
36846 32999 00801 11074 21148 38666 48552 52005 333 43056 555 21110 7000/=
36859 32999 20101 11034 21051 39574 40376 52008 82040 555 21055 34108 7000/=
36870 32997 00000 11001 21057 39273 40294 53004 333 42021 555 21017 7000/=
36874 32998 01801 11089 21122 39502 40312 53005 333 47009 555 21090 7000/=
36877 32999 02001 11066 21078 333 43015 555 21075 7000/=
36885 32999 01802 11017 21070 39160 40304 53005 333 47030 555 21038 7000/=
36889 32999 01803 11098 21185 37060 47079 53007 333 42008 555 21103 7000/=
36894 32999 00000 11013 21042 39558 40308 51004 555 21045 7000/=
36905 32999 61201 11011 21087 38803 48556 52006 80002 333 43020 55079 555 21044 7000/=
36911 12999 00702 11014 21023 39288 40279 57004 6//// 333 21030 555 50029 530// 7000/=
36927 12699 20502 11027 21093 38387 48554 52008 6//// 82100 333 21060 555 50007 530// 7000/=
36934 12699 20000 11013 21135 38297 48429 53006 6//// 82902 333 2//// 555 10004 5//// 530// 7000/=
36953 32899 70000 11088 21118 38246 48508 52008 83042 333 47016 55087 555 21130 7000/=
36963 12999 01402 11138 21199 37041 48/// 52006 6//// 333 2//// 4/007 555 11092 5//// 530// 7000/=
36974 12998 00901 11106 21134 38030 48581 52009 6//// 333 2//// 555 11050 5//// 530// 7000/=
36982 11398 83602 11156 21188 36521 47126 52007 69952 702// 82606 333 21175 47001 555 5//// 530// 7////=
37018 61597 80404 11046 21108 30167 40246 52004 69992 72682 889// 333 21056 46002 55091 91111=
37031 61997 80703 11089 21123 30101 40310 52005 69902 72272 8801/ 333 21104 47011 55055=
37054 11496 80000 11118 21137 39904 40319 53005 60022 78588 889// 333 21118 47013=
37061 62997 80201 11099 21141 30131 40313 53004 60002 8805/ 333 21114 47015 55000=
37085 12996 83205 11103 21141 30318 40290 53003 69902 8807/ 333 21103 43006=
37171 11696 81502 10009 21020 30218 40237 57001 69912 78522 889// 333 21003 41000 88934 7991/=
37228 61495 82801 11126 21143 39400 40299 52004 60032 77172 8802/ 333 21126 47011 55000=
37235 61496 82901 11105 21118 39959 40299 52001 60022 77077 8802/ 333 21105 47017 93406=
37472 61996 83004 11078 21101 30302 40279 57004 69972 72272 8802/ 333 21081 3/109 47006 55000=
38149 12570 70703 10014 20006 30131 40209 53005 60002 87500==
38178 11/40 60902 11005 21040 39930 40223 58013 60002 71022 86070 333 55025==
38262 12960 80801 11002 21008 30124 40208 54000 60002 80001 333 55036==
38264 11/40 50402 10013 20005 30105 40200 52002 60002 71000 85030==
38345 12999 00801 11008 21050 38831 48520 58010 6//// 333 21024 34103 555 5//// 530// 7000/=
38353 12998 01401 10001 21036 39361 40277 57004 6//// 333 21008 34101 555 5//// 530// 7000/=
38388 32598 70000 10059 21014 30109 40180 53010 87900 333 20057 38003 55084 555 7000/=
38392 32997 71005 10030 20014 30086 40190 53003 87030 333 20025 31002 55025 555 7000/=
38396 12940 80702 10015 20002 30072 40199 53001 60002 80001 333 20014==
38403 12/60 30504 10015 21013 30093 40216 57004 60002 83070==
38413 12/70 80805 10004 21029 39943 40241 58014 60002 8807/ 333 55059==
38457 12984 10502 10044 21049 39626 40218 54000 60002 80001 333 55081==
38462 12984 00000 11026 21105 38778 48514 53001 60002 333 21031==
38507 32396 83609 10030 20014 30075 40179 58003 886// 333 20029 30022 88707 55017 555 7000/=
38545 32998 70802 10033 20020 30015 40192 57001 85083 333 20031 30001 55068 555 7000/=
38565 12870 20000 11032 21053 39587 40161 57004 60002 80003 333 21035==
38579 12/60 70000 11002 21014 39790 40220 54000 60002 84041 333 55074==
38583 12960 40000 10005 21009 39894 40223 57001 60002 80001==
38599 31995 40808 10044 20013 39689 40230 53002 80001 333 20028=
38611 11/40 43503 10042 21033 39671 40249 57002 60002 71022 84040 333 55073==
38613 12999 00101 10012 21030 40254 56002 6//// 333 20002 30102 555 10054 5//// 530// 7000/=
38616 12997 01801 11004 21038 39234 40274 58003 6//// 333 2//// 555 10042 5//// 530// 7000/=
38618 12960 31301 10013 21029 39542 40246 52003 60002 80001 333 55075==
38647 32997 70000 10055 20020 30112 40155 52012 87010 333 20053 30002 555 7000/=
38656 32998 01902 10056 20024 30045 40155 54000 333 20055 30004 55056 555 7000/=
38683 11/20 83602 10014 20011 39910 40192 54000 60002 71022 84031==
38687 32997 70902 10040 20030 39949 40187 57002 84031 333 20038 31003 55070 555 7000/=
38696 12984 61102 10016 21012 39336 40206 57005 60002 80009 333 55092==
38713 32997 81601 10010 21043 39038 48500 58010 80004 333 21010 55081=
38750 32597 83202 10069 20046 30207 40179 54000 885// 333 20056 30005 55045 555 7000/=
38763 32997 72701 10074 20036 30048 40152 53007 80006 333 20053 30002 55044 555 7000/=
38774 32997 23102 10052 20030 39958 40154 53008 80003 333 20051 30003 555 7000/=
38799 32597 61404 10060 20036 39943 40175 53001 83501 333 20058 31004 555 7000/=
38806 32997 30502 10042 20011 39913 40177 53001 80002 333 20040 31000 555 7000/=
38812 12960 20703 10026 21010 39719 40179 57005 60002 80001==
38836 32999 30901 10043 21015 39242 40186 58033 80002 333 20030=
38880 12997 32703 10044 20013 39989 40147 53008 60002 83030 333 20022 31000 555 7000/=
38886 31996 21101 10042 20022 39920 40150 53002 71000 80001 333 20039 30001 555 7000/=
38895 32996 81102 10080 20043 39871 40160 54000 8807/ 333 20080 31005 555 7000/=
38911 32998 00000 10042 21031 39896 40194 58010 333 20040 30003 55090 555 7000/=
38915 32997 33401 10046 21002 39870 40198 54000 80001 333 20045 31001 555 7000/=
38927 11/48 70302 10040 20020 39809 40190 54000 60002 71012 87031 333 55080==
38933 32997 41801 10030 20002 39692 40215 52001 80002 333 20073=
38944 32998 63402 10038 20007 39601 40143 57004 82031 333 20032=
38954 32899 63002 11021 21088 37932 48520 52030 85901 333 21038 55000 47002=
38974 32998 32001 10070 20021 39809 40142 57018 83080 333 20069 30006 55095 555 7000/=
38987 32996 32101 10041 20029 39426 40176 53006 83040 333 20040 31001 55090 555 7000/=
40100 43/82 83309 10130 20017 30166 40182 53002 333 58///=
40180 41560 72102 10117 20078 30125 40175 52006 72162 87800 333 70000=
40199 429// /0603 333 70000=
40265 41840 60000 10061 20048 39380 40183 52006 76262 86020 333 86458=
40270 41550 72613 10060 20030 39262 40171 52004 76011 87800 333 83825 84630=
40272 41640 62412 10064 20037 39329 40172 54000 70522 86500 333 86640=
40340 42960 33605 10141 20054 40203 52011 83090 333 83360=
40356 42560 42608 10050 20020 39171 48474 84500 333 58031 84630 555 04410 50158=
40357 42960 02708 10066 20020 39520 40160 333 58076=
40360 42660 32407 10082 20030 39572 40169 83400 333 58032 83640=
40361 42960 02106 10063 20060 39395 40217 333 58052=
40362 42960 02806 10085 20020 39648 40164 333 58066=
40373 42960 03004 10107 20090 39745 40164 333 58059=
40375 42960 00000 10054 21030 39279 40159 333 58017=
40394 42960 01402 10058 20010 39033 48504 333 58057 555 04410 50172=
40400 42960 01005 10136 20070 30132 40160 333 58027=
40405 42960 00702 10077 20070 39421 40187 333 58066=
40417 41950 02806 10145 20140 30134 40149 71000 333 58010=
40420 42960 03008 10147 20070 39948 40159 333 58019=
40430 42960 00503 10141 20070 39417 40174 333 58026=
40437 42960 03007 10126 20050 39466 40167 333 58048=
40439 42960 03504 10148 20080 30126 40144 333 58018=
40582 31950 01907 10118 20114 40154 53015 71000 333 55300 00000 10267 20000 30000 41015 51282 60000 55407 40000 90401 91005 91107 91207 91305=
40703 41540 80907 11040 21048 38846 40137 53006 77087 8432/ 333 10028 21044 70061 83930 84635 88457 555 11041 29094 66666 00012 10020 20024 30020 50056 90080=
40706 41420 83602 10018 20009 38551 40085 57001 76162 8332/ 333 10019 20006 70036 82710 82930 88557 555 10014 29094 66666 00029 10039 20053 30057 50061 90072=
40712 41558 62502 11010 21014 38570 40077 52002 71022 86300 333 10046 21019 70000 83930 83635 555 11011 29097 66666 00007 10011 20017 30019 50034 90051=
40713 41658 81603 10012 21001 38557 40074 55000 71072 8252/ 333 10048 20003 70028 82635 88458 555 10007 29091 66666 00046 10057 20062 30064 50072 90092=
40718 41440 83106 10035 20025 30235 40205 52005 76166 8632/ 222// 0//// 20201 333 10062 20035 70230 83912 85615 88557 555 10031 29093 66666 00060 10082 20086 30098 50110 90114=
40723 42960 49901 11025 21056 38919 40166 53011 82076 333 10094 21025 70000 82361 84267 555 11034 29079 66666 01004 10012 20046 30052 50058 90068=
40726 42660 32105 10020 21039 38563 40087 53005 83500 333 10020 20020 79999 83635 555 11003 29065=
40727 42660 81301 10008 21004 38405 40109 52019 883// 333 10046 20006 70040 82935 86640 555 10003 29092 66666 00007 10028 20037 30040 50043 90069=
40732 41560 83206 10076 20038 30190 40165 51007 70262 8552/ 333 10088 20071 70001 85622 88458 555 10060 29077 66666 00096 10096 20100 30102 50110 90124=
40736 41458 82602 10088 20079 30197 40171 52009 75165 8532/ 333 10103 20085 70074 84719 81927 88558 555 10084 29094 66666 00082 10080 20084 30090 50094 90118=
40738 41320 83102 10084 20075 30182 40184 52008 75022 886// 333 10111 20084 79999 88708 555 10080 29094 66666 00098 10102 20100 30100 50102 90122=
40739 42965 70302 10044 21081 38646 40136 53006 80006 333 10096 20036 70000 87268 555 10002 29040 66666 00040 10040 20064 30074 50075 90085=
40741 42960 20000 10056 21006 39800 40131 53007 80002 333 10157 20056 70000 82070 555 10032 29064 66666 00081 10096 20107 30110 50106 90115=
40743 42662 20606 10068 21052 39018 40124 52010 81502 333 10068 20068 70000 81635 555 10025 29042 66666 00077 10089 20108 30117 50118 90124=
40745 42960 10000 10035 21001 39000 40140 53009 81030 333 10112 20029 70000 81360 555 10021 29077 66666 00018 10032 20062 30074 50084 90100=
40747 41560 82202 10032 20011 38566 40110 52014 70262 8532/ 333 10058 20024 70020 82720 81935 83840 88459 555 10023 29086 66666 00010 10034 20050 30062 50065 90088=
40754 42665 52703 10085 21090 38772 40105 53005 81572 333 10122 20083 70000 81645 83359 555 10025 29028=
40762 42962 00000 10003 21051 38521 40154 53008 333 10079 20000 70000 555 11015 29067 66666 00016 10032 20046 30058 50068 90086=
40766 41658 82605 10048 20028 38639 40105 52009 78022 8632/ 333 20048 70001 82935 84640 88557 555 10039 29087 66666 00040 10050 20060 30064 50070 90092=
40768 41660 83302 11011 21013 38192 40133 54000 70276 8437/ 333 10034 21017 70003 81935 83640 88458 555 11011 29099 66666 00017 10012 20023 30030 50029 90048=
40769 41660 71801 10030 20014 38235 40098 52002 70162 83570 333 10077 20030 70002 83635 84458 555 10023 29089 66666 00040 10048 20062 30062 50068 90084=
40780 41620 81601 10045 20031 38640 40151 53002 79562 8692/ 333 10066 20040 70069 81935 85640 88557 555 10039 29090 66666 00030 10040 20050 30050 50080 90090=
40782 41660 31201 10042 20035 38832 40148 53002 70162 83500 333 10071 20039 70054 83640 555 10039 29095 66666 00058 10060 20076 30070 50098 90114=
40785 42960 00000 10066 21013 39035 40123 52007 333 10129 20044 70000 555 10035 29057 66666 00070 10097 20090 30092 50106 90154=
40791 42660 30801 10090 21082 39306 40123 52018 83500 333 10161 20084 70000 83640 555 10031 29029 66666 00104 10112 20134 30144 50156 90166=
40792 42965 10703 10078 21060 38677 40115 52009 81070 333 10123 20051 70000 81360 555 10027 29037 66666 00070 10078 20094 30106 50132 90128=
40798 41660 22106 10038 21022 37921 40121 53001 70182 82500 333 10071 20008 79999 82635 555 10014 29065 66666 00033 10040 20058 30063 50064 90080=
40800 42660 20000 10039 21015 38417 40121 52011 82500 333 10137 20039 70000 82640 555 10018 29068 66666 00044 10068 20072 30082 50104 90124=
40809 42660 30805 10056 21060 38473 40137 53006 81440 333 10098 20054 70000 81635 83359 555 10014 29043 66666 00061 10074 20093 30104 50114 90130=
40811 41650 11401 10110 20102 30119 40146 53011 71021 81500 333 10151 20110 70016 81640 555 10106 29095 66666 00140 10158 20178 30186 50202 90214=
40812 41658 71302 10129 20103 39762 40139 53010 71062 85320 333 10138 20120 70054 81935 84640 87459 555 10115 29084 66666 00140 10144 20156 30168 50176 90194=
40818 42665 20000 10017 21032 37959 40143 52009 82500 333 10088 20011 70000 82640 555 11003 29070 66666 00058 10080 20090 30092 50094 90090=
40821 42665 11303 10091 20003 38748 40120 52014 81100 333 10147 20077 70000 81840 555 10053 29054 66666 00092 10106 20131 30135 50134 90142=
40829 42960 03402 10057 21076 39582 40159 53013 333 10154 20057 70000 555 10014 29038 66666 00076 10114 20158 30158 50168 90180=
40831 41908 01802 10118 20113 30139 40147 53011 74400 333 10182 20118 70000 555 10116 29097 66666 00146 10168 20200 30200 50204 90224=
40833 41660 60902 10152 20117 30120 40152 53008 72522 86300 333 10194 20146 70005 82935 84640 555 10133 29080 66666 00138 10146 20162 30188 50202 90218=
40841 42660 60000 10066 20012 38233 40147 52012 81470 333 10088 20057 70019 81640 85359 555 10042 29068 66666 00086 10084 20094 30104 50124 90144=
40845 41950 10000 10157 20144 30146 40151 53003 710// 80002 333 10180 20154 70005 81068 555 10150 29092 66666 00144 10154 20166 30174 50186 90202=
40848 41601 30000 10008 20008 38518 40193 53010 74644 82510 333 10078 20006 70042 82640 555 10008 29100 66666 00044 10060 20084 30096 50104 90114=
40854 42660 32604 10173 20049 38914 40082 52006 83500 333 10186 20144 70000 83640 555 10110 29044 66666 00136 10160 20180 30192 50198 90206=
40856 42660 21804 10116 20078 38634 40139 52017 82500 333 10151 20102 79999 82635 555 10096 29077 66666 00130 10142 20152 30150 50146 90148=
40859 41656 12002 10022 20017 38704 40188 53010 71010 81500 333 10090 20022 70012 81635 555 10020 29097 66666 00022 10068 20096 30116 50130 90150=
40875 42960 63203 10177 20131 30131 40143 52019 86070 333 10215 20165 70014 86359 555 10151 29074 66666 00188 10220 20234 30230 50246 90254=
40879 42660 50103 10169 20084 39476 40140 53006 81570 333 10258 20164 70000 81640 84360 555 10124 29057 66666 00206 10216 20236 30242 50242 90252=
40882 42970 00602 10186 20133 30102 40137 52014 333 10220 20184 70001 555 10156 29071 66666 00172 10196 20218 30230 50232 90248=
40883 41956 20602 10170 20115 30107 40134 53017 70500 80001 333 10214 20160 70010 82070 555 10140 29070 66666 00158 10180 20212 30220 50228 90250=
40893 41958 00903 10214 20159 30122 40127 52013 70500 333 10257 20208 70000 555 10181 29071 66666 00251 10255 20269 30270 50271 90273=
40898 41558 60705 10220 20190 30129 40138 53017 71011 82270 222// 00232 20900 333 10241 20219 79999 82825 86359 555 10201 29083 66666 00220 10236 20260 30270 50274 90274=
41024 42960 00304 10194 20120 30117 40143 333 58011=
41036 42960 02104 10088 21040 38560 48508 333 58013 555 04410 50158=
41055 42960 00502 10135 20010 38366 48514 333 58024 555 04410 50143=
41061 42960 03004 10155 21100 39436 40132 333 58030=
41084 42960 01903 10138 21060 38861 48515 333 58031 555 04410 50123=
41112 42960 00704 10122 20060 37950 48521 333 58013 555 04410 50121=
41114 42960 00000 10123 21010 37988 48525 333 58011 555 04410 50123=
41128 42960 00304 10190 20010 38822 48534 333 58033 555 04410 50120=
41136 42960 00000 10184 20030 39317 40114 333 58013=
41140 42960 01103 10241 20200 30117 40123 333 58008=
41150 42962 02707 10179 20133 40145 333 58003=
41176 44/40 /2906 10153 20137 30144 40150 333 58021=
41184 42660 20606 10202 20146 40147 333 59013 82640=
41194 42960 30403 10241 20138 30133 40139 83030 333 58013 83362=
41196 42960 53403 10217 20158 30102 40143 85030 333 58013 85362=
41216 42960 40704 10219 20180 30130 40134 84030 333 58008 84365=
41217 41960 60807 10212 20171 30104 40133 70262 8603/ 333 58009 86362=
41246 36/// /2503 10218 20182 30140 40142 333 0E021 55300 25022 58019=
41255 35/88 /2004 10180 20091 39629 40160 333 0E018 55300 20000 58019=
41257 36/// /2206 10236 20055 39650 40143 333 0E024 55300 20000 58011=
41258 36/// /2712 10240 20225 30126 40130 333 0E/// 55300 20000 58014=
41265 36/// /3200 10166 20073 39565 40141 333 0E021 55300 20000 58012=
41267 36/// /1412 10267 20106 30108 40120 333 0E026 59002=
41275 36/// /2112 10204 20197 39994 40006 333 0E019 55300 20000 58016=
41288 36/// /2002 10224 20212 30134 40156 333 0E022 58016=
41315 36/03 /0000 10166 20163 39326 48089 333 0E023 55300 27865 58009=
41480 41540 49902 10228 20204 30135 40144 71044 845// 333 58011 84620=
41506 12460 40000 10010 21002 38570 48680 60001 83520 333 20002 56880 58072 70000==
41508 12960 00000 11006 21019 38706 48660 60001 333 21010 58079 72000==
41515 12460 30000 10000 21028 38565 48250 60001 83500 333 21010 56800 59011 70900==
41516 12440 40000 10040 21011 38581 48360 60001 83600 333 20024 56800 58099 70000==
41517 12440 40000 10035 21061 37817 48450 60001 83530 333 20004 56880 58067 70000==
41518 42440 71802 10083 20010 30001 48010 83720 333 20060 5688/ 58000==
41519 12960 30000 10090 20023 38816 48500 60001 80001 333 20080 56008 58115 70000==
41523 12960 00000 10030 20018 39124 48180 60001 333 20020 58068 71100==
41535 12960 00000 10025 21001 38752 48130 60001 333 21004 58057 71200==
41536 12210 40000 10045 20034 39097 48470 60001 84700 333 20040 56800 58081 71000==
41560 12960 00000 10010 21015 38285 48180 60001 333 21026 59005 70000==
41571 11940 33102 10085 20064 39633 40238 60001 70500 80001 333 20070 56008 58079 70700==
41598 21995 30000 10070 20047 39909 40193 71000 83030 333 20062 56090 58043 60007 70080 83360=
41600 11440 40501 10085 20074 39892 40200 60001 70410 83570 333 20064 56880 58054 72660==
41620 31696 32302 10055 21040 38600 48501 70500 83500 333 20005 56900 58042 60007 70000 83640=
41624 21695 50000 10120 20090 39983 40189 70400 82520 333 20090 56990 58070 60007 70000 82637 83460=
41630 11940 03101 10110 20085 30000 40219 60001 71000 333 20086 58081 70470==
41640 21996 40000 10110 20068 39944 40203 70440 80009 333 20085 56009 58050 60007 70092 84970=
41660 22997 61310 10070 21043 38447 48538 86030 333 20019 56090 58006 69907 86358=
41678 11940 03101 10140 20102 30000 40152 60001 70400 333 20128 58010 70000==
41696 12960 00000 11005 21063 38012 48490 60001 333 21016 58019 70000==
41697 12960 00000 10160 20124 39993 40153 60001 333 20140 58021 70000==
41700 11410 63602 10105 20095 30048 40181 60001 71040 84530 333 20094 56880 58058 70000==
41710 12460 20000 10135 21018 39352 40131 60001 82500 333 20084 56800 59023 70000==
41712 21696 70000 10125 21036 39187 48496 75052 85520 333 20070 56990 59021 69907 79999 85640 86460=
41715 21994 50504 10165 20129 30127 40193 70400 85030 333 20130 56090 58059 60007 70000 85360=
41718 11910 00000 10130 20101 30058 40164 60001 71000 333 20122 58042 70000==
41725 11940 00502 10145 20097 30073 40153 60001 70500 333 20140 58032 70000==
41739 12440 40000 10125 20014 39052 48020 60001 84500 333 20100 56800 59001 70000==
41744 12440 70000 10120 20046 38787 48080 60001 84520 333 20104 56880 58007 70000==
41749 11940 40502 10170 20125 30135 40170 60001 70400 84030 333 20154 56080 58048 70000==
41756 21996 61308 10230 20199 30071 40137 70504 80001 333 20160 56009 58004 60007 70000 86070=
41757 11940 60000 10200 20176 30151 40164 60001 70500 86830 333 20184 56080 58020 70000==
41759 11440 70000 10180 20136 30141 40147 60001 70500 85510 333 20150 56880 58014 70000==
41764 21996 23610 10190 20118 30116 40167 70400 82030 333 20180 56090 58039 60007 70000 82360=
41768 22996 00000 10160 20114 30162 40169 333 20145 58044 60007 70000=
41780 21996 30204 10195 20079 30135 40163 70400 82600 333 20180 56900 58034 60007 70000 82720=
41785 12940 00000 10205 20173 30147 40160 60001 333 20182 58035 70000==
41859 01940 00502 10207 20150 30125 40163 70500 333 20173 59006 70000==
41883 02950 03201 10225 20180 30141 40162 333 20182 59002 70000==
41891 01945 00902 10225 20120 30122 40161 70510 333 20180 59008 70000==
41907 01908 00000 10205 20200 30149 40164 74340 89/// 333 20146 58005 70000==
41923 01940 00000 10250 20180 30155 40165 70500 333 58003 70000==
41936 01906 00000 10200 20170 30152 40159 74244 333 20170 58004 70030==
41943 01/30 33402 10235 20190 30153 40160 70544 83010 333 20188 58003 70000 83460==
41950 41940 00000 10232 20190 30162 40164 70510 333 20184 58005==
41978 01423 30503 10258 20170 30154 40160 70644 81530 333 20218 58006 70000 81618 83362==
41992 01930 00304 10265 20200 30159 40161 70500 333 20220 58007 70000==
42027 22596 80901 10036 20001 38477 48563 8452/ 333 20016 58095 6011/=
42071 21996 32904 10094 20077 40202 71000 83030 333 10151 20061 58050 6030/ 83360 555 00304 10044=
42101 22996 00000 10124 20116 40201 333 10225 20100 58035 6001/ 555 00010 10022=
42111 21994 02301 10122 20111 39469 40187 71000 333 10204 20104 58018 6000/ 555 00063 10016=
42123 31996 40501 10092 20084 40205 71000 82031 333 10246 20085 58066 82360 85070 555 10017=
42131 31/93 92701 10108 20108 40201 74544 333 10255 20099 58053 555 10016=
42165 31995 00000 10138 20123 40187 71044 333 10280 20127 58067=
42182 31995 00000 10144 20133 40179 71000 333 10274 20123 58033 555 10008=
42189 21995 00000 10156 20119 40177 71021 333 10229 20116 58026 6001/ 555 00012 10015=
42309 32996 00000 10200 20145 40173 333 20088 59013 555 10112=
42314 31995 20203 10210 20141 40172 70510 82030 333 20122 59014 82360 555 10088=
42328 31995 20704 10150 20096 40165 70500 82030 333 10294 20144 58068 82360 555 10002=
42339 31995 00201 10170 20119 40189 70500 333 10309 20159 58061 555 10001=
42348 31995 09902 10190 20118 40175 70500 333 10283 20168 58037 555 10015=
42361 31994 40502 10170 20138 40181 71021 84030 333 20150 58032 84360 555 10008=
42369 21595 00502 10198 20115 40179 70511 333 10274 20155 58026 6990/ 83630 84358 555 00000 10001=
42379 31995 00000 10180 20145 40168 71000 333 10290 20124 58010 555 10000=
42398 31896 23203 10222 20160 40162 70500 82030 333 20166 59004 555 10000=
42410 31595 10000 10192 20148 40176 71000 81500 333 20127 59010 81620 555 10004=
42415 32996 00000 10208 20101 40180 333 20142 59013 555 10020=
42452 31996 03601 10196 20104 39850 40167 70500 333 10305 20172 58042 555 10014=
42492 31994 03202 10210 20174 40171 71040 333 20186 58016 555 10001=
42559 32996 00000 10170 20115 40156 333 20150 58019 555 10000=
42571 31996 00000 10202 20144 40163 70500 333 20164 58023 555 10002=
42591 31594 50000 10194 20181 40179 71044 83530 333 20150 58016 83620 85360 555 10000=
42623 31495 71801 10148 20131 39300 40188 71022 81630 333 20101 59003 81710 83618 87360 555 10008=
42634 31995 00000 10208 20150 40169 70500 333 20190 58032 555 10000=
42647 31995 03602 10228 20151 40163 70500 333 20190 58025 555 10000=
42667 32996 02906 10202 20103 39571 40164 333 20150 58021 555 10000=
42675 31996 00000 10190 20134 40161 70500 333 20145 58019 555 10000=
42701 21994 20000 10188 20172 39430 40169 71000 82030 333 20156 58016 6004/ 82360 555 00038 10015=
42724 31494 43601 10218 20196 40162 71011 82530 333 20182 58003 82618 83360 555 00000 10000=
42737 31996 00000 10218 20196 40165 71000 333 20190 58017 555 10000=
42754 31996 03605 10216 20113 39520 40158 70500 333 20154 58020 555 10000=
42779 32996 00000 10196 20143 39467 40171 333 20158 58022 555 10000=
42798 21995 02904 10214 20179 40166 71000 333 20162 58009 6003/ 555 00032 10003=
42809 21995 00000 10224 20183 40168 70500 333 20180 58012 6016/=
42840 31995 00000 10234 20143 40158 70500 333 20200 58018 555 10000=
42867 31996 02901 10244 20122 40160 70500 333 20161 58023 555 10001=
42874 31996 00502 10234 20206 40160 71000 333 20217 58027 555 10000=
42886 31595 20000 10214 20185 40174 70500 82500 333 20159 58028 82620 555 10000/84=
42895 22996 20000 10232 20201 40167 82030 333 20179 58030 6007/ 82360 555 00069 10025=
42909 32996 00203 10232 20136 40152 222// 20000 333 20214 58013 555 10000=
42971 21996 22302 10234 20213 40169 71000 82030 333 20195 58019 6022/ 82360 555 00222 10025=
43003 31995 00000 10228 20159 40143 70400 333 20200 58012 555 10000=
43014 31995 01102 10230 20101 39507 40155 70544 333 20185 58025 555 10000=
43041 31995 00502 10234 20188 39544 40160 70500 333 20188 58020 555 10000=
43063 32997 00000 10198 20138 39533 40166 333 20149 58016 555 00000 10000=
43086 31496 20000 10256 20241 39973 40151 70510 82600 333 10344 20216 58017 555 10000=
43110 31995 03401 10250 20169 40139 70544 333 20215 58011 555 10000=
43117 32597 13602 10240 20188 40154 81500 333 20220 58020 555 10000=
43128 31996 39902 10252 20198 39548 40151 70511 80001 333 10354 20228 58021 83070 555 10000=
43150 31596 60000 10266 20228 30105 40167 70522 83831 222// 20000 333 10321 20243 58014 82620 83075 555 10000=
43185 31996 00000 10252 20228 30151 40155 70500 333 10330 20226 58019 555 10000=
43189 31596 50000 10256 20223 30158 40167 70522 82530 333 10327 20220 58014 555 10000=
43192 43196 31995 10250 20241 20501 40143 70500 80002 333 10322 20240 58015 555 10000=
43198 32496 30503 10234 20143 39319 40141 82501 333 10340 20208 56109 58018 82612 555 10000=
43201 22997 00000 10232 20148 39399 40125 333 10361 20193 58017 6001/ 555 00010 10001=
43213 31996 00000 10250 20217 39820 40138 70500 333 10375 20234 58016 555 10000=
43233 32997 00000 10244 20186 39337 40152 333 10340 20196 58014 555 10000=
43237 31996 20000 10244 20180 39730 40123 70500 80001 333 10369 20209 58020 82075 555 10000=
43245 32597 30000 10256 20223 30132 40159 82501 333 10332 20240 58021 555 10005=
43279 31595 22902 10260 20228 30139 40157 71000 81501 333 10327 20224 58012 81620 555 10056=
43284 31194 31104 10264 20238 30021 40136 71000 82601 333 10333 20254 58011 82703 555 10036=
43295 32997 10503 10230 20157 39138 48546 80001 333 10332 20190 58015 81075 555 10005=
43310 32597 41802 10278 20252 40123 82211 333 20248 59006=
43314 32996 10000 10280 20252 40140 80001 333 10365 20262 58015 555 10000=
43321 31496 30506 10232 20195 39706 40156 71000 81501 333 10350 20214 58015 81615 555 10001=
43329 31996 10000 10252 20225 30138 40152 71000 80001 333 10312 20218 58014 555 10005=
43333 31496 30502 10292 20240 40145 70511 83400 333 20245 56100 58006 81618 83820 555 10074=
43344 31495 20503 10252 20225 30055 40156 71000 81501 333 10335 20214 58013 81616 555 10015=
43353 31495 41405 10272 20238 40139 71021 81530 333 10314 20260 56790 58013 81616 83720 555 10002=
43369 32497 40000 10268 20254 40135 84400 333 10331 20250 58011 83618 555 10073=
43371 31996 00000 10250 20232 30065 40138 71000 333 10336 20232 58006 555 10049=
44212 42984 31401 11247 21284 39331 40619 52010 80004==
44213 42/84 60000 11218 21243 38962 40593 52011 86010==
44214 42960 03202 11150 21215 38387 40522 52007==
44215 41/40 60000 11239 21268 38536 40612 52012 71042 86010==
44217 32998 00000 11252 21287 37941 40669 52008 333 91200=
44218 41940 32801 11192 21221 38752 40573 51013 77600 80004==
44219 32999 31302 11240 21268 38773 40614 52011 80004 333 91203=
44265 42984 00802 11108 21165 38951 40445 52020==
44266 32999 01602 11161 21197 37852 40539 52011 333 91206=
44404 22958 00903 10106 20071 38166 48508 80000 333 20043 58021 60014=
44416 22960 02703 10139 20114 39405 40179 80000 333 20094 58013 60014=
44424 22960 01502 10047 21025 37689 47076 80000 333 21012 58002 60004=
44434 22560 10702 10140 20095 39274 48551 81100 333 20074 58008 60004=
44438 21922 00000 10178 20149 30045 40173 70544 80000 333 20136 58009 60004=
44449 21950 03602 10196 20145 30009 40165 71044 80000 333 20140 58007 60004=
44454 21420 21502 10122 20102 38700 48535 71044 82100 333 20080 58008 60004=
44462 21230 40903 10112 20092 38282 48504 7104/ 84600 333 20084 58009 60004=
44474 21020 40000 10122 20069 38289 48535 71044 84400 333 20081 58015 60004=
44477 21440 11801 10152 20087 38850 48556 7054/ 81100 333 20098 58004 60004=
44478 21912 00303 10190 20165 30082 40164 7104/ 80000 333 20145 58003 60004=
48010 42556 61801 10195 20168 30003 40157 83730 333 59010==
48020 42358 61801 10195 20172 84830==
48025 41320 80000 10192 20175 31003 40172 59008 70522 8587/==
48048 41950 01801 10225 20156 30096 40154 70500 333 59004==
48052 32457 40000 10228 20172 82406 333 56909=
48062 42556 20402 10250 20219 30142 40149 82500 333 58004==
48064 42956 01401 10222 20185 30066 40125 333 59010==
48094 42958 03202 10275 20215 30138 40148 333 58001==
48109 42460 20401 10290 20230 30150 40153 82500 333 58007==
51076 14/08 /0000 11152 21167 39483 40442 52021 60001 71000 333 11002 21195 3/102 4/025 58062 70000 90761 91102==
51087 14/10 /0000 11137 21155 39332 40440 52021 69921 71000 333 10038 21160 3/105 4/016 58066 70002 90761 91103==
51156 14/80 /3603 11042 21133 38788 40389 52012 60001 333 11010 21118 3/114 58045 70000 90761 91106==
51243 14/16 /0401 11142 21159 39837 40434 52017 60001 72800 333 11040 21156 3/114 58058 70000 90761 91103==
51334 14/25 /2000 11139 21155 39985 40428 52017 60001 70500 333 11038 21184 3/110 4/012 58040 70000 90761 91103==
51379 14/34 /0901 11132 21151 39406 40444 52007 60001 71000 333 11064 21196 3/106 4/022 58047 70000 90761 91103==
51463 14/65 /2301 11057 21105 39141 40404 52011 60001 333 11057 21107 3/101 4/034 58050 70000 90761 91105==
51573 14/64 /0301 10043 21135 30256 40307 52022 60001 333 10117 21016 3/107 58024 70000 90761 91106==
51644 14/43 /0101 11014 21079 39013 40311 52021 60001 70500 333 10083 21038 3/105 58018 70000 90761 91102==
51656 14/58 /2802 11006 21081 39218 40313 52025 60001 333 10083 21048 3/108 58017 70000 90761 91103==
51709 14/58 /2903 11017 21135 38672 40292 52016 60001 333 10061 21037 3/106 58014 70000 90761 91104==
51711 14/61 /2201 11031 21142 38044 40241 52011 60001 333 10032 21076 3/110 58010 70000 90761 91105==
51716 14057 00000 11025 21113 38965 40302 52017 60001 333 10080 21046 3/109 58015 70000 90761 91102==
51765 14/62 /3001 11019 21134 39279 40316 52021 60001 333 10099 21069 3/112 58022 70000 90761 91103==
51811 14019 00000 11018 21111 38837 40288 52016 60001 333 10090 21046 3/111 58019 70000 90761 91102==
51818 14/58 /0000 10015 21159 38684 40279 52014 60001 333 10085 21032 3/110 58019 70000 90761 91103==
51886 14/73 /3201 11102 21252 37111 40274 52011 60001 333 10025 21151 3/119 59020 70000 90761 91106==
52203 14/68 /2002 10002 21153 39401 40313 52019 60001 333 10109 21076 3/113 58021 70000 90761 91103==
52602 14/70 /0203 11058 21241 37260 40271 52010 60001 333 10020 21136 3/119 59032 70000 90761 91106==
52818 14/80 /3003 11040 21226 37221 40209 52013 60001 333 10059 21108 3/115 4/001 59030 70000 90761 91108==
52908 14/80 /2304 11073 21270 35727 40171 52005 60001 333 11041 21202 3/124 59038 70000 90761 91111==
55228 14/80 /2903 11083 21240 36028 40248 52025 60001 333 11010 21106 3/114 58020 70000 90761 91108==
55299 14/80 /2703 11058 21182 35837 40132 52011 60001 333 10015 21102 3/114 59024 70000 90761 91110==
55578 14/80 /2305 10025 21201 36375 40096 52015 60001 333 10086 21033 3/108 59014 70000 90761 91109==
55591 14/76 /0501 10031 21080 36519 40095 52017 60001 333 10083 21017 3/108 59035 70000 90761 91104==
55664 14/80 /2701 11048 21183 36023 40208 52011 60001 333 10042 21118 3/114 59001 70000 90761 91105==
55773 14/73 /1102 11049 21099 36017 40203 52012 60001 333 10024 21079 3/110 59005 70000 90761 91109==
56004 14/80 /0602 11093 21249 35790 40175 52004 60001 333 11017 21186 3/124 59041 70000 90761 91105==
56018 14/60 /1801 11060 21200 36166 40184 52004 60001 333 10015 21102 3/113 59035 70000 90761 91104==
56312 14/80 /2002 10029 21052 37109 40183 52007 60001 333 10110 20005 3/101 59023 70000 90761 91109==
62332 32560 32906 10130 20066 40195 54000 83500=
62366 35560 43003 10119 20046 40202 57003 84500=
62387 32960 03005 10101 20061 40204 52001=
62393 32960 00106 10098 20047 40219 52003=
62405 32960 01502 10113 20036 40183 52007=
62414 32960 03403 10124 20023 40181 54000=
62419 32960 00107 10155 20057 40173 52005=
62420 32560 53602 10110 20061 40216 57014 85500=
62458 32960 03403 10136 20028 40198 52006=
63333 43980 20000 10104 20053 38180 40156 80001 333 58023 82070=
63340 43580 33602 10150 20058 37933 40152 81530 333 59008 81625 83358=
63403 41960 20000 10168 20137 710// 82030 333 82360=
63450 42980 01803 10122 20032 37751 40269 333 58007=
63453 43980 00000 10154 20107 39098 40329 333 58018=
63471 41959 01101 10190 20126 38862 40139 70500 333 58000=
63474 43980 00000 10105 20017 37612 4//// 333 59002=
63500 43980 00000 10164 20066=
63533 41975 00302 10185 20111 38510 4//// 705// 333 59002=
41256 32559 62707 10233 20209 30122 40139 86500 90245 333 58019 55003 55407 55408 55507 55508 86630=
41316 32980 23402 10213 20182 30125 40155 82500 90245 333 58011 55000 55407 55408 55507 55508 82625=
