SIPK OPKC 131500=
41504 22995 70000 10035 21103 37830 48486 87050 333 56090 58036 60007 83360 86460 RH36%=
41506 22995 00000 10070 21027 38533 48529 333 58023 60007 50%=
41506 22995 00000 10070 21027 38533 48529 333 58023 60007 50%=
41507 22996 01802 10140 20035 39259 49778 333 58004 60007 49%=
41508 22996 00000 10061 21016 38667 48534 333 58003 60007 58%=
41509 22996 00000 10085 21030 38765 48504 333 58005 60007 44%=
41510 22996 00000 10000 21041 37914 48530 333 58004 60007 74%=
41515 22995 00000 10084 21123 38559 48521 333 59001 60007 21%=
41516 22996 00000 10080 21021 38539 48497 333 58036 60007 RH49%=
41517 21996 00000 10010 21080 37787 48521 70400 333 58025 60007 51%=
41518 22696 41806 10122 21123 38/// 48/// 82520 333 56990 5//// 60007 83640 82462 17%=
41519 22996 03102 10140 21010 38758 48500 333 58035 60007 RH36%=
41520 22695 11802 10000 21095 37631 48285 81500 333 56900 58021 60007 81640 49%=
41523 22996 00000 10120 20007 39087 48503 333 59007 60007 46%=
41524 22997 00000 10120 20048 39360 40234 333 59008 60007 61%=
41525 22996 00000 10020 21018 37672 48403 333 58005 60007 76%=
41528 21996 00000 10220 20073 39205 48514 70400 333 10236 59003 60007 39%=
41529 22996 00000 10140 20028 39779 40166 333 59002 60007 47%=
41534 22996 40000 10150 20069 39738 40156 84030 333 56090 59007 60007 84362 58%=
41535 22996 00000 10080 20010 38719 48486 333 59003 60007 61%=
41536 22996 00000 10100 20059 39038 48503 333 59008 60007 76%=
41560 22996 00000 10065 21004 38318 48547 333 59002 60007 61%=
41562 22996 40000 10140 20028 39685 40155 84030 333 56090 59003 60007 84360 47%=
41565 22996 33102 10094 21032 38657 48523 80030 333 56090 59002 60007 83460 41%=
41567 21996 00000 10150 21005 39712 40133 70500 333 59010 60007 35%=
41571 219// 23110 10135 21037 39576 40172 70500 80001 333 56009 59010 60007 RH30%=
41573 22997 00000 10050 21039 37965 48498 333 59004 60007 52%=
41574 22997 00000 10050 20028 38349 48531 333 59005 60007 86%=
41576 22997 13104 10145 21014 40171 81030 333 56090 59013 60007 81360 33%=
41577 21996 00000 10130 20021 39540 40163 70500 333 56000 59012 60007 RH 48%=
41593 21996 40000 10180 20058 39931 40148 70511 84070 333 56090 59011 60007 84460 45%=
41597 21996 30000 10165 20036 40164 70511 84030 333 56090 59007 60007 84362 42%=
41598 21996 03102 10165 20004 39881 40154 70500 333 58005 60007 33%=
41599 21696 62706 10160 20028 39857 40149 70500 83470 333 56990 59007 60007 83640 41%=
41600 23102 10170 20028 40137 70511 333 59014 60007 39%=
41600 21996 03102 10170 20028 40137 70511 333 59014 60007 39% CORR=
41620 32696 40000 10140 20007 38573 48477 84500 333 56900 59022 60007 84640 40%=
41624 21995 31302 10190 20096 40145 70400 83020 333 56090 59005 60007 83460 55%=
41625 21996 30000 10175 20064 40123 70400 83030 333 59022 60007 83360 48%=
41630 21996 40000 10170 20094 40157 70410 84030 333 56090 59009 60007 84360 61%=
41630 21996 40000 10170 20094 40157 70410 84030 333 56090 59009 60007 84360 61%=
41633 21996 40000 10180 20071 4//// 70400 84030 333 56090 5//// 60007 84360 49%=
41634 22997 00000 10175 21038 3//// 4//// 333 5//// 60007 23%=
41635 21696 70000 10180 20071 3//// 4//// 70400 83570 333 56990 5//// 60007 83640 86462 49%=
41636 21996 20000 10170 20094 39973 40160 70400 82030 333 56090 59001 60007 82360 61%=
41638 21996 23202 10190 20118 4//// 70400 82030 333 56090 5//// 60007 82360 63%=
41639 21996 30502 10170 20043 4//// 70410 83030 333 56090 5//// 60007 83360 43%=
41640 21996 00000 10185 20078 39901 40150 70400 83030 333 56090 59007 60007 50%=
41641 21996 32705 10180 20071 39881 40156 70511 83030 333 56090 59002 60007 83360 49%=
41642 21996 33108 10170 20043 3//// 4//// 70500 83030 333 56090 5//// 60007 83460 RH43%=
41643 21695 50000 10160 20069 39860 40139 70410 82570 333 56990 59012 60007 82640 84460 55%=
41644 21696 30000 10165 20109 4//// 70400 83020 333 56090 5//// 60007 83460 70%=
41646 21995 00000 10175 20100 39960 40177 70400 333 59004 60007 61%=
41652 21996 00000 10170 20057 39983 40164 70500 333 59009 60007 47%=
41660 229// 72308 10140 21030 38454 48544 85031 333 56099 59030 60007 85357 83067 RH33%=
41669 21996 00000 10195 20091 3//// 4//// 70400 333 5//// 60007 51%=
41670 21996 00000 10180 20117 3//// 4//// 70400 333 5//// 60007 66%=
41674 21996 20000 10190 20118 3//// 4//// 70400 82030 333 56090 5//// 60007 82362 63%=
41675 21996 00000 10210 20111 30004 40147 70400 82030 333 56090 59016 60007 82360 53%=
41676 21995 00000 10200 20120 30007 40164 70400 333 59013 60007 60%=
41677 21996 00000 10170 20115 39973 40141 70400 333 59010 60007 70%=
41678 21996 00000 10200 20086 40159 70500 333 59002 60007 48%=
41679 21696 53102 10180 20058 4//// 70522 82570 333 56990 5//// 60007 82640 83460 45%=
41680 21996 00000 10175 20111 40159 70400 333 59009 60007 66%=
41685 22997 20000 10175 20016 38917 48505 82020 333 56090 59016 60007 82460 RH34%=
41696 22696 60000 10120 21014 38013 48528 84520 333 56990 59003 60007 84640 82460 RH39%=
41697 22996 00000 10240 20068 40139 333 59024 60007 RH33%=
41700 21995 00000 10205 20116 40135 70400 333 59028 60007 56%=
41701 21995 00000 10190 20128 30014 40157 70400 333 59017 60007 67%=
41710 22996 50000 10215 21013 40117 85010 333 56090 59046 60007 85460 RH22%=
41715 21996 00000 10210 20088 40149 70500 333 58017 60007 RH45%=
41716 21996 00000 10200 20098 40147 70400 333 59024 60007 52%=
41718 21995 00000 10200 20109 40137 70400 333 59021 60007 56%=
41724 21995 00000 10220 20113 40154 70500 333 59028 60007 RH51%=
41725 22996 00502 10240 20094 40140 333 59019 60007 RH39%=
41726 21995 00000 10250 20131 30093 40164 70500 333 59019 60007 RH 47%=
41738 22996 02310 10270 20009 39991 40167 333 59016 60007 RH18%=
41739 22996 40000 10215 20052 39061 48526 84030 333 56090 59004 60007 84360 RH35%=
41742 22996 01802 10260 20058 40137 333 59013 60007 RH27%=
41743 21996 00502 10235 20143 70400 333 60007 RH 56%=
41744 22996 00000 10210 21045 38809 48539 333 58008 60007 RH 18%=
41745 21996 01302 10235 20143 70400 333 60007 RH56%=
41746 22996 00000 10215 20138 40132 333 59027 60007 RH62%=
41747 21996 00000 10215 20070 40119 70500 333 59029 60007 RH39%=
41748 21996 03602 10235 20132 40143 70500 333 59030 60007 RH52%=
41749 21996 01304 10220 20113 40137 70400 333 59026 60007 RH51%=
41756 21996 02306 10235 20143 40158 70504 333 59010 60007 RH56%=
41757 22996 02310 10240 20139 30148 40161 333 59011 60007 RH53%=
41759 22996 02304 10250 20184 40161 333 58007 60007 RH37%=
41764 22996 01808 10265 20081 30084 40134 333 59025 60007 RH31%=
41765 22996 02304 10270 20089 30108 40143 333 59029 60007 RH32%=
41766 21996 01804 10220 20134 40162 70400 333 59014 60007 RH58%=
41767 02996 00000 10230 20156 3//// 4//// 333 60007 RH63%=
41768 22996 02302 10240 20158 30142 40149 333 59008 60007 RH60%=
41780 21995 02304 10235 20132 30125 40152 70400 333 59011 60007 RH52%=
41783 22996 02704 10250 20131 30108 40137 333 59015 60007 RH 47%=
41785 22996 00000 10240 20158 30133 40146 333 59008 60007 RH 60%=
41786 22996 00000 10250 20084 30095 40131 333 59005 60007 RH 35%=
41BKI 22996 20000 10180 20095 39736 40154 82030 333 56090 58000 60007 82360 RH58%=
41SKP 22997 30000 10160 20104 4//// 83030 333 56090 5//// 60007 83360 69%=
43532 21996 00000 10150 20036 39336 40141 70400 333 59003 60007 46%=
43533 22997 00000 10130 20048 39228 48496 333 58009 60007 57%=
43563 22997 00502 10156 20015 40145 333 59014 60007 39%=
41712 22996 32302 10210 20013 39208 48535 83010 333 56090 59007 60007 83460 RH27%=
41530 219// 32304 10150 21070 39734 40152 81031 333 56099 59014 60007 81362 21%=
41661 22697 43102 10160 20004 38395 48521 84530 333 56990 59025 60007 35%=



 
Data Generated from File : D:/all data handling/Rmc_lhr/2025021315.FSU.txt
13/02/2025   16:16:36
____________________________________________________________________________________________
15020 27/58 81102 10012 21054 30009 40214 57015 7101/ 83077 333 55302 20389 60007 91004 90730 91104==
15090 24964 31902 10046 21059 30123 40218 57019 80006 333 55309 00230 20702 30218 60007 91004 90730 91104==
15108 22270 72706 11054 21141 38052 48472 57009 83570 333 55300 20386 60007 91008 90730 91109==
15150 24/60 71701 10034 21044 39992 40211 57022 83038 333 55306 20459 60007 91001 90730 91104==
15170 24/70 72901 10035 21108 39400 42793 57017 82048 333 55305 20502 60007 91001 90730 91102==
15280 22270 82905 11072 21083 37461 47001 57006 8657/ 333 55309 20844 60007 91008 90730 91109==
15310 24970 51903 10068 21049 30136 40224 57021 80006 333 55310 00180 20743 30627 60007 91007 90730 91107==
15335 24968 01605 10033 21024 30229 40237 57018 333 55306 20545 60007 91007 90730 91108==
15350 24/70 42106 10054 21055 30104 40227 57020 84050 333 55304 20390 60007 91007 90730 91109==
15360 24965 01808 10029 21004 30226 40243 56019 333 55310 20739 60007 91009 90730 91109==
15420 24/64 52101 10053 21046 30113 40227 57019 85070 333 55300 20299 60007 91003 90730 91104==
15460 24/70 43202 10072 21050 30204 40229 57020 84070 333 55308 20693 60007 91003 90730 91104==
15470 24/67 82801 10039 21042 30102 40232 57020 8807/ 333 55300 20382 60007 91002 90730 91103==
15480 24966 31702 10057 20004 30221 40239 56018 80004 333 55310 00220 20780 30375 60007 91006 90730 91109==
15549 42570 61601 10070 21031 39791 40210 57016 83530 333 10086 21042 555 549//=
15552 42960 31403 10053 20020 30193 40243 57014 80009 333 10091 21029 555 580// 92034 92437=
15640 42674 70000 10055 20018 39926 40244 57022 87500 333 10068 21035 555 577//=
15655 42968 31104 10059 20027 30204 40238 57021 83030 333 10064 21039 555 580// 92033 92437=
15730 42670 81804 10064 20003 39828 40230 57020 82247 333 10067 21024 555 565//=
16627 42565 80000 10072 20024 30240 40247 57019 8117/ 333 81825 88357 90730 91104==
16650 42560 71803 10088 21009 30243 40253 57015 81170 333 81825 87358 90730 91107==
16667 42960 29903 10084 20004 30247 40259 57013 80001 333 90730 91111==
16706 42560 30107 10108 20041 30238 40246 57015 81401 333 81630 83068==
16723 42560 10108 10114 20009 30230 40243 57020 81200 333 90730 91117==
16742 42460 13506 10104 21006 30082 40240 57011 81100 333 90730 91115==
16749 42960 12912 10130 20020 30213 40227 57006 80001 333 90730 91118==
16754 42560 60705 10124 20061 30199 40249 57013 82151 333 82820 85358 90730 91108==
16760 42560 50205 10106 20028 40247 57011 81201 333 81820 85068 90730 91109==
16765 42560 13211 10126 20026 40241 57010 81101 333 90730 91125==
17022 42670 71501 10052 20002 30094 40265 58005 84250 333 84834 87360 90730 91109==
17024 42470 52107 10053 20024 30165 40245 58004 83530 333 81717 83635 85360 90730 91123==
17026 42570 53213 10060 20024 30211 40251 51001 83205 333 83830 85270 90730 91124==
17031 41457 73319 10049 20017 30237 40244 52011 78022 87200 333 83715 87830 90730 91130==
17034 41562 72005 10046 20024 30190 40237 52010 78088 84250 333 84830 87358 90730 91114==
17038 41458 72807 10067 20050 30166 40215 52010 76122 87500 333 84711 87633 90730 91115==
17042 42970 70000 10080 20036 30176 40216 52006 80008 333 87270 90730 91103==
17050 42670 61804 10078 20003 30182 40247 57017 83530 333 83635 86358 90730 91109==
17056 42970 01306 10068 20034 30250 40255 57020 333 90730 91110==
17060 42960 02306 10067 21001 30218 40253 57014 333 90730 91110==
17070 41565 72101 10012 21034 39353 40252 58003 70272 85520 333 85630 87460 90730 91109==
17074 41560 73304 10013 20007 39284 40246 50003 72272 85550 333 85630 87360 90730 91109==
17084 42670 83405 10024 20018 39299 40229 52011 8452/ 333 84635 88460 90730 91111==
17085 41670 73402 10042 21008 39725 40229 52017 70262 85570 333 85640 87360 90730 91115==
17092 42660 71408 10025 21012 38831 48460 51002 84550 333 84640 87357 90730 91118==
17096 41557 71012 11047 21064 38205 48480 56005 71022 85550 333 85625 87357 90730 91120==
17098 42660 70307 11035 21091 38182 48502 57002 85530 333 85635 87357 90730 91112==
17100 41959 50000 10042 21075 39200 40232 56006 70511 80008 333 85268 90730 91104==
17112 42/65 53402 10085 21010 30245 40248 57013 85030 333 85360 90730 91107==
17115 42660 31101 10077 21011 30203 40255 57018 83100 333 83835 90730 91107==
17116 42670 33201 10053 20010 30133 40258 57012 83100 333 83835 90730 91105==
17124 42560 63105 10020 21043 39314 40262 50000 86500 333 86630 90730 91114==
17128 42660 53512 10029 21084 39103 40236 52008 83130 333 83840 84360 90730 91124==
17135 42670 60106 10046 21044 39321 40216 53006 83550 333 83635 86360 90730 91116==
17140 41450 80603 11019 21024 38699 48482 52014 77177 8652/ 333 82712 86630 88457 90730 91117==
17150 42660 13302 10084 21010 30122 40249 57016 81100 333 81835 90730 91107==
17160 41657 73510 11001 21031 39025 48485 52014 77077 84550 333 84635 87358 90730 91123==
17170 42560 50306 11010 21040 38313 48489 50003 84550 333 84630 85358 90730 91121==
17175 42965 00000 10088 21013 30240 40244 57014 333 90730 91105==
17184 42670 13102 10103 21014 30130 40244 57012 81100 333 81840 90730 91106==
17190 42670 50000 10034 21060 39022 48510 58002 83550 333 83635 85360 90730 91109==
17195 41457 82907 10003 21016 38956 48470 52007 71022 8652/ 333 83715 86625 88457 90730 91115==
17200 41243 82605 10020 20016 39161 40167 55002 76166 8572/ 333 83705 85630 88458 90730 91111==
17202 41460 80611 10027 20025 39109 40169 58005 70272 8552/ 333 82712 85630 88458 90730 91121==
17203 41530 80000 10007 21003 38859 48508 58006 77177 8552/ 333 85632 88457 90730 91104==
17210 41562 81402 10048 20023 39132 40179 58004 76062 8452/ 333 84630 88458 90730 91114==
17219 42965 03612 10095 20002 30100 40249 57010 333 90730 91116==
17234 42970 01903 10117 20000 30174 40244 57011 333 90730 91106==
17237 42670 10000 10083 21049 39730 40248 57010 81100 333 81840 90730 91104==
17240 42570 30108 10048 21065 39061 40241 53003 83200 333 83830 90730 91116==
17244 42670 43213 10031 21062 39013 48500 52006 84500 333 84635 90730 91128==
17248 41520 82502 11006 21013 38988 48486 52009 77377 8452/ 333 84630 88458 90730 91109==
17250 41613 82303 11025 21039 38802 48487 52008 77022 8452/ 333 84635 88459 90730 91110==
17260 41560 72304 10019 20012 39302 40134 53001 70287 84550 333 84620 87357 90730 91124==
17270 42970 /2407 10042 20018 39511 40170 53000 333 90730 91118==
17275 42670 71601 10038 20021 38966 48482 56001 84550 333 84640 87360 90730 91116==
17280 41660 72505 10042 20031 39366 40169 57007 72562 84130 333 84835 86359 90730 91116==
17290 42970 03403 10132 21020 30210 40243 57008 333 90730 91115==
17292 42970 00302 10082 21117 39456 40232 55002 333 90730 91112==
17300 42960 03114 10133 21051 30143 40215 53003 333 90730 91125==
17310 42970 02201 10159 21052 30175 40182 53002 333 90730 91105==
17330 42/70 42704 10119 21019 30158 40176 52006 84030 333 84360 91014 90730 91116==
17350 41/60 32304 10095 20039 30080 40160 53007 70161 81031 333 81357 83070==
17370 42670 50000 10094 20042 30167 40171 53002 83230 333 83835 85360==
17375 42970 02001 10120 21016 30207 40209 52008 333 90730 91109==
33088 42960 01503 10016 21072 30002 40197 57017==
33135 42960 81201 11019 21077 30077 40230 57021 80001==
33177 42570 71202 10037 21033 39940 40180 57018 87500==
33317 42970 01302 10010 21070 39856 40201 57018==
33393 42660 71402 10026 21073 39786 40184 57013 85530 333 85646==
33415 42/60 71503 10016 21045 39791 40196 57014 87030==
33429 42960 21703 10006 21070 39772 40204 57016 80001==
33466 42970 61702 10004 21059 30037 40230 57019 80002 333 31///==
33506 42960 23002 11020 21087 30043 40247 57012 80001==
33562 42960 01602 10016 21059 39909 40221 57019==
33587 42970 01801 10010 21084 39958 40228 57017==
33658 42/62 71303 10003 21051 39900 40208 57015 80030==
33663 42970 01201 10031 21061 30120 40218 57018==
33664 42998 01502 10011 21067 39886 40210 57014=
33678 42998 01804 10013 21088 30021 40237 57015=
33679 42997 01302 10023 21077 30036 40232 57015=
33711 42960 22102 10016 21070 30019 40234 57017 80001==
33745 42997 01903 10009 21074 30033 40230 57015=
33748 42997 02003 10023 21056 39925 40216 57017=
33754 42998 01303 10026 21082 30073 40223 57021=
33761 42970 01603 10022 21082 39999 40227 57020==
33791 42970 00000 10020 21053 30115 40246 57013==
33815 42998 01902 10034 21056 30012 40224 57016=
33837 42966 01802 10018 21023 30188 40241 56014==
33881 42598 21904 10037 21063 30018 40218 57017 82500=
33883 42998 01703 10032 21056 30055 40221 57016=
33885 42998 31803 10039 21072 30096 40235 57014 80001=
33892 42998 01702 10022 21058 30015 40233 57017=
33902 42960 02201 10026 21088 30186 40247 57012==
33924 22460 30501 11002 21026 30237 40250 57010 82605 333 60002==
33946 22/61 60704 11013 21029 30020 40250 57006 82031 333 60002==
33983 22560 60303 11029 21043 30181 40244 57005 83530 333 60002==
34300 42960 02802 11015 21113 30060 40244 57012==
34336 22960 72201 11098 21129 30147 40258 57011 80001 333 11078 69902==
34344 22970 82501 11104 21120 30159 40253 57012 80005 333 11078 60002==
34356 22960 80301 11118 21138 30097 40255 56008 80006 333 11088 60002==
34357 22970 62302 11106 21131 30085 40250 56009 80004 333 11085 69902==
34398 225// 82801 11066 21094 30241 40254 57007 885// 333 11054 60002==
34415 42970 00000 10008 21072 30140 40239 56013==
34438 22960 82601 11103 21128 30054 40258 57011 80002 333 11079 60002==
34445 22/70 62301 11133 21147 30135 40258 57010 86071 333 11099 69902==
34461 22560 80000 11095 21122 30197 40255 57008 82556 333 11081 69902==
34473 314// 82502 11084 21094 30212 40253 57009 71022 886// 333 11082=
34476 21440 81903 11074 21085 30248 40256 57011 71022 8463/ 333 11074 60002==
34504 42965 02202 10002 21074 30067 40246 57012==
34535 22960 21501 11101 21124 30184 40261 57010 80001 333 11071 60002==
34545 22970 22502 11122 21140 30142 40262 57007 80001 333 11079 69902==
34555 22560 31701 11089 21103 30169 40266 57010 83500 333 11079 69902==
34560 42260 83002 11076 21080 30053 40254 57007 886// 333 11072 88706==
34578 21/40 81301 11055 21062 30252 40259 57009 71022 8808/ 333 11055 60002==
34579 21540 81601 11062 21070 30214 40259 57010 71022 885// 333 11059 60002==
34644 21940 03601 11078 21089 30171 40252 57010 71011 333 11049 60002==
34646 22570 30401 11060 21074 30167 40253 57009 83500 333 11051 69902==
34655 22560 70000 11060 21084 30194 40257 57007 87500 333 11045 60002==
34662 22470 81402 11040 21071 30246 40258 57006 886// 333 11035 60002 88715==
34691 22/70 30000 11028 21071 30480 40467 57006 83030 333 10009 60002==
34720 22/60 40501 11056 21084 30210 40251 57011 81044 333 11041 69902==
34727 21440 50901 11072 21082 30223 40255 57010 71022 82501 333 11060 60002==
34743 22/60 20501 11051 21083 30160 40254 57007 82030 333 11033 60002==
34759 22560 50901 11055 21072 30118 40255 57005 83531 333 11018 60002==
34772 22560 80502 11038 21053 30258 40261 57007 885// 333 11033 60002==
34785 22460 81202 11030 21065 30285 40262 57009 886// 333 11027 60002==
34798 22/60 81401 11025 21058 30417 40387 57005 8805/ 333 11015 60002==
34824 22960 80401 11054 21076 30248 40253 57007 80001 333 11043 60002==
34838 22/60 80602 11037 21065 30146 40247 57005 8801/ 333 11034 60002==
34845 21/40 80701 11044 21052 30136 40249 56003 71022 8007/ 333 11044 60002==
34858 21540 20000 11035 21068 30137 40249 56006 71011 82500 333 11019 69902==
34861 22560 81201 11053 21076 39999 40253 57007 884// 333 11053 69922==
34866 22460 80000 11045 21063 30263 40254 57008 885// 333 11032 60002==
34880 22660 72901 11035 21066 30283 40256 57009 85531 333 11012 69902==
34887 22970 71402 11014 21062 30280 40257 57007 87500 333 11003 60002==
34949 22970 20402 11011 21058 39672 40233 57002 80001 333 10031 60002==
34954 22960 01102 11029 21052 30059 40240 54001 333 10026 60002==
34958 22570 81502 11033 21054 30042 40249 57006 885// 333 11033 60002==
34975 22970 03402 11021 21059 30253 40249 57005 333 10021 60002==
34984 22460 60902 11026 21054 30289 40258 57005 86600 333 11012 60002==
35217 12/// 82202 11084 21094 30220 40262 57004 60002 8802/ 333 11075==
35302 125// 82603 11066 21082 30236 40258 57003 60002 885// 333 11062==
35315 329// 01502 11077 21112 30203 40263 57004 333 11045=
35344 329// 22504 11095 21130 39959 40260 54000 82040 333 11058=
35358 129// 02302 11072 21111 30096 40272 53003 60002 333 11050==
35368 319// 02008 11074 21113 39998 40374 52007 73630 333 11037=
35386 /15// 62503 11046 21069 39733 40265 52011 70232 86900 333 11038 555 69902=
35394 41560 82205 11040 21062 39573 40261 52009 77173 8672/ 333 11038==
35404 315// 82701 11066 21071 30251 40260 57009 71022 8652/ 333 11054=
35406 129// 00000 11043 21089 30260 40262 57006 60002 333 11002==
35416 125// 81905 11068 21097 30150 40276 57004 60002 885// 333 11050==
35426 12/// 82202 11084 21117 39979 40283 53001 60002 8807/ 333 11058==
35437 329// 82602 11079 21115 39982 40309 57030 8807/ 333 11069=
35449 329// 02004 11101 21144 30166 40274 53004 333 11054=
35497 41/// 82305 11048 21058 39758 40597 52008 77173 8802/ 333 11045==
35498 /19// 32303 11062 21070 39391 40291 52006 70171 83010 333 11048 555 69962=
35514 32598 71403 11059 21070 30500 40496 57003 87500 333 11016=
35522 /25// 82401 11073 21094 30019 40281 57004 885// 333 11061 555 69932=
35542 329// 02703 11089 21118 30124 40278 53004 333 11040=
35563 31598 82306 11040 21115 39484 40267 58003 73632 885// 333 11037=
35576 415// 82305 11023 21045 39833 40289 52005 77072 885// 333 11017==
35582 /16// 52010 11038 21063 39677 40289 58052 73632 85500 333 11030 91116 555 69962=
35594 /19// 82504 11037 21055 39442 40294 52009 77173 8802/ 333 11030 555 69922=
35605 32598 82002 11042 21065 30290 40268 57005 885// 333 11019=
35633 315// 62904 11066 21082 30064 40286 53002 71022 86500 333 11054=
35671 41540 82303 11014 21028 39854 40289 53006 71022 885// 333 10004==
35699 415// 80000 11065 21084 39551 40330 52004 77172 8572/ 333 11052==
35700 12470 82301 11033 21054 30300 40276 57008 60002 887// 333 11020==
35715 32997 80000 11031 21085 30294 40279 57005 8802/ 333 11010=
35739 326// 83203 11067 21114 30143 40287 53003 885// 333 11040=
35746 125// 63302 11024 21050 30213 40281 53003 60002 83550 333 10012==
35777 /29// 00000 11046 21069 39956 40310 53004 333 10007 555 69982=
35796 12/60 80000 11054 21068 39887 40335 53001 60002 8807/ 333 11047==
35849 415// 80000 11003 21043 30190 40277 53004 78782 883// 333 10021==
35895 32997 01901 11069 21085 39884 40345 53005 333 11007=
35907 32998 70905 11023 21048 30291 40260 57006 87070 333 11015=
35925 126// 50702 11049 21064 30170 40285 54000 60002 85500 333 11020==
35927 326// 81101 11012 21063 30275 57002 885// 333 10008=
35953 125// 60000 11002 21054 30150 40281 53001 60002 85530 333 10035==
35969 129// 00000 11006 21084 30122 40298 53003 60002 333 10054==
35997 329// 00000 11054 21114 39889 40337 53009 333 11005=
36259 42584 73204 11108 21192 38165 48450 57003 85902 333 90730 91110==
36335 /15// 62311 11055 21090 39226 40265 53011 73873 86500 333 11049 91015 91119 555 69932=
36358 329// 51906 11076 21105 39233 40274 52005 85030 333 11073=
36394 326// 51905 11071 21114 39853 40288 52006 83541 333 11056=
36397 12/// 52314 11084 21131 39713 40294 52002 60002 85070 333 11066 91016 90730 91118==
36403 326// 71506 11059 21112 39926 40296 52002 86902 333 11042=
36418 /19// 81104 11141 21157 39707 40359 52007 77172 8802/ 333 11102 555 69962=
36421 /19// 80000 11126 21145 39743 40336 58001 77172 8802/ 333 11105 555 69992=
36428 416// 80901 11144 21168 39823 40355 51003 70271 8252/ 333 11105==
36439 /17// 81001 11141 21147 39011 48506 51003 77172 8857/ 333 11082 555 69902=
36498 /15// 81503 11095 21111 39514 40336 52005 70282 883// 333 11095 555 69922=
36501 319// 52314 11078 21117 39499 40271 52004 73633 85030 333 11076 91017 91120=
36535 416// 70000 11152 21173 39691 40364 52004 70272 86530 333 11137==
36546 319// 80000 11141 21154 39791 40363 52010 71022 8807/ 333 11116=
36619 319// 41001 11131 21151 77600 80001 333 11062=
36622 /15// 82310 11107 21111 39510 40349 52005 73633 8697/ 333 11099 555 69922=
36639 429// 00701 11203 21231 39733 40393 54000 333 11063==
36643 329// 02401 11199 21211 39659 40377 52006 333 11108=
36665 329// 52503 11149 21183 39586 40357 52012 80002 333 11096=
36666 329// 00000 11208 21228 39842 40380 52008 333 11112=
36729 /2598 81402 11069 21082 39865 40364 53001 885// 333 11048 555 69902=
36736 /29// 73201 11154 21156 39799 40392 54000 83031 333 11045 555 69942=
36744 329// 00000 11069 21094 39868 40334 58004 333 11004=
36770 /29// 80000 11052 21062 39601 40348 52002 8805/ 333 11040 555 69902=
36786 32999 80000 11054 21068 39398 40341 53003 8807/ 333 11049=
36796 329// 20000 11116 21155 39103 48531 53002 80001 333 11044=
36803 /2699 61902 11090 21101 39903 40373 53001 86500 333 11043 555 69952=
36806 329// 81401 11075 21171 39876 40362 53005 8805/ 333 11045=
36819 315// 80902 11044 21063 39688 40316 57015 71022 81524 333 11009=
36821 11/// 80502 11039 21057 39834 40336 58002 60002 71022 8807/ 333 11021==
36839 /1496 60000 11090 21114 39191 40369 52018 71011 82641 333 10003 555 69922=
36843 329// 32501 11045 21064 39128 40330 58001 80001 333 10015=
36846 319// 20000 11104 21114 38666 48551 53004 71000 82011 333 11032=
36859 429// 30201 11041 21056 39574 40379 54000 80005 333 10018==
36870 42/// 80201 11016 21040 39283 40311 58002 8807/ 333 10005==
36874 /26// 80501 11038 21056 39665 40472 52001 885// 333 11004 555 69902=
36877 /29// 80000 11019 21028 39724 40758 58001 8807/ 333 11003 555 69902=
36885 31/// 90000 11051 21061 39168 40328 54000 74742 333 11008=
36889 329// 31802 11118 21182 37040 47057 52002 80001 333 11066=
36894 319// 20502 11021 21052 39570 40323 51002 71000 80001 333 10025=
36905 315// 80000 11047 21053 38806 48566 52004 74022 886// 333 11025=
36911 129// 80000 11010 21016 39312 40304 58005 6//// 8807/ 333 10031 555 530//=
36927 12697 63202 11010 21088 38373 48535 53009 6//// 86900 333 10019 555 530//=
36934 12597 60601 11015 21087 38287 48420 53003 6//// 85932 333 1//// 555 530//=
36953 329// 42402 11126 21140 38245 48508 52005 80002 333 11056=
36963 117// 41402 11136 21163 37025 48/// 52003 6//// 702// 82501 333 11085 555 530//=
36974 129// 30000 11064 21105 38011 48552 53010 6//// 80005 333 10004 555 530//=
36982 129// 60101 11187 21235 36505 47125 53012 69942 86030 333 11127 555 530//=
37018 22970 60601 10078 20014 30125 40201 57009 80001 333 10133 60002==
37031 22960 23602 11015 21051 30032 40234 52001 80001 333 10043 60002==
37054 22460 80602 11029 21045 39848 40247 57004 885// 333 11017 60002==
37061 21540 50000 11036 21048 30075 40252 56008 71022 81508 333 11022 69902==
37085 22940 30803 11022 21055 30280 40253 57003 80001 333 10036 60002==
37171 22/70 82905 10082 20038 30180 40198 57004 8805/ 333 10105 60002==
37228 22960 02601 10013 21037 39369 40217 57002 333 10054 60002==
37235 22960 01202 11022 21041 39915 40244 57004 333 10014 60002==
37472 21940 02303 10019 21004 30268 40245 57005 71000 333 10034 60002==
38149 42570 82301 11027 21034 30210 40289 53010 885// 333 11004==
38178 122// 60000 10005 21049 39946 40239 57004 60002 86200 333 10026==
38262 425// 80000 11014 21025 30190 40274 53007 885// 333 10002==
38264 42470 72902 11015 21038 30179 40276 52004 875// 333 11009 87618==
38345 12698 80000 11021 21060 38843 48528 57005 6//// 8552/ 333 10015 555 530//=
38353 125// 80901 11008 21033 39389 40312 58005 69902 8655/ 333 10007 555 530//=
38388 12598 70203 11021 21067 30210 40283 53002 6//// 87900 333 11005 555 530//=
38392 12597 73604 11007 21029 30162 40269 53003 6//// 87500 333 10002 555 530//=
38396 42560 73402 11017 21058 30147 40277 53002 875// 333 11003 87622==
38403 42/// 80502 10007 20007 30135 40259 57002 8802/ 333 10019==
38413 12/// 80301 10024 21016 39959 40255 53015 60002 8802/ 333 10053==
38457 12/60 73001 10052 21016 39672 40265 57004 60002 84041 333 10078==
38462 426// 83601 11008 21040 38790 48523 57001 8492/ 333 10032==
38507 12596 81402 10046 21014 30152 40257 57004 6//// 8557/ 333 10054 85633 555 530//=
38545 12598 73002 10015 20012 30088 40268 53002 69942 85970 333 10052 555 530//=
38565 129// 00000 10021 21029 39632 40207 57003 60002 333 10081==
38579 129// 00000 10041 20015 39830 40254 57001 60002 333 10082==
38583 12960 53601 10051 20004 39935 40260 57003 60002 80001 333 10099==
38599 31996 20703 10035 21009 39720 40226 57001 71011 80001 333 10071=
38611 11720 83002 10043 20008 39700 40269 52005 60002 71022 8357/ 333 10077==
38613 129// 81501 10032 20000 40276 53007 6//// 8802/ 333 10062 555 530//=
38616 125// 72701 10020 21002 39252 40284 53004 6//// 87500 333 10031 555 530//=
38618 12/// 81201 10012 20004 39573 40279 52005 60002 83041 333 10053==
38647 12997 70902 10044 20011 30216 40259 52007 6//// 87070 333 10088 555 530//=
38656 12998 50202 10040 21022 30156 40268 53003 6//// 85080 333 10068 555 530//=
38683 12660 40000 10050 20006 39971 40250 53002 60002 84500 333 10095 84641==
38687 12997 42301 10059 20043 30025 40262 53009 6//// 80001 333 10100 555 530//=
38696 129// 01101 10033 20004 39379 40247 57002 60002 333 10091==
38713 329// 01402 11010 21042 39075 48520 54000 333 10046=
38750 12997 00702 10084 20004 30287 40258 54000 6//// 333 10117 555 530//=
38763 12997 00000 10048 20001 30153 40260 53006 6//// 333 10076 555 530//=
38774 12995 01902 10048 20004 30071 40269 54000 6//// 333 10067 555 530//=
38799 32997 03201 10066 20040 30025 40260 54000 333 10100=
38806 32997 20000 10058 20034 39978 40241 53003 80002 333 10100=
38812 11940 23403 10047 20003 39786 40246 53005 60002 71000 80001 333 10096==
38836 326// 30000 10080 21025 39269 40203 53005 83400 333 10128=
38880 12697 83204 10060 20004 30001 40259 53003 60002 889// 333 10078 88934 555 530//=
38886 12997 23001 10077 20015 30029 40258 53004 6//// 80001 333 10104 555 530//=
38895 32996 71702 10071 20011 39965 40257 53002 80008 333 10106=
38911 32997 63502 10086 20013 39947 40243 54000 83072 333 10112=
38915 32597 63303 10094 21007 39914 40237 53005 86500 333 10124=
38927 12960 82601 10092 20027 39850 40225 53009 60002 8895/ 333 10133 83966==
38933 329// 52301 10090 20021 39720 40233 54000 80002 333 10147=
38944 326// 50000 10094 20029 39629 40160 57007 83530 333 10124=
38954 329// 60000 11017 21115 37960 48550 54000 80001 333 10018=
38974 12998 80901 10068 21005 39910 40249 53007 6//// 86078 333 10086 555 530//=
38987 11494 80201 10026 20023 39499 40259 57001 69902 76166 8802/ 333 10048=
40100 43/80 12712 10140 20017 30207 40223 52007 333 58///=
40180 02660 12705 10149 20047 30168 40218 52006 81100 333 70000==
40199 02/// /0204 10186 20007 30186 40211 54000 333 70000==
40265 41550 42606 10102 20008 39414 40221 52003 70500 84200 333 84825=
40270 41556 42812 10090 20010 39302 40216 52003 70500 84200 333 84825=
40272 41550 42716 10098 20020 39372 40220 52006 70721 84800 333 82830=
40340 41957 03508 10184 21016 40216 57003 70500=
40356 42660 32710 10110 21020 39207 48504 83100 333 58018 83840 555 04410 50201=
40357 42960 01908 10165 21020 39541 40186 333 58008=
40360 42660 42914 10138 21020 39602 40206 84400 333 58017 84640=
40361 42960 02304 10163 21030 39414 40210 333 58014=
40362 42960 20205 10180 21020 39669 40189 80001 333 58026 82070=
40373 41558 70204 10144 20120 39778 40201 71020 87600 333 58045 87730=
40375 42960 03605 10170 21030 39294 40179 333 58016=
40394 42960 30606 10158 21090 39052 48523 84040 333 58032 84360 555 04410 50189=
40400 42960 03022 10218 20090 30131 40159 333 58003=
40405 42660 40808 10150 20100 39437 40184 84500 333 58046 84640=
40417 41660 83512 10185 20170 30165 40180 76062 8352/ 333 58041 83640 88460=
40420 41957 83513 10196 20160 39974 40182 70762 8802/ 333 58043 88460=
40430 41560 61705 10181 20130 39418 40163 71700 86900 333 58020 81930 85640=
40437 41640 80107 10164 20150 39491 40196 71000 885// 333 58059 88640=
40439 42960 22614 10266 20110 30115 40133 81031 333 58007 81360=
40582 31957 53507 10179 20127 40189 53004 70522 85040 333 55300 00000 10109 20003 30000 41225 51336 60003 55407 40003 85460 90400 91009 91113 91209 91307=
40703 42960 42603 10022 21044 38918 40228 56003 80006 333 10050 21074 70000 84269 555 11001 29062 66666 00002 10006 20006 30022 50052 90086=
40706 41556 12602 10016 21055 38658 40239 56002 70500 81401 333 10048 21036 70000 81067 555 11010 29059 66666 00074 10067 20038 30036 50050 90072=
40712 41640 11301 11016 21050 38680 40248 57010 70500 81500 333 10019 21084 70000 81640 555 11026 29078 66666 00006 10010 20017 30020 50036 90053=
40713 41935 12501 10030 21033 38657 40214 57006 70510 80001 333 10066 21041 70000 81068 555 10007 29063 66666 00058 10038 20040 30050 50067 90095=
40718 42560 83102 10093 20069 30256 40227 57007 8552/ 222// 0//// 20301 333 10107 20065 70000 85620 88457 555 10082 29085 66666 00110 10094 20090 30082 50092 90112=
40723 41959 19901 11003 21054 38981 40266 52006 70521 81050 333 10066 21075 70000 81361 555 11020 29068 66666 00024 10032 20024 30028 50044 90068=
40726 41656 20000 10008 21024 38660 40236 56005 70500 82500 333 10044 21056 70010 82635 555 11005 29079 66666 00044 10032 20034 30032 50046 90080=
40727 42660 61405 10034 21010 38483 40231 56003 86300 333 10063 21064 70000 81935 85640 555 10016 29073 66666 00029 10033 20025 30029 50039 90072=
40732 42560 21501 10086 20045 30245 40220 58007 82500 333 10120 20078 70000 82627 555 10068 29075 66666 00094 10098 20094 30094 50102 90124=
40736 42960 00802 10092 20029 30260 40234 57009 333 10124 20046 70000 555 10066 29065 66666 00084 10084 20076 30080 50090 90116=
40738 42960 01102 10073 20012 30251 40253 50000 333 10125 21013 70000 555 10049 29065 66666 00090 10090 20082 30080 50094 90120=
40739 42662 12001 10022 21014 38711 40249 52007 81500 333 10054 21016 70000 81635 555 10008 29077 66666 00046 10048 20044 30040 50046 90083=
40741 42660 80000 10070 20009 39913 40258 53006 84507 333 10097 21010 70000 84635 88268 555 10045 29065 66666 00079 10080 20073 30072 50084 90113=
40743 42660 80000 10049 21011 39098 40248 52006 84507 333 10090 21019 70000 84635 88269 555 10026 29065 66666 00072 10073 20068 30073 50099 90128=
40745 41657 71003 10030 21003 39069 40255 53010 70522 82470 333 10071 21022 70000 82635 85459 555 10016 29079 66666 00030 10036 20040 30044 50057 90100=
40747 42660 29901 10060 21010 38638 40205 57003 82500 333 10094 21011 70000 82640 555 10032 29061 66666 00093 10088 20063 30051 50060 90090=
40754 41540 72304 10044 20002 38858 40237 53001 70522 85570 333 10049 20016 70004 82725 83630 86460 555 10027 29074=
40762 41558 83202 10014 21020 38571 40237 51009 78582 8632/ 333 10072 21007 79999 81930 85635 88459 555 10001 29078 66666 00006 10010 20018 30030 50065 90089=
40766 42760 41703 10086 21006 38699 40193 54000 84400 333 10117 20022 70000 84650 555 10047 29052 66666 00100 10090 20066 30056 50064 90098=
40768 41611 23501 11042 21052 38270 40266 54000 71000 82400 333 10047 21049 70032 82640 555 11043 29093 66666 00002 11002 20007 30017 50028 90054=
40769 41512 80502 10003 21007 38308 40234 53002 71022 8532/ 333 10039 21016 70135 82720 82930 84635 88459 555 11001 29093 66666 00028 10026 20030 30034 50056 90100=
40780 42660 23002 10066 20032 38695 40212 52005 82400 333 10126 20038 70000 82635 555 10051 29079 66666 00102 10092 20074 30068 50078 90092=
40782 42660 12003 10113 21015 38880 40191 53005 81400 333 10143 20057 70056 81640 555 10059 29041 66666 00112 10112 20094 30074 50094 90114=
40785 41656 80601 10054 20046 39136 40257 52004 71062 8452/ 333 10065 20025 70041 84640 88460 555 10051 29095 66666 00070 10079 20074 30076 50092 90152=
40791 42660 40102 10105 20011 39383 40217 52013 82505 333 10145 20068 70004 82640 83272 555 10065 29052 66666 00132 10134 20128 30124 50132 90159=
40792 42660 62402 10045 20023 38742 40220 52014 83570 333 10087 20038 70004 83635 85359 555 10036 29086 66666 00078 10082 20084 30082 50112 90124=
40798 42660 52503 10057 21067 37969 40189 50008 82406 333 10105 82640 84269 555 10011 29041 66666 00067 10076 20064 30053 50060 90079=
40800 41950 40000 10087 20029 38466 40190 52005 70511 80009 333 10131 20037 70014 84167 555 10060 29067 66666 00088 10106 20092 30080 50092 90120=
40809 42660 53206 10102 21012 38512 40181 53009 82408 333 10140 20053 79999 82635 84269 555 10053 29045 66666 00118 10120 20103 30095 50106 90129=
40811 42660 72902 10190 20136 30150 40176 53005 83570 333 10226 20127 79999 83640 85460 555 10159 29071 66666 00204 10204 20184 30180 50186 90208=
40812 42660 50000 10176 20125 39788 40163 52001 85800 333 10220 20120 70043 82835 85640 555 10147 29072 66666 00188 10182 20174 30166 50164 90194=
40821 41658 73203 10088 20016 38817 40231 52015 70521 81176 333 10112 20028 79999 81840 83360 86270 555 10056 29061 66666 00130 10128 20106 30101 50110 90135=
40829 42960 30000 10161 21029 39620 40194 53010 83070 333 10213 20096 70000 83359 555 10083 29027 66666 00184 10182 20156 30152 50156 90178=
40831 41656 63004 10174 20127 30177 40186 53005 70622 82570 333 10206 20120 70000 82640 86460 555 10148 29074 66666 00190 10198 20180 30180 50200 90224=
40833 42660 71802 10198 20135 30150 40182 53005 84570 333 10237 20132 70000 84640 87460 555 10162 29067 66666 00222 10222 20204 30186 50196 90216=
40841 41559 81604 10086 20078 38277 40194 52012 76262 8432/ 333 10117 20066 70145 82930 84635 88558 555 10082 29095 66666 00114 10106 20098 30100 50116 90146=
40845 41550 80000 10176 20156 30179 40184 53008 71022 8492/ 333 10186 20170 70014 81930 84640 88460 555 10164 29088 66666 00174 10176 20176 30178 50186 90202=
40848 41250 80502 10084 20082 38554 40206 51005 76166 8532/ 333 10091 20064 70448 82705 81925 84630 88557 555 10083 29099 66666 00090 10090 20084 30086 50086 90114=
40854 42660 70000 10150 20011 38965 40166 52016 87300 333 10194 20093 70000 84835 83940 555 10086 29039 66666 00166 10172 20168 30166 50178 90200=
40856 42660 53002 10165 20039 38666 40174 50010 81470 333 10202 20088 70004 81640 85360 555 10102 29043 66666 00158 10156 20142 30124 50134 90142=
40859 41430 81002 10102 20098 38740 40204 58004 71066 8632/ 333 10106 20086 70075 82715 81930 85635 88458 555 10100 29098 66666 00106 10114 20114 30120 50130 90150=
40875 41958 72502 10238 20090 30157 40168 53010 70522 85051 333 10290 70000 85360 83070 555 10158 29039 66666 00266 10268 20240 30226 50238 90246=
40879 42962 73002 10257 20044 39500 40168 52013 84078 333 10290 20153 70000 84360 83270 555 10147 29025 66666 00282 10280 20242 30228 50222 90240=
40882 41957 60402 10230 20179 30128 40163 51003 70522 83035 333 10272 20222 70000 83359 84269 555 10198 29073 66666 00256 10252 20232 30232 50224 90244=
40883 42960 31302 10237 20152 30135 40162 51007 83030 333 10282 20196 70000 83360 555 10186 29059 66666 00265 10258 20230 30226 50232 90242=
40893 41958 02903 10239 20178 30153 40159 52012 70500 333 10263 20192 70000 555 10201 29069 66666 00304 10296 20259 30264 50258 90268=
40898 41956 00000 10239 20187 30143 40152 52024 70500 222// 00236 20801 333 10277 20196 70000 555 10206 29073 66666 00262 10280 20268 30270 50268 90268=
41024 42660 43313 10253 20150 30115 40141 84500 333 58003 84640=
41036 42560 71404 10181 20150 38576 48526 87300 333 58022 81925 86830 555 04410 50157=
41055 42560 61804 10193 20050 38370 48519 86400 333 58015 86630 555 04410 50132=
41061 42960 50810 10312 21050 39409 40088 85020 333 58017 85459=
41084 42560 20506 10248 20070 38857 48516 83400 333 58027 83630 555 04410 50105=
41112 42560 42008 10184 20100 37960 48528 84200 333 58012 84820 555 04410 50123=
41114 42560 32312 10198 20100 37997 48528 83400 333 58011 83622 555 04410 50116=
41128 42560 10406 10290 21020 38797 48508 81400 333 58011 81630 555 04410 50096=
41136 42960 02107 10326 21090 39299 40098 333 58002=
41140 42560 12406 10281 20220 30117 40122 81100 333 58011 81830=
41150 41966 83507 10201 20162 40176 76162 8807/ 333 58032 88460=
41176 44/64 /0407 10221 20180 30156 40162 333 58019=
41184 42960 60107 10257 20111 40169 84031 333 58004 84360 83070=
41194 42960 60308 10259 20146 30155 40161 8603/ 333 58003 86368=
41196 42960 40108 10256 20131 30126 40166 84030 333 58002 84362=
41216 42960 53506 10253 20143 30153 40158 80004 333 58000 85075=
41217 42960 53412 10255 20136 30124 40153 85030 333 58002 85368=
41246 36/// /1306 10238 20200 30160 40162 333 0E021 55300 25022 59002=
41258 36/// /1207 10241 20203 30156 40160 333 0E/// 55306 20197 59001=
41265 36/// /1907 10295 21036 39573 40126 333 0E019 55300 20255 59005=
41268 36/// /0606 10232 20205 30115 40162 333 0E019 55300 25022 59008=
41275 36/// /1606 10285 20010 39997 40163 333 0E018 55300 20137 59010=
41288 36/// /1007 10239 20203 30144 40166 333 0E020 59012=
41315 36/65 /0000 10191 20165 39337 48196 333 0E023 55300 27865 59005=
41316 32960 19903 10244 20184 30133 40163 80001 333 59006 55247 55407 55408 55507 55508 81075=
41396 42962 01508 10291 20077 39406 40107 333 59003=
41480 41550 40813 10264 20209 30130 40138 70644 84501 333 59002 84620=
41506 12920 00000 10070 21027 38533 48290 60001 333 58023==
41508 12940 00000 10061 21016 38667 48340 60001 333 58003==
41515 12920 00000 10084 21123 38559 48210 60001 333 59001==
41516 12940 00000 10080 21021 38539 48970 60001 333 58036==
41517 11940 00000 10010 21080 37787 48210 60001 70400 333 58025==
41518 12440 41803 10122 21123 30001 48010 60001 82520 333 56880 58000==
41519 12940 03101 10140 21010 38758 48000 60001 333 58035==
41523 12940 00000 10120 20007 39087 48030 60001 333 59007==
41535 12940 00000 10080 20010 38719 48860 60001 333 59003==
41536 12940 00000 10100 20059 39038 48030 60001 333 59008==
41560 12940 00000 10065 21004 38318 48470 60001 333 59002==
41571 11900 23105 10135 21037 39576 40172 60001 70500 80001 333 56008 59010==
41598 11940 03101 10165 20004 39881 40154 60001 70500 333 58005==
41600 11102 10136 20028 30000 40137 60001 70511 333 59014==
41620 12440 40000 10140 20007 38573 48770 60001 84500 333 56800 59022==
41624 11920 31301 10190 20096 30000 40145 60001 70400 83020 333 56080 59005==
41630 11940 40000 10170 20094 30000 40157 60001 70410 84030 333 56080 59009==
41640 11940 00000 10185 20078 39901 40150 60001 70400 83030 333 56080 59007==
41660 12900 72304 10140 21030 38454 48440 60001 85031 333 56088 59030==
41678 11940 00000 10200 20086 30000 40159 60001 70500 333 59002==
41696 12440 60000 10120 21014 38013 48280 60001 82520 333 56880 59003==
41697 12940 00000 10240 20068 30000 40139 60001 333 59024==
41700 11920 00000 10205 20116 30000 40135 60001 70400 333 59028==
41710 12940 50000 10215 21013 30000 40117 60001 85010 333 56080 59046==
41712 22996 32302 10210 20013 39208 48535 83010 333 56090 59007 60007 83460=
41715 11940 00000 10210 20088 30000 40149 60001 70500 333 58017==
41718 11920 00000 10200 20109 30000 40137 60001 70400 333 59021==
41725 12940 00501 10240 20094 30000 40140 60001 333 59019==
41739 12940 40000 10215 20052 39061 48260 60001 84030 333 56080 59004==
41744 12940 00000 10210 21045 38809 48390 60001 333 58008==
41749 11940 01302 10220 20113 30000 40137 60001 70400 333 59026==
41756 11940 02303 10235 20143 30000 40158 60001 70504 333 59010==
41757 12940 02305 10240 20139 30148 40161 60001 333 59011==
41759 12940 02302 10250 20184 30000 40161 60001 333 58007==
41764 12940 01804 10265 20081 30084 40134 60001 333 59025==
41768 12940 02301 10240 20158 30142 40149 60001 333 59008==
41780 11920 02302 10235 20132 30125 40152 60001 70400 333 59011==
41785 12940 00000 10240 20158 30133 40146 60001 333 59008==
42027 32996 00000 10052 21010 38416 48504 333 58007=
42071 31596 52504 10136 20056 40154 70500 82530 333 59008 82630 83359=
42101 32996 22702 10148 20085 40158 80001 333 59007 82070=
42111 31994 40000 10128 20082 39405 40118 70511 80001 333 58000 84070=
42123 32996 10000 10172 20100 40153 80001 333 59014 81070=
42131 32996 12702 10158 20091 40161 80001 333 59017=
42165 32996 00000 10196 20090 40147 333 59016=
42182 31995 02705 10184 20074 40143 70500 333 59008=
42189 31995 01803 10170 20070 40124 70500 333 59009=
42309 21494 70203 10150 20147 40135 71022 84330 333 59005 6002/=
42314 21495 63406 10154 20117 40134 71792 83330 333 57950 59008 6990/ 83618 81925 86360=
42328 32996 00000 10224 20095 40122 333 59018=
42339 31995 00000 10190 20084 40151 70500 333 59012=
42348 31996 03603 10210 21014 40151 70500 333 59008=
42361 31995 00000 10164 20091 40152 70500 333 59004=
42369 31995 02703 10178 20080 40132 70500 333 59004=
42379 31995 02702 10192 20103 40110 70500 333 58002=
42410 21594 60000 10200 20167 40116 71052 83530 333 59016 6990/ 83620 85360=
42415 32996 30910 10180 20122 40131 82031 333 59010 82360=
42452 31996 09902 10200 20071 40160 70500 333 58004=
42492 31996 02704 10198 20102 40125 70500 333 58008=
42559 32996 00000 10190 20087 40149 333 59002=
42571 31996 00000 10176 20083 40147 70500 333 58008=
42591 31995 00000 10170 20080 40135 70500 333 58005=
42623 31495 40000 10168 20130 39245 40122 71000 81530 333 59012 81618 84360=
42634 32996 00000 10258 20095 40150 333 59011=
42647 31996 00000 10240 20125 40144 70400 333 59011=
42667 32996 03202 10184 20062 39567 40163 333 58005=
42675 31996 00000 10164 20086 40156 70500 333 58011=
42701 31996 03204 10202 20021 39388 40117 70500 333 59002=
42724 31495 30000 10250 20217 40109 71000 83500 333 59015 83618=
42737 32996 00202 10256 20120 40156 333 59006=
42754 31996 03603 10200 20113 39510 40151 70500 333 59002=
42779 32996 03602 10188 20040 39441 40146 333 58005=
42798 31996 03202 10230 20067 40112 70500 333 59003=
42809 31995 00502 10234 20166 40112 70500 333 59010=
42840 32996 00000 10254 20159 40138 333 59007=
42867 31996 00000 10204 20105 40144 70500 333 58005=
42874 31996 00000 10238 20159 40132 70500 333 58005=
42886 31995 00000 10210 20108 40133 70500 333 58007=
42895 31995 00000 10250 20229 40120 70500 333 59001=
42909 32996 00000 10268 20201 40142 333 59005=
42971 31995 00000 10266 20231 40128 71000 333 58001=
43003 31995 00000 10280 20172 40114 70400 333 59015=
43014 31996 00000 10240 20143 39483 40127 70544 333 59002=
43041 31996 10000 10260 20148 39510 40121 70500 81030 333 59006 81360=
43063 32996 00000 10222 20116 39506 40131 333 59005=
43086 32996 00000 10242 20192 39945 40123 333 59006=
43110 31995 03603 10274 20221 40124 70544 333 59003=
43117 32996 00000 10276 20182 40118 333 58001=
43128 32997 00000 10272 20143 39523 40121 333 59006=
43150 31996 22304 10268 20214 30071 40132 70500 80001 333 59005 82075=
43185 32996 01603 10256 20220 30118 40122 333 59010=
43189 32596 20000 10264 20212 30121 40130 82500 333 59011=
43192 32996 00000 10280 20257 40115 333 59004=
43201 32996 00000 10256 20135 39383 40101 333 59008=
43213 32996 00000 10292 20147 39782 40094 333 59012=
43233 32996 20000 10264 20153 39319 40127 80001 333 59002=
43237 32996 29902 10284 20149 39696 40083 80001 333 59009 82075=
43245 32596 21403 10268 20226 30100 40126 81501 333 59009=
43279 32596 31403 10246 20210 30117 40135 82501 333 59001 82620=
43284 31496 10000 10276 20226 30004 40119 70500 81500 333 58002 81615=
43295 32996 10902 10258 20138 39117 48532 80001 333 59005 81075=
43314 32996 10000 10294 20242 40116 80001 333 58000=
43321 31496 41104 10286 20102 39674 40115 70500 81501 333 59003 81615 84070=
43329 32596 30000 10244 20207 30113 40127 82501 333 59002=
43333 31495 20000 10252 20219 40126 70500 82500 333 59010 82618=
43344 31495 31105 10276 20203 30027 40126 70500 82501 333 59001 82616=
43353 31495 09902 10284 20229 40120 70521 80000 333 56000 58000=
43369 32596 20000 10268 20239 40117 82500 333 59001 82620=
43371 31996 20000 10274 20224 30048 40120 70500 80001 333 58000 82072=
44212 42/// 51602 11237 21275 39070 40317 57014 85010==
44213 42/// 70000 11241 21273 38715 40317 57013 87010==
44214 42670 62708 11072 21198 38222 40245 52004 86500==
44215 41/// 72608 11053 21180 38325 40194 57005 73632 87070==
44217 32998 62306 11112 21201 37818 40340 52003 86070 333 91112 91210=
44218 42/// 62602 11115 21164 38534 40252 58010 83036==
44219 32999 00903 11185 21211 38563 40319 54000 333 91203=
44265 429// 00501 11196 21237 38885 40424 51004==
44266 329// 03602 11124 21224 37716 40313 58001 333 91113 91208=
44454 41456 22203 10124 20084 38630 48466 70040 82100 333 59018=
48064 42940 00000 10275 20220 30010 40066 333 59010==
48094 42950 03101 10245 20215 30109 40119 333 59006==
51076 14/76 /3000 11167 21199 39431 40394 52004 60001 333 11111 21211 3/103 4/025 58038 70000 90761 91103==
51087 14/74 /1202 11181 21214 39278 40396 52004 60001 333 11095 21203 3/106 4/018 58038 70000 90761 91105==
51156 14/80 /3401 11113 21164 38726 40338 54000 60001 333 11051 21150 3/114 58024 70000 90761 91108==
51243 14/40 /0000 11152 21186 39781 40383 52002 60001 705// 333 11106 21193 3/113 58028 70000 90761 91105==
51463 14/79 /1601 11063 21126 39101 40351 52001 60001 333 10001 21144 3/101 4/036 58031 70000 90761 91105==
51573 14/59 /3501 11010 21176 30253 40305 52005 60001 333 10059 21059 3/105 58007 70000 90761 91104==
51644 14/40 /2701 11013 21074 39003 40309 52012 60001 705// 333 10032 21081 3/103 58010 70000 90761 91105==
51656 14/43 /1001 11035 21137 39214 40328 52009 60001 706// 333 10024 21116 3/108 58015 70000 90761 91105==
51709 14/45 /1502 10002 21146 38662 40300 52020 60001 706// 333 10049 21079 3/105 59005 70000 90761 91106==
51716 14/24 /0000 11030 21138 38959 40311 52016 60001 706// 333 10054 21056 3/106 59004 70000 90761 91107==
51765 14/56 /3401 11049 21161 39273 40324 52006 60001 706// 333 10050 21098 3/109 58012 70000 90761 91106==
51811 14/49 /0801 10017 21162 38820 40283 52014 60001 706// 333 10070 21067 3/106 59019 70000 90761 91105==
51886 14/71 /0301 11102 21295 37111 40333 52013 60001 333 11026 21164 3/115 58020 70000 90761 91106==
52203 14/71 /3102 11043 21205 39388 40318 52008 60001 333 10035 21144 3/112 58007 70000 90761 91105==
52602 14/71 /3304 11133 21296 37269 40364 52017 60001 333 11020 21204 3/116 58011 70000 90761 91111==
52818 14/74 /2701 11086 21243 37237 40308 52014 60001 333 11012 21134 3/112 58011 70000 90761 91106==
55228 14/80 /2804 11063 21303 35989 40183 52019 60001 333 11002 21125 3/110 58025 70000 90761 91119==
55299 14/80 /3103 11094 21288 35801 40175 52021 60001 333 11024 21137 3/112 58025 70000 90761 91118==
55578 14/74 /2503 10053 21337 36282 49926 52019 60001 333 10102 21056 3/101 59006 70000 90761 91116==
55591 14/72 /1202 10047 21214 36431 49928 52024 60001 333 10089 21005 3/101 58009 70000 90761 91112==
55664 14/80 /2709 11015 21190 35953 40029 52023 60001 333 10054 21057 3/106 59012 70000 90761 91128==
55773 14/77 /1604 11057 21110 35971 40114 52009 60001 333 11002 21094 3/106 59005 70000 90761 91114==
56004 14/80 /2604 11144 21180 35770 40231 52016 60001 333 11072 21180 3/117 58015 70000 90761 91114==
56312 14/80 /1303 10028 21056 37050 40122 52018 60001 333 10084 21004 3/003 59002 70001 90761 91112==
62306 42560 43210 10151 20065 40254 57005 84500==
62309 42560 43507 10162 20069 40236 57006 84500==
62325 42560 33205 10156 20056 40235 57004 83200==
62332 42960 03212 10150 20058 40234 54000==
62337 42560 33105 10158 20071 40227 52004 83800==
62366 45560 33613 10165 20029 40224 57005 83200==
62387 42960 03611 10171 20052 40223 57004==
62393 42960 03413 10162 20031 40236 57004==
62405 42960 03305 10220 21004 40184 57006==
62414 42960 00109 10220 21057 40178 57001==
62419 42960 00607 10222 20028 40168 57001==
62420 42960 00208 10183 20030 40226 57006==
62435 42960 03411 10192 20002 40197 57011==
62440 42960 03411 10170 20065 40233 57006==
62455 42960 03406 10176 20023 40222 57004==
62458 42960 03406 10196 21027 40210 57001==
62459 42960 03020 10179 20090 40183 54000==
62465 42960 03320 10192 20081 40166 54000==
41256 32960 00703 10235 20205 30149 40167 91445 333 59001 55027 55407 55408 55507 55508=
