SIPK OPKC 070900=
41504 22997 02702 10080 21139 37888 48536 333 58048 60007 RH19%=
41505 22697 33102 10070 21027 38/// 48/// 80030 333 56090 58/// 83360 50%=
41506 22997 03610 10120 21070 38551 48549 333 58007 60007 26%=
41507 22997 00906 10155 20015 39295 49812 333 58019 60007 39%=
41508 22997 02302 10168 21073 38678 48550 333 59011 60007 18%=
41509 22997 01804 10125 21081 38788 48529 333 58004 60007 RH 23%=
41510 22997 40000 10100 20015 37917 48520 84030 333 56090 58001 60007 84360 55%=
41515 22997 00506 10104 21102 38553 48516 333 59010 60007 22%=
41516 22997 11306 10135 21112 38611 48568 81030 333 56090 58051 60007 81363 RH17%=
41517 22997 20000 10060 21129 37854 48579 80001 333 56009 58062 60007 82070 24%=
41518 22697 23602 10128 21047 38/// 48/// 82200 333 56900 5//// 60007 82840 29%=
41519 22997 00000 10145 21059 38803 48544 333 58020 60007 RH24%=
41520 22997 21804 10035 21129 37673 48317 82030 333 56090 58042 60007 82362 29%=
41523 22997 02304 10180 21008 39113 48538 333 59010 60007 28%=
41524 22997 00508 10190 21073 39383 40237 333 59008 60007 16%=
41525 22697 21804 10070 21062 37688 48406 80001 333 56009 58004 60007 82070 39%=
41528 22997 00000 10180 20025 39252 48548 333 58002 60007 35%=
41529 22996 02302 10225 21011 39810 40185 333 59037 60007 21%=
41535 22997 00000 10155 21086 38728 485000 333 59017 60007 RH18%=
41560 22997 00000 10100 21067 38333 48559 333 56090 58012 60007 RH30%=
41560 22997 00000 10100 21067 38333 48559 333 56090 58012 60007 RH30%=
41562 22997 31302 10200 21108 39721 40182 83030 333 56090 59008 60007 83360 RH11%=
41565 22996 23102 10111 21044 38659 48526 82020 333 56090 59028 60007 82460 RH 34% =
41567 21996 30000 10205 20054 39704 40116 70500 82530 333 56990 58000 60007 82640 82360 37%=
41571 21996 33118 10200 21047 39602 40181 70500 80001 333 56009 59008 60007 RH18%=
41572 21996 33114 10210 21045 39534 40151 83030 70500 333 56090 59023 60007 83360 RH18%=
41573 22997 03602 10130 20002 37990 48509 333 58000 60007 41%=
41574 22997 22302 10135 21022 38368 48545 80001 333 56009 58006 60007 82070 34%=
41576 22997 23110 10240 21043 40177 82030 333 56090 59018 60007 82360 15%=
41577 21996 32302 10230 20018 39560 40165 70500 83030 333 56090 59019 60007 83360 RH 25%=
41593 21696 42702 10240 20002 39957 40168 70522 82570 333 56990 59017 60007 82640 84460 21%=
41597 22997 33602 10245 20012 40172 83030 333 56090 59024 60007 83362 22%=
41598 21996 23108 10240 21019 39897 40164 70500 82030 333 56090 59013 60007 82360 18%=
41599 21996 32708 10215 20025 39878 40167 70510 83070 333 56090 59023 60007 83460 28%=
41600 21996 03102 10220 20034 39867 40158 70500 333 59015 60007 29%=
41620 32696 22702 10160 21181 38604 48509 82500 333 56900 58005 60007 82640 08%=
41624 22997 03102 10240 20002 40175 333 59019 60007 21%=
41625 21997 00000 10235 20010 39964 40162 333 59027 60007 23%=
41630 21996 33104 10225 20009 40177 70510 83030 333 56090 59019 60007 83360 24%=
41633 22997 03102 10235 20059 4//// 333 5//// 60007 32%=
41634 22997 32302 10190 20010 3//// 4//// 83030 333 56090 5//// 60007 83360 33%=
41635 22997 42302 10245 21008 3//// 4//// 84030 333 56090 5//// 60007 84362 19%=
41636 21996 20000 10250 20033 30006 40188 70500 82070 333 56090 59010 60007 82362 26%=
41638 21996 23102 10230 20019 4//// 70500 82030 333 56090 5//// 60007 82360 25%=
41639 22997 30000 10205 20023 4//// 83030 333 56090 5//// 60007 83360 30%=
41640 21996 22702 10225 20026 39916 40164 70500 82030 333 56090 59025 60007 82460 27%=
41641 21996 23112 10210 21024 39890 40162 70500 82030 333 56090 59028 60007 82360 21%=
41642 21996 33102 10210 20048 4//// 70500 80001 333 56009 5//// 60007 83070 34%=
41643 21996 03102 10220 20124 39892 40167 70400 333 59020 60007 54%=
41644 21996 20000 10215 20056 4//// 70400 82030 333 56090 5//// 60007 82360 35%=
41646 21996 02708 10235 20044 40195 70500 333 59012 60007 29%=
41652 21996 21306 10230 20079 40189 70500 82030 333 56090 59010 60007 82360 38%=
41660 22997 72310 10155 21144 38443 48532 82031 333 56099 59015 60007 82360 85070 RH11%=
41661 22697 63102 10170 21070 38395 48520 84530 333 56990 59015 60007 84635 84360 19%=
41669 22997 20000 10180 20047 3//// 4//// 82030 333 56090 5//// 60007 82360 28%=
41670 21996 00000 10230 20051 4//// 70500 333 5//// 60007 31%=
41674 21996 23106 10225 20043 3//// 4//// 70500 80001 333 56009 5//// 60007 82070 30% =
41675 21996 23104 10230 20019 30039 40181 70500 82030 333 56090 59009 60007 82360 25%=
41676 21996 03102 10230 20051 30050 40207 70500 333 58000 60007 31%=
41677 21996 02702 10210 20032 30008 40176 70500 333 59008 60007 31%=
41678 21996 00000 10240 20094 40185 70500 333 58004 60007 39%=
41679 21696 52302 10230 20051 4//// 70511 82570 333 56990 5//// 60007 82640 83460 31%=
41680 21996 12704 10225 20043 40179 70510 81030 333 56090 59012 60007 81362 30%=
41685 22997 52302 10180 21102 38944 48531 82520 333 56990 59001 60007 82635 83460 RH14%=
41696 22697 82304 10120 21014 37999 48513 84520 333 56990 59010 60007 84640 84460 Rh39%=
41697 22997 00000 10230 20019 40190 333 58020 60007 RH25%=
41700 21996 22704 10235 20059 40176 70500 82030 333 56090 59003 60007 82360 32%=
41701 21995 32706 10235 20044 30048 40190 70500 83030 333 56090 59001 60007 83360 29%=
41710 22697 71304 10175 21119 40115 84510 333 56990 59025 60007 84640 83460 RH12%=
41712 22697 72306 10210 20029 39189 48546 83530 333 56990 59029 60007 83640 84360 RH30%=
41715 21996 30000 10230 20019 40190 70500 83030 333 56090 58005 60007 83360 RH25%=
41716 21996 00000 10230 20019 40194 70500 333 58004 60007 25%=
41718 21995 30000 10240 20068 40183 70500 83030 333 56090 59001 60007 83360 33%=
41724 21996 50506 10240 20106 40208 85030 333 56090 58004 60007 85360 RH43%=
41725 22996 30504 10230 20066 40185 83030 333 56090 58002 60007 83360 RH35%=
41726 01995 20000 10250 20141 30126 40197 70500 80001 333 56009 59006 60007 83070 RH51%=
41738 22696 60000 10260 21015 39997 40174 86500 333 56900 58012 60007 86630 Rh16%=
41739 22696 82304 10180 20077 39088 48547 84530 333 56990 58007 60007 84635 84360 RH51%=
41742 22997 60000 10280 21009 40163 80001 333 56009 59001 60007 86070 RH15%=
41743 21996 33104 10220 20090 70400 80001 333 56009 60007 83070 RH43%=
41744 12696 80000 10150 20015 38824 48551 8352/ 333 5699/ 58024 83630 85460 RH39%=
41745 21996 03104 10240 20094 70400 333 60007 RH39%=
41745 21996 03104 10240 20094 70400 333 60007 RH39%=
41746 21996 33604 10220 20090 30134 40189 70500 83030 333 56090 58015 60007 83360 RH43%=
41746 21996 33604 10220 20090 30134 40189 70500 83030 333 56090 58015 60007 83360 RH43%=
41747 21995 23104 10225 20058 40178 70500 82030 333 56090 58000 60007 82360 RH34%=
41748 21996 63102 10215 20095 40193 70500 86030 333 56090 58000 60007 86360 RH46%=
41749 21996 03106 10255 20064 40190 70400 333 58002 60007 RH29%=
41756 21996 70906 10240 20139 40179 70504 80002 333 56009 58007 60007 87070 RH53%=
41757 22996 31806 10255 20049 30167 40179 60001 83010 333 56090 58003 60007 83462 RH27%=
41759 22996 40902 10240 20117 40179 84030 333 56090 58007 60007 84360 RH46%=
41760 01996 71308 10250 20141 40170 70500 80001 333 56009 58010 60007 87080 RH51%=
41764 21995 33310 10250 20023 30119 40170 70500 83040 333 56090 58004 60007 83360 RH23%=
41765 22996 00506 10270 20089 30145 40180 82030 333 56090 58002 60007 82360 RH32%=
41766 21996 23106 10255 20078 40181 82500 333 56090 58001 60007 70000 82630 RH32%=
41767 22996 23606 10270 20075 3//// 4//// 80001 333 56009 60007 82070 RH29%=
41768 22996 00504 10300 20084 30160 40167 333 58001 60007 RH26%=
41780 21996 40510 10270 21064 30142 40169 80001 333 56009 59001 60007 84070 RH11%=
41783 02996 00504 10260 20025 30141 40170 60002 333 58012 60007 RH 22%=
41785 22996 03106 10250 20055 30141 40154 333 59009 60007 RH29%=
41786 22996 00906 10280 21033 30119 40156 333 58011 60007 RH13%=
41BAG 22697 42302 10045 21085 60002 84500 333 56900 60007 84640 38%=
41BKI 22996 23604 10220 21046 39761 40174 82030 333 56090 59017 60007 82360 RH 16%=
41BKI 22996 23604 10220 21046 39761 40174 82030 333 56090 59017 60007 82360 RH 16%=
41SKP 22997 02706 10215 20070 4//// 333 5//// 60007 39%=
43532 22997 00000 10200 20012 39351 40143 333 59009 60007 28%=
43533 22997 00000 10200 20042 39225 48510 333 58002 60007 35%=
43563 22997 02302 10244 20030 40147 333 59019 60007 25%=
41530 21996 21306 10210 21075 39760 40190 70500 80001 333 56009 59019 60007 82070 14%=




Data Generated from File : D:/all data handling/Rmc_lhr/2025020709.FSU.txt
07/02/2025   10:04:14
____________________________________________________________________________________________
15020 24570 80802 11003 21080 30235 40445 51009 8557/ 333 55300 20445 60007 91004 90730 91105==
15090 24570 60204 10005 21073 30342 40440 51005 86800 333 55301 00200 20614 30559 60007 91006 90730 91106==
15108 22984 11003 11094 21179 38184 48605 52006 80001 333 55310 21498 60007 91004 90730 91104==
15150 24570 83503 11005 21064 30214 40441 51008 8457/ 333 55300 20366 60007 91005 90730 91105==
15170 24570 73404 11045 21100 39595 42950 51007 87500 333 55300 20480 60007 91006 90730 91106==
15280 22984 20606 11127 21308 37559 47088 52007 80001 333 55310 21760 60007 91007 90730 91107==
15310 24670 23604 10008 21062 30325 40416 52005 81130 333 55310 00510 21201 31116 60007 91009 90730 91110==
15335 24564 70205 11021 21060 30407 40414 52009 87500 333 55300 20307 60007 91008 90730 91108==
15350 24570 40306 10007 21080 30301 40428 52008 84500 333 55300 20445 60007 91010 90730 91111==
15360 24466 83510 11011 21038 30372 40391 52005 886// 333 55300 20169 60007 91013 90730 91113==
15420 24570 80603 10017 21071 30303 40420 51009 885// 333 55300 20589 60007 91007 90730 91108==
15460 24570 50206 10013 21067 30388 40415 51006 85500 333 55308 21076 60007 91010 90730 91110==
15470 24/70 80201 10010 21071 30292 40425 52009 8807/ 333 55300 20445 60007 91002 90730 91103==
15480 24468 71601 11011 21054 30383 40402 52010 87600 333 55303 00310 20723 30643 60007 91005 90730 91107==
15549 42570 70204 11020 21029 39965 40406 52009 87500 333 11020 21026 555 593//=
15552 42470 23604 10021 21069 30329 40380 52003 82500 333 10021 21012 555 551// 92036 92438=
15640 42674 60205 11003 21009 30083 40413 52018 86500 333 10007 21015 555 596//=
15655 42570 23612 10029 21075 30352 40387 52012 82500 333 10029 21008 91116 555 546// 92037 92438=
15730 42670 60505 10004 21093 39977 40394 52004 86200 333 10008 21034 555 548//=
16627 42570 20418 10034 21051 30365 40371 54000 82100 333 90730 91130==
16650 42560 20514 10054 21045 30356 40366 52003 82100 333 90730 91128==
16667 42560 43615 10062 21019 30329 40340 52009 84500 333 90730 91129==
16706 42560 60215 10070 21003 30319 40326 52006 86500==
16723 42560 30214 10080 21028 30289 40303 52004 83200 333 90730 91128==
16742 42460 13617 10084 21002 30122 40282 52002 81100 333 90730 91130==
16749 42460 13612 10090 21043 30242 40256 51006 81100 333 90730 91131==
16754 42560 53516 10100 20001 30259 40309 52005 85800 333 81820 85625 90730 91128==
16757 42560 53424 10092 20015 30144 40281 52006 85500 333 90730 91139==
16760 41460 73616 10062 21015 40303 52008 75052 87800 333 82818 85630 90730 91133==
16765 42560 23317 10102 21022 40260 52006 82100 333 90730 91132==
17022 41563 70403 10025 20023 30151 40324 52010 78022 85270 333 85830 87358 90730 91111==
17024 41550 72602 10024 20021 30222 40303 52010 76877 85570 333 85630 87359 90730 91123==
17026 41458 83109 10055 20039 30241 40281 52012 76076 8652/ 333 83715 85628 88458 90730 91122==
17031 41456 72106 10049 20024 30248 40255 51002 78088 87200 333 84710 87828 90730 91114==
17034 42670 60303 10071 20012 30216 40263 50000 83250 333 83835 86360 90730 91106==
17038 42670 70000 10075 21002 30206 40255 50000 83130 333 83835 87358 90730 91116==
17042 42670 73002 10072 20023 30223 40264 58003 84250 333 84835 87360 90730 91105==
17050 42670 33504 10032 21059 30331 40397 50002 83500 333 83635 90730 91114==
17056 42970 03108 10033 21028 30363 40368 58002 333 90730 91116==
17060 41360 73620 10045 20020 30306 40348 51002 78388 87200 333 85708 86820 90730 91128==
17070 41540 82303 11007 21040 39404 40315 52005 77077 8552/ 333 85630 88458 90730 91105==
17074 41570 83003 10015 21002 39321 40292 52004 77022 8552/ 333 85627 88458 90730 91110==
17084 41665 70202 11008 21013 39328 40274 58001 72277 84570 333 84635 87359 90730 91104==
17085 41556 83301 10006 21016 39759 40269 51001 77077 8672/ 333 83720 84630 88458 90730 91106==
17092 42660 70000 11026 21087 38864 48485 58001 83550 333 83645 87357 90730 91104==
17096 42660 70816 11027 21062 38217 48489 50004 84550 333 84635 87357 90730 91122==
17098 42660 50711 11013 21060 38188 48502 50002 82530 333 82635 85357 90730 91117==
17100 41/57 50000 10030 21003 39217 40240 50006 71022 85030 333 85358 90730 91104==
17112 42670 40407 10028 21055 30365 40368 52004 84200 333 84835 90730 91116==
17115 41460 63514 10027 21005 30302 40355 52005 72622 84250 333 82715 84835 86360 90730 91126==
17116 41560 70902 10031 20028 30220 40348 52005 78322 85250 333 85830 86360 90730 91105==
17124 42560 62704 11006 21053 39360 40322 51005 86200 333 86827 90730 91120==
17128 42660 62004 10017 21100 39135 40284 57004 84250 333 84835 86358 90730 91108==
17135 42670 63505 10029 21065 39357 40265 57006 84550 333 84635 86360 90730 91110==
17140 41657 80205 11047 21077 38722 48500 55000 77177 8552/ 333 85637 88458 90730 91112==
17150 41430 73612 10013 20013 30214 40344 52007 78522 87200 333 83715 85835 90730 91119==
17160 41638 83408 11040 21072 39056 48506 50000 77122 8552/ 333 85635 88458 90730 91115==
17170 42560 51012 10042 21105 38302 48475 50008 82508 333 82630 85268 90730 91123==
17175 42665 50605 10061 21033 30336 40340 52005 82130 333 82840 84360 90730 91111==
17184 42670 40205 10053 21025 30206 40322 58003 84200 333 84836 90730 91112==
17190 41658 73405 11021 21079 39065 48542 50000 77022 87500 333 87635 90730 91110==
17195 41313 82602 11041 21052 38994 48496 51001 77177 8652/ 333 85708 86625 88458 90730 91105==
17200 41335 82003 11005 21025 39195 40212 50002 77177 8552/ 333 84709 85630 88459 90730 91106==
17202 42670 71905 10016 21038 39129 40200 50004 85550 333 85635 87359 90730 91108==
17203 42670 70504 10046 21049 38859 48511 51006 85550 333 85640 87360 90730 91110==
17210 42670 72802 10074 20032 39120 40160 50006 83130 333 83840 87360 90730 91105==
17219 42565 20126 10060 21035 30164 40315 58003 82100 333 82830 90730 91138==
17234 42970 00804 10081 21054 30224 40294 50005 333 90730 91110==
17237 42670 23203 10051 21071 39781 40304 58004 82200 333 82840 90730 91107==
17240 42570 30515 10017 21099 39079 40264 57013 83200 333 83830 91029 90730 91132==
17244 42670 33424 11019 21082 39039 48517 50000 83100 333 83840 91035 90730 91135==
17248 42665 83308 11030 21071 39010 48501 52005 8552/ 333 85635 88459 90730 91116==
17250 42670 63403 11028 21103 38819 48501 50004 83550 333 83640 86360 90730 91113==
17260 42660 40907 10070 21054 39309 40135 50006 82130 333 82840 84360 90730 91114==
17270 41670 70303 10061 20007 39518 40175 51012 70262 85520 333 85640 87460 90730 91109==
17275 41630 70000 10032 20032 38964 48479 51012 71022 84570 333 84640 87360 90730 91107==
17280 41660 80303 10052 20019 39370 40171 50009 70262 8452/ 333 84640 88460 90730 91107==
17290 42970 03405 10090 21050 30253 40286 52001 333 90730 91116==
17292 42570 10202 10029 21119 39478 40261 52006 81100 333 81830 90730 91111==
17300 42960 03420 10090 21102 30177 40250 58005 333 90730 91130==
17310 42970 00605 10118 21132 30193 40200 58001 333 90730 91113==
17330 42/70 12705 10096 21088 30177 40195 53002 81030 333 81360 91019 90730 91122==
17350 42660 63412 10108 21090 30094 40174 50000 82230 333 82840 86359==
17370 42670 60000 10106 21039 30178 40182 50004 84230 333 84835 86360 90730 91103==
17375 42970 00201 10123 21136 30219 40221 58008 333 90730 91113==
33088 42597 81103 11014 21095 30267 40470 52008 885// 555 1/002=
33135 42560 80904 11015 21049 30315 40472 52013 883// 333 85920==
33177 42598 81104 11007 21068 30200 40450 52007 889// 555 1/101=
33317 42560 70803 11025 21076 30103 40461 52008 85530 333 85620==
33393 42560 81204 11011 21081 30023 40436 52005 885// 333 88633==
33415 41597 81003 11020 21074 30030 40451 52009 72222 8652/ 333 86632 555 1/101=
33429 42598 71105 11015 21078 30005 40451 52007 86330 333 84628 555 1/003=
33466 42598 60504 11012 21060 30244 40442 52004 83331 555 1/000=
33506 42560 50504 11063 21090 30230 40441 52006 85500==
33562 42960 80302 11020 21055 30136 40459 50004 8805/ 555 1/102=
33587 42560 80301 11026 21052 30157 40436 52005 885// 333 88624==
33658 41684 81004 11012 21058 30130 40447 52009 70272 885// 333 88637==
33663 42570 70303 11008 21072 30344 40445 52010 87500==
33664 42998 60404 11014 21077 30108 40443 52006 86030=
33678 42898 72802 11033 21076 30237 40460 52007 87030=
33679 42497 80402 11025 21069 30241 40445 52018 885// 333 88618=
33711 41460 80405 11020 21055 30195 40417 52003 77772 886// 333 88714==
33745 42597 50505 11024 21070 30251 40453 52017 83930=
33748 42597 50504 11013 21068 30129 40429 52006 84330=
33754 42598 70303 11020 21059 30272 40427 53002 8635/ 333 86932=
33761 41570 80407 11027 21050 30187 40424 52001 77172 885// 555 1/101=
33791 42481 50307 11050 21091 30278 40415 52010 85500 333 85617==
33815 42598 80103 11034 21071 30201 40422 52002 85530=
33837 42471 80306 11009 21057 30341 40396 51001 885// 333 88719==
33881 42598 50304 11011 21057 30216 40424 52003 85300=
33883 42598 80105 11031 21067 30248 40419 52006 885//=
33885 42597 60107 11013 21076 30283 40425 52001 83230=
33892 42998 80205 11027 21061 30187 40412 52461 8801/=
33902 42597 60309 11030 21073 30328 40391 52006 86300 555 1/000=
33924 42570 70707 11025 21066 30357 40370 52011 87900 333 91012 90730 91112==
33946 41244 80410 11051 21056 30117 40352 52009 73832 886// 333 88705 91013 90730 91115==
33983 41560 80608 11014 21038 30262 40326 52004 78582 889// 333 91013 90730 91114==
34300 42560 50404 11064 21104 30261 40452 52009 85500==
34336 42/70 80904 11039 21075 30340 40450 52013 8801/ 333 90730 91110==
34344 42570 80804 11039 21059 30352 40446 52015 885// 333 90730 91110==
34356 42/60 80904 11047 21076 30293 40450 52011 8807/ 333 90730 91110==
34357 42570 80607 11049 21081 30277 40441 52013 885// 333 91012 90730 91114==
34398 42970 00907 11030 21109 30418 40431 52003==
34415 41670 60703 11052 21085 30326 40429 51007 70272 86800 555 1/102=
34438 41460 80608 11052 21072 30225 40428 52015 78583 883// 333 91012 90730 91112==
34445 42/70 80807 11048 21068 30319 40440 52015 8805/ 333 91011 90730 91113==
34461 42460 80804 11039 21079 30383 40442 52009 885// 333 90730 91110==
34473 42597 20803 11032 21076 30393 40434 52005 82200=
34476 42570 20506 11025 21071 30418 40426 53001 82500 333 91011 90730 91111==
34504 42/67 60605 11059 21094 30231 40418 52005 86030==
34535 41/70 80706 11040 21069 30341 40417 52015 70272 8802/ 333 91010 90730 91111==
34545 41470 80706 11042 21070 30300 40418 52014 77772 886// 333 91012 90730 91112==
34555 42570 80610 11040 21070 30332 40429 52012 885// 333 91013 90730 91114==
34560 41460 80809 11048 21070 30225 40427 52011 73673 886// 333 88710 91012 90730 91113==
34578 41/40 80505 11036 21062 30406 40413 52006 71022 8808/ 333 91010 90730 91112==
34579 42570 20205 11032 21075 30366 40411 52004 82500 333 90730 91111==
34644 42560 80705 11037 21064 30316 40397 52013 8657/ 333 91010 90730 91112==
34646 41440 80806 11038 21058 30315 40402 52012 77772 886// 333 91010 90730 91112==
34655 42560 70507 11028 21070 30344 40407 52008 87500 333 91011 90730 91112==
34662 42470 60406 11033 21076 30405 40417 51009 86500 333 86619 90730 91111==
34691 42970 00704 11027 21116 30617 40604 52001==
34720 41570 80503 11018 21040 30339 40380 52005 70272 886//==
34727 42460 80705 11018 21041 30339 40370 52005 883// 333 90730 91111==
34743 42560 80604 11038 21060 30301 40395 52010 885// 333 90730 91110==
34759 42560 80405 11041 21055 30248 40387 52007 889// 333 90730 91111==
34772 42970 00407 11025 21073 30388 40391 52003 333 91010 90730 91111==
34785 42970 00406 11017 21089 30402 40379 54000 333 90730 91110==
34798 42970 00308 11028 21118 30511 40480 52003==
34824 42560 80804 11012 21037 30347 40352 52002 885// 333 90730 91111==
34838 42/60 80604 11010 21048 30251 40351 53004 8807/ 333 90730 91110==
34845 42570 80904 11028 21055 30255 40368 52010 8657/ 333 90730 91111==
34858 41540 80602 11039 21060 30261 40375 52011 71022 885//==
34861 41440 80708 11055 21062 30120 40377 52008 77772 886// 333 91012 90730 91112==
34866 42570 60605 11032 21068 30386 40377 51007 84501==
34880 42960 00304 11018 21084 30392 40365 52001==
34887 42970 20502 11022 21081 30385 40362 51005 80001==
34949 41/05 90605 11048 21053 39777 40352 52005 74944 89///==
34954 41460 80503 11027 21042 30178 40361 51005 78782 889//==
34958 41570 80604 11027 21051 30152 40361 51006 70282 885//==
34975 41470 80604 11037 21064 30366 40362 52007 77772 889// 333 88911==
34984 42570 63504 11025 21063 30390 40358 52007 84501==
35217 42960 00704 11074 21133 30403 40446 52007==
35302 42970 00809 11051 21139 30424 40446 52001==
35315 42998 00410 11082 21151 30362 40423 54000 333 91115=
35344 42999 00411 11118 21172 30100 40408 58008 333 91116=
35358 41960 00209 11118 21153 30190 40371 57005 73633==
35368 41999 00210 11148 21199 30063 40349 58017 73630=
35386 41998 00906 11148 21178 39803 40361 58013 73633=
35394 41970 00406 11149 21198 39642 40367 57008 70230==
35404 42998 00707 11036 21106 30414 40422 52001=
35406 42960 00505 11058 21101 30415 40417 52001==
35416 42970 00204 11082 21166 30282 40409 54000==
35426 42984 00305 11094 21158 30087 40395 58006==
35437 41998 00412 11114 21154 30143 40480 58008 73630 333 91016 91116=
35449 41998 00408 11138 21171 30259 40370 52005 73630=
35497 42970 00903 11092 21159 39765 40620 57001==
35498 42998 00000 11105 21168 39410 40328 57005=
35514 42998 00606 11054 21131 30620 40616 54000=
35522 42998 00704 11096 21161 30127 40394 52004=
35542 42998 00507 11148 21187 30213 40372 58004=
35563 42998 00603 11162 21196 39508 40331 57014=
35576 42970 00505 11154 21203 39843 40323 57006==
35582 42998 00905 11126 21188 39690 40324 57003=
35594 42999 01304 11110 21179 39445 40322 57003=
35605 42998 00309 11040 21094 30402 40380 58003=
35633 42998 20313 11128 21165 30129 40357 58008 80003 333 91016 91116=
35671 42970 00504 11142 21178 39849 40306 57015==
35699 42960 03606 11088 21170 39527 40311 58010==
35700 42970 00705 11039 21106 30392 40368 58003==
35715 41998 00908 11063 21127 30373 40358 58002 70733=
35739 42999 20509 11126 21188 30185 40334 52007 80003=
35746 42970 00106 11112 21156 30245 40316 58007==
35777 42997 00505 11118 21162 39927 40291 57008=
35796 42960 20404 11109 21162 39860 40317 58012 80001==
35849 42970 00306 11072 21125 30198 40287 58011==
35895 42998 00306 11107 21144 39842 40308 57011=
35907 42598 70412 11027 21068 30364 40332 52011 87500=
35925 42970 00507 11064 21096 30201 40317 58007==
35927 42998 00507 11037 21123 30310 58007=
35953 42984 00110 11077 21149 30138 40273 58012==
35969 42984 00702 11044 21119 30079 40256 57012==
35997 42998 00501 11092 21160 39835 40287 57011=
36259 42984 11201 11239 21285 38307 48592 57011 80001==
36335 42999 22102 11122 21184 39293 40368 54000 80001=
36358 42999 03603 11176 21199 39303 40395 57002=
36394 42997 00801 11184 21220 39949 40407 57008=
36397 42984 32002 11189 21219 39794 40406 57006 80001==
36403 41996 02702 11148 21191 30008 40394 57007 71000=
36418 42999 20501 11200 21238 39736 40406 57007 80001=
36421 42999 21302 11209 21253 39789 40406 57012 80001=
36428 42984 32102 11218 21268 39861 40412 58014 80001==
36439 42998 53101 11051 21151 39036 48548 57009 80001=
36498 42998 30106 11091 21156 39507 40327 57008 80001=
36501 42999 00000 11170 21212 39583 40391 57006=
36535 42984 43201 11210 21257 39722 40414 57007 80004==
36546 42999 01401 11234 21264 39821 40417 57008=
36619 42999 20502 11095 21164 80001=
36622 42998 63403 11189 21225 39510 40378 57008 80004=
36639 42984 31602 10002 21159 39676 40281 57014 80001==
36643 42999 03301 11191 21218 39685 40403 57007=
36665 41996 30601 11205 21233 39603 40393 57013 71000 80002=
36666 42498 60000 11217 21239 39870 40411 57013 82601=
36729 42998 83201 11069 21125 39799 40295 57010 80007=
36736 42999 31009 10009 21133 39738 40292 57012 80001=
36744 42998 00404 11071 21134 39822 40286 58011=
36770 42999 00000 10010 21066 39532 40256 57013=
36786 42999 01101 10009 21103 39338 40252 58006=
36796 42998 30000 11103 21181 39063 48501 57007 80001=
36803 42999 63101 11070 21127 39831 40294 58010 80002=
36806 42999 61610 11132 21194 39842 40353 57015 80002 333 91016 91122=
36819 42998 30902 11005 21063 39638 40253 57009 80001=
36821 42984 00201 11010 21094 39773 40267 57014==
36839 42999 10701 11019 21122 39119 40256 57014 80001=
36843 42998 50000 10056 21094 39074 40224 57011 80002=
36846 42999 20502 10006 21137 38623 48510 57012 80002=
36859 42984 30000 10054 21095 39504 40276 57025 80005==
36870 42960 20000 10060 21053 39215 40207 57013 80001==
36874 42999 01801 11028 21084 39594 40392 57015=
36877 42999 00000 10049 21055 39643 40643 57014=
36885 42999 12902 10038 21067 39108 40223 57015 80001=
36889 42999 00000 11060 21185 37031 47046 57008=
36894 42999 00702 10021 21068 39506 40242 57019=
36905 42999 01001 10022 21098 38756 48516 57016=
36911 42999 02901 10102 20017 39234 40182 57031=
36927 42699 11402 10038 21106 38354 48515 57017 81100=
36934 42599 60904 10026 21036 38301 48429 58006 83932=
36953 42899 30000 11012 21096 38203 48508 57018 83040=
36963 42999 01804 11071 21195 37018 48/// 58008=
36974 42998 01401 11020 21108 38007 48545 57015=
36982 42999 32108 11097 21247 36499 47066 57008 83030=
37018 42/70 10304 10051 21039 30188 40265 54000 81030 333 90730 91111==
37031 42560 80604 11004 21039 30131 40334 54000 885//==
37054 41440 80803 11022 21039 39948 40350 52004 71022 884//==
37061 41440 80503 11025 21048 30183 40360 52006 77772 886//==
37085 41570 80205 11008 21034 30381 40354 52008 70272 885//==
37171 42570 22402 10086 20034 30235 40253 58001 82100==
37228 41410 82701 11025 21036 39460 40328 52003 71072 886//==
37235 41340 80801 11017 21020 30011 40342 52005 71022 886//==
37472 41540 83104 10010 21010 30354 40331 52005 71022 8657/==
38149 42970 20306 11015 21106 30180 40259 58013 80002==
38178 42970 03605 11008 21074 39914 40207 58015==
38262 42970 20606 11004 21101 30154 40238 58012 80002==
38264 42970 23606 10006 21090 30130 40225 57013 80001==
38345 42999 82502 10077 21041 38794 48493 57012 83036=
38353 42998 02601 10111 21064 39313 40188 57013=
38388 42598 60204 10016 21066 30119 40191 54000 86500=
38392 41996 70208 10014 21061 30095 40200 58017 70232 87030=
38396 42960 80307 10008 21078 30070 40197 58015 80007==
38403 42960 70505 10079 21054 30070 40190 52018 80001==
38413 42/70 60804 10056 21039 39883 40174 57021 86030==
38457 42/84 73402 10149 21107 39599 40168 57010 83045==
38462 42684 70502 10059 21128 38752 48496 57015 82551==
38507 42998 80208 10036 21061 30105 40209 52006 8807/=
38545 42998 70403 10134 21012 39990 40161 58015 85073=
38565 12/70 60502 10168 21036 39559 40130 58018 60002 86030==
38579 12560 70000 10130 21007 39758 40165 57013 60002 83971==
38583 12/60 62501 10136 21036 39864 40177 58016 60002 82041==
38599 42997 88010 10093 21047 39660 40191 57020 83032=
38611 42/60 41601 10105 21041 39641 40205 57023 84040==
38613 42998 71902 10081 21050 40199 57012 80002=
38616 42599 62701 10073 21044 39203 40211 57013 86500=
38618 42/60 82802 10101 21060 39515 40195 57014 84061==
38647 41997 80603 10039 21083 30145 40188 57003 70522 8807/=
38656 42698 83606 10062 21054 30056 40166 58007 885//=
38683 42/60 83604 10152 21017 39874 40141 58021 8803/==
38687 42997 70903 10161 21050 39911 40138 58002 87050=
38696 12684 71603 10154 21071 39313 40138 57014 60002 82143==
38713 42998 80503 10096 21022 39018 48490 56006 8807/=
38750 42597 82109 10097 20070 30208 40180 58005 885//=
38763 41596 80000 10010 21013 30094 40202 52004 76176 8802/ 333 88524=
38774 41495 83004 10006 21008 39994 40194 54000 71066 8802/=
38799 42597 81804 10186 21009 39904 40125 58016 885//=
38806 42697 60904 10188 21036 39868 40118 58021 86500=
38812 42960 60000 10163 21036 39691 40128 57016 82330==
38836 42698 82503 10147 20041 39223 40128 58029 889//=
38880 42797 83008 10060 21015 39908 40164 54000 8595/=
38886 42697 73305 10114 21012 39921 40145 58002 87500=
38895 42696 82402 10151 20017 39851 40132 58006 885//=
38911 42998 51410 10206 20021 39853 40134 58011 80002=
38915 42997 41408 10214 21071 39823 40130 58023 80001=
38927 12960 40706 10200 21071 39783 40143 57027 60002 80001==
38933 42998 63201 10178 20076 39672 40166 58019 82034=
38944 42698 63402 10159 20032 39586 40102 58022 85530=
38954 42899 80000 10005 21131 37972 48560 57019 86910=
38974 42998 83402 10144 21005 39800 40125 58006 80008=
38987 42996 70202 10175 21007 39390 40102 58015 87070=
40100 43/80 89907 10135 20036 30180 40196 50004 333 58///=
40180 01560 73107 10139 20072 30142 40192 52004 70252 8680/ 333 70000==
40199 02/// /0503 10158 20037 30187 40212 57005 333 70000==
40265 41545 62208 10080 20040 39391 40200 54000 70522 86200 333 81825 85830=
40270 41450 62509 10072 20041 39279 40196 52003 75265 86700 333 84715 84825=
40272 41430 72613 10056 20047 39351 40207 52006 76065 87800 333 83818 85625=
40340 41557 60904 10150 20030 30156 40222 54000 70500 87200 333 84830=
40356 42560 62610 10062 20010 39189 48482 86700 333 58094 86720 555 04410 50191=
40357 42960 03214 10114 21020 39531 40179 333 58106=
40360 42560 52908 10102 20020 39589 40192 85500 333 58092 85630=
40361 42560 52613 10106 21020 39409 40221 85100 333 58086 85830=
40362 42960 02911 10115 21010 39659 40182 333 58088=
40373 42960 03213 10144 21040 39749 40170 333 58077=
40375 42960 00000 10106 21030 39301 40194 333 58071=
40394 41958 00604 10104 21030 39041 48509 70600 333 58072 555 04410 50185=
40400 42560 33011 10202 20070 30154 40182 83500 333 58049 82630=
40405 41930 00208 10134 21010 39432 40185 70600 333 58080=
40417 41610 83519 10204 20080 30116 40131 70720 82520 333 58035 82640 86460=
40420 41907 63522 10196 20040 39929 40137 70710 86070 333 58034 86360=
40430 42960 03203 10200 21020 39425 40168 333 58052=
40437 41940 43310 10167 21030 39458 40155 70600 84030 333 58062 84358=
40439 42960 01804 10234 20040 30134 40152 333 58038=
40582 31940 03514 10176 21003 40157 58013 70600 333 55310 01063 10000 22257 30653 41070 51474 62910 55407 41604 90400 91019 91119 91213 91313=
40703 42660 70000 10042 21037 38929 40218 51007 83570 333 70019 83635 87459 555 10013 29056 66666 00032 10030 20034 30046 50060 90090=
40706 42463 70807 10018 21070 38652 40219 50007 82776 333 79999 81715 83459 87267 555 11012 29052 66666 00058 10034 20044 30053 50060 90075=
40712 41440 83602 10016 21007 38675 40208 50010 77077 8632/ 333 70244 83715 81925 83630 88459 555 10007 29085 66666 00007 10011 20018 30021 50036 90054=
40713 42660 70908 10027 21059 38642 40180 51012 83576 333 70000 83635 83459 87267 555 11004 29053 66666 00033 10045 20056 30062 50074 90097=
40718 41440 83309 10064 20049 30284 40255 52017 76366 8572/ 333 70626 83712 84615 88556 555 10057 29090 66666 00070 10080 20082 30092 50106 90130=
40723 41440 82908 10046 20007 38918 40159 54000 70522 8352/ 333 70000 81710 83635 88458 555 10030 29076 66666 00060 10052 20036 30040 50050 90070=
40726 41620 83502 11004 21025 38647 40208 52011 77072 8452/ 333 70244 84635 88457 555 11011 29086 66666 00010 10020 20042 30040 50052 90084=
40727 41560 81801 10024 21023 38457 40180 52015 702/2 8572/ 333 70073 82720 83635 88459 555 10006 29071 66666 00008 10024 20033 30039 50045 90074=
40732 41456 83317 10072 20054 30230 40205 52014 76166 8632/ 333 70150 82918 85623 88557 555 10064 29088 66666 00082 10084 20088 30092 50104 90126=
40736 41458 82608 10084 20068 30213 40187 50009 75162 8732/ 333 70011 86717 81922 88558 555 10077 29090 66666 00088 10090 20092 30094 50098 90120=
40738 41458 82503 10109 21003 30195 40197 50002 70522 8472/ 333 70018 81715 83635 88458 555 10064 29046 66666 00102 10098 20084 30088 50098 90124=
40739 41565 80304 10040 20021 38635 40126 51005 76162 8572/ 333 70004 81730 84635 88459 555 10032 29088 66666 00072 10074 20070 30072 50075 90089=
40741 41657 63207 10155 20035 39796 40125 57018 70722 83506 333 70000 83635 86269 555 10099 29045 66666 00140 10110 20097 30095 50100 90117=
40743 41650 61906 10165 21026 38992 40081 58004 70522 83506 333 70000 83635 86270 555 10083 29027 66666 00146 10123 20109 30114 50122 90134=
40745 42660 71204 10154 20004 38974 40103 58014 81536 333 70000 81640 86268 555 10080 29036 66666 00124 10094 20068 30074 50078 90105=
40747 41557 83304 10020 21029 38610 40178 51015 77772 8732/ 333 70062 82725 81935 84640 87458 555 10002 29070 66666 00034 10039 20050 30062 50071 90093=
40754 42560 42710 10051 21011 38778 40133 58001 82202 333 70050 82825 83069 555 10026 29064=
40762 41656 61405 10138 21054 38493 40082 57018 70521 81408 333 70000 81640 86269 555 10060 29026 66666 00122 10080 20052 30056 50068 90090=
40766 42582 21302 10066 21022 38666 40160 50005 81630 333 70185 81845 555 10031 29053 66666 00083 10052 20054 30063 50078 90102=
40768 42560 41201 10003 21031 38225 40180 52011 84600 333 70134 82725 83640 555 11010 29078 66666 00018 10020 20028 30040 50042 90058=
40769 41450 41301 10023 21015 38252 40151 50009 70511 83670 333 70136 81710 83830 555 10008 29076 66666 00032 10032 20046 30052 50070 90104=
40780 42560 41402 10054 21011 38655 40181 58003 81570 333 70224 81630 84458 555 10028 29063 66666 00046 10048 20060 30062 50084 90102=
40782 41620 52402 10072 20008 38840 40160 58002 70611 85800 333 70186 83840 555 10045 29064 66666 00100 10076 20074 30070 50096 90116=
40785 41558 60000 10063 20041 39059 40157 52001 71062 83510 333 70066 83630 86460 555 10053 29086 66666 00088 10082 20086 30094 50110 90162 77777 00/// 10000 20/// 30/// 50/// 70/// 99///=
40791 41920 11502 10219 21040 39276 40081 57025 70500 81070 333 70000 81360 555 10107 29017 66666 00154 10142 20122 30128 50138 90162=
40792 41650 12207 10177 21039 38657 40068 58013 70500 81100 333 70000 81835 555 10084 29023 66666 00146 10126 20102 30094 50118 90124=
40798 42560 42510 10062 21010 37899 40098 57010 84300 333 81930 83635 555 10031 29060 66666 00079 10051 20040 30049 50061 90080=
40800 42670 43304 10122 21028 38398 40079 58006 84500 333 70000 84640 555 10058 29035 66666 00150 10080 20056 30072 50086 90120=
40809 41658 42508 10174 21051 38452 40080 58009 70721 83131 333 70000 83835 555 10079 29021 66666 00163 10114 20085 30091 50103 90128=
40811 41618 42903 10178 20037 30122 40148 58011 70621 84500 333 79999 84640 555 10112 29039 66666 00176 10166 20172 30178 50188 90208=
40812 41656 71102 10159 20055 39754 40128 57012 70622 83510 333 70045 83640 87460 555 10108 29050 66666 00164 10156 20154 30164 50172 90196=
40821 41658 52603 10186 21020 38718 40071 58015 70510 82170 333 70000 82840 83359 555 10093 29025 66666 00185 10148 20111 30111 50115 90134=
40829 41957 72102 10222 21065 39565 40127 58019 70622 87010 333 70000 87460 555 10105 29014 66666 00198 10150 20126 30124 50142 90174=
40831 41930 03007 10176 20007 30148 40157 58010 70600 333 70000 555 10102 29032 66666 00210 10190 20188 30194 50204 90224=
40833 41605 83005 10185 20061 30124 40156 58007 70622 883// 333 70000 81935 87640 555 10124 29044 66666 00214 10198 20190 30192 50196 90216=
40841 42660 72406 10144 20011 38217 40096 57024 84470 333 70000 84640 87360 555 10081 29040 66666 00072 10070 20070 30088 50110 90144=
40845 41615 63409 10179 20103 30135 40140 58012 70622 81570 333 70000 81640 86360 555 10138 29061 66666 00194 10186 20180 30184 50188 90202=
40848 41556 62007 10158 20039 38495 40103 57018 70522 84370 333 70000 82930 83635 86460 555 10098 29045 66666 00096 10094 20094 30096 50102 90124 77777 00/// 10/// 20/// 30/// 50/// 70/// 99///=
40854 42960 42804 10214 20026 38912 40079 57019 84070 333 70000 84460 555 10120 29029 66666 00262 10202 20166 30168 50174 90198=
40856 41657 72409 10173 20008 38622 40107 58014 70722 82578 333 70000 82640 85360 555 10095 29033 66666 00150 10124 20104 30104 50112 90134=
40859 41440 81102 10090 20074 38709 40167 58015 71086 8732/ 333 70043 82711 82930 84635 88457 555 10082 29090 66666 00102 10106 20102 30116 50126 90150=
40875 41557 71203 10238 20155 30145 40157 57019 70522 82570 333 70003 82630 87360 555 10188 29060 66666 00274 10226 20224 30218 50232 90244=
40879 42962 72902 10241 21086 39487 40158 58028 80006 333 70000 87269 555 10110 29011 66666 00240 10208 20192 30198 50206 90234=
40882 42560 81506 10226 20160 30115 40150 58014 8357/ 333 70000 81825 83630 88359 555 10186 29066 66666 00242 10222 20216 30224 50222 90244=
40883 41556 72002 10243 20165 30122 40149 58018 70522 82310 333 70001 82930 87459 555 10195 29062 66666 00266 10228 20246 30222 50230 90246=
40893 41956 51408 10232 20159 30149 40155 57026 70511 85010 333 70000 85459 555 10188 29064 66666 00249 10238 20234 30235 50244 90238=
40898 42560 61303 10244 20135 30152 40161 58028 81106 222// 00232 20900 333 70000 81825 86269 555 10180 29050 66666 00318 10274 20232 30242 50254 90266=
41024 42960 03512 10258 20110 30130 40156 333 58037=
41036 42960 02806 10266 21190 38556 48506 333 58017 555 04410 50106=
41055 42960 01404 10246 21090 38361 48506 333 58021 555 04410 50102=
41061 41959 03114 10274 20100 39416 40109 70700 333 58027=
41084 42960 01105 10256 20070 38844 48503 333 58024 555 04410 50092=
41112 42960 02112 10224 21040 37950 48514 333 58014 555 04410 50085=
41114 42960 02410 10235 21110 37986 48515 333 58014 555 04410 50084=
41128 42960 00306 10290 21080 38803 48517 333 58028 555 04410 50090=
41136 42960 02408 10313 21020 39299 40097 333 58017=
41140 42560 22605 10289 20200 30131 40143 82100 333 58019 82830=
41150 41958 72908 10215 20150 40122 70622 80005 333 58010 87270=
41170 42558 81608 10239 20121 30109 40122 83031 333 58004 83362 87072=
41176 44/40 /1806 10234 20149 30121 40127 333 58002=
41184 42660 61115 10274 20140 40139 82501 333 59008 82635 86070=
41194 42960 51406 10266 20139 30133 40139 80001 333 58001 85075=
41196 42760 51406 10272 20135 30102 40143 81501 333 59002 81656 85080=
41216 41957 41415 10259 20119 30129 40133 70611 80001 333 59007 84075=
41217 41950 41516 10260 20116 30101 40130 70600 80001 333 59006 84075=
41242 36/// /0806 10247 20180 30143 40169 333 0E017 55300 25022 59000=
41244 36/// /1710 10247 20095 39713 40124 333 0E020 55300 25022 59002=
41253 36/// /0103 10250 20137 39774 40131 333 0E016 55300 25022 58002=
41254 36/// /1606 10176 21123 38054 49811 333 0E002 55300 25022 58009=
41258 36/// /1116 10234 20170 30134 40138 333 0E/// 55305 21789 59006=
41262 36/// /1316 10268 20121 39944 40138 333 0E016 55300 23025 58003=
41263 36/// /1404 10254 20042 39564 40120 333 0E015 55300 23091 58004=
41265 36/// /1305 10248 20059 39566 40126 333 0E016 55300 22864 58008=
41267 36/// /1214 10285 20137 30129 40141 333 0E019 59013=
41268 36/// /1809 10289 20123 30091 40138 333 0E017 55300 25022 59007=
41275 36/// /1517 10270 20129 39991 40158 333 0E013 55300 22965 58001=
41288 36/// /1311 10260 20164 30139 40161 333 0E021 58002=
41304 26/// /1519 10253 20161 39818 40130 333 0E017 55300 23095 59003 70004=
41315 36/70 /1513 1//// 2//// 39318 48112 333 0E018 55300 27865 58006=
41316 32588 59907 10257 20147 30123 40153 85500 333 58001 55407 55408 55507 55508 85625=
41396 42965 00406 10258 20100 39394 40102 333 59004=
41480 42460 41011 10265 20191 30144 40152 84800 333 58009 82818 84625=
41506 12960 03605 10120 21070 38551 48490 60001 333 58007==
41508 12960 02301 10168 21073 38678 48500 60001 333 59011==
41515 12960 00503 10104 21102 38553 48160 60001 333 59010==
41516 12960 11303 10135 21112 38611 48680 60001 81030 333 56080 58051==
41517 12960 20000 10060 21129 37854 48790 60001 80001 333 56008 58062==
41518 12460 23601 10128 21047 30001 48010 60001 82200 333 56800 58000==
41519 12960 00000 10145 21059 38803 48440 60001 333 58020==
41523 12960 02302 10180 21008 39113 48380 60001 333 59010==
41535 12960 00000 10155 21086 38728 48000 60001 333 59017==
41536 32996 20201 10108 21067 38456 48542 80001 333 58013=
41560 12960 00000 10100 21067 38333 48590 60001 333 56080 58012==
41571 11940 33109 10200 21047 39602 40181 60001 70500 80001 333 56008 59008==
41598 11940 23104 10240 21019 39897 40164 60001 70500 82030 333 56080 59013==
41600 11940 03101 10220 20034 39867 40158 60001 70500 333 59015==
41620 12440 22701 10160 21181 38604 48090 60001 82500 333 56800 58005==
41624 12960 03101 10240 20002 30000 40175 60001 333 59019==
41630 11940 33102 10225 20009 30000 40177 60001 70510 83030 333 56080 59019==
41640 11940 22701 10225 20026 39916 40164 60001 70500 82030 333 56080 59025==
41660 12960 72305 10155 21144 38443 48320 60001 82031 333 56088 59015==
41678 11940 00000 10240 20094 30000 40185 60001 70500 333 58004==
41696 12460 82302 10120 21014 37999 48130 60001 84520 333 56880 59010==
41697 12960 00000 10230 20019 30000 40190 60001 333 58020==
41700 11940 22702 10235 20059 30000 40176 60001 70500 82030 333 56080 59003==
41710 12460 71302 10175 21119 30000 40115 60001 83510 333 56880 59025==
41712 12460 72303 10210 20029 39189 48460 60001 84530 333 56880 59029==
41715 11940 30000 10230 20019 30000 40190 60001 70500 83030 333 56080 58005==
41718 11920 30000 10240 20068 30000 40183 60001 70500 83030 333 56080 59001==
41725 12940 30502 10230 20066 30000 40185 60001 83030 333 56080 58002==
41739 12440 82302 10180 20077 39088 48470 60001 84530 333 56880 58007==
41744 42440 80000 10150 20015 38824 48510 8552/ 333 5688/ 58024==
41749 11940 03103 10255 20064 30000 40190 60001 70400 333 58002==
41756 11940 70903 10240 20139 30000 40179 60001 70504 80002 333 56008 58007==
41757 12940 31803 10255 20049 30167 40179 60001 83010 333 56080 58003==
41759 12940 40901 10240 20117 30000 40179 60001 84030 333 56080 58007==
41764 11920 33305 10250 20023 30119 40170 60001 70500 83040 333 56080 58004==
41768 12940 00502 10300 20084 30160 40167 60001 333 58001==
41780 12940 40505 10270 21064 30142 40169 60001 80001 333 56008 59001==
41785 12940 03103 10250 20055 30141 40154 60001 333 59009==
41859 01950 01802 10245 20090 30086 40123 70500 333 58027 70000==
41883 02956 02702 10260 20060 30107 40127 333 58022 70000==
41891 02950 01804 10275 20040 30084 40122 333 58020 70000==
41907 01940 03102 10263 20090 30112 40127 70500 333 58026 70000==
41923 02956 03202 10268 20080 30119 40128 333 58023 70000==
41936 01930 02703 10278 20110 30127 40134 70500 333 58032 70000==
41943 01940 02902 10280 20090 30117 40124 70500 333 58022 70000==
41950 02950 00000 10270 20090 30126 40128 333 58021 70000==
41978 01957 03310 10290 20020 30113 40119 70500 333 58019 70000==
41992 01930 00305 10302 20070 30121 40123 70500 333 58022 70000==
42027 32996 20201 10108 21067 38456 48542 80001 333 58013=
42071 32996 22710 10202 20052 40163 82030 333 59025 82360=
42101 32996 03206 10216 20093 40159 333 59020=
42111 32996 10000 10244 20062 39418 40110 80001 333 59016 81070=
42123 32996 03203 10236 20022 40172 333 59013=
42131 31996 02705 10218 20023 40168 70500 333 59012=
42165 32696 50000 10234 21013 40168 85500 333 58001 85635=
42182 31996 02709 10230 20010 40153 70700 333 59008=
42189 32996 03204 10218 20081 39934 40133 333 59002=
42309 21596 60504 10214 20175 40119 71022 84530 333 58010 6998/=
42314 31595 70208 10204 20168 40119 71022 83530 333 58012 83620 87360=
42328 32996 40000 10254 20155 40151 80001 333 58001 84070=
42339 31995 20503 10260 21019 40165 70500 80001 333 58003 82070=
42348 31996 03208 10228 21050 40168 70500 333 59002=
42361 31995 00000 10246 20041 40156 70500 333 59002=
42369 31996 02710 10238 20039 40144 70500 333 58006=
42379 31995 02705 10232 20065 40125 70500 333 58012=
42410 31595 20000 10260 20130 40115 70500 81530 333 58017 81620 82360=
42415 31995 00000 10256 20169 40114 70500 333 58008=
42452 31996 03602 10234 20011 40161 70500 333 58006=
42492 31996 02706 10242 20081 40132 70500 333 58009=
42559 32996 23602 10246 20013 40146 80002 333 58005 82075=
42571 31996 03202 10240 20016 40148 70500 333 58002=
42591 32996 02705 10262 20031 40142 333 58008=
42623 31496 33201 10238 20093 39241 40096 70500 82530 333 58012 82618 83360=
42634 32996 30903 10292 20013 40149 80001 333 59001 83070=
42647 31996 00208 10286 20051 40142 70400 333 59002=
42667 32996 00506 10220 20021 39568 40158 333 58006=
42675 32996 03202 10240 20067 40155 333 58010=
42701 32996 03208 10266 21056 39396 40110 333 58009=
42724 31996 02702 10272 20111 40124 70500 333 58023=
42737 32996 00709 10304 20040 40135 333 59007=
42754 32996 00507 10238 20022 39509 40141 333 58005=
42779 32996 03602 10260 20061 39445 40133 333 58008=
42798 31996 03603 10310 20031 40115 70500 333 58014=
42809 31996 03402 10270 20065 40132 70500 333 58024=
42840 32996 01602 10324 20127 40122 333 58007=
42867 31996 00503 10294 20094 40137 70500 81031 333 58015 81360 81075=
42874 31996 63602 10304 20277 40132 70500 86030 333 58017 86360=
42886 32596 22004 10336 20201 40124 82500 333 58018 82620=
42895 32996 00902 10294 20109 40128 333 58022=
42909 32996 02504 10274 20190 40124 222// 20000 333 58003=
42971 31996 01402 10314 20177 40130 70500 333 58019=
43003 31995 03204 10332 20185 40109 70400 333 58017=
43014 31995 01404 10316 20195 39477 40104 70542 333 58019=
43041 31596 30502 10324 20141 39507 40102 70500 83400 333 58012 82625 83830=
43063 32597 20901 10328 20121 39490 40093 81501 333 58015 81626=
43086 32997 00000 10330 20208 39939 40113 333 58014=
43110 31996 02705 10330 20178 40114 70544 333 58020=
43117 32597 12302 10346 20228 40100 81500 333 58022=
43128 32997 11404 10320 20182 39519 40109 80001 333 58017 81070=
43150 31595 31603 10308 20248 30066 40128 70500 81501 333 58021 81620 83075=
43185 32997 01806 10334 20216 30111 40114 333 58017=
43189 32597 10000 10336 20190 30114 40123 81500 333 58017=
43192 32996 02302 10342 20194 40106 333 58020=
43198 32997 01408 10318 20089 39287 40084 333 58017=
43201 32997 02002 10336 20098 39375 40073 333 58015=
43213 32997 01402 10356 20118 39786 40092 333 58019=
43233 32997 01114 10322 20124 39302 40093 333 58016=
43237 32997 01106 10346 20117 39694 40073 333 58017=
43245 32997 01104 10326 20233 30098 40124 333 58020=
43279 31997 21603 10320 20210 30107 40124 70520 80002 333 58020 82075=
43284 32996 02308 10336 20190 39986 40099 333 58025=
43295 32997 10904 10304 20125 39102 48508 80001 333 58011 81075=
43314 32997 02303 10346 20231 40103 333 58022=
43321 31996 30908 10320 20059 39664 40099 70500 80001 333 58016 83070=
43329 32997 00703 10300 20227 30106 40120 333 58015=
43333 31495 40502 10300 20224 40092 70510 81501 333 58012 81618 83070=
43344 31496 40506 10324 20186 30017 40114 70511 82501 333 58022 82616 83075=
43353 12708 10310 20186 40098 70521 81500 333 56700 58019 81620=
43369 32597 10318 20253 40102 82500 333 58015 82620=
43371 32597 12702 10330 20225 30030 40101 81100 333 58020 81820=
43404 22/70 60403 10297 20225 30105 40108 5/031 333 553// 20423 58024 60008 83818 91007==
43410 22470 20506 10290 20221 30112 40115 57027 82200 333 58024 60008 555 60008==
43413 22470 40205 10300 20230 30104 40109 57031 84100 333 553// 20479 58024 60008 91009==
43415 22470 30503 10302 20199 30010 40118 53016 83000 333 58018 60008 555 60008==
43418 22470 50502 10290 20223 30071 40112 57023 85200 333 58019 60008 85/18 555 60008==
43421 22470 30503 10304 20202 39998 40102 52032 83000 333 553// 20360 58021 60008 91008==
43422 22470 30502 10307 20210 39967 40099 57033 83000 333 58019 60008 555 60008==
43424 22470 20502 10326 20221 30093 40095 53032 82100 333 58015 60008 555 60008==
43436 22470 30502 10292 20234 30106 40109 57025 82000 333 58024 60008 555 60008==
43441 22470 10903 10330 20194 39948 40077 56035 81000 333 58014 60008 555 60008==
43444 22470 11104 10306 20197 39561 40089 54032 81000 333 58019 60008 555 60008==
43450 21/68 33604 10332 20192 30080 40092 57031 70500 333 58012 60008 83/18 555 60008==
43466 21468 22902 10320 20207 30080 40088 5/032 70521 82100 333 553// 20436 58015 60008 91006 555 60008==
43467 21440 12904 10319 20219 30085 40091 57030 70510 81100 333 58015 60008 555 60008==
43473 22970 01104 10196 20137 38120 48481 52024 333 553// 20451 58014 60008 91007 555 60008==
43475 22470 60303 10312 20221 30098 40102 57000 83108 333 553// 20429 58020 60008 91009 555 60008==
43476 22458 33202 10244 20159 38771 48520 57027 83000 333 58018 60008 555 60008==
43479 22470 23602 10265 20189 39260 57028 82100 333 58019 60008 555 60008==
43486 21462 53301 10331 20146 39983 40080 56035 70510 85000 333 553// 20348 58017 60008 91002==
43495 22468 52602 10298 20244 30077 40090 5/260 81000 333 58180 60008 555 60008==
43497 22470 10703 10315 20000 30067 40084 5/033 81000 333 553// 20479 58014 60008 91006==
44212 42984 43601 11174 21237 39249 40487 57013 80008==
44213 42/84 30000 11199 21259 38888 40493 57004 83030==
44214 42970 02704 11113 21242 38328 40412 57014==
44215 42/70 21002 11133 21220 38472 40439 57013 82041==
44217 32998 00000 11178 21257 37881 40499 57011 333 91200=
44218 42984 03504 11165 21211 38687 40473 57011==
44219 32999 03102 11149 21187 38700 40457 57015 333 91203=
44265 42984 21601 11052 21169 38914 40369 56012 80004==
44266 32999 01003 11119 21217 37792 40409 57011 333 91204=
44404 42358 20904 10190 21014 38128 48455 81101 333 59001=
44416 42960 12705 10253 20092 39345 40116 80001 333 58004=
44424 42960 10608 10184 21083 37638 47054 80001 333 59004=
44434 41559 11407 10236 20122 39201 48485 7004/ 81100 333 58006=
44438 42956 02206 10216 20120 39997 40126 80000 333 58010=
44449 41950 02405 10212 20138 39962 40121 70544 80000 333 58013=
44454 42460 23010 10214 21010 38636 48472 82100 333 58003=
44462 42960 02706 10212 20049 38225 48438 80000 333 58001=
44474 41020 23604 10183 20054 38230 48470 70544 82200 333 58004=
44477 41930 02808 10196 20120 38793 48500 70544 80000 333 58000=
44478 41940 02909 10228 20157 30034 40116 70544 80000 333 58019=
48010 41956 01801 10295 20166 39942 40091 70544 333 58012==
48020 42960 00000 10290 20159==
48025 42430 30402 10293 20140 39964 40102 58018 83500==
48048 42958 03201 10333 20234 30040 40094 333 58015==
48052 32958 01403 10350 20182 333=
48062 42558 23207 10302 20253 30097 40103 82500 333 58018==
48064 42958 01401 10320 20215 30028 40085 333 58017==
48094 42560 10902 10338 20180 30090 40100 81200 333 58021==
48109 42960 00000 10300 20239 30107 40110 333 58007==
51076 14/80 /2601 11063 21168 39437 40387 57013 60001 333 11051 21203 3/103 4/025 59026 70000 90761 91103==
51087 14/65 /2400 11066 21153 39285 40379 57012 60001 333 11055 21174 3/106 4/018 59025 70000 90761 91103==
51156 14/80 /1205 11042 21161 38745 40352 57010 60001 333 11019 21144 3/116 59021 70000 90761 91106==
51243 14/50 /2002 11145 21204 39798 40404 57014 60001 70500 333 11136 21213 3/116 59026 70000 90761 91104==
51334 14/50 /3402 11127 21189 39953 40402 57014 60001 70500 333 11124 21227 3/111 4/012 59029 70000 90761 91103==
51379 14/39 /2702 11106 21159 39361 40403 57009 60001 70500 333 11093 21262 3/107 4/023 59024 70000 90761 91103==
51463 14/43 /0102 11105 21151 39096 40378 57010 60001 70500 333 11091 21154 3/101 4/036 59025 70000 90761 91103==
51573 14/67 /2601 10037 21155 30295 40347 57019 60001 333 10048 21054 3/111 59015 70000 90761 91103==
51644 14/57 /2102 10004 21119 39025 40341 57022 60001 70600 333 10006 21098 3/106 4/002 59009 70000 90761 91105==
51656 14/50 /2404 10014 21117 39236 40338 57019 60001 70700 333 10015 21077 3/109 59013 70000 90761 91107==
51709 14/62 /1701 10011 21163 38679 40321 57024 60001 333 10018 21090 3/111 59012 70000 90761 91105==
51711 14/61 /0903 11039 21155 38034 40278 57023 60001 333 11034 21157 3/120 59011 70000 90761 91106==
51716 14/57 /1901 10037 21145 38977 40324 57026 60001 333 10040 21101 3/115 59015 70000 90761 91106==
51765 14/58 /2702 10028 21144 39304 40342 57016 60001 333 10031 21102 3/114 59007 70000 90761 91106==
51811 14/63 /1202 10040 21158 38844 40310 57029 60001 333 10045 21107 3/118 59014 70000 90761 91104==
51818 14/57 /0803 10034 21181 38685 40303 57027 60001 333 10037 21092 3/115 59012 70000 90761 91106==
51886 14/80 /2202 11013 21198 37112 40268 57009 60001 333 11006 21136 3/118 58015 70000 90761 91106==
52203 14/76 /2201 10019 21187 39427 40357 57010 60001 333 10021 21150 3/120 59013 70000 90761 91103==
52602 14/80 /2705 11024 21218 37277 40305 52001 60001 333 11009 21142 3/115 58034 70000 90761 91110==
52818 14/80 /3202 11020 21232 37253 40284 52004 60001 333 11013 21095 3/112 58034 70000 90761 91106==
52908 14/68 /3011 11106 21287 35734 40266 52004 60001 333 11034 21193 3/122 58036 70000 90761 91124==
55299 14/80 /2709 10004 21350 35824 40145 57003 60001 333 10067 21167 3/127 58042 70000 90761 91123==
55591 14/75 /2604 10131 21312 36466 49917 57015 60001 333 10163 20023 3/110 58031 70000 90761 91116==
56004 14/79 /2908 11081 21334 35795 40263 52001 60001 333 10016 21212 3/125 58049 70000 90761 91120==
56018 14/66 /2806 10014 21324 36128 40091 57004 60001 333 10088 21139 3/119 58036 70000 90761 91118==
62306 42560 63318 10135 20050 40261 52012 86800==
62309 42560 63512 10151 20016 40237 52015 86800==
62332 42560 63005 10130 20081 40217 52007 86800==
62337 42560 62507 10131 20092 40208 52004 86800==
62366 45560 63207 10146 20028 40217 52006 86800==
62387 42560 33506 10155 20049 40233 52001 83100==
62393 42960 03614 10131 20019 40245 54000==
62405 42960 03306 10150 20023 40210 52004==
62414 42960 03608 10158 20016 40204 52002==
62419 41956 00214 10169 20025 40199 57002 70700==
62420 42960 03203 10150 20038 40244 52002==
62435 42960 03313 10152 20022 40224 54000==
62440 42560 63108 10156 20046 40215 52005 86200==
62455 42/60 33105 10156 20051 40217 54000 83030==
62458 42960 03108 10157 20014 40217 57006==
62459 42960 02910 10169 20009 40198 52001==
62465 42960 03105 10178 20078 40195 52001==
41256 32960 70509 10243 20159 30128 40145 80002 90845 333 58001 55407 55408 55507 55508 87070=
