SMPK OPKC 090000=
41504 02995 00000 11050 21125 37917 48593 60002 333 58003 60007 RH55%=
41505 22595 50000 11020 21034 38/// 48/// 60001 82530 333 56990 58/// 82640 83360 90%=
41507 02996 00000 10060 20026 39287 49823 60002 333 58003 60007 79%=
41508 02696 50000 10012 21032 38679 48542 60002 82520 333 56990 59005 60007 82635 83460 73%=
41509 0296 20000 10050 20014 38813 48545 60002 82020 333 56090 58014 60007 82460 RH 78%=
41510 02996 00000 11010 21023 37922 48543 60002 333 59005 60007 91%=
41515 02695 30000 10024 21015 38601 48560 60002 83020 333 56090 58017 60007 83460 75%=
41516 02696 42702 10020 21020 38585 48534 60002 81630 333 56990 59016 60007 81640 84360 RH74%=
41517 01696 70000 11030 21072 37831 48576 60002 70422 83530 333 56990 59016 60007 83640 86360 70%= 
41518 02696 41802 10033 21024 38/// 48/// 60002 82520 333 56990 5//// 60007 82640 82462 68%=
41519 02996 30000 10070 21019 38808 48541 60002 80030 333 56090 59014 60007 83362 RH53%=
41520 02995 02702 11030 21109 37664 48329 60002 333 59003 60007 51%=
41523 02996 00000 10030 21009 39106 48502 60002 333 59014 60007 76%=
41524 02996 31804 10140 21048 39365 40233 60002 83020 333 56090 59014 60007 83460 27%=
41525 12696 60000 10040 21008 37690 48406 60002 82520 333 56990 58000 82640 84460 71%=
41528 01696 50000 10065 20043 39224 48496 60002 70400 82500 333 56990 59016 60007 82640 83460 86%=
41528 01696 50000 10065 20043 39224 48496 60002 70400 82500 333 56990 59016 60007 82640 83460 86%=
41528 01696 50000 10065 20043 39224 48496 60002 70400 82500 333 56990 59016 60007 82640 83460 86%=
41529 02696 40000 10080 20033 39773 40167 60002 84020 333 56090 59007 60007 84460 72%=
41529 02696 40000 10080 20033 39773 40167 60002 84020 333 56090 59007 60007 84460 72%=
41530 019// 70000 10130 21013 39738 40158 60002 70522 87030 333 56090 59006 60007 87360 37%=
41534 02696 60000 10085 20039 39736 40163 60002 83520 333 56990 59015 60007 83640 83460 73%=
41535 02696 30000 10045 20009 38731 48495 60002 83500 333 56900 58008 60007 83635 RH77%=
41536 02996 00000 10060 21001 39050 48505 60002 333 59003 60007 65%=
41560 02996 01302 11020 21065 38273 48510 60002 333 59020 60007 RH71%=
41562 02996 03102 10085 20026 39691 40171 333 59014 60007 RH 66%=
41565 02995 23104 10044 21020 38632 48497 60002 82020 333 56090 59007 60007 82460 RH 62% =
41567 01696 30000 10090 20045 39719 40150 60002 70400 82530 333 56990 58005 60007 82640 82360 73%=
41567 01696 30000 10090 20045 39719 40150 60002 70400 82530 333 56990 58005 60007 82640 82360 73%=
41567 01696 30000 10090 20045 39719 40150 60002 70400 82530 333 56990 58005 60007 82640 82360 73%=
41571 119// 60504 10080 21005 39580 40182 60002 70522 82031 333 56099 58006 RH65%=
41572 01996 02704 10080 21021 39508 40152 60002 70500 333 59006 60007 RH 49%=
41573 02697 41302 10020 21084 37971 48509 60002 82520 333 56990 59001 60007 82640 83460 46%=
41573 02697 41302 10020 21084 37971 48509 60002 82520 333 56990 59001 60007 82640 83460 46%=
41573 02697 41302 10020 21084 37971 48509 60002 82520 333 56990 59001 60007 82640 83460 46%=
41574 02997 40000 10010 21002 38348 48532 60002 80007 333 56009 59020 60007 84070 92%=
41574 02997 40000 10010 21002 38348 48532 60002 80007 333 56009 59020 60007 84070 92%=
41576 01996 40000 10090 20045 40193 60002 70400 84070 333 56090 58008 60007 84460 73%=
41576 01996 40000 10090 20045 40193 60002 70400 84070 333 56090 58008 60007 84460 73%=
41576 01996 40000 10090 20045 40193 60002 70400 84070 333 56090 58008 60007 84460 73%=
41577 01696 50000 10070 20024 39537 40174 60002 70421 82530 333 56990 59002 60007 82640 83360 RH 73%=
41593 01996 40000 10105 20050 39941 40165 60002 70411 84070 333 56090 58009 60007 84460 69%=
41593 01996 40000 10105 20050 39941 40165 60002 70411 84070 333 56090 58009 60007 84460 69%=
41593 01996 40000 10105 20050 39941 40165 60002 70411 84070 333 56090 58009 60007 84460 69%=
41597 01996 00000 10100 20057 39865 40168 60002 70400 333 59001 60007 74%=
41597 01996 00000 10100 20057 39865 40168 60002 70400 333 59001 60007 74%=
41598 01995 20000 10085 20052 39878 40160 60002 70400 82030 333 56090 59002 60007 82360 79%=
41598 01995 20000 10085 20052 39878 40160 60002 70400 82030 333 56090 59002 60007 82360 79%=
41598 01995 20000 10085 20052 39878 40160 60002 70400 82030 333 56090 59002 60007 82360 79%=
41598 01995 20000 10085 20052 39878 40160 60002 70400 82030 333 56090 59002 60007 82360 79%=
41598 01995 20000 10085 20052 39878 40160 60002 70400 82030 333 56090 59002 60007 82360 79%=
41599 01995 23604 10080 20046 39855 40156 60002 70400 82030 333 56090 59002 60007 82360 79%=
41600 01996 20000 10085 20063 39853 40159 60002 70400 82030 333 56090 59010 60007 82360 86% =
41600 01996 20000 10085 20063 39853 40159 60002 70400 82030 333 56090 59010 60007 82360 86% =
41600 01996 20000 10085 20063 39853 40159 60002 70400 82030 333 56090 59010 60007 82360 86% =
41620 31996 02302 10030 21058 38588 48489 60002 70500 333 59018 60007 52%=
41624 01995 03102 10120 20056 39944 40149 60002 70400 333 59013 60007 65%=
41624 01995 03102 10120 20056 39944 40149 60002 70400 333 59013 60007 65%=
41624 01995 03102 10120 20056 39944 40149 60002 70400 333 59013 60007 65%=
41625 01996 00000 10090 20057 39927 40134 60002 70400 333 59011 60007 80%=
41630 01996 20000 10090 20045 40158 60002 70400 82030 333 56090 59010 60007 82360 73%=
41633 01996 00000 10080 20069 4//// 60002 70400 333 5//// 60007 93%=
41633 01996 00000 10080 20069 4//// 60002 70400 333 5//// 60007 93%=
41634 02997 00000 10050 20001 3//// 4//// 60002 333 5//// 60007 70%,=
41634 02997 00000 10050 20001 3//// 4//// 60002 333 5//// 60007 70%,=
41634 02997 00000 10050 20001 3//// 4//// 60002 333 5//// 60007 70%,=
41635 01996 00000 10100 20079 3//// 4//// 60002 70400 333 5//// 60007 87%=
41635 01996 00000 10100 20079 3//// 4//// 60002 70400 333 5//// 60007 87%=
41635 01996 00000 10100 20079 3//// 4//// 60002 70400 333 5//// 60007 87%=
41636 01996 00000 10085 20083 39968 40160 60002 70400 333 59013 60007 86%=
41638 01995 30000 10090 20069 4//// 60002 71000 83030 333 56090 5//// 60007 83360 86%=
41638 01995 30000 10090 20069 4//// 60002 71000 83030 333 56090 5//// 60007 83360 86%=
41638 01995 30000 10090 20069 4//// 60002 71000 83030 333 56090 5//// 60007 83360 86%=
41639 01996 30000 10090 20045 3//// 4//// 60002 70410 83030 333 56090 5//// 60007 82460 73%=
41639 01996 30000 10090 20045 3//// 4//// 60002 70410 83030 333 56090 5//// 60007 82460 73%=
41639 01996 30000 10090 20045 3//// 4//// 60002 70410 83030 333 56090 5//// 60007 82460 73%=
41639 01996 30000 10090 20045 3//// 4//// 60002 70410 83030 333 56090 5//// 60007 82460 73%=
41640 01996 00000 10115 20085 39893 40149 60002 70400 333 59004 60007 82%=
41640 01996 00000 10115 20085 39893 40149 60002 70400 333 59004 60007 82%=
41641 01996 00000 10120 20090 39870 40151 60002 70400 333 59005 60007 82%=
41642 01995 00000 10075 20053 3//// 4//// 60002 71000 333 5//// 60007 86%=
41642 01995 00000 10075 20053 3//// 4//// 60002 71000 333 5//// 60007 86%=
41642 01995 00000 10075 20053 3//// 4//// 60002 71000 333 5//// 60007 86%=
41643 01995 00000 10080 20058 39864 40151 60002 71000 333 59004 60007 86%=
41644 01994 00000 10095 20074 4//// 60002 71000 333 5//// 60007 87%=
41644 01994 00000 10095 20074 4//// 60002 71000 333 5//// 60007 87%=
41644 01994 00000 10095 20074 4//// 60002 71000 333 5//// 60007 87%=
41646 01995 00000 10110 20090 39951 40172 60002 71000 333 59006 60007 87%=
41646 01995 00000 10110 20090 39951 40172 60002 71000 333 59006 60007 87%=
41646 01995 00000 10110 20090 39951 40172 60002 71000 333 59006 60007 87%=
41646 01995 00000 10110 20090 39951 40172 60002 71000 333 59006 60007 87%=
41646 01995 00000 10110 20090 39951 40172 60002 71000 333 59006 60007 87%=
41652 01995 00000 10095 20051 39969 40154 60002 70400 333 59007 60007 74%=
41652 01995 00000 10095 20051 39969 40154 60002 70400 333 59007 60007 74%=
41652 01995 00000 10095 20051 39969 40154 60002 70400 333 59007 60007 74%=
41660 029// 41310 10055 21049 38420 48513 60002 84030 333 56090 59020 60007 84360 RH47%=
41669 01996 00000 10095 200674 3//// 4//// 60002 70400 333 5//// 60007 87%=
41669 01996 00000 10095 200674 3//// 4//// 60002 70400 333 5//// 60007 87%=
41670 01996 00000 10090 20069 4//// 60002 70400 333 5//// 60007 86%=
41674 01995 21806 10080 20046 3//// 4//// 60002 70400 82030 333 5//// 60007 82360 79%=
41674 01995 21806 10080 20046 3//// 4//// 60002 70400 82030 333 5//// 60007 82360 79%=
41674 01995 21806 10080 20046 3//// 4//// 60002 70400 82030 333 5//// 60007 82360 79%=
41675 01995 00000 10110 20079 39993 40141 60002 71000 333 59008 60007 81%=
41676 01994 00000 10105 20062 30004 40169 60002 70400 333 59018 60007 75%=
41676 01994 00000 10105 20062 30004 40169 60002 70400 333 59018 60007 75%=
41677 01995 00000 10080 20058 39972 40146 60002 71000 333 59010 60007 86%=
41677 01995 00000 10080 20058 39972 40146 60002 71000 333 59010 60007 86%=
41678 01996 30000 10120 20068 40153 60002 70400 83020 333 56090 59013 60007 83460 70%=
41678 01996 30000 10120 20068 40153 60002 70400 83020 333 56090 59013 60007 83460 70%=
41678 01996 30000 10120 20068 40153 60002 70400 83020 333 56090 59013 60007 83460 70%=
41679 01996 00000 10100 20079 4//// 60002 70400 333 5//// 60007 87%=
41680 01995 00000 10100 20079 39946 40154 60002 71000 333 59012 60007 87%=
41680 01995 00000 10100 20079 39946 40154 60002 71000 333 59012 60007 87%=
41685 02997 30000 10080 21005 38918 48493 60002 83020 333 56090 59005 60007 83460 RH55%=
41696 02696 40000 10030 21035 37998 48528 60002 82520 333 56990 58002 60007 82640 82460 RH62%=
41697 02696 60000 10110 20043 39973 40136 60002 86500 333 56900 59035 60007 86640 RH63%=
41700 01994 30000 10105 20085 30003 40135 60002 71000 83030 333 56090 59014 60007 83360 87%=
41700 01994 30000 10105 20085 30003 40135 60002 71000 83030 333 56090 59014 60007 83360 87%=
41700 01994 30000 10105 20085 30003 40135 60002 71000 83030 333 56090 59014 60007 83360 87%=
41701 01995 00000 10090 20069 30002 40150 60002 71000 333 59015 60007 86%=
41701 01995 00000 10090 20069 30002 40150 60002 71000 333 59015 60007 86%=
41710 12696 33102 10160 20037 39334 40103 60002 83500 333 56900 59016 83640 RH44%=
41712 12996 00000 10110 20022 39168 48476 60002 333 59022 RH54%=
41715 01994 30000 10095 20063 30075 40142 60002 70400 83030 333 56090 59021 60007 83360 RH80%=
41716 01995 00000 10100 20057 30038 40145 60002 70400 333 59015 60007 74%=
41716 01995 00000 10100 20057 30038 40145 60002 70400 333 59015 60007 74%=
41718 01995 00000 10100 20057 30030 40137 60002 70400 333 59015 60007 74%=
41718 01995 00000 10100 20057 30030 40137 60002 70400 333 59015 60007 74%=
41718 01995 00000 10100 20057 30030 40137 60002 70400 333 59015 60007 74%=
41724 01995 00000 10100 20068 30082 40164 60002 70400 333 59024 60007 RH81%=
41725 01995 00504 10120 20079 30059 40139 60002 70500 333 59010 60007 RH76%=
41726 01994 40000 10090 20045 30118 40193 60002 71000 80001 333 56009 59017 60007 84070 RH73%=
41738 02996 00000 10130 20043 39962 40149 60002 333 59016 60007 RH55%=
41739 02996 00504 10080 20036 39068 48509 60002 333 59014 60007 RH74%=
41742 12996 20000 10120 20014 30053 40161 60002 82030 333 56090 59016 82360 RH 48%=
41743 01995 40000 10120 20068 60002 70400 84060 333 56090 60007 84660 RH75%=
41744 12996 00000 10075 21012 38773 48490 60002 333 59027 RH 54%=
41745 01995 00000 10110 20079 60002 70400 333 60007 RH81%=
41746 21994 40000 10080 20058 30091 40147 60002 71000 84030 333 56090 59034 60007 84360 RH86%=
41747 01994 00000 10095 20074 30071 40133 60002 71000 333 59028 60007 RH87%=
41748 01996 03602 10105 20074 30082 40148 60002 70500 333 59023 60007 RH81%=
41749 01995 03104 10125 20085 30097 40133 60002 70400 333 59046 60007 RH77%=
41756 01995 00902 10160 20124 30079 40147 60002 70504 333 59014 60007 RH79%=
41757 12996 00000 10140 20102 30152 40165 60002 333 59002 RH78%=
41759 02996 00000 10110 20056 30135 40141 60002 333 59036 60007 RH69%=
41760 01996 03602 10130 20080 30117 40130 60002 70500 333 59020 60007 RH 71%=
41764 02996 00000 10160 20081 30074 40125 60002 333 59019 60007 RH60%=
41765 02996 03602 10155 20108 30098 40134 60002 333 59018 60007 RH74%=
41766 01994 00000 10090 20069 30116 40147 60002 70400 333 59014 60007 RH86%=
41767 02996 00000 10125 20085 3//// 4//// 60002 333 60007 RH77%=
41768 02996 00000 10120 20068 30120 40127 60002 333 59023 60007 RH70%=
41780 01996 00202 10135 20035 30100 40129 60002 70500 333 59019 60007 RH51%=
41783 02996 00000 10150 20103 30106 40136 60002 333 59028 60007 RH 73%=
41785 02996 00000 10120 20079 30127 40140 60002 333 59021 60007 RH76%=
41786 02996 00000 10070 20035 30091 40129 60002 333 59016 60007 RH 78%=
41BKI 02996 40000 10080 20005 39720 40152 60002 84030 333 56090 59015 60007 84360 RH 59%=
41SKP 01996 00000 10075 20053 3//// 4//// 60002 70400 333 5//// 60007 86%=
41SKP 01996 00000 10075 20053 3//// 4//// 60002 70400 333 5//// 60007 86%=
43532 01696 50000 10070 20048 39335 40164 60002 70402 82520 333 56990 59030 60007 82640 83460 86%=
43532 01696 50000 10070 20048 39335 40164 60002 70402 82520 333 56990 59030 60007 82640 83460 86%=
43533 02997 43102 10050 20027 39230 48478 60002 84020 333 56090 58000 60007 84460 85%=
43533 02997 43102 10050 20027 39230 48478 60002 84020 333 56090 58000 60007 84460 85%=
43536 32996 50901 10027 21009 38445 48532 80001 333 59011=
43563 02997 00000 10089 20048 39461 40171 60002 333 59002 60007 75%=
43563 02997 00000 10089 20048 39461 40171 60002 333 59002 60007 75%=
41BAG 02696 40502 11010 21063 60002 84500 333 56900 60007 84640 64%=

==================
41661 Not Received
==================

UPPK OPKC 090000=
PPAA 59001 41598 55185 29002 77999=
PPAA 59001 41600 55185 32507 77999= 
PPBB 59001 41600 90/12 00000 27002 28002 903// 30503=
PPAA 59001 41624 55185 34507 77999=
PPAA 59001 41640 55185 29004 77999=
PPAA 59001 41675 55185 21509 77999=
PPAA 59001 41678 55185 33008 77999=
PPAA 59001 41718 55185 04507 77999=
PPBB 59001 41598 90/12 00000 27002 27503 903// 28503=
PPBB 59001 41624 90/12 31502 32004 31504 9037/ 29006 25506=
PPBB 59001 41640 90/12 00000 23502 25502 903// 27003=
PPBB 59001 41675 41675 90/12 00000 22001 25002 903// 24002=
PPBB 59001 41678 90/12 00000 30505 31504 903// 32503=
PPBB 59001 41718 90/12 00000 08007 07009 903// 05009=
PPAA 5900/ 41646 MISDA DUE TO TECHNICAL REASON=
PPAA 5900/ 41517 MISDA DUE TO SMOKE HAZE=
PPAA 5900/ 41715 NO ASCENT DUE TO BALLOONS OUT OF STOCK=
PPAA 5900/ 41739 no acent due to security risk=
PPAA 5900/ 41749 MISDA DUE TO TECHNICAL FAULT=
PPAA 5900/ 41764 NO ASCENT DUE TO 30GMS BALLOON OUT OF STOCK=
PPAA 59001 41780 MISDA NO ASCENT DUE TO RED BALLOON SHORTAGE=


Data Generated from File : D:/all data handling/Rmc_lhr/2025020900.FSU.txt
09/02/2025 01:02:26
____________________________________________________________________________________________
15020 04/66 /1202 11043 21084 30216 40429 57006 60001 333 55000 20231 55300 20000 60007==
15090 04566 80302 11041 21071 30332 40432 57005 60001 885// 333 55000 00018 20285 30283 55300 10060 20000 30000 60007 91004 90760 91104==
15108 02984 01208 11099 21253 38171 48593 56008 60001 333 49082 55077 21094 55300 20000 60007 91010 90760 91110==
15150 04569 83601 11043 21086 30198 40428 58006 60001 8557/ 333 55000 20211 55300 20000 60007 91002 90760 91103==
15170 01959 03501 11098 21122 39561 42917 54001 60001 71000 333 41998 55078 21014 55300 20000 60007 91002 90760 91103==
15280 02970 00806 11091 21345 37554 47091 57007 60001 333 49082 55081 21417 55300 20000 60007 91008 90760 91108==
15310 04962 03503 11055 21080 30308 40401 57008 60001 333 55002 10050 20289 30288 55300 10240 20000 30000 60007 91006 90760 91108==
15335 04964 03603 11046 21074 30383 40390 57008 60001 333 55000 20158 55300 20000 60007 91005 90760 91106==
15350 04566 83402 11046 21082 30283 40413 58010 60001 885// 333 55000 20199 55300 20000 60007 91003 90760 91107==
15360 04/70 60312 10015 21037 30345 40363 57009 60001 86070 333 55000 60007 91015 90760 91115==
15420 04567 80503 11033 21079 30289 40408 57004 60001 8357/ 333 55000 20188 55300 20000 60007 91005 90760 91107==
15460 04/68 /3604 11026 21069 30367 40394 57013 60001 333 55000 20192 55300 20000 60007==
15470 04565 80702 11025 21073 30272 40407 58004 60001 8457/ 333 55000 20220 55300 20000 60007 91003 90760 91105==
15480 04466 83103 11014 21050 30350 40368 56010 60001 886// 333 55000 10020 20124 30107 55300 10050 20000 30000 60007 91008 90760 91108==
15549 12570 73402 11053 21070 39942 40388 58009 60001 87500 333 11043 21054 555 588//=
15552 11460 83406 11023 21060 30304 40356 57015 69901 70272 885// 222// 00067 10402 333 11015 21024 555 40000 57300 69199 70000 92036 92437=
15640 12668 80505 11026 21036 30048 40380 58003 60001 885// 333 11015 21026 555 593//=
15655 11568 83412 11013 21052 30318 40353 57010 69901 77172 8802/ 222// 00068 10403 333 11007 21016 91116 555 40000 57200 69960 70000 92047 92447=
15730 12670 83606 11026 21060 39947 40368 58004 60001 85577 333 11003 21026 555 577//=
16627 12565 70212 10018 21045 30327 40334 58003 60001 87500 333 90730 91126==
16650 12460 70421 10042 21019 30307 40316 57008 60001 87800 333 84818 87625 90730 91132==
16723 12560 10310 10070 20021 30227 40242 57007 60001 81200 333 90730 91118==
16742 12960 03611 10090 20029 30056 40215 57009 60001 333 90730 91116==
16749 12960 09902 10060 20009 30186 40200 57003 60001 333 90730 91107==
16754 11460 73517 10098 20068 30199 40247 58007 69961 70262 87600 333 82710 86625 90730 91128==
16760 17/// /0110 10062 20044 39822 40248 57009 60021 7414/ 333 90730 91123==
16765 26/// /3116 10117 20029 30188 40208 57008 333 60005 90730 91125==
17022 11570 71202 10021 20015 30122 40294 57008 69901 70282 85250 333 85833 87360 90760 91108==
17024 16/81 /2113 10018 20006 30197 40277 57008 60001==
17026 17/67 /2606 10034 20020 30242 40282 57007 60051 722//==
17031 12670 73006 10050 20020 30264 40271 57009 60001 84250 333 84836 87360 90760 91115==
17034 11567 72104 10052 20017 30229 40277 57009 69981 72582 84250 333 84830 87360 90760 91110==
17038 11470 72402 10054 20032 30214 40263 57006 60011 78088 87200 333 84716 87826 90760 91117==
17042 16/77 /1106 10053 20024 30227 40269 57007 60001==
17050 16/80 /3407 10000 21064 30295 40360 57009 60001==
17056 12670 63310 10007 21028 30328 40333 57006 60001 83530 333 83635 86360 90760 91121==
17060 11460 73614 10037 20011 30265 40307 57010 60031 78088 87200 333 83711 87825 90760 91128==
17070 12665 72201 11012 21042 39379 40281 57008 60001 84520 333 84634 87460 90760 91107==
17074 16/// /2601 11002 21006 39308 40272 57007 60001==
17084 12670 70000 10008 21011 39331 40260 57007 60001 84570 333 84635 87460 90760 91107==
17085 12570 80000 10024 21010 39760 40263 57007 60001 8452/ 333 84630 88460 90760 91109==
17092 12/60 30000 11106 21110 38880 48499 57004 60001 83030 333 83360 90760 91108==
17096 11660 40809 11060 21084 38228 48501 57005 69901 70171 84500 333 84640 90760 91111==
17098 12660 60607 11079 21109 38194 48510 57003 60001 84530 333 84635 86357 90760 91118==
17100 12670 30000 11012 21060 39220 40243 50000 60001 81530 333 81640 83358 90760 91102==
17112 16/80 /0313 10022 21016 30314 40320 50000 60001==
17115 11460 70118 10037 20014 30254 40307 57005 69921 70282 87200 333 84715 86830 90760 91134==
17116 12570 70406 10040 20006 30170 40296 58004 60001 85250 333 85830 87359 90760 91114==
17124 12660 63605 10000 21049 39325 40270 57010 60001 86500 333 86635 90760 91115==
17128 12660 70207 11004 21056 39128 40259 57007 60001 84530 333 84640 86360 90760 91110==
17135 12670 40403 10022 21047 39352 40249 57006 60001 84500 333 84640 90760 91105==
17140 11665 70402 11036 21049 38727 48506 57009 69901 72272 85520 333 85637 87458 90760 91108==
17150 11460 73610 10029 20017 30158 40286 57009 60021 78082 87200 333 84715 86835 90760 91120==
17160 12670 70104 11005 21070 39055 48513 57008 60001 84570 333 84640 87360 90760 91108==
17170 12560 20805 11050 21142 38314 48490 55000 60001 82500 333 82630 90760 91135==
17175 12665 50506 10054 21008 30275 40279 57005 60001 82130 333 82840 85360 90760 91115==
17184 12670 43508 10041 21004 30151 40265 57008 60001 82140 333 82840 84360 90760 91114==
17190 12670 70000 11010 21061 39029 48517 57011 60001 84550 333 84635 87360 90760 91106==
17195 12470 70000 11023 21036 38997 48506 57009 60001 87500 333 82715 87630 90760 91105==
17200 12960 01301 11064 21077 39211 40231 54000 60001 333 90760 91106==
17202 12970 02303 11019 21049 39147 40216 50000 60001 333 90760 91109==
17203 12970 02901 11022 21092 38882 48531 52002 60001 333 90760 91105==
17210 16/81 /0000 10026 21095 39128 40171 50000 60001==
17219 12965 03513 10043 21008 30106 40254 57008 60001 333 90760 91124==
17234 12970 03001 10041 21018 30167 40236 58002 60001 333 90760 91102==
17237 12970 02101 10021 21041 39730 40246 58001 60001 333 90760 91105==
17240 12970 00510 10014 21050 39057 40222 57008 60001 333 90760 91119==
17244 12670 63506 11006 21049 39029 48515 57009 60001 86500 333 86635 90760 91108==
17248 16/79 /0602 11007 21035 39002 40238 57009 60001==
17250 16/74 /0704 11023 21053 38821 40242 57009 60001==
17260 12960 00204 10007 21056 39331 40160 58004 60001 333 90760 91109==
17270 12670 32703 10049 21030 39532 40186 58001 60001 83500 333 83640 90760 91109==
17275 16/72 /0000 10010 21059 38965 40180 57005 60001==
17280 12960 02504 10012 21053 39383 40181 55002 60001 333 90760 91114==
17290 12970 00108 10087 21053 30184 40216 55004 60001 333 90760 91114==
17292 12970 00000 10028 21066 39440 40207 58004 60001 333 90760 91109==
17300 12960 03108 10062 21035 30143 40215 58004 60001 333 90760 91119==
17310 12970 00605 10109 21052 30181 40188 57008 60001 333 90760 91113==
17330 16/// /2903 10084 21051 30187 40198 58001 60001==
17350 12960 09902 10058 21051 30112 40191 54000 60001==
17370 12/70 20000 10083 21007 30193 40197 57008 60001 82030 333 82360 90760 91111==
17375 12970 03501 10083 20000 30193 40195 57010 60001 333 90760 91104==
33088 32597 81405 11059 21080 30228 40433 57002 885// 555 1/104=
33135 324// 81001 11068 21088 30304 40464 57007 886// 333 88711 555 1/104=
33177 32597 71204 11052 21070 30151 40404 57005 87500 555 1/106=
33317 325// 80903 11073 21087 30072 40435 57004 885// 333 88620 555 1/105=
33393 32460 71404 11062 21082 39976 40395 57005 87600 333 87710=
33415 32497 81403 11056 21074 39993 40418 57004 886// 333 88712 555 1/105=
33429 32397 81204 11069 21084 39976 40430 57004 886// 333 88708 555 1/105=
33466 32563 80602 11061 21088 30246 40448 57005 885// 555 1/105=
33506 31596 80604 11075 21084 30233 40445 58008 71011 885// 555 1/105=
33562 32660 81202 11064 21080 30120 40448 57005 885// 555 1/106=
33587 325// 80801 11070 21091 30155 40439 57006 885// 333 88627 555 1/105=
33658 32472 81404 11053 21077 30102 40423 57005 886// 333 88715 555 1/104=
33663 32997 81402 11047 21091 30334 40437 58006 8805/ 555 1/102=
33664 42997 71102 11060 21081 30088 40428 57004 87030=
33678 42898 82802 11070 21096 30222 40450 57006 8805/=
33679 42497 70802 11060 21087 30231 40436 53001 87500=
33711 32960 00202 11079 21093 30203 40430 57003 555 1/109=
33745 42597 70402 11057 21065 30240 40449 57004 86930 555 14104=
33748 42997 30903 11063 21082 30114 40420 57005 83030=
33754 42997 80402 11061 21084 30273 40431 58002 8805/=
33761 32962 63602 11084 21089 30187 40429 57005 86030 555 1/108=
33791 32963 00406 11067 21091 30283 40421 57006 555 1/108=
33815 42598 40102 11066 21086 30191 40415 58006 84500 555 14107=
33837 32465 30406 11035 21064 30338 40393 56001 82501 333 82713 555 1/105=
33881 42597 23603 11073 21089 30204 40416 57006 82500=
33883 42997 03503 11069 21074 30230 40405 57004 555 14108=
33885 42997 03402 11083 21098 30271 40418 57005=
33892 42997 00103 11073 21087 30181 40410 53001=
33902 32997 00406 11059 21103 30330 40394 57003 555 1/108=
33924 42560 20607 11029 21052 30342 40355 57007 82500 333 91012 90760 91114==
33946 41475 60811 11027 21049 30101 40334 57007 70132 86500 333 86618 91015 90760 91117==
33983 42960 00510 11018 21049 30264 40328 57009 333 91011 90760 91119==
34300 32497 80502 11062 21091 30261 40452 57012 885// 555 1/105=
34336 42960 00402 11118 21136 30341 40455 57006==
34344 42960 02901 11129 21129 30351 40447 57006==
34356 42970 00000 11134 21153 30276 40438 57005==
34357 42970 32401 11134 21152 30266 40436 57004 80001==
34398 429// 00304 11100 21112 30380 40394 57009==
34415 32998 00503 11091 21102 30338 40443 57007 555 1/109=
34438 42960 03602 11134 21146 30225 40435 57009==
34445 42570 22603 11145 21155 30315 40441 57004 82500==
34461 42960 00201 11086 21113 30366 40426 58005==
34473 429// 00303 11094 21125 30366 40408 57008 555 1/111=
34476 41940 23604 11096 21108 30397 40405 57006 71011 80001==
34504 32561 50504 11077 21095 30236 40424 57011 85500=
34535 42/// /3301 11110 21124 30347 40426 57010==
34545 42560 80404 11086 21095 30299 40419 57008 885//==
34555 41440 80406 11063 21075 30322 40419 56012 71022 886// 333 90760 91110==
34560 41240 80507 11070 21082 30208 40412 57007 71011 886// 333 88705==
34578 41/40 60304 11071 21075 30386 40393 57007 71011 86080==
34579 42970 03602 11091 21116 30344 40390 57011==
34644 41940 00504 11059 21072 30317 40399 57009 71000 333 90760 91110==
34646 42570 80504 11042 21055 30311 40398 57010 885// 333 90760 91110==
34655 42/60 20302 11069 21084 30337 40401 58009 82030==
34662 42470 70104 11064 21079 30389 40401 57008 87500 333 87618==
34691 42970 00000 11093 21123 30595 40582 57014==
34720 42570 70303 11074 21090 30354 40396 57009 86630==
34727 42960 00705 11054 21077 30352 40384 57010 333 90760 91113==
34743 41/40 20402 11072 21080 30296 40391 57013 71000 82030==
34759 41540 70304 11067 21067 30241 40381 57010 71011 82501==
34772 42960 00204 11073 21094 30374 40377 57009==
34785 42960 00102 11096 21112 30388 40363 57011==
34798 42960 03604 11092 21112 30495 40464 58013==
34824 42960 00604 11056 21083 30360 40366 57010 333 91010 90760 91110==
34838 42960 00503 11059 21096 30262 40364 57009==
34845 42970 80702 11073 21092 30258 40373 57011 80004==
34858 41940 00000 11077 21098 30259 40374 57013 71000==
34861 42560 80605 11071 21089 30115 40374 57014 885//==
34866 42960 00103 11074 21087 30378 40369 57011==
34880 42960 00203 11074 21107 30382 40354 57010==
34887 42970 00000 11078 21100 30380 40356 57010==
34949 42970 00804 11119 21142 39779 40371 57012==
34954 42970 00000 11087 21122 30183 40370 57013==
34958 42970 00000 11130 21149 30155 40373 57013==
34975 42970 00101 11082 21098 30360 40356 57012==
34984 42960 03503 11082 21110 30382 40350 57011==
35217 429// 00302 11130 21157 30341 40384 57013==
35302 429// 00607 11103 21123 30369 40391 57011==
35315 429// 00203 11122 21174 30308 40368 57012 555 1/113=
35344 419// 00507 11147 21188 30059 40369 56001 73633 555 1/117=
35358 419// 00205 11166 21192 30178 40364 52008 70230==
35368 419// 03604 11178 21211 30056 40346 53003 70230 555 1/120=
35386 429// 00601 11224 21249 39803 40378 57002 555 1/123=
35394 42970 00101 11219 21250 39638 40383 57001==
35404 429// 00405 11091 21098 30372 40381 57014 555 14110=
35406 429// 00203 11105 21125 30367 40369 57012==
35416 42/// 30205 11114 21149 30223 40351 57009 83030==
35426 429// 03603 11119 21153 30029 40339 56010==
35437 419// 20413 11118 21143 30086 40422 57006 73630 80003 333 91018 91118 555 1/113=
35449 419// 00306 11149 21177 30217 40328 58007 70230 555 1/116=
35497 429// 00000 11176 21213 39781 40667 58005==
35498 429// 00000 11240 21258 39422 40393 57009 555 1/134=
35514 42998 00205 11011 21146 30570 40566 57011 555 1/113=
35522 429// 60402 11114 21163 30062 40329 57012 86030 555 1/113=
35542 429// 00506 11144 21177 30170 40328 58003 555 1/116=
35563 42998 01102 11140 21205 39529 40346 57005 555 1/120=
35576 429// 00705 11213 21240 39857 40350 58004==
35582 429// 00504 11176 21231 39706 40355 58004 555 1/120=
35594 429// 02002 11210 21240 39460 40375 57006 555 1/126=
35605 42998 00202 11102 21115 30363 40340 57015 555 14112=
35633 429// 00304 11156 21178 30086 40316 53001 555 1/117=
35671 42970 03402 11196 21219 39871 40338 58006==
35699 429// 00206 11094 21181 39528 40314 57003==
35700 42970 00305 11102 21108 30355 40330 57014==
35715 42997 00603 11103 21147 30330 40314 57012 555 14112=
35739 429// 00000 11162 21204 30141 40291 54000 555 1/118=
35746 429// 70205 11112 21147 30206 40277 53002 80002==
35777 429// 00503 11152 21179 39950 40319 52003 555 1/118=
35796 42960 00403 11175 21207 39858 40327 57002==
35849 425// 80000 11080 21116 30168 40258 53001 885//==
35895 42997 03604 11169 21194 39857 40335 54000 555 1/118=
35907 42998 00306 11056 21090 30365 40333 57006=
35925 429// 00202 11136 21149 30177 40297 57007==
35927 429// 00201 11124 21137 30289 57009=
35953 415// 80403 11060 21099 30113 40246 53001 76662 885//==
35969 42/// 80908 11057 21124 30079 40258 52008 8807/==
35997 419// 03601 11163 21189 39850 40316 53005 71000 333 91103 555 1/117=
36259 11584 60000 11331 21364 38228 48531 57024 60002 71122 83902 333 21353 48011 55088==
36335 429// 00000 11169 21197 39282 40377 57004 555 1/125=
36358 429// 00000 11218 21246 39275 40396 57009 555 1/124=
36394 429// 31204 11263 21279 39908 40379 57009 82041=
36397 41/// 80000 11242 21264 39752 40374 57017 70272 8802/==
36403 419// 50000 11280 21296 39978 40384 57010 71011 83041 555 1/134=
36418 429// 22701 11272 21291 39702 40390 57008 80003 555 1/133=
36421 429// 32301 11320 21339 39751 40395 57014 80002 555 1/133=
36428 429// 33002 11310 21344 39832 40402 56004 80001==
36439 427// 31404 11173 21205 39001 48493 57012 81501 555 1/121=
36498 419// 03402 11137 21202 39485 40318 57010 70230 555 1/119=
36501 429// 00000 11235 21260 39535 40361 57018 555 1/125=
36535 429// 20000 11334 21358 39684 40410 57014 80001==
36546 429// 00000 11322 21341 39789 40405 57008 555 1/134=
36619 429// 03601 11227 21248 555 1/125=
36622 419// 03403 11235 21261 39480 40361 58019 70233 555 1/125=
36639 429// 01101 11250 21292 39665 40333 57002==
36643 429// 02201 11257 21279 39642 40377 57015 555 1/130=
36665 419// 00000 11243 21258 39565 40364 57010 71000 555 1/128=
36666 429// 02702 11325 21349 39832 40396 57013=
36729 42998 03201 11219 21235 39799 40325 57003 333 91104 555 1/124=
36736 429// 03402 11195 21221 39726 40325 57003 555 1/124=
36744 429// 00503 11194 21220 39824 40311 53004 333 91105 555 1/122=
36770 429// 00000 11204 21204 39526 40314 57002 333 91103 555 1/126=
36786 42999 00000 11137 21150 39324 40291 57006 333 91102=
36796 42998 00000 11224 21244 39050 48471 57004 333 91100=
36803 42999 03202 11159 21166 39823 40303 58008 333 91105=
36806 429// 01508 11225 21275 39817 40330 57005 333 91116=
36819 419// 60501 11136 21150 39651 40300 52005 71011 80004 333 91104=
36821 419// 20102 11180 21187 39780 40308 53003 71000 80002 333 90760 91105==
36839 42998 01801 11135 21180 39116 40307 53002 333 91104=
36843 429// 02604 11037 21094 39067 40257 57003 333 91109=
36846 429// 00501 11103 21187 38617 48506 56002 333 91110=
36859 429// 00101 11088 21103 39504 40318 54000 333 90760 91105==
36870 419// 30201 11054 21064 39223 40259 53009 71011 80001 333 90760 91102==
36874 429// 01802 11154 21172 39605 40445 53009 333 91104=
36877 429// 00000 11123 21131 39656 40727 53010 333 91103=
36885 429// 31602 11073 21093 39112 40276 53007 83030 333 91104=
36889 429// 01803 11070 21149 37041 47057 53001 333 91106=
36894 429// 00000 11103 21123 39514 40288 53006 333 91100=
36905 429// 01202 11039 21109 38747 48506 57001 333 91106=
36911 42999 00902 11012 21071 39262 40249 58001 555 14104=
36927 42697 70000 11032 21067 38357 48525 54000 87900=
36934 42697 20201 11035 21083 38272 48400 54000 82902=
36953 428// 30000 11131 21155 38196 48508 57004 83040 333 91103 555 1/124=
36963 429// 61603 11108 21136 37028 48/// 54000 83051 555 17112=
36974 427// 30902 11130 21136 38014 48564 53002 82501 555 17123=
36982 429// 00101 11170 21197 36518 47131 53002=
37018 42960 00304 11007 21084 30186 40264 57004 333 91012 90760 91114==
37031 42960 00703 11064 21117 30143 40351 57010==
37054 42460 80000 11087 21106 39953 40366 57014 885//==
37061 42960 03601 11093 21117 30186 40368 58014==
37085 42940 03102 11081 21104 30380 40352 57013==
37171 42/40 40902 10028 21005 30237 40256 57005 84030==
37228 41420 83301 11060 21073 39460 40340 57009 71022 886//==
37235 42560 80000 11055 21077 30017 40353 57012 885//==
37472 42970 23202 11052 21081 30370 40346 57014 80001==
38149 42970 42901 11154 21156 30201 40247 58010 80002==
38262 429// 23001 11140 21168 30187 40276 54000 80002==
38264 42970 02901 11133 21160 30184 40285 57001==
38345 42998 80000 10008 21028 38808 48504 53017 8802/ 555 14101=
38353 429// 32201 11001 21066 39316 40230 53012 80001=
38388 42998 00000 11107 21160 30213 40289 52002 555 18114=
38392 42997 52402 11128 21148 30170 40282 58003 85030 555 14111=
38396 42960 32602 11089 21138 30152 40285 52005 80001==
38403 42/// 82303 11071 21100 30120 40248 52006 8802/==
38413 42/// 82708 11072 21072 39953 40260 52007 8802/==
38457 41560 81501 10042 21016 39653 40247 52019 76162 8852/==
38462 426// 62302 11007 21045 38763 48496 52011 84950==
38507 42996 60304 11049 21094 30185 40294 57004 80001 555 10105=
38545 41998 02302 11090 21090 30102 40289 52004 70271 555 1/101=
38565 126// 80000 10012 21011 39632 40207 52011 60002 885//==
38579 415// 73203 10043 20006 39820 40243 52014 70282 87900==
38583 41560 83402 10045 20017 39926 40253 52022 78082 8892/==
38599 42697 82909 10051 20012 39702 40244 52018 8255/ 333 11///=
38611 41/40 80802 10039 21001 39639 40205 52013 71022 8807/==
38613 429// 70301 10016 21006 39312 40228 52019 80002 555 14101=
38616 425// 70901 10028 21027 39200 40224 52014 87500=
38618 42/// 61101 10020 21017 39510 40210 52011 82031==
38647 42497 80603 11038 21046 30224 40269 57010 886// 555 1/102=
38656 42998 00000 11040 21094 30170 40285 57006 555 14102=
38683 42660 81602 11038 21064 30001 40291 52004 885// 333 88639==
38687 42697 80000 11026 21049 30048 40294 54000 885// 555 14101=
38696 425// 82502 11006 21018 39385 40268 52010 889//==
38713 414// 82301 10002 21019 39038 48500 52013 71022 886//=
38750 42997 03102 11014 21040 30326 40296 54000 86030 555 10101=
38763 41497 80602 11037 21048 30170 40281 57010 700// 885// 333 88620 555 1/103=
38774 42895 80901 11026 21032 30082 40287 57010 8807/ 555 11100=
38799 42597 80000 11022 21037 30061 40305 54000 885// 555 11101=
38806 42697 72702 11012 21032 30003 40274 54000 87500 555 14100=
38812 41220 82702 11020 21023 39812 40286 52001 71082 883// 333 82704==
38836 415// 80000 10002 20002 39285 40248 54000 78588 889//=
38880 41195 81002 11019 21022 30015 40281 58007 72275 8802/ 333 88502 555 11000=
38886 41596 80101 11001 21022 30049 40287 57003 71022 885// 555 11001=
38895 42996 70301 11010 21035 39992 40295 58009 87500 555 12000=
38911 42997 83403 10002 21049 39978 40283 58011 8807/ 555 11002=
38915 42597 80000 10018 20002 39958 40292 52004 885// 555 12003=
38927 41450 82404 10041 20021 39881 40265 56006 78088 889// 333 88714==
38933 415// 81604 10052 20011 39738 40259 52026 76166 88002/=
38944 416// 81304 10048 20028 39652 40193 58007 70522 885//=
38954 428// 60000 11045 21061 37965 48560 54000 85901=
38974 42998 83401 10012 21008 39940 40286 54000 8807/ 555 12003=
38987 42496 80104 10019 20016 39496 40258 57014 885// 555 12003=
40100 43/70 89903 10124 20029 30195 40211 55005 6///1 333 58///=
40180 12660 21202 10099 20042 30149 40199 57011 60001 82500 333 70000==
40199 02/// /3604 333 70000==
40255 36/// /2503 10061 29071 3//// 4//// 5////=
40265 31950 00000 10016 21006 39406 40219 57007 71000=
40270 31956 02304 10050 20005 39291 40207 57009 70510=
40272 31650 30000 10044 20022 39360 40212 57008 71000 83000 333 83635=
40296 36/// /0000 10122 29051 4//// 5////=
40310 36/// /0000 11002 29072 4//// 5////=
40356 32960 01804 10010 21020 39204 48497 333 58026 555 04410 50205=
40357 32960 03407 10036 21040 39541 40192 333 58028=
40360 32960 00000 10028 21010 39601 40204 333 58014=
40361 32960 00000 10020 21070 39412 40251 333 58017=
40362 32960 02303 10027 21080 39661 40188 333 58016=
40373 32960 03302 10080 21060 39759 40182 333 58008=
40375 32960 00000 10037 21090 39298 40192 333 58008=
40394 32960 00304 10054 21070 39043 48512 333 58014 555 04410 50185=
40400 32960 00304 10144 20040 30132 40160 333 58001=
40405 32960 00309 10089 21020 39431 40196 333 58014=
40417 32960 03204 10105 20020 30144 40159 333 58003=
40420 32960 03203 10102 21040 39951 40166 333 58007=
40430 22960 00610 10142 21040 39419 40177 333 58015 60005==
40437 32960 00000 10090 21050 39458 40165 333 59001=
40439 22960 00202 10140 20090 30124 40142 333 58009 60005==
40582 32860 33409 10128 20009 40175 50002 83030 333 00012 55300 00000 10200 20000 30000 40989 51190 60000 55407 40000 83358 90467 91009 91119 91215 91309=
40703 12660 60000 11068 21085 38930 40242 58004 60001 84570 333 70000 84640 86459 555 11070 29088=
40706 12560 70806 11054 21142 38663 40256 57003 60001 81376 333 79999 81930 83458 87268 555 11074 29050=
40712 12560 83404 11054 21121 38686 40244 54000 60001 8632/ 333 70010 82930 83640 88459 555 11070 29059=
40713 12960 80907 11032 21125 38641 40197 57005 60001 83077 333 70000 83459 88266 555 11056 29048=
40718 11440 83207 10033 20024 30321 40291 57005 60111 76266 8632/ 333 70383 82912 84615 88556 555 10030 29094=
40723 12360 80000 11025 21050 38976 40253 58013 60001 8552/ 333 70003 83708 84625 88456 555 11032 29083=
40726 11640 83306 11048 21077 38647 40225 54000 69921 72682 8452/ 333 70002 84635 88458 555 11055 29080=
40727 11614 83405 11055 21067 38456 40211 52006 60031 77172 8352/ 333 70037 83640 88560 555 11057 29091=
40732 11550 83103 10034 20024 30295 40269 58003 60041 76162 8632/ 333 70105 82920 85625 88558 555 10030 29093=
40736 11458 82002 10044 20035 30285 40259 57011 60041 72162 8632/ 333 70275 85717 81922 88458 555 10040 29094=
40738 12560 81202 10027 20009 30274 40276 58013 60001 8352/ 333 70039 83630 88458 555 10020 29088=
40739 12665 80103 11023 21074 38677 40204 57014 60001 8552/ 333 70000 85635 88459 555 11038 29068=
40741 11557 80000 10012 21006 39926 40271 57008 60001 71022 8472/ 333 70030 84725 88458 555 10006 29088=
40743 12662 30806 10021 21051 39051 40183 57019 60001 82502 333 70004 82635 555 11005 29059=
40745 11325 81002 10006 20006 39056 40231 57013 69901 71074 886// 333 70016 88708 555 10006 29100=
40747 11560 83406 11029 21074 38600 40189 53005 69921 72277 8632/ 333 70004 82725 81935 84640 8745 8 555 11042 29071=
40754 11525 81302 10012 21017 38793 40155 57004 69921 77187 8372/ 333 70002 81730 83640 88559 555 10001 29081=
40762 11658 80305 11009 21031 38525 40180 58019 60001 71022 8842/ 333 70014 84635 88459 555 11016 29085=
40766 11260 70000 11026 21029 38647 40162 52006 60051 70174 81720 333 70152 81705 87457 555 11026 29098=
40768 11615 80104 11058 21062 38199 40182 52003 60041 71072 8242/ 333 70092 82640 88559 555 11057 29097=
40769 11610 83301 11022 21023 38226 40129 52008 60101 77377 8552/ 333 70102 85635 88458 555 11021 29099=
40780 12960 00000 11077 21088 38638 40195 52007 60001 333 70150 555 11077 29092=
40782 11525 82803 11004 21004 38825 40142 51010 60031 77077 8732/ 333 70028 82925 85630 88557 555 11004 29100=
40785 11540 80104 10017 20007 39055 40163 52006 69951 77166 8432/ 333 70005 81930 83635 88558 555 10013 29093=
40791 11660 51301 10060 20029 39292 40116 57028 69901 72121 83570 333 79999 83635 84360 555 10046 29080=
40792 11556 80000 10040 20025 38660 40112 57027 69951 76088 8332/ 333 70016 82930 83635 88458 555 10033 29090=
40798 12660 22411 11010 21072 37884 40090 55002 60001 82400 333 70000 82635 555 11030 29063=
40800 12665 10000 10001 21031 38382 40097 55004 60001 81500 333 70000 81640 555 11011 29079=
40809 11660 61109 10053 20044 38440 40100 58020 60001 70292 82470 333 70048 82635 86459 555 10049 29094=
40811 12660 63301 10102 20018 30137 40164 50006 60001 86500 333 70000 86640 555 10067 29056=
40812 12660 60000 10102 20024 39767 40145 52005 60001 84570 333 70000 84640 86460 555 10068 29058=
40821 11630 41002 10040 21003 38715 40117 57022 60001 70521 81570 333 70000 81640 83360 555 10022 29073=
40829 12960 63608 10081 20022 39573 40142 57019 60001 86070 333 70000 86359 555 10056 29066=
40831 12660 62903 10096 20039 30168 40177 52008 60001 86500 333 70000 86640 555 10071 29067=
40833 12660 50000 10114 20025 30132 40164 52004 60001 85500 333 70000 85640 555 10076 29054=
40841 11660 02006 10064 21008 38185 40058 56010 69911 70162 333 70001 555 10033 29060=
40848 12960 02403 10056 21024 38472 40096 58002 60001 333 70000 555 10024 29056=
40854 12960 02602 10082 20042 38900 40092 57019 60001 333 70000 555 10063 29076=
40856 11658 31702 10065 20046 38612 40110 57017 60001 71021 81270 333 70000 81840 555 10056 29088=
40859 11658 21403 10082 20030 38669 40108 58001 60001 70500 81530 333 70000 81640 555 10058 29070=
40875 11925 23502 10195 20174 30107 40118 57008 60001 71000 82030 333 70001 82360 555 10182 29088=
40879 12960 50000 10147 20110 39457 40123 58015 60001 80006 333 70000 85270 555 10127 29079=
40882 11950 13205 10176 20132 30091 40126 56007 60001 70500 80001 333 70000 81070 555 10151 29075=
40883 11956 02903 10186 20139 30093 40120 56002 60001 70500 80000 333 70000 555 10159 29074=
40893 11450 21006 10218 20178 30115 40121 57009 60001 70500 82600 333 70000 82715 555 10193 29078=
40898 12960 00000 10190 20151 30122 40131 56011 60001 333 70000 555 10167 29078=
41024 22960 03606 10197 20130 30116 40142 333 58003 60005==
41036 22960 02206 10148 20070 38547 48497 333 59003 60005==
41055 22960 03604 10143 20060 38355 48501 333 59001 60005==
41061 22960 01308 10135 21040 39419 40122 333 59008 60005==
41084 22960 03606 10165 21020 38837 48498 333 59007 60005==
41112 22960 02010 10139 20020 37937 48501 333 59007 60005==
41114 22960 01905 10137 21050 37977 48507 333 59004 60005==
41128 21930 00000 10142 21020 38801 48510 70600 333 59004 60005==
41136 21950 00306 10172 20040 39306 40110 70500 333 59003 60005==
41140 22960 00303 10244 20190 30113 40122 333 59004 60005==
41150 32970 03409 10165 20067 40158 333 58010=
41176 34/58 /3505 10151 20079 30153 40159 333 5////=
41194 11557 53109 10215 20163 30123 40129 60001 70511 85500 333 58012 70000 85621=
41196 11557 42807 10210 20164 30093 40134 60001 70500 84500 333 58011 84625=
41216 31458 33405 20161 30132 40136 70500 82500 333 58027 83520=
41217 31458 43208 10197 20158 30102 40132 70510 84600 333 58025 84718=
41396 12965 02801 10161 20065 39383 40115 60002 333 59006=
41480 12460 60706 10252 20195 30112 40120 60002 86500 333 59004 83618 86630=
41506 02695 63604 10075 21020 38553 48550 60002 83520 333 56990 58000 60007 83640 84460=
41508 02696 50000 10012 21032 38679 48542 60002 82520 333 56990 59005 60007 82635 83460=
41515 02695 30000 10024 21015 38601 48560 60002 83020 333 56090 58017 60007 83460=
41516 02696 42702 10020 21020 38585 48534 60002 81630 333 56990 59016 60007 81640 84360=
41518 02696 41802 10033 21024 38/// 48/// 60002 82520 333 56990 5//// 60007 82640 82462=
41519 02996 30000 10070 21019 38808 48541 60002 80030 333 56090 59014 60007 83362=
41523 02996 00000 10030 21009 39106 48502 60002 333 59014 60007=
41535 02696 30000 10045 20009 38731 48495 60002 83500 333 56900 58008 60007 83635=
41536 02996 00000 10060 21001 39050 48505 60002 333 59003 60007=
41560 02996 01302 11020 21065 38273 48510 60002 333 59020 60007=
41571 119// 60504 10080 21005 39580 40182 60002 70522 82031 333 56099 58006=
41598 01995 20000 10085 20052 39878 40160 60002 70400 82030 333 56090 59002 60007 82360=
41600 01996 20000 10085 20063 39853 40159 60002 70400 82030 333 56090 59010 60007 82360=
41620 31996 02302 10030 21058 38588 48489 60002 70500 333 59018 60007=
41624 01995 03102 10120 20056 39944 40149 60002 70400 333 59013 60007=
41630 01996 20000 10090 20045 40158 60002 70400 82030 333 56090 59010 60007 82360=
41640 01996 00000 10115 20085 39893 40149 60002 70400 333 59004 60007=
41660 029// 41310 10055 21049 38420 48513 60002 84030 333 56090 59020 60007 84360=
41678 01996 30000 10120 20068 40153 60002 70400 83020 333 56090 59013 60007 83460=
41696 02696 40000 10030 21035 37998 48528 60002 82520 333 56990 58002 60007 82640 82460=
41697 02696 60000 10110 20043 39973 40136 60002 86500 333 56900 59035 60007 86640=
41700 01994 30000 10105 20085 30003 40135 60002 71000 83030 333 56090 59014 60007 83360=
41710 12696 33102 10160 20037 39334 40103 60002 83500 333 56900 59016 83640=
41712 12996 00000 10110 20022 39168 48476 60002 333 59022=
41715 01994 30000 10095 20063 30075 40142 60002 70400 83030 333 56090 59021 60007 83360=
41718 01995 00000 10100 20057 30030 40137 60002 70400 333 59015 60007=
41725 01995 00504 10120 20079 30059 40139 60002 70500 333 59010 60007=
41739 02996 00504 10080 20036 39068 48509 60002 333 59014 60007=
41744 12996 00000 10075 21012 38773 48490 60002 333 59027=
41749 01995 03104 10125 20085 30097 40133 60002 70400 333 59046 60007=
41756 01995 00902 10160 20124 30079 40147 60002 70504 333 59014 60007=
41757 12996 00000 10140 20102 30152 40165 60002 333 59002=
41759 02996 00000 10110 20056 30135 40141 60002 333 59036 60007=
41764 02996 00000 10160 20081 30074 40125 60002 333 59019 60007=
41768 02996 00000 10120 20068 30120 40127 60002 333 59023 60007=
41780 01996 00202 10135 20035 30100 40129 60002 70500 333 59019 60007=
41785 02996 00000 10120 20079 30127 40140 60002 333 59021 60007=
41859 01930 03102 10134 20120 30092 40131 70500 333 58001 70000==
41883 02930 00000 10135 20120 30108 40129 333 59012 70000==
41891 01925 01002 10127 20120 30090 40131 71000 333 59013 70000==
41907 01930 00000 10111 20100 30119 40135 70500 333 59005 70000==
41923 01940 02902 10174 20090 30120 40130 70500 333 59012 70000==
41936 01904 00000 10116 20110 30125 40133 74644 333 59006 70000==
41943 01920 00000 10110 20110 30123 40131 71040 333 59004 70000==
41950 01940 00000 10120 20120 30127 40129 70500 333 59009 70000==
41978 01932 00303 10158 20110 30120 40127 70500 333 59004 70000==
41992 01925 00302 10180 20100 30122 40124 70500 333 59005 70000==
42027 32596 51801 10032 21010 38438 48526 82501 333 59008=
42071 31995 09902 10084 20054 40153 71000 333 59003=
42101 31995 00000 10098 20077 40160 71000 333 58003=
42111 31994 52701 10100 20088 39438 40161 71021 83031 333 58023 83360 85070=
42123 32996 20000 10108 20079 40146 82030 333 59015 82360=
42131 31995 00000 10080 20067 40159 71000 333 59008=
42165 32996 60000 10140 20056 40128 85031 333 59042 85360 86070=
42182 31995 00000 10092 20088 40149 71000 333 59003=
42189 31994 00000 10098 20090 40138 71000 333 58004=
42309 31994 30000 10120 20116 40134 71000 83030 333 59015=
42314 31994 20000 10126 20122 40129 71000 82030 333 59017 82360=
42328 31995 30000 10142 20068 40114 70500 83030 333 59017 83360=
42339 31995 10201 10138 20037 40132 70500 80001 333 59019 81075=
42348 31995 20000 10118 20048 40155 70500 80001 333 59012 82070=
42361 31993 00000 10092 20080 40148 71000 333 59010=
42369 31995 00000 10113 20087 40139 71000 333 59002=
42379 31995 00000 10104 20092 40131 71000 333 58003=
42410 31594 20000 10140 20129 40133 71000 81530 333 59014 81620=
42415 31994 00000 10146 20120 40139 71000 333 59012=
42452 31995 10000 10098 20082 39823 40151 71000 80001 333 59018=
42492 31994 02701 10134 20108 40136 71000 333 59006=
42559 32996 00000 10122 20073 40142 333 59007=
42571 31996 00000 10102 20073 40147 70500 333 59009=
42591 31995 00000 10126 20095 40170 71000 333 58011=
42623 31494 10000 10090 20086 39260 40158 71000 81500 333 59008 81618=
42634 32996 00000 10176 20063 40124 333 59008=
42647 31996 20503 10160 20103 40122 70500 80002 333 59011 82070=
42667 32996 20902 10116 20077 39538 40147 82030 333 59014=
42675 31995 02301 10114 20073 40142 71000 333 59005=
42701 31995 00000 10112 20035 39395 40148 70500 333 58000=
42724 31994 00000 10112 20108 40130 71000 333 59007=
42737 32996 00000 10166 20110 40124 333 59022=
42754 31996 00703 10158 20108 39480 40129 70500 333 59018=
42779 32996 00000 10122 20075 39435 40156 333 59007=
42798 31995 03203 10130 20095 40139 71000 333 59002=
42809 31995 03602 10164 20116 40134 70500 333 59009=
42840 31996 00000 10196 20166 40113 70500 333 59004=
42867 31995 10000 10172 20091 40125 70500 81030 333 59017 81360=
42874 31995 00000 10164 20100 40138 70500 333 59007=
42886 31995 00000 10112 20056 40148 70500 333 59004=
42895 31995 03602 10170 20131 40134 70500 333 59001=
42909 32996 00000 10190 20153 40115 333 59001=
42971 31495 40000 10200 20167 40136 71000 82530 333 58001 82618 84360=
43003 31995 00000 10220 20175 40104 70400 333 59003=
43014 31995 00000 10196 20157 39464 40116 71044 333 59007=
43041 31995 00000 10168 20141 39509 40138 71000 333 59002=
43063 32996 00000 10178 20158 39494 40130 333 59001=
43086 31996 00000 10186 20166 39934 40116 70500 333 59007=
43110 31996 00902 10210 20174 40106 70544 333 59002=
43117 32996 00000 10228 20182 40112 333 59003=
43128 31996 00000 10214 20163 39511 40121 70500 333 59007=
43150 31995 30000 10240 20228 30065 40126 71000 80001 333 59003 83075=
43185 31596 20000 10238 20223 30107 40111 70500 82500 333 59006 82620=
43189 31596 20000 10246 20231 30114 40123 70500 81501 333 59004=
43192 32996 00000 10226 20208 40096 333 59008=
43201 32496 22001 10210 20122 39370 40099 82500 333 59002 82612=
43213 31995 10000 10226 20181 39779 40098 70500 80001 333 59007=
43233 32996 10703 10196 20171 39303 40129 80001 333 59008=
43237 31996 00000 10192 20144 39697 40096 70500 333 59005=
43245 31596 20000 10248 20227 30088 40115 70500 82500 333 59006=
43279 31594 22902 10240 20225 30098 40116 71000 81501 333 59004 81620=
43284 32996 10703 10230 20179 39985 40102 80001 333 59005 81075=
43295 31996 10000 10188 20166 39101 48502 71000 80001 333 59004 81075=
43314 32996 10000 10254 20227 40101 80001 333 59002=
43321 31995 40503 10210 20171 39668 40121 71000 80001 333 59001 84070=
43329 31596 20000 10236 20221 30099 40113 71000 81501 333 59005=
43333 31495 40502 10258 20229 40100 70510 82501 333 59005 82618 83020=
43344 31494 49902 10226 20211 30016 40117 71000 83501 333 59003 83616=
43369 32596 20000 10226 20217 40098 82500 333 59001 82620=
43371 32996 10000 10226 20185 30022 40096 80001 333 59007 81071=
43413 11970 00503 10258 20241 30106 40111 54002 60008 70200 333 553// 20000 59002 91005=
43415 03470 30000 10220 20205 30004 40112 53/// 60008 83000 333 60008 83818=
43418 01470 30501 10255 20217 30067 40108 52001 60008 70200 83100 333 59004 60008 83118=
43421 11958 10301 10225 20224 30001 40108 5/000 60008 71000 333 553// 20000 59004 81180 91002=
43424 01970 00501 10220 20214 30103 40105 54000 60008 70200 333 58000 60008=
43436 01970 50000 10252 20237 30101 40104 55001 60008 70211 333 59007 60008 85080=
43441 01970 41401 10214 20205 39960 40095 56001 60008 70322 333 59002 60008 84280=
43444 01/70 /1102 10208 20179 39562 40094 54001 60008 70200 333 59007 60008=
43450 01456 23603 10231 20219 30094 40106 55000 60008 70500 81000 333 58001 60008 81818=
43466 01968 30501 10234 20197 30088 40096 51002 60008 70200 333 58000 60008 83180 91003=
43467 01960 03601 10235 20213 30089 40095 54002 60008 70500 333 59001 60008=
43473 03970 00608 10117 20061 38109 48490 57001 60008 333 553// 20002 59006 60008 91014=
43479 01968 01801 10158 20148 39261 41/// 60008 710// 333 55002 60008=
43486 11958 41601 10190 20190 39996 40099 55005 60008 70510 333 55002 553// 20000 58000 84280 91003=
43495 11070 00701 10232 20207 30078 40091 51/// 60008 70200 333 59001=
43497 11470 10203 10236 20000 30076 40093 5/007 60008 70200 81000 333 553// 20006 59005 81818 91004=
44212 42/// 32501 11261 21300 39147 40416 57018 83040 333 21301 3/133 47018 55034==
44213 429// 60000 11283 21318 38777 40421 57021 80008 333 21291 3/135 47014==
44214 42970 03203 11170 21255 38246 40360 57019 333 21184 3/124==
44215 42/// 21302 11236 21269 38371 40404 57021 81044 333 21247 3/129 46001==
44217 32998 00000 11285 21327 37815 40542 57016 333 21292 47002 91202 555 31341=
44218 429// 00000 11270 21301 38587 40435 58023 333 21272 3/131 43004==
44219 32999 10201 11289 21317 38622 40473 57010 80004 333 21292 43005 91203 555 31310=
44265 429// 00201 11282 21311 38861 40454 57004 333 21291 3/132 43007==
44266 329// 03002 11209 21263 37726 40426 57007 333 21226 91204 555 31246=
44404 42956 00902 10082 20000 38124 48469 80000 333 58009=
44416 42956 00503 10076 20074 39356 40135 80000 333 58010=
44424 42958 00000 11028 21070 37665 47033 80000 333 58003=
44434 41450 70903 10136 20119 39224 48507 710// 81150 333 58009=
44438 41/01 92701 10096 20096 30010 40139 743// 89/// 333 58014=
44449 41930 02402 10111 20109 39973 40131 710// 80000 333 58012=
44454 41430 51103 10090 20086 38652 48487 71044 83830 333 58008=
44462 42960 00901 10072 20049 38242 48467 80000 333 58007=
44474 41910 00000 10078 20067 38247 48498 710// 80000 333 58004=
44477 42/0/ ///// 11//// 2//// 3//// 48///=
44478 41/01 80000 10100 20100 30034 40116 743// 89/// 333 59014=
48010 41905 03601 10150 20142 39954 40112 74244 333 20140 59010==
48020 42210 20000 10135 20127 82800 333 20128==
48025 11110 53201 10169 20125 39981 40124 59013 60002 74044 85700==
48048 41940 00000 10155 20155 30044 40103 71000 333 20150 59004==
48052 32950 00000 10253 20142 333 20148=
48062 42550 20403 10158 20144 30105 40112 82500 333 20120 58004==
48064 42940 01401 10160 20144 30029 40088 333 20140 58002==
48094 41950 00000 10210 20200 30093 40103 71011 333 20199 58005==
51076 14065 00200 11241 21266 39392 40370 57011 60001 333 11114 21248 3/103 4/025 59016 70000 90761 91102==
51087 14075 01001 11217 21245 39241 40365 57006 60001 333 11074 21227 3/106 4/018 59018 70000 90761 91102==
51156 14080 00102 11151 21207 38699 40322 57007 60001 333 11035 21157 3/117 59020 70000 90761 91105==
51243 14/33 /0201 11206 21236 39758 40365 57005 60001 70500 333 11128 21208 3/117 59015 70000 90761 91102==
51334 14024 02002 11233 21261 39913 40363 57005 60001 71000 333 11122 21241 3/112 4/012 59017 70000 90761 91102==
51379 14064 01402 11233 21262 39321 40363 57011 60001 333 11055 21239 3/107 4/022 59021 70000 90761 91103==
51463 14066 01501 11120 21174 39052 40326 57014 60001 333 11060 21133 3/101 4/036 59023 70000 90761 91104==
51573 14/68 /3601 11050 21156 30226 40278 57005 60001 333 10049 21050 3/112 59038 70000 90761 91103==
51644 14/50 /0900 11104 21137 38975 40291 57007 60001 70500 333 10024 21119 3/107 4/002 59030 70000 90761 91103==
51656 14/56 /0000 11119 21143 39189 40306 57004 60001 70500 333 10022 21120 3/114 59031 70000 90761 91103==
51709 14/61 /2903 11051 21155 38640 40262 57012 60001 333 10039 21076 3/107 59026 70000 90761 91105==
51711 14/64 /3300 11121 21172 38005 40241 57012 60001 333 11018 21156 3/118 59018 70000 90761 91106==
51716 14056 00000 11080 21127 38936 40275 57006 60001 333 10054 21099 3/113 59030 70000 90761 91102==
51765 14/61 /2001 11119 21151 39251 40301 57008 60001 333 10036 21119 3/115 59030 70000 90761 91104==
51811 14/57 /2601 11059 21162 38809 40266 57008 60001 333 10058 21095 3/114 59027 70000 90761 91102==
51818 14/57 /3201 11075 21182 38654 40268 57008 60001 70600 333 10052 21097 3/115 59028 70000 90761 91103==
51886 14/80 /2501 11128 21242 37104 40260 54000 60001 333 10020 21148 3/119 59006 70000 90761 91112==
52203 14/72 /0702 11099 21179 39365 40293 52003 60001 333 10026 21125 3/118 59025 70000 90761 91104==
52602 14/80 /2801 11175 21296 37261 40331 52003 60001 333 11006 21175 3/121 59015 70000 90761 91110==
52818 14/65 /2001 11134 21236 37230 40288 52002 60001 333 10043 21134 3/120 59010 70000 90761 91103==
52908 14/80 /2502 11216 21301 35746 40357 54000 60001 333 11061 21227 3/126 59010 70000 90761 91107==
55228 04980 /0701 11126 21200 36021 40217 57004 60002 70000 333 10009 21158 3/119 54405 59015 60001 70000 90720 91110=
55299 14/79 /1901 11141 21317 35834 40201 52008 60001 333 10012 21194 3/122 59026 70000 90761 91106==
55578 04980 /2402 10028 21259 36348 40007 52007 60002 70000 333 10134 21041 3/108 54405 59018 60001 70000 90720 91110=
55591 14/80 /1002 11009 21205 36478 40009 52008 60001 333 10135 21020 3/108 59035 70000 90761 91105==
55664 04980 /3000 11110 21235 36003 40157 57001 60002 70000 333 10090 21125 3/116 54405 59015 60001 70000 90720 91111=
55773 04975 /1401 11129 21172 35996 40186 57001 60002 70000 333 10093 21138 3/118 59009 60001 70000 90720 91111=
56004 14/80 /2804 11196 21298 35812 40303 52005 60001 333 11035 21239 3/124 59014 70000 90761 91109==
56018 14/80 /2101 11098 21291 36164 40163 52007 60001 333 10009 21130 3/117 59035 70000 90761 91105==
56312 04979 /1602 10033 21069 37079 40125 57001 60002 70000 333 10125 20017 3/003 54405 58000 60001 70000 90720 91109=
62306 42560 42409 10126 20073 40227 57010 84500==
62309 42560 63403 10146 20040 40208 57010 84800==
62332 42560 62005 10132 20087 40213 57006 86500==
62366 45560 61304 10120 20040 40204 57016 82252==
62387 42960 03207 10076 20031 40211 57004==
62393 42960 03508 10078 20025 40221 57008==
62405 42960 02304 10103 20031 40187 57007==
62414 42960 03505 10116 20002 40178 57010==
62419 42960 03406 10131 20008 40182 57008==
62420 42960 00000 10092 20025 40220 57007==
62435 42960 03608 10109 20027 40204 57005==
62458 42960 03504 10134 20018 40200 57005==
41256 329// 39901 10202 20153 30093 40110 92345 333 59020 55000 55407 55408 55507 55508=
41316 32588 53402 10221 20167 30100 40130 85500 92345 333 58001 55000 55407 55408 55507 55508 85625=
43353 31495 20903 10244 20217 40102 70521 81530 333 56790 59005 81620=
