SMPK OPKC 081800=
41504 02995 00000 10005 21109 37901 48564 60003 333 58008 60007 RH42%=
41506 02695 63608 10095 21021 38551 48549 60003 83520 333 56990 58001 60007 83640 84460 44%=
41507 02996 00000 10130 20021 39295 49817 60003 333 58002 60007 48%=
41508 02996 00000 10053 21023 38636 48551 60003 333 59008 60007 57%=
41509 02696 20000 10080 21021 38795 48531 60003 82500 333 56900 58013 60007 82640 RH 49%=
41510 02996 40000 10015 21010 37936 48557 60003 84030 333 56090 59002 60007 84360 84%=
41515 02695 30000 10070 21019 38587 48548 60003 83500 333 56900 58023 60007 83650 53%=
41516 02696 50000 10070 21019 38583 48539 60003 81530 333 56990 59004 60007 81640 85360 RH53%=
41517 01696 70000 11015 21054 37835 48578 60003 70422 83530 333 56990 59014 60007 83640 86360 72%=
41518 02696 41802 10061 21016 38/// 48/// 60003 82520 333 56990 5//// 60007 82640 82462 58%=
41519 02996 30000 10105 21016 38783 48530 60003 80030 333 56090 59017 60007 83362 RH43%=
41520 02695 42702 10000 21075 37652 48307 60003 81570 333 56990 59016 60007 81640 83762 57%=
41523 02996 00000 10090 20009 39093 48503 60003 333 59016 60007 57%=
41524 02996 40504 10160 21028 39369 40231 60003 84020 333 56090 59014 60007 27%=
41525 22996 02704 10040 21037 37699 48415 60003 333 56009 58004 57%=
41528 01996 00000 10115 20053 39239 48522 60003 70400 333 59018 60007 66%=
41529 02696 60000 10140 20056 39783 40170 60003 83520 333 56990 59012 60007 83640 83460 RH 47%=
41530 019// 70000 10150 21047 39743 40175 60003 70522 87030 333 56090 59015 60007 26%=
41534 02696 60000 10130 20043 39746 40167 60003 83520 333 56990 59013 60007 83640 83460 55%=
41535 02696 30000 10070 21003 38730 48496 60003 83500 333 56900 59001 60007 83635 RH60%=
41536 02996 03602 10110 21025 39055 48520 60003 333 58006 60007 39%=
41560 02996 00000 10040 21008 38302 48533 60003 333 58010 60007 RH71%=
41565 02995 33102 10067 21043 38640 48506 60003 83020 333 56090 58003 60007 83460 RH 46%=
41567 01696 50000 10140 20056 39718 40141 60003 70422 82530 333 56990 58004 60007 82640 83360 57%=
41571 119// 73604 10120 21009 39588 40182 60003 70522 82031 333 56099 59004 RH41%=
41573 02997 20000 10060 21059 37987 48518 60003 82020 333 55090 59003 60007 82460 42%=
41574 02997 40000 10070 20015 38351 48532 60003 80007 333 56009 59019 60007 84070 68%=
41576 01696 50000 10130 20043 40183 60003 70400 81570 333 56990 58000 60007 81640 84460 55%=
41577 01996 00000 10090 20035 40185 60003 70410 333 59002 60007 RH 69%=
41593 01996 40000 10145 20049 39945 40165 60003 70411 84070 333 56090 59003 60007 84460 53%=
41597 01996 50000 10150 20092 40185 60003 70422 85030 333 56090 59006 60007 85362 68%=
41598 01996 40000 10125 20062 39893 40170 60003 70400 84030 333 56090 59004 60007 84360 65%=
41599 01996 30904 10130 20068 39873 40169 60003 70411 83070 333 56090 59002 60007 83460 66%=
41600 01996 20000 10140 20102 39861 40161 60003 70400 82030 333 56090 59006 60007 82360 78%=
41620 31996 02704 10100 21042 38576 48479 60003 70500 333 59022 60007 36%=
41624 01996 00000 10150 20069 39955 40159 60003 70400 333 58014 60007 58%=
41625 01996 00000 10130 20091 39946 40150 60003 70400 333 59011 60007 77%=
41630 01996 00000 10125 20062 40173 60003 70400 333 59006 60007 65%=
41633 01996 00000 10120 20079 4//// 60003 70400 333 5//// 60007 76%=
41634 02997 10000 10090 20023 3//// 4//// 60003 80001 333 56009 5//// 60007 82075 63%,=
41635 01996 20000 10170 20082 3//// 4//// 60003 70400 82030 333 56090 5//// 60007 82360 56%=
41636 01996 20000 10130 20080 39984 40173 60003 70400 82030 333 56090 59012 60007 82360 71%=
41638 01996 02704 10140 20102 4//// 60003 70400 333 5//// 60007 78%=
41639 01996 30000 10130 20056 3//// 4//// 60003 70410 83030 333 56090 5//// 60007 83460 61%=
41640 01996 00000 10150 20092 39909 40162 60003 70400 333 59007 60007 68%=
41641 01996 00000 10160 20069 39884 40161 60003 70400 333 59012 60007 55%=
41642 01995 00000 10115 20062 3//// 4//// 60003 70400 333 5//// 60007 70%=
41643 01995 00000 10125 20085 39878 40161 60003 70400 333 59005 60007 77%=
41644 01996 40000 10145 20107 4//// 60003 70400 84020 333 56090 5//// 60007 84460 78%=
41646 01996 00000 10165 20120 39957 40174 60003 70400 333 59013 60007 75%=
41652 01995 02702 10130 20056 39981 40165 60003 70400 333 59017 60007 61%=
41660 029// 51308 10090 21066 38436 48527 60003 85030 333 56090 59009 60007 85360 33%=
41661 02696 30000 10080 21013 38393 48522 60003 83500 333 56900 59005 60007 83635 52%=
41669 01996 00000 10140 20091 3//// 4//// 60003 70400 333 5//// 60007 72%=
41670 01996 00000 10140 20091 4//// 60003 70400 333 5//// 60007 72%=
41674 01995 00000 10130 20056 3//// 4//// 60003 70400 333 5//// 60007 61%=
41675 01996 00000 10140 20080 30013 40161 60003 70400 333 59011 60007 67%=
41676 01996 00000 10140 20091 30017 40179 60003 70400 333 59021 60007 72%=
41677 01996 00000 10110 20068 39982 40154 60003 70400 333 59014 60007 75%=
41678 01996 30000 10180 20071 40172 60003 70500 83020 333 56090 59016 60007 83460 49%=
41679 01996 30000 10150 20103 4//// 60003 70411 83030 333 56090 5//// 60007 83360 73%=
41680 01995 30000 10165 20120 39971 40173 60003 70400 82030 333 56090 59001 60007 82362 75%=
41685 02997 30000 10120 21009 38928 48508 60003 83020 333 56090 59008 60007 83460 RH41%=
41696 02696 50000 10065 21051 37996 48519 60003 83520 333 56990 58000 60007 83640 82460 RH43%=
41697 02696 60000 10160 20057 40165 60003 86500 333 56900 59024 60007 86640 RH50%=
41700 01995 30000 10150 20092 40151 60003 70400 83030 333 56090 59023 60007 83360 68%=
41701 01996 00000 10135 20096 30024 40170 60003 70400 333 59010 60007 77%=
41710 12696 70502 10195 20019 39322 40082 60003 83510 333 56990 59019 83640 84460 31%=
41712 12996 00000 10160 20023 39177 48495 60003 333 59022 RH40%=
41715 01994 30000 10165 20063 30102 40169 60003 70400 83030 333 56090 59026 60007 83360 RH51%=
41716 01996 00000 10150 20069 30059 40165 60003 70400 333 59022 60007 58%=
41718 01995 00000 10125 20062 30052 40158 60003 70400 333 59017 60007 65%=
41724 01995 00000 10140 20080 30089 40170 60003 70500 333 59029 60007 RH67%=
41725 01996 30000 10160 20081 30073 40152 60003 70500 83030 333 56090 59029 60007 83360 RH60%=
41726 01995 00000 10140 20056 30110 40184 60003 70500 333 59026 60007 RH 57%=
41738 02996 01804 10190 20085 39984 40166 60003 333 59022 60007 RH50%=
41739 02996 00000 10155 20068 39081 48535 60003 333 58013 60007 RH56%=
41742 12996 41302 10195 20022 40159 60003 84030 333 56090 59011 84360 RH32%=
41743 01996 40000 10170 20118 60003 70400 84060 333 56090 60007 84660 RH 63%=
41744 12996 00000 10130 21009 38786 48508 60003 333 59021 RH 38%=
41745 01995 20000 10170 20094 60003 70400 82030 333 56090 60007 82360 RH61%=
41746 21995 43604 10140 20056 30110 40165 60003 70500 84030 333 56090 59027 60007 84360 RH57%=
41747 01996 00000 10135 20085 40150 60003 70400 333 59028 60007 RH72%=
41748 01996 00000 10160 20081 40164 60003 70500 333 59023 60007 RH60%=
41749 01996 30504 10160 20104 30118 40153 60003 70400 83030 333 56090 59042 60007 83360 RH69%=
41756 01995 01804 10195 20134 30092 40159 60003 70504 333 59015 60007 RH68%=
41757 12996 00000 10195 20124 30156 40169 60003 333 59011 RH64%=
41759 02996 00000 10170 20125 30152 40158 60003 333 59036 60007 RH75%=
41764 02996 00000 10195 20038 30091 40141 60003 333 59032 60007 RH35%=
41765 02996 00000 10185 20112 30109 40144 60003 333 59030 60007 RH62%=
41766 01994 03102 10145 20086 30130 40160 60003 74000 333 59022 60007 RH68%=
41767 02996 00000 10170 20105 3//// 4//// 60003 333 60007 RH65%=
41768 02996 00502 10160 20093 30135 40142 60003 333 59027 60007 RH64%=
41780 01996 00000 10185 20090 30121 40149 60003 70500 333 59018 60007 RH54%=
41783 02996 00000 10195 20103 30106 40136 60003 333 59029 60007 RH 55%=
41785 02996 00000 10160 20114 30139 40152 60003 333 59022 60007 RH 74%=
41786 02996 00000 10155 20050 30096 40133 60003 333 59017 60007 RH 49%=
41BKI 02996 40000 10140 20028 39738 40162 60003 84030 333 56090 59019 60007 84360 RH 47%=
41SKP 01996 00000 10110 20057 3//// 4//// 60003 70400 333 5//// 60007 69%=
43532 01996 00000 10120 20059 39343 40157 60003 70400 333 59017 60007 66%=
43533 02997 43104 10110 20047 39242 48504 60003 84020 333 56090 58005 60007 84460 65%=
43563 02997 00502 10133 20042 39470 40171 60003 333 58001 60007 53%=
41562 02996 00000 10110 20030 39691 40166 60003 333 59020 60007 RH58%=

UPPK OPKC 081800=
PPAA 5818/ 41675 MISDA DUE TO TECHNICAL ISSUE=
PPAA 5818/ 41598 MISDA DUE TO TECHNICAL PROBLEM=
PPAA 5818/ 41600 MISDA DUE TO TECHNICAL PROBLEM=
PPAA 5818/ 41624 MISDA DUE TO TECHNICAL PROBLEM=
PPAA 5818/ 41640 MISDA DUE TO TECHNICAL PROBLEM=
PPAA 5818/ 41646 MISDA DUE TO TECHNICAL REASON=
PPAA 5818/ 41678 MISDA DUE TO TECHNICAL PROBLEM=
PPAA 5818/ 41718 MISDA DUE TO TECHNICAL PROBLEM=
PPAA 58171 41780 MISDA NO ASCENT DUE TO RED BALLOON SHORTAGE=
PPAA 5818/ 41517 MISDA DUE TO SMOKE HAZE=
PPAA 5818/ 41715 NO ASCENT DUE TO BALLOONS OUT OF STOCK=
PPAA 5818/ 41739 no acent due to security risk=
PPAA 5818/ 41749 MISDA DUE TO TECHNICAL FAULT=
PPAA 5818/ 41764 NO ASCENT DUE TO 30GMS BALLOON OUT OF STOCK=

Data Generated from File : D:/all data handling/Rmc_lhr/2025020818.FSU.txt
08/02/2025   19:05:13
____________________________________________________________________________________________
15020 04568 81402 11043 21082 30223 40437 54001 69902 8457/ 333 11033 21044 34102 55300 20000 60007 91004 90760 91104==
15090 04570 80602 11031 21078 30338 40438 52003 69902 885// 333 11025 21040 34000 55300 10070 20000 30000 60007 91004 90760 91104==
15108 02970 01008 11075 21157 38184 48603 57003 60002 333 11050 21080 49082 55300 20000 60007 91009 90760 91109==
15150 04469 83402 11039 21082 30206 40435 52007 60002 885// 333 11019 21039 31101 55300 20000 60007 91004 90760 91105==
15170 04970 03201 11041 21083 39558 42920 52007 60002 333 10044 21138 3/014 41998 55300 20000 60007 91002 90760 91103==
15280 02970 00806 11102 21229 37567 47101 54001 60002 333 11071 21112 49082 55300 20000 60007 91008 90760 91108==
15310 01569 80203 11027 21073 30323 40416 52005 69902 70282 8557/ 333 11021 21043 34101 55300 10050 20000 30000 60007 91007 90760 91108==
15335 04468 63402 11028 21073 30400 40408 54001 60002 86600 333 11018 21035 34101 55300 20000 60007 91004 90760 91106==
15350 04570 80404 11029 21077 30295 40423 52006 60002 885// 333 11014 21036 34000 55300 20000 60007 91007 90760 91109==
15360 04467 83510 11009 21047 30365 40383 57004 60002 886// 333 10005 21017 60007 91013 90760 91113==
15420 04568 80702 11021 21071 30294 40413 52003 60002 8457/ 333 11018 21033 31000 55300 20000 60007 91004 90760 91105==
15460 04470 80304 11021 21068 30382 40408 52004 60002 886// 333 11016 21027 30000 55300 20000 60007 91008 90760 91108==
15470 04570 80804 11021 21071 30278 40413 52004 60002 8457/ 333 11014 21051 30101 55300 20000 60007 91006 90760 91106==
15480 04467 83004 11019 21063 30372 40391 52003 69902 886// 333 11009 21023 34000 55300 10040 20000 30000 60007 91009 90760 91109==
15549 12570 70503 11043 21052 39951 40396 53006 69912 87500 333 11029 21044 555 592//=
15552 11458 83403 11015 21047 30325 40377 53004 69912 77177 886// 222// 00068 10402 333 11008 21017 555 40000 57600 62799 71800 92036 92436=
15640 12668 83405 11015 21026 30051 40382 53008 60002 885// 333 10004 21022 555 592//=
15655 11568 83412 11007 21029 30339 40374 53004 69902 77172 8802/ 222// 00072 10403 333 10011 21007 91118 555 40000 58500 67299 71800 92048 92447=
15730 12670 80206 11004 21060 39950 40367 53007 60002 84537 333 10026 21048 555 566//=
16627 12565 60412 10030 21042 30335 40342 52019 60002 85550 333 10060 90730 91126==
16650 12460 60519 10052 21013 30316 40326 53003 60002 86800 333 10058 83818 85625 90730 91132==
16667 12560 60117 10072 20018 30279 40291 54000 60002 86800 333 10080 82820 85625 90730 91130==
16706 11560 70120 10084 20028 30259 40266 52004 69902 70262 87800 333 10092 82820 87630==
16723 12560 10208 10084 20010 30233 40247 52008 60002 81200 333 10106 90730 91118==
16742 12460 13614 10092 20003 30067 40226 50008 60002 81100 333 10104 90730 91122==
16749 12960 09902 10094 20012 30193 40207 57002 60002 333 10126 90730 91107==
16754 11460 73416 10106 20054 30206 40255 57001 69942 70262 87600 333 10110 81710 86625 90730 91128==
16760 11560 70206 10064 20034 40257 53001 60032 70262 87800 333 10070 84820 87625 90730 91114==
16765 12560 53411 10114 20018 40220 53004 60002 85800 333 10127 85825 85630 90730 91128==
17022 11570 70603 10029 20013 30138 40311 55001 69972 72582 85250 333 10053 85831 87359 90760 91109==
17024 11568 72112 10021 20018 30212 40293 58003 60052 70262 85570 333 10038 85632 87359 90760 91122==
17026 11560 83006 10050 20031 30253 40293 58002 60022 76122 8652/ 333 10057 86628 88458 90760 91115==
17031 11570 63110 10054 20025 30280 40287 58003 60012 70282 86200 333 10077 81720 86836 90760 91120==
17034 11560 72001 10063 20019 30243 40291 50000 60012 78088 84250 333 10064 84830 87358 90760 91109==
17038 11470 72103 10062 20038 30227 40276 54000 60012 78082 87200 333 10078 83716 87828 90760 91114==
17042 12670 41101 10042 20030 30241 40282 55001 60002 82130 333 10091 82835 84360 90760 91107==
17050 12670 60106 10008 21047 30300 40366 53011 60002 83570 333 10045 83635 86358 90760 91117==
17056 12670 63613 10029 21005 30328 40333 53008 60002 83530 333 10050 83635 86360 90760 91126==
17060 11460 70219 10042 20012 30277 40319 53007 60032 78082 87200 333 10060 84715 87830 90760 91128==
17070 12665 70502 11001 21036 39388 40294 53002 60002 84520 333 10016 84634 87460 90760 91108==
17074 11570 80000 10005 20000 39319 40287 51003 69902 77077 8552/ 333 10022 85627 88458 90760 91109==
17084 12670 60303 10016 21016 39342 40281 51003 60002 84550 333 10044 84635 85360 90760 91110==
17085 12570 80506 10037 21015 39770 40277 52003 60002 8452/ 333 10072 84630 88460 90760 91113==
17092 12660 40000 11044 21055 38882 48499 52005 60002 84500 333 10031 84645 90760 91107==
17096 12660 31006 11050 21064 38235 48507 51005 60002 83500 333 11026 83635 90760 91118==
17098 11660 60714 11063 21091 38198 48515 52002 69902 70173 84530 333 11018 84635 86357 90760 91119==
17100 11643 80000 10006 21034 39220 40246 52003 60002 71022 8351/ 333 10048 83640 88458 90760 91104==
17112 12665 60309 10035 21010 30321 40324 52009 69902 84570 333 10048 84635 86360 90760 91123==
17115 11460 70220 10045 20029 30262 40315 53005 69962 78022 87200 333 10049 84715 86830 90760 91133==
17116 12570 70602 10048 20019 30178 40304 52007 60002 85250 333 10068 85830 86359 90760 91113==
17124 12660 63307 10006 21045 39340 40293 52005 60002 86500 333 10049 86635 90760 91118==
17128 12660 70806 11001 21080 39140 40295 52005 60002 84150 333 10039 84840 86360 90760 91118==
17135 12670 41002 10028 21053 39361 40267 53004 60002 84500 333 10055 84640 90760 91109==
17140 12665 70701 11030 21059 38740 48518 56001 69902 84550 333 11005 84638 87358 90760 91110==
17150 11460 73608 10035 20026 30168 40296 50003 60012 78088 87200 333 10059 84715 86835 90760 91120==
17160 12670 70203 11002 21070 39068 48523 53002 60002 84570 333 10015 84640 87360 90760 91111==
17170 12560 51405 11024 21124 38313 48488 52004 60002 83530 333 10000 83630 84357 90760 91122==
17175 12665 40506 10060 21004 30286 40290 52006 60002 82130 333 10089 82840 84360 90760 91121==
17184 12670 33507 10043 20000 30161 40277 52009 60002 81240 333 10087 81840 83360 90760 91119==
17190 12670 60201 10001 21065 39040 48524 51003 60002 86500 333 10021 86635 90760 91108==
17195 12470 70000 11004 21044 39010 48518 53001 69922 87500 333 10046 82715 87630 90760 91103==
17200 12960 01605 11004 21053 39210 40229 52007 60002 333 10060 90760 91120==
17202 12670 42207 10011 21032 39144 40216 52011 60002 82540 333 10069 82635 84360 90760 91116==
17203 12970 00401 10016 21085 38879 48528 52007 60002 333 10068 90760 91110==
17210 12670 60802 10050 21074 39122 40170 52012 60002 83130 333 10091 83840 86360==
17219 12565 13617 10053 21007 30112 40262 52006 60002 81100 333 10100 81830 90760 91129==
17234 12970 00000 10078 21025 30165 40235 51003 60002 333 10138 90760 91111==
17237 12670 62901 10070 21036 39728 40248 52006 60002 84250 333 10102 84835 86360 90760 91107==
17240 12570 10305 10017 21061 39067 40247 52010 60002 81100 333 10069 81830 90760 91121==
17244 12660 60104 10001 21050 39043 48525 52004 60002 86500 333 10027 86640 90760 91113==
17248 12670 70802 10002 21053 39016 48511 50001 60002 84130 333 10009 84840 87360 90760 91107==
17250 12670 70205 11011 21067 38834 48516 51002 60002 84570 333 10011 84640 87360 90760 91115==
17260 12960 03505 10036 21057 39336 40168 52010 60002 333 10094 90760 91114==
17270 12670 32902 10064 21025 39533 40188 52009 60002 83500 333 10118 83640 90760 91112==
17275 12670 30000 10017 20017 38971 48484 52007 60002 81430 333 10071 81640 83360 90760 91103==
17280 12/60 22909 10059 21051 39379 40176 52014 60002 82030 333 10120 82360 90760 91116==
17290 12970 03605 10102 21006 30193 40226 53004 60002 333 10141 90760 91113==
17292 12970 00403 10050 21066 39445 40220 52005 60002 333 10105 90760 91111==
17300 12960 03608 10103 21026 30142 40215 53008 60002 333 10153 90760 91112==
17310 12970 00804 10118 21036 30189 40196 52006 60002 333 10162 90760 91108==
17330 12970 03005 10094 21041 30190 40208 52011 60002 333 10141 91015 90760 91119==
17350 12960 03505 10090 21040 30117 40197 52016 60002 333 10166==
17370 12/70 22907 10130 21001 30199 40203 52014 60002 82030 333 10152 82360 90760 91114==
17375 12670 20000 10100 20028 30201 40203 50004 60002 82200 333 10150 82835 90760 91110==
33088 32997 01202 11052 21081 30236 40441 54000 333 11015 555 1/106=
33135 324// 80702 11052 21073 30313 40472 57005 886// 333 11044 88711 555 1/103=
33177 32997 31103 11050 21074 30164 40418 57003 80001 333 11018 555 1/105=
33317 329// 80904 11058 21081 30080 40442 54000 8807/ 333 11039 555 1/103=
33393 32460 41405 11051 21082 39989 40407 53001 84500 333 10004 84615=
33415 32997 01203 11052 21081 30001 40426 57001 333 11042 555 1/106=
33429 12497 81104 11057 21082 39983 40435 54000 69902 885// 333 11028 88613 555 1/103=
33466 32564 80604 11055 21085 30255 40457 54000 885// 333 11043 555 1/104=
33506 32997 00304 11068 21084 30243 40455 51002 333 11037 555 1/106=
33562 12560 80802 11054 21079 30127 40454 54000 69902 885// 333 11032 555 1/105=
33587 329// 80702 11058 21084 30164 40447 53002 8805/ 333 11042 555 1/104=
33658 12480 81305 11050 21079 30111 40432 52003 69902 886// 333 11036 88716 555 1/103=
33663 12997 80902 11032 21075 30338 40440 53003 69902 8805/ 333 11026 555 1/101=
33664 12997 81102 11047 21075 30096 40434 53001 69922 8805/ 333 11041 555 80016=
33678 12998 70803 11044 21082 30212 40440 53004 69902 8707/ 333 11029 555 80013=
33679 12497 60601 11044 21075 30234 40439 54000 69922 86500 333 11025=
33711 32960 00203 11064 21088 30212 40438 53002 333 11027 555 1/107=
33745 12597 70902 11049 21081 30244 40446 52012 69902 86930 333 11042 555 80010=
33748 32597 61002 11045 21080 30122 40426 53002 86300 333 11039 555 80013=
33754 12997 00102 11056 21086 30272 40430 53002 69902 333 11021=
33761 12967 00303 11061 21073 30197 40437 52007 69902 333 11032 555 1/107=
33791 32980 00404 11038 21084 30294 40430 51004 333 11017 555 1/105=
33815 12998 00202 11045 21079 30197 40419 57002 69902 333 11032=
33837 32966 00508 11007 21061 30346 40401 53003 333 10004 555 1/103=
33881 12598 20101 11055 21084 30214 40425 53004 69902 82500 333 11031 555 80011=
33883 12997 33303 11054 21081 30242 40416 52004 69912 80002 333 11028 555 80012=
33885 32997 30103 11054 21091 30281 40427 52001 83030 333 11036 555 80012=
33892 12997 00203 11049 21077 30184 40412 56001 69902 333 11026 555 80021=
33902 32997 00406 11024 21081 30338 40401 53002 333 10018 555 1/104=
33924 12960 00607 11002 21108 30354 40367 52002 60002 333 10010 91013 90760 91115==
33946 11473 80810 11024 21044 30114 40347 57002 69902 73673 886// 333 11018 88716 91014 90760 91116==
33983 12560 20610 11017 21045 30279 40343 58001 60002 82500 333 11005 91015 90760 91117==
34300 32597 70603 11071 21096 30275 40467 56001 87500 333 11028 555 1/106=
34336 42960 00502 11090 21116 30353 40466 57001==
34344 42970 01001 11099 21108 30364 40460 54001==
34356 42970 00202 11106 21129 30293 40454 57002==
34357 42970 33602 11103 21124 30283 40451 54001 80001==
34398 129// 30604 11072 21093 30399 40413 57006 60002 80001 333 11011==
34415 32998 00703 11070 21091 30348 40452 54000 333 11008 555 1/106=
34438 42960 00406 11090 21105 30235 40442 57009==
34445 42970 00307 11100 21116 30322 40446 57004 333 90760 91110==
34461 42960 00101 11079 21110 30384 40443 54000==
34473 329// 00205 11060 21100 30383 40424 57001 333 11013=
34476 42970 00304 11054 21079 30412 40420 54000==
34504 32973 00605 11041 21079 30247 40433 53002 333 11011=
34535 42970 60501 11090 21110 30362 40440 57003 80005==
34545 42970 00303 11081 21097 30315 40435 56003==
34555 41540 70103 11068 21086 30341 40439 55001 71011 86530==
34560 41940 00504 11066 21081 30227 40431 57003 71000==
34578 41940 00103 11049 21062 30404 40411 57003 71000==
34579 41940 03603 11067 21087 30363 40409 57002 71000==
34644 42960 00406 11066 21088 30333 40415 54001 333 91011 90760 91111==
34646 42/70 30304 11051 21066 30327 40414 57001 83030 333 90760 91110==
34655 42960 00103 11046 21076 30358 40421 52003==
34662 42970 83503 11058 21078 30409 40421 52001 80001==
34691 12970 20502 11051 21101 30614 40601 58001 60002 80002 333 11011==
34720 42970 00304 11065 21097 30366 40409 54001 333 90760 91111==
34727 42960 00606 11047 21078 30365 40397 54001 333 91011 90760 91114==
34743 42960 00503 11045 21088 30315 40410 54000==
34759 42960 30202 11060 21086 30265 40405 53001 80001==
34772 42/60 60104 11037 21077 30396 40399 57002 8607/==
34785 42/60 30204 11041 21103 30407 40383 57003 82031==
34798 12960 02105 11051 21110 30516 40485 54000 60002 333 11003==
34824 42960 00605 11045 21077 30373 40378 52002 333 90760 91112==
34838 42960 00503 11034 21093 30277 40379 52002 333 90760 91110==
34845 42970 00802 11047 21078 30279 40393 53003==
34858 42960 00000 11050 21090 30282 40396 52003==
34861 42/60 10706 11056 21090 30140 40400 52001 80030 333 90760 91110==
34866 42/60 30204 11045 21084 30403 40394 54000 80030==
34880 42960 00203 11040 21115 30402 40374 52001==
34887 42970 03602 11053 21099 30402 40378 53002==
34949 42970 00706 11081 21113 39802 40386 57001==
34954 42970 00701 11068 21098 30207 40392 52004==
34958 42970 00000 11090 21118 30179 40394 52002==
34975 42970 00101 11059 21102 30385 40381 53002==
34984 42970 03302 11057 21124 30406 40374 54000==
35217 129// 00402 11110 21146 30365 40408 57008 60002 333 11049==
35302 129// 00506 11073 21103 30392 40414 57008 60002 333 11037==
35315 329// 00204 11098 21139 30327 40387 57009 333 11068=
35344 319// 00410 11132 21169 30066 40375 51004 73633 333 11090 91015 91117=
35358 119// 00507 11145 21179 30163 40346 53006 60002 73633 333 11101==
35368 319// 00704 11162 21204 30068 40355 52015 333 11115=
35386 329// 00602 11178 21207 39814 40379 52001 333 11134=
35394 12970 00403 11165 21201 39648 40377 54000 60002 333 11125==
35404 329// 10504 11071 21092 30398 40407 57001 80001 333 11023=
35406 129// 00304 11084 21116 30391 40393 57006 60002 333 11045==
35416 129// 00203 11099 21147 30247 40375 57007 60002 333 11048==
35426 129// 03504 11110 21146 30055 40365 54000 60002 333 11076==
35437 319// 00413 11112 21146 30097 40433 58009 73630 333 11074 91018 91118=
35449 319// 00409 11126 21160 30213 40323 52012 73633 333 11102=
35497 129// 00902 11081 21148 39778 40631 58008 60002 333 11072==
35498 329// 00000 11210 21235 39429 40389 57002 333 11090=
35514 32998 00204 11094 21119 30595 40591 58008 333 11043=
35522 329// 00604 11106 21154 30087 40354 58004 333 11067=
35542 329// 00506 11127 21154 30169 40326 52006 333 11100=
35563 32998 01702 11160 21218 39535 40360 52011 333 11123=
35576 129// 00604 11194 21229 39858 40347 57004 60002 333 11120==
35582 329// 00604 11146 21207 39709 40349 58001 333 11103=
35594 329// 01302 11184 21209 39467 40372 54000 333 11097=
35605 32998 00506 11070 21095 30388 40365 58003 333 11019=
35633 329// 00310 11124 21150 30090 40317 52006 333 11098 91015 91115=
35671 12970 00402 11128 21155 39872 40327 52004 60002 333 11084==
35699 129// 00208 11108 21177 39532 40323 58012 60002 333 11057==
35700 12970 00407 11072 21111 30380 40355 58001 60002 333 11015==
35715 32997 00405 11086 21151 30348 40332 58002 333 11046=
35739 329// 20504 11128 21180 30144 40292 53001 80001 333 11102=
35746 129// 03605 11130 21150 30210 40282 52011 60002 333 11085==
35777 329// 00503 11114 21149 39941 40304 52012 333 11053=
35796 12960 00504 11143 21176 39868 40331 52003 60002 333 11075==
35849 129// 03103 11120 21164 30173 40263 52003 60002 333 11060==
35895 32997 00103 11140 21161 39856 40329 52001 333 11076=
35907 32998 00106 11051 21092 30378 40346 57005 333 11037=
35925 129// 03402 11114 21134 30192 40311 52003 60002 333 11069==
35927 329// 00202 11098 21129 30306 53002 333 11058=
35953 12/// 80302 11054 21144 30114 40247 52001 60002 8807/ 333 11045==
35969 12/// 80709 11043 21117 30069 40246 52007 60002 8807/ 333 11007==
35997 329// 00201 11123 21166 39846 40305 58004 333 11060=
36259 41584 60701 11341 21374 38266 48565 57009 71111 82902==
36335 329// 00000 11160 21202 39294 40386 58006 333 11050=
36358 329// 00000 11240 21262 39297 40418 57005 333 11158=
36394 329// 81203 11222 21240 39935 40400 57009 8807/ 333 11189=
36397 12/// 50000 11258 21281 39781 40409 57009 60002 85070 333 11174==
36403 319// 02701 11264 21275 30001 40405 57005 71000 333 11167=
36418 329// 00000 11266 21285 39720 40407 58005 333 11198=
36421 329// 00000 11324 21343 39775 40421 58004 333 11198=
36428 129// 00901 11300 21334 39850 40419 56002 60002 333 11194==
36439 329// 01303 11164 21198 39022 48511 58004 333 11090=
36498 319// 00108 11131 21187 39505 40338 53001 73630 333 11051 91115=
36501 329// 50000 11223 21247 39573 40398 57006 85030 333 11170=
36535 129// 00000 11315 21345 39709 40431 58003 60002 333 11185==
36546 329// 02801 11305 21323 39807 40420 58005 333 11207=
36619 329// 03603 11196 21231 333 11100=
36622 319// 03504 11226 21254 39499 40379 58006 73633 333 11189=
36639 129// 00401 11235 21282 39677 40342 52002 60002 333 11007==
36643 329// 02302 11251 21269 39667 40402 57008 333 11107=
36665 319// 03101 11225 21241 39589 40384 58010 71000 333 11178=
36666 329// 02301 11292 21312 39854 40411 57005 333 11194=
36729 32998 00701 11175 21191 39804 40321 52001 333 11055=
36736 329// 03203 11186 21200 39741 40338 58001 333 10015=
36744 329// 00602 11144 21179 39820 40297 57003 333 11075=
36770 329// 00000 11166 21166 39534 40310 58008 333 11010=
36786 32999 00000 11105 21120 39335 40291 58006 333 10035=
36796 329// 00000 11175 21207 39057 48487 58002 333 11073=
36803 32999 03102 11133 21154 39841 40317 53007 333 11066=
36806 329// 01607 11188 21252 39828 40335 58006 333 11134 91115=
36819 319// 50901 11102 21119 39640 40279 54000 71022 82021 333 11067=
36821 119// 30301 11140 21153 39780 40300 58007 60002 71011 80002 333 11040==
36839 32998 01801 11120 21164 39122 40306 58005 333 11015=
36843 329// 02504 11017 21098 39073 40255 58005 333 10067=
36846 329// 03607 11065 21149 38624 48508 57005 333 10025=
36859 129// 00401 11062 21081 39509 40315 54000 60002 333 10078==
36870 129// 80101 11035 21065 39224 40253 58006 60002 80001 333 10036==
36874 329// 02701 11141 21159 39599 40434 58010 333 11028=
36877 329// 00000 11103 21116 39653 40715 58007 333 10015=
36885 326// 61402 11054 21078 39115 40270 58010 82530 333 10010=
36889 329// 01801 11062 21156 37042 47057 58005 333 11025=
36894 329// 00000 11080 21102 39513 40279 58009 333 10030=
36905 329// 01302 11028 21092 38756 48516 58006 333 10041=
36911 429// 30000 10004 21050 39259 40242 58008 80001 333 10101=
36927 42697 70000 11002 21064 38362 48525 52001 87900 333 10045=
36934 42597 60301 11023 21078 38276 48410 54000 83932=
36953 326// 80000 11112 21156 38209 48508 52002 8594/ 333 10002=
36963 429// 21403 11114 21134 37034 48/// 58001 80001 333 11054=
36974 427// 52402 11106 21126 38014 48561 58002 82501 333 10000=
36982 429// 20601 11162 21188 36520 47128 52002 82030 333 11063=
37018 42960 00305 10017 21072 30195 40273 57005 333 90760 91114==
37031 42960 00601 11050 21087 30164 40371 52001 333 90760 91110==
37054 42560 80702 11058 21092 39975 40384 57003 884//==
37061 42960 00101 11066 21097 30210 40391 50001==
37085 42940 02102 11068 21091 30408 40380 58003==
37171 42640 20000 10045 20033 30248 40267 54000 81530==
37228 41420 80801 11054 21065 39481 40361 57004 71072 886//==
37235 42560 80201 11040 21067 30039 40373 57002 885//==
37472 42/60 83002 11044 21075 30398 40374 52005 8807/==
38149 42970 43001 11140 21201 30204 40288 52010 80002 333 11060==
38262 129// 23001 11105 21161 30183 40271 52008 60002 80002 333 11059==
38264 42970 12902 11104 21157 30180 40281 52008 80003 333 11058==
38345 42998 80000 10016 21032 38797 48496 53004 8802/ 333 10099=
38353 429// 20000 10008 21061 39308 40217 57012 82030 333 10090=
38388 72998 03401 11088 21144 30205 40281 52008 333 11046 6////=
38392 72997 63203 11080 21142 30171 40281 52014 86030 333 11047 6////=
38396 42/60 73203 11061 21153 30146 40278 52008 8707/ 333 11037==
38403 116// 82903 11056 21090 30106 40233 52011 60012 72277 882// 333 11040==
38413 113// 82502 11022 21022 39926 40227 53011 60052 72277 882// 333 11008==
38457 12960 61302 10062 20012 39610 40197 52028 60002 80001 333 10157==
38462 126// 40000 10018 21019 38748 48487 53014 60032 82551 333 10070==
38507 72996 30403 11058 21101 30191 40300 52003 80001 333 10015 6////=
38545 21595 82703 11063 21063 30089 40275 52021 77177 8802/ 333 11021 60090=
38565 126// 81604 10038 20018 39602 40176 52018 60022 885// 333 10067==
38579 415// 82805 10070 20027 39785 40202 52020 78082 889// 333 10133==
38583 12660 82302 10060 20018 39886 40208 52029 60002 85541 333 10157==
38599 32997 62506 10062 20015 39668 40206 52020 86030 333 10118=
38611 41/40 82903 10075 21012 39610 40167 52003 71022 8807/ 333 10132==
38613 429// 23401 10052 21013 40175 58008 80002 333 10098 555 530//=
38616 425// 72101 10038 21015 39168 40185 56003 87500 333 10120=
38618 12/// 82201 10063 21012 39484 40170 52008 60002 84031 333 10140==
38647 22697 80101 11019 21047 30239 40284 54000 885// 333 11013 60010=
38656 32698 80000 11038 21083 30183 40299 52010 885// 333 11014=
38683 11360 82506 11031 21035 39981 40271 52030 60052 70287 867//==
38687 12497 82905 11022 21025 30045 40291 53034 8802/ 333 10061 60050 88517=
38696 115// 82702 10040 20014 39365 40230 52022 69902 72588 889// 333 10146==
38713 325// 82703 10027 21025 39009 48480 53015 885// 333 10135=
38750 22597 83202 10014 21015 30326 40296 53005 885// 333 10058 60020=
38763 21497 80000 11032 21053 30186 40297 52002 70272 885// 333 11024 60020 88620=
38774 72995 82901 11028 21048 30099 40304 52010 8807/ 333 11004 6////=
38799 22597 82904 11008 21021 30057 40299 52037 885// 333 10032 60050=
38806 22697 72703 11008 21040 39996 40266 52028 87500 333 10056 60020=
38812 11120 82205 10019 20016 39797 40261 52020 60042 78088 889// 333 10060 84703==
38836 415// 82304 10030 20030 39232 40250 58006 78082 889// 333 10164=
38880 21297 83303 11012 21018 30024 40291 51010 70272 886// 333 10006 69902 88705=
38886 21596 83101 10006 21014 30053 40290 52020 71022 885// 333 10026 69952=
38895 22596 80596 10002 21025 39997 40298 52012 885// 333 10042 60030=
38911 32997 82906 10028 21027 39963 40265 52068 8807/ 333 10070 69960=
38915 21597 82902 10048 20028 39944 40273 52018 70262 885// 333 60030 10084=
38927 11356 82509 10048 20031 39877 40259 52019 69932 78083 889// 333 10159 86708==
38933 315// 81404 10073 20019 39686 40201 52036 76162 8802/ 333 10220=
38944 316// 80203 10074 20029 39635 40171 52043 70522 885// 333 10205=
38954 328// 30000 11023 21078 37962 48550 52005 82901 333 10028=
38974 72998 83401 10022 20003 39937 40282 52006 8802/ 333 10055 6////=
38987 22496 80701 10024 20016 39516 40279 52004 885// 333 10032 60090=
40100 43/70 81004 10125 20038 30202 40218 52006 6///1 333 58///=
40180 12660 21801 10112 20043 30161 40211 52011 69912 82500 333 10149 20093 70000==
40199 12/// /0105 10146 20010 30177 40202 52014 60002 333 10194 20125 70000==
40255 36/// /2706 10074 29070 3//// 4//// 5////=
40265 31556 32204 10055 20019 39414 40229 52012 70511 83200 333 10100 83825=
40270 32456 73206 10066 20013 39298 40218 52013 87100 333 10096 81718 87830=
40272 31650 32703 10052 20033 39364 40222 57004 71000 83000 333 10090 83635=
40310 36/// /0000 10172 29044 4//// 5////=
40340 32960 23509 10124 21008 40206 52009 80009 333 10180 82168=
40356 42960 03406 10050 21050 39197 48487 333 10096 58014 55/// 555 04410 50202=
40357 42960 03206 10082 21060 39532 40182 333 10120 58009 55///=
40360 42960 03006 10068 21010 39596 40201 333 10137 58014 55///=
40361 42960 02306 10069 21070 39408 40231 333 10125 58009 55089=
40362 42960 02805 10078 21070 39656 40183 333 10154 58003 55///=
40373 42960 03203 10128 21030 39747 40171 333 10181 59007==
40375 42960 03604 10106 21060 39289 40183 333 10145 59003 55///=
40394 42960 03308 10100 21030 39040 48509 333 10148 58004 55/// 555 04410 50183=
40400 42960 03210 10192 20070 30134 40162 333 10220 59001 55///=
40405 42960 00409 10142 21010 39415 40164 333 10184 59012 55000=
40417 42960 09903 10138 20020 30150 40165 333 10210 58010==
40420 42960 03404 10138 21060 39953 40166 333 10209 58005 55///=
40430 42960 03105 10198 21030 39403 40145 333 10253 58005 55///=
40437 42960 00604 10153 21060 39450 40158 333 10200 59016 55///=
40439 42960 02816 10190 20100 30124 40142 333 10274 58007 55///=
40582 32960 02303 10137 21018 40161 51014 333 55300 00000 10126 20000 30000 41036 51161 60000 55407 40000 90400 91003 91117 91211 91307=
40703 12660 80000 11002 21060 38933 40241 52006 60001 8451/ 333 55000 70000 84635 88459 555 11021 29065=
40706 12560 50909 11043 21118 38667 40266 52013 60001 84362 333 55029 21981 79999 83630 81932 8406 8 555 11062 29056=
40712 11560 80304 11022 21089 38686 40243 52015 69921 70222 8632/ 333 55000 20935 70010 82930 8364 0 88459 555 11041 29060=
40713 12661 80809 11023 21100 38644 40205 53011 60001 81477 333 55078 70000 81635 88266 555 11045 29055=
40718 11440 80504 10039 20025 30331 40301 50002 60061 76162 8632/ 333 55000 20140 70264 83912 8561 5 88556 555 10034 29091=
40723 11360 83102 11024 21052 38997 40276 50002 69911 70272 8652/ 333 55015 20873 70005 82708 85625 88456 555 11032 29081=
40726 11640 80204 11024 21071 38643 40219 53008 60001 70582 8532/ 333 55033 79999 82935 83640 8845 8 555 11038 29070=
40727 11607 80301 11032 21040 38449 40202 52006 60011 77122 8352/ 333 55041 21177 70011 83640 8856 0 555 11033 29094=
40732 11550 83001 10044 20032 30308 40282 50000 60041 76166 8632/ 333 55000 70099 82920 85625 8855 8 555 10039 29092=
40736 11457 81402 10050 20043 30307 40281 50001 60121 72166 8632/ 333 55000 70355 85718 82922 8855 8 555 10047 29095=
40738 12560 80000 10042 20021 30300 40302 51001 60001 8452/ 333 55000 20232 70039 84630 88458 555 10034 29086=
40739 12665 20403 11009 21069 38695 40228 50001 60001 82500 333 55094 21548 70000 82635 555 11028 29064=
40741 11557 80602 10025 20006 39937 40283 51010 60001 71022 8472/ 333 55000 70034 84725 88458 555 10018 29087=
40743 12662 20000 10021 21044 39083 40228 52002 60001 82500 333 55034 20712 70071 82635 555 11003 29062=
40745 11425 81004 10021 20018 39075 40251 50011 60001 71022 886// 333 55004 20441 70061 88710 555 10020 29098=
40747 11550 83403 11020 21047 38590 40178 51003 69921 77172 8632/ 333 55002 20673 70002 82725 8193 5 84640 88558 555 11028 29082=
40754 12663 71008 10058 21105 38802 40172 58006 60001 82816 333 55092 70000 82840 84459 86268 555 10006 29030=
40762 12560 40202 10004 21069 38555 40216 51003 60001 84000 333 55026 70045 84635 555 11019 29058=
40766 11363 72303 11018 21020 38636 40151 50007 60111 72287 82770 333 55053 21155 70105 82707 8745 0 555 11018 29098=
40768 11610 82803 11048 21051 38199 40189 52005 60051 77377 8242/ 333 55010 20965 70052 82640 8855 9 555 11047 29098=
40769 11656 80805 11008 21037 38225 40141 50001 69901 77022 8552/ 333 55062 21417 79999 85635 8845 9 555 11018 29081=
40780 11/08 91201 11006 21012 38628 40161 52014 60141 77172 333 55009 27082 70136 89/10 555 11008 29096=
40782 12660 41002 10056 21037 38806 40125 50002 60001 84300 333 55065 70000 81935 83640 555 10021 29051=
40785 12660 80000 10044 21039 39080 40195 57008 60001 8451/ 333 55078 23208 70000 84640 88460 555 10014 29055=
40791 12962 01101 10079 20012 39336 40166 58006 60001 333 55060 21288 70033 555 10051 29063=
40792 12960 01201 10031 21011 38702 40176 56007 60001 333 55060 21475 70070 555 10014 29074=
40798 12660 11805 10038 21062 37890 40108 54000 60001 81400 333 55091 21538 70000 81635 555 10001 29048=
40800 12965 01202 10029 21039 38402 40132 50002 60001 333 55047 21200 70000 555 10004 29061=
40809 11660 50805 10056 20053 38479 40155 58006 60011 70282 82431 333 55017 20639 70055 82635 83359 555 10055 29098=
40811 12660 31701 10115 20023 30122 40149 51011 60001 83500 333 55096 70000 83640 555 10075 29053=
40812 11657 82502 10130 20013 39758 40137 52013 60001 70622 8637/ 333 55000 21046 70000 82935 8464 0 88460 555 10079 29045=
40821 11630 83601 10060 20015 38757 40167 57006 60001 70522 8352/ 333 55000 20521 70024 83640 8845 9 555 10041 29073=
40829 12960 03511 10102 20038 39599 40167 51012 60001 333 55055 70000 555 10073 29064=
40831 12660 52203 10137 20040 30149 40158 52015 60001 85500 333 55098 70000 85640 555 10093 29052=
40833 12660 52903 10143 20011 30125 40158 52015 60001 85500 333 55077 70000 85640 555 10086 29041=
40841 12960 00000 10052 20000 38209 40105 51008 60001 333 55083 21574 70000 555 10030 29069=
40848 11658 21705 10098 20015 38479 40097 51005 60001 70500 82400 333 55080 21699 70004 82640 555 10060 29056=
40851 12660 21402 10097 20039 38226 40092 50002 60001 82400 333 55096 21431 70005 82640 555 10069 29067=
40854 12960 00402 10120 20032 38932 40119 58006 60001 333 55082 70000 555 10079 29055=
40856 11640 60203 10098 20039 38639 40143 51008 60001 70621 83370 333 55090 22364 79999 81935 85360 555 10070 29067=
40859 12660 21803 10100 20046 38673 40119 51006 60001 82400 333 55092 70002 82640 555 10074 29069=
40875 11550 63603 10212 20176 30122 40133 52008 60001 71021 84570 333 55025 20879 70001 84630 85360 555 10190 29080=
40879 11658 42608 10196 20093 39476 40142 51015 60001 70721 81470 333 55076 70000 81640 83360 555 10140 29052=
40882 11930 03007 10190 20140 30100 40135 51009 60001 70500 333 55083 70000 555 10161 29073=
40883 11956 02803 10205 20171 30103 40130 51006 60001 71000 333 55072 70000 555 10184 29081=
40893 11950 01407 10228 20181 30131 40137 51008 60001 70500 333 55070 21138 70000 555 10198 29075=
40898 12960 01604 10221 20169 30142 40151 51010 60001 333 55088 70000 555 10189 29072=
41024 42960 03511 10218 20130 30127 40153 333 10271 55097 58005==
41036 42960 00000 10153 20080 38560 48509 333 10270 58003==
41055 42960 00000 10177 20040 38361 48507 333 10284 59007==
41061 42960 01109 10178 21030 39422 40128 333 10240 58015==
41084 42960 02109 10227 20070 38838 48496 333 10320 59005==
41112 42960 01808 10131 20110 37951 48516 333 10218 55102 58000==
41114 42960 01808 10140 20070 37991 48521 333 10236 58002==
41128 41930 00804 10210 21030 38806 48514 70600 333 10290 55060 59001==
41136 41935 00707 10219 20040 39307 40114 70600 333 10270 58003==
41140 42960 03205 10277 20200 30120 40132 333 10315 58003==
41150 42966 03407 10165 20070 40163 333 10194 58013=
41176 44/59 /3607 10171 20076 30149 40155 333 10232 58016=
41184 41658 42503 10227 20185 40145 70600 83530 333 10303 58009 83640 83360=
41194 11457 43109 10221 20179 30135 40141 60001 70500 84500 333 10288 58012 84617=
41196 11457 33006 10216 20176 30105 40146 60001 70500 83500 333 10287 58011 83615=
41216 41458 23507 10203 20172 30141 40145 70500 82600 333 10253 58018 82712=
41217 41458 43309 10204 20173 30111 40141 70510 84600 333 10270 58019 84715=
41396 42965 00504 10253 20070 39395 40105 333 10324 58001=
41480 42560 31005 10255 20202 30130 40138 83500 333 10288 59002 83625=
41506 02695 63608 10095 21021 38551 48549 60003 83520 333 56990 58001 60007 83640 84460=
41508 02996 00000 10053 21023 38636 48551 60003 333 59008 60007=
41515 02695 30000 10070 21019 38587 48548 60003 83500 333 56900 58023 60007 83650=
41516 02696 50000 10070 21019 38583 48539 60003 81530 333 56990 59004 60007 81640 85360=
41517 01696 70000 11015 21054 37835 48578 60003 70422 83530 333 56990 59014 60007 83640 86360=
41518 02696 41802 10061 21016 38/// 48/// 60003 82520 333 56990 5//// 60007 82640 82462=
41519 02996 30000 10105 21016 38783 48530 60003 80030 333 56090 59017 60007 83362=
41523 02996 00000 10090 20009 39093 48503 60003 333 59016 60007=
41535 02696 30000 10070 21003 38730 48496 60003 83500 333 56900 59001 60007 83635=
41536 02996 03602 10110 21025 39055 48520 60003 333 58006 60007=
41560 02996 00000 10040 21008 38302 48533 60003 333 58010 60007=
41571 119// 73604 10120 21009 39588 40182 60003 70522 82031 333 56099 59004=
41598 01996 40000 10125 20062 39893 40170 60003 70400 84030 333 56090 59004 60007 84360=
41600 01996 20000 10140 20102 39861 40161 60003 70400 82030 333 56090 59006 60007 82360=
41620 31996 02704 10100 21042 38576 48479 60003 70500 333 59022 60007=
41624 01996 00000 10150 20069 39955 40159 60003 70400 333 58014 60007=
41630 01996 00000 10125 20062 40173 60003 70400 333 59006 60007=
41640 01996 00000 10150 20092 39909 40162 60003 70400 333 59007 60007=
41660 029// 51308 10090 21066 38436 48527 60003 85030 333 56090 59009 60007 85360=
41678 01996 30000 10180 20071 40172 60003 70500 83020 333 56090 59016 60007 83460=
41696 02696 50000 10065 21051 37996 48519 60003 83520 333 56990 58000 60007 83640 82460=
41697 02696 60000 10160 20057 40165 60003 86500 333 56900 59024 60007 86640=
41700 01995 30000 10150 20092 40151 60003 70400 83030 333 56090 59023 60007 83360=
41710 12696 70502 10195 20019 39322 40082 60003 83510 333 56990 59019 83640 84460=
41712 12996 00000 10160 20023 39177 48495 60003 333 59022=
41715 01994 30000 10165 20063 30102 40169 60003 70400 83030 333 56090 59026 60007 83360=
41718 01995 00000 10125 20062 30052 40158 60003 70400 333 59017 60007=
41725 01996 30000 10160 20081 30073 40152 60003 70500 83030 333 56090 59029 60007 83360=
41739 02996 00000 10155 20068 39081 48535 60003 333 58013 60007=
41744 12996 00000 10130 21009 38786 48508 60003 333 59021=
41749 01996 30504 10160 20104 30118 40153 60003 70400 83030 333 56090 59042 60007 83360=
41756 01995 01804 10195 20134 30092 40159 60003 70504 333 59015 60007=
41757 12996 00000 10195 20124 30156 40169 60003 333 59011=
41759 02996 00000 10170 20125 30152 40158 60003 333 59036 60007=
41764 02996 00000 10195 20038 30091 40141 60003 333 59032 60007=
41768 02996 00502 10160 20093 30135 40142 60003 333 59027 60007=
41780 01996 00000 10185 20090 30121 40149 60003 70500 333 59018 60007=
41785 02996 00000 10160 20114 30139 40152 60003 333 59022 60007=
41859 01930 00000 10159 20150 30110 40149 70500 333 59002 70000==
41883 02930 00000 10165 20120 30126 40147 333 59005 70000==
41891 01930 02902 10156 20130 30100 40140 70500 333 59006 70000==
41907 01940 00000 10135 20110 30133 40149 70500 333 59003 70000==
41923 01945 02902 10190 20090 30135 40145 70500 333 59002 70000==
41936 01910 00000 10136 20130 30137 40144 70500 333 58010 70000==
41943 01930 03101 10132 20120 30133 40141 70500 333 59004 70000==
41950 01940 00000 10144 20130 30143 40145 70500 333 58001 70000==
41978 01950 03405 10213 20100 30129 40135 70500 333 59004 70000==
41992 01925 00000 10200 20150 30135 40137 70500 333 58002 70000==
42027 32996 50901 10038 21009 38445 48532 80001 333 59011=
42071 31995 00000 10110 20068 40167 71000 333 59005=
42101 31995 22901 10124 20113 40172 71000 82030 333 58000 82360=
42111 31994 40000 10124 20106 39445 40161 71020 82031 333 58010 82360 84070=
42123 32596 60000 10152 20090 40162 83530 333 59011 83630 85360=
42131 32996 00000 10116 20084 40172 333 59009=
42165 32996 00000 10170 20065 40153 333 59025=
42182 31996 00000 10124 20101 40163 71000 333 59002=
42189 31995 00000 10128 20109 40153 71000 333 59002=
42314 31995 20000 10158 20144 40137 71000 82030 333 59010 82360=
42328 32596 50000 10200 20113 40127 82530 333 59022 82630 84360=
42339 31995 40000 10170 20025 40154 70500 80001 333 59020 84070=
42348 31995 30000 10162 20059 40166 70500 80001 333 59009 83070=
42361 31995 20000 10132 20084 40165 70500 80001 333 59007 82070=
42369 31995 00000 10150 20109 40155 71000 333 59005=
42379 31995 00000 10130 20115 40149 71000 333 58005=
42410 31594 20000 10166 20145 40150 71000 81530 333 59006 81620=
42415 31995 00000 10170 20142 40145 71000 333 59010=
42452 31996 20000 10128 20093 39843 40167 71000 80001 333 59008=
42492 31994 00000 10154 20113 40156 71000 333 58002=
42559 32996 30000 10154 20074 40155 80002 333 59010 83075=
42571 31996 00000 10138 20082 40162 70500 333 59007=
42591 31995 00000 10130 20077 40170 70500 333 59002=
42623 31495 10000 10116 20093 39256 40148 71000 81500 333 59008 81618=
42634 32996 00000 10204 20081 40145 333 59004=
42647 31996 20203 10188 20120 40139 70400 80001 333 59012 82070=
42667 32996 20503 10178 20090 39562 40160 82030 333 59010=
42675 31995 20000 10136 20097 40167 70500 80002 333 58005 82070=
42701 31995 00000 10136 20058 39409 40156 70500 333 58002=
42724 31995 00000 10146 20135 40143 71000 333 59002=
42737 32996 00000 10210 20129 40142 333 59015=
42754 31996 00905 10208 20098 39505 40144 70500 333 59011=
42779 32996 00000 10154 20069 39454 40168 333 59001=
42798 31995 00000 10180 20114 40154 70500 333 58005=
42809 31995 00000 10172 20113 40148 70500 333 58003=
42840 32996 00000 10250 20170 40132 333 59003=
42867 31996 00000 10200 20130 40153 70500 333 59004=
42874 31996 00000 10206 20116 40154 70500 333 58001=
42886 31995 00000 10160 20062 40166 70500 333 58006=
42895 31995 00000 10202 20151 40151 70500 333 58008=
42909 32996 03603 10228 20155 40134 333 59005=
42971 31995 00502 10220 20175 40157 71000 333 58005=
43003 31995 00000 10250 20170 40129 70400 333 59002=
43014 31995 02701 10234 20182 39484 40128 71044 333 59003=
43041 31996 00000 10216 20144 39528 40147 70500 333 58006=
43063 32996 00000 10216 20165 39514 40142 333 58000=
43086 32996 00000 10214 20191 39954 40134 333 58000=
43128 31996 00000 10242 20177 39534 40139 70500 333 58012=
43150 31995 30000 10266 20237 30089 40150 70500 80001 333 58008 83075=
43185 32996 00000 10250 20220 30128 40132 333 58007=
43189 32596 30000 10264 20237 30137 40146 81501 333 58007=
43192 32996 00000 10256 20214 40122 333 58000=
43201 32996 00000 10218 20127 39390 40118 333 58001=
43213 32596 49901 10266 20162 39802 40117 83530 333 58001=
43233 32996 00503 10230 20181 39325 40143 333 58000=
43237 32996 01104 10266 20125 39713 40103 333 58000=
43245 32996 01602 10266 20230 30111 40138 333 58005=
43279 31995 10000 10242 20224 30122 40140 71000 80001 333 58002=
43284 32996 10000 10254 20185 30010 40126 80001 333 58008 81075=
43295 32996 10000 10216 20172 39128 48534 80001 333 58004 81075=
43314 32596 30000 10280 20243 40122 82501 333 58004=
43321 31996 40504 10246 20165 39686 40134 70521 80001 333 58001 84070=
43329 32996 00502 10256 20236 30120 40134 333 58003=
43333 31995 30502 10268 20230 40114 70510 80001 333 59001 83072=
43344 31495 30703 10242 20212 30032 40132 71000 81501 333 59005 81616 82075=
43353 31495 10000 10266 20221 40119 71021 81500 333 56700 59003 81620=
43369 32596 20000 10246 20228 40120 82500 333 58003 82620=
43371 32996 12702 10264 20200 30042 40115 80001 333 59003 81071=
43413 11470 20404 10266 20239 30122 40127 54002 60008 70200 82100 333 553// 20000 59003 82118 91007=
43418 01470 30501 10259 20229 30079 40120 52002 60008 70210 83100 333 59014 60008 83118=
43421 11970 40501 10236 30021 40128 5/006 60008 70111 333 553// 20000 59002 84680 91003=
43436 01970 53601 10268 20239 30122 40125 50003 60008 70211 333 55001 58001 60008 85080=
43441 01970 40501 10241 20209 39980 40114 51008 60008 70222 333 58001 60008 84280=
43444 01/70 /0501 10220 20193 39585 40116 54005 60008 70200 333 59004 60008=
43450 01556 10501 10250 20211 30107 40119 50007 60008 70500 81000 333 58005 60008 81820=
43466 01970 00601 10264 20171 30109 40117 5/010 60008 70200 333 55002 553// 20000 58003 60008 91003=
43467 01957 10302 10268 20194 30111 40117 52014 60008 70510 333 58005 60008 81180=
43473 03470 10708 10130 20026 38135 48511 52004 60008 81000 333 553// 20000 58002 60008 81810 91012=
43486 11460 51401 10238 20193 30014 40115 50007 60008 70511 81000 333 55002 553// 20000 58003 81816 85280 91002=
43495 11970 23601 10265 20213 30098 40111 51/// 60008 70200 333 58000 82080=
43497 11470 40203 10250 20000 30097 40114 5/000 60008 70221 81000 333 553// 20006 59002 81818 84080 91005=
44212 429// 01801 11263 21301 39180 40456 57011==
44213 42/// 50000 11231 21265 38813 40426 57018 85030==
44214 42/70 63603 11166 21245 38276 40395 58010 82048==
44215 429// 70000 11221 21256 38405 40433 57012 80007==
44217 32998 00000 11275 21320 37842 40567 57006 333 91202=
44218 42/// 31702 11232 21264 38619 40443 58014 83030==
44219 32999 01001 11278 21303 38641 40486 58008 333 91202=
44265 429// 00602 11249 21279 38875 40449 58002==
44266 329// 20000 11191 21251 37745 40432 58004 80008 333 91205=
51076 14/61 /0200 11229 21257 39409 40374 57004 60001 333 11114 21229 3/103 4/025 59006 70000 90761 91102==
51087 14/71 /1201 11199 21226 39256 40364 57006 60001 333 11074 21203 3/106 4/018 59012 70000 90761 91103==
51156 14/80 /3604 11146 21201 38720 40329 57003 60001 333 11035 21151 3/116 59011 70000 90761 91105==
51243 14/36 /3601 11196 21231 39774 40379 57004 60001 70500 333 11128 21208 3/115 59006 70000 90761 91103==
51334 14/42 /2001 11223 21250 39925 40372 57007 60001 70500 333 11122 21241 3/111 4/012 59008 70000 90761 91103==
51379 14/57 /1701 11227 21256 39342 40371 54000 60001 333 11055 21240 3/107 4/022 59008 70000 90761 91103==
51463 14/67 /1503 11127 21183 39076 40339 57001 60001 333 11060 21144 3/101 4/036 59007 70000 90761 91104==
51573 14/65 /0302 11023 21153 30241 40293 57003 60001 333 10049 21049 3/109 59028 70000 90761 91103==
51644 14/50 /0301 11080 21120 38992 40303 57001 60001 70500 333 10024 21119 3/105 4/002 59024 70000 90761 91107==
51656 14/58 /3502 11070 21115 39201 40307 57003 60001 333 10022 21117 3/112 59017 70000 90761 91108==
51709 14/60 /3002 11045 21152 38663 40290 57001 60001 333 10039 21077 3/107 59017 70000 90761 91105==
51711 14/63 /1901 11102 21159 38023 40260 57003 60001 333 11018 21156 3/116 59018 70000 90761 91108==
51716 14/41 /0000 11059 21131 38955 40297 54000 60001 70500 333 10054 21099 3/111 59017 70000 90761 91105==
51765 14/62 /2701 11075 21139 39263 40301 57001 60001 333 10036 21106 3/112 59017 70000 90761 91106==
51811 14/23 /2501 11047 21157 38827 40291 57001 60001 70600 333 10058 21095 3/111 59015 70000 90761 91106==
51818 14/27 /0000 11063 21174 38673 40291 57002 60001 70600 333 10052 21097 3/112 59014 70000 90761 91107==
51886 14/80 /1302 11083 21214 37109 40252 57002 60001 333 10020 21154 3/113 59007 70000 90761 91116==
52203 14/60 /2800 11101 21172 39368 40294 57008 60001 333 10026 21125 3/114 59028 70000 90761 91105==
52602 14/80 /2401 11118 21279 37266 40288 57005 60001 333 11006 21180 3/114 59019 70000 90761 91110==
52818 14/80 /2001 11104 21226 37234 40229 57015 60001 333 10043 21130 3/116 59025 70000 90761 91110==
52908 14/80 /2404 11206 21324 35745 40314 57007 60001 333 11061 21235 3/126 59012 70000 90761 91123==
55228 14/70 /2502 11060 21190 36029 40194 52003 60001 333 10009 21158 3/112 59009 70000 90761 91111==
55299 14/79 /0302 11088 21308 35833 40135 57002 60001 333 10012 21194 3/115 59020 70000 90761 91117==
55578 14/80 /2404 10068 21252 36341 49959 52009 60001 333 10134 21041 3/104 59004 70000 90761 91115==
55591 14/80 /1102 10038 21240 36472 49973 52001 60001 333 10135 21020 3/104 59018 70000 90761 91105==
55664 14/80 /0801 11043 21239 36007 40095 52006 60001 333 10090 21125 3/112 58000 70000 90761 91120==
55773 14/80 /3501 11098 21157 36007 40091 57002 60001 333 10093 21138 3/115 58000 70000 90761 91114==
56004 14/80 /2903 11175 21313 35806 40262 57004 60001 333 11035 21239 3/123 59019 70000 90761 91115==
56018 14/80 /1801 11097 21309 36166 40175 57001 60001 333 10009 21130 3/117 59018 70000 90761 91113==
56312 14/80 /1103 10048 21058 37090 40105 57002 60001 333 10125 20017 3/004 58014 70000 90761 91114==
62306 42560 43108 10143 20049 40237 52008 84500 333 10154==
62309 42560 63511 10148 20056 40218 52007 86800 333 10168==
62332 42560 62404 10144 20052 40217 52003 86800 333 10167==
62337 42560 40302 10131 20084 40211 52007 84500 333 10155==
62366 45560 63607 10140 20043 40213 52007 82250 333 10160==
62387 42960 03102 10105 20038 40213 52008 333 10170==
62393 42960 03308 10115 20031 40229 52013 333 10168==
62405 42960 02205 10142 20034 40181 52010 333 10210==
62414 42960 03505 10166 21018 40180 52013 333 10208==
62419 42960 03206 10174 20001 40179 52014 333 10217==
62420 42960 33402 10135 20015 40219 52008 80004 333 10180==
62435 42960 02705 10137 20012 40202 52015 333 10195==
62455 42960 03508 10140 20040 40210 52019 333 10180==
62458 42960 00204 10143 20009 40196 52009 333 10190==
62459 42960 03406 10155 20042 40180 52014 333 10192==
63333 42580 70000 10196 20123 38179 40195 81531 333 10284 58001 81626 85358=
63450 42580 40804 10184 20078 37754 40273 84500 333 10261 58005=
