SMPK OPKC 110000=
41504 02595 81802 11040 21090 37864 48538 60002 85710 333 56990 59031 60007 82730 83640 88460 RH68%=
41505 22594 81302 11015 21023 38/// 48/// 60001 8667/ 333 5699/ 58/// 83720 83640 88760 91%=
41506 12695 70000 10030 20019 38519 48517 60012 83520 333 56990 59016 60007 83640 86460 92%=
41506 12695 70000 10030 20019 38519 48517 60012 83520 333 56990 59016 60007 83640 86460 92%=
41507 22696 80000 10105 20086 39259 49784 8352/ 333 5699/ 58023 60007 83640 85460 88%=
41508 01595 80000 10048 20039 38669 48535 60062 76066 8572/ 333 5699/ 59006 60037 82720 83635 85460 92%=
41509 01696 80000 10040 20028 38767 48501 60042 76362 8452/ 333 5699/ 59028 60027 84635 86458 RH 92%=
41515 12695 80000 10018 21006 38590 48549 60022 8672/ 333 5699/ 59022 60007 82735 84640 85460 83%=
41516 02496 70000 10050 20001 38551 48508 60002 83710 333 56990 59012 60007 81720 82640 87460 RH70%=
41517 01495 60000 10000 21026 37790 48527 69922 71022 84630 333 56990 59022 60007 81718 83635 83360 82%=
41518 02696 81802 10083 21021 38/// 48/// 60002 8352/ 333 5699/ 5//// 60007 83640 88461 49%=
41519 02696 63102 10070 21003 38790 48523 60002 83520 333 56990 58004 60007 83640 83462 RH60%=
41520 02595 71802 10000 21026 37622 48275 60022 85670 333 47002 56990 59012 60007 82720 83640 86462 82%=
41523 02695 80000 10070 20037 39110 48513 60002 8352/ 333 5699/ 58023 60007 83640 85460 79%=
41524 02696 62302 10080 20059 39381 40270 60002 84520 333 56990 58035 60007 84640 82460 87%=
41525 12091 80000 11010 21037 37660 48399 60002 887// 333 569// 59010 88700 82%=
41528 01696 80000 10080 20059 39258 48529 60002 70422 8552/ 333 5699/ 58029 60007 85640 88460 87%=
41530 019// 32304 10111 20030 39713 40135 60002 70500 83030 333 56090 5801860007 83360 58%=
41534 02696 60000 10115 20074 39736 40159 60002 83520 333 56990 58008 60007 83640 83462 76%=
41534 02696 60000 10115 20074 39736 40159 60002 83520 333 56990 58008 60007 83640 83462 76%=
41535 02696 7000 10070 20011 38713 48479 60002 84520 333 56990 58007 60007 84635 86460 66%=
41536 02596 83603 10125 20042 39043 48510 60002 8352/ 333 5699/ 58013 60007 83630 88460 57%=
41560 02996 01302 11030 21077 38288 48525 60002 333 59004 60007 RH70%=
41562 02996 40000 10110 20056 39668 40141 60002 84030 333 56090 59020 60007 84360 RH69%=
41565 02696 63104 10044 21037 38644 48508 60002 83520 333 56990 58008 60007 83640 83460 55%=
41567 01696 60000 10100 20057 39719 40148 60002 70402 82530 333 56990 59012 60007 82640 84360 74%=
41571 016// 70512 10130 20048 39581 40173 69902 76066 83530 333 56990 58031 69907 RH57%=
41572 01696 40510 10130 20072 39504 40136 69922 72162 82510 333 56990 58016 69927 82640 84460 RH68%=
41573 02697 61304 10020 21048 37966 48504 60002 84520 333 56990 58003 60007 84640 83460 61%=
41574 02997 00000 10010 21002 38351 48535 60002 333 58002 60007 92%=
41576 01996 70000 10090 20045 40183 60002 70400 82570 333 56990 58012 60007 82640 86460 73%=
41577 01696 80504 10135 20066 39538 40161 60002 70422 84510 333 56990 58020 60007 84640 85460 RH 63%=
41593 01996 30000 10150 20081 39919 40137 60002 70421 83030 333 56090 58009 60007 83360 63%=
41597 01696 83102 10130 20091 39866 40163 69902 76060 8352/ 333 5699/ 58016 69907 83640 88460 77%=
41598 01696 83106 10160 20081 39862 40136 60002 70420 83520 333 56990 58015 60007 83640 88460 60%=
41599 01994 03104 10100 20079 39855 40154 60002 71000 333 58016 60007 87%=
41600 01996 00000 10100 20079 39847 40151 60002 70400 333 58060 60007 87% =
41620 31696 43102 10035 21051 38576 48478 60002 70500 84500 333 56900 58003 60007 84640 53%=
41624 01995 30000 10125 20062 39930 40135 60002 70400 83020 333 56090 58004 60007 83460 65%=
41625 01696 50000 10150 20069 39934 40137 69902 70400 83520 333 56990 58028 60007 83640 83460 58%=
41630 01996 50504 10140 20091 40149 60002 70400 85030 333 56090 58012 60007 85360 72%=
41633 01996 00000 10125 20106 4//// 60002 70400 333 5//// 60007 88%=
41634 02997 20000 10070 20011 3//// 4//// 60002 80001 333 56009 5//// 60007 82075 66%,=
41635 01696 70000 10135 20096 3//// 4//// 69902 70452 83570 333 56990 5//// 60007 83640 86462 77%=
41636 01696 60000 10110 20079 39957 40079 69902 75011 82520 333 56990 59028 69907 82640 84462 81%=
41638 01996 30000 10110 20090 4//// 60002 70400 83030 333 56090 5//// 60007 83360 87%=
41639 01696 62702 10100 20079 3//// 4//// 60002 70420 83530 333 56990 5//// 60007 83640 83360 87%=
41640 01995 50000 10140 20102 39888 40141 60002 70420 82570 333 56990 58012 60007 82640 84460 78%=
41641 01996 31603 10120 20090 39867 40151 60002 70400 83030 333 56090 58016 60004 83360 82%=
41642 01994 30000 10100 20079 3//// 4//// 60002 71000 83030 333 56090 5//// 60007 87%=
41643 01694 50000 10100 20079 39861 40146 60002 71042 85070 333 56090 58016 60007 85460 87%=
41644 01695 60000 10090 20080 4//// 60002 71000 82520 333 56990 5//// 60007 82640 84460 93%=
41646 01995 00000 10100 20079 39934 40155 60002 71000 333 58001 60007 87%=
41652 01996 03102 10105 20074 39961 40145 60002 70400 333 58005 60007 81%=
41661 02696 40000 10055 20010 38387 48517 69992 82520 333 56990 58030 60007 82635 82460 73%=
41669 01696 60000 10145 20097 3//// 4//// 69902 70422 83530 333 56990 5//// 60007 83640 83360 73%=
41670 01996 00000 10100 20068 4//// 60002 70400 333 5//// 60007 81%=
41674 01996 00000 10130 20101 3//// 4//// 60002 70400 333 5//// 60007 83%=
41675 01995 00904 10115 20085 39986 40134 60002 71000 333 58005 60007 82%=
41676 01995 00000 10130 20091 39986 40146 60002 70400 333 59006 60007 78%=
41677 01995 00000 10100 20090 39955 40127 60002 71000 333 59002 60007 93%=
41678 01996 00000 10130 20056 40119 60002 70400 333 59022 60007 61%=
41679 01696 50000 10120 20101 4//// 60002 70410 82530 333 56990 5//// 60007 82640 83360 88%=
41680 01995 00000 10120 20090 39934 40139 60002 71000 333 58005 60007 82%=
41685 02997 00000 10080 21013 38908 48484 60002 333 58005 60007 RH50%=
41696 02696 20000 10025 21012 38006 48536 60002 82500 333 56900 58016 60007 82640 RH77%=
41697 02996 00000 10100 20044 39956 40119 60002 333 59020 60007 RH68%=
41700 01994 00000 10110 20090 39990 40122 60002 71000 333 58003 60007 87%=
41701 01994 00000 10100 20079 39984 40132 60002 71000 333 59004 60007 87%=
41710 12996 00502 10100 21007 39368 40159 60002 333 58052 RH47%=
41712 12996 00902 10100 20059 39146 48453 60002 333 58000 RH76%=
41715 01993 20000 10100 20057 30060 40127 60002 70400 80001 333 56009 59005 60007 82070 RH74%=
41716 01995 00000 10130 20091 30027 40133 60002 70400 333 59001 60007 77%=
41718 01995 00000 10125 20096 30014 40120 60002 71000 333 59002 60007 82%=
41724 01995 30000 10120 20079 30060 40141 60002 70400 83030 333 56090 59008 60007 83360 RH76%=
41725 01996 03602 10160 20093 30040 40119 60002 70500 333 58000 60007 RH64%=
41726 01994 00000 10125 20085 30076 40150 60002 71000 333 59016 60007 RH 77%=
41738 02696 20000 10150 20123 39969 40154 60002 82500 333 56900 58019 60007 82630 RH84%=
41742 12996 40000 10130 20068 30049 40156 60002 80001 333 56009 58011 84070 RH 66%=
41743 01995 00502 10130 20080 60002 70400 333 60007 RH 71%=
41745 01995 00000 10130 20080 60002 70400 333 60007 RH71%=
41746 01995 00000 10120 20090 30055 40110 60002 71000 333 59005 60007 RH82%=
41747 01995 00000 10125 20096 30047 40109 60002 71000 333 59012 60007 RH82%=
41748 01995 00502 10120 20079 30072 40138 60002 70500 333 59003 60007 RH76%=
41749 01995 33104 10145 20117 30085 40118 60002 70400 83030 333 56090 59002 60007 83060 R83%=
41756 01995 01802 10165 20139 30084 40152 60002 70504 333 58017 60007 RH84%=
41757 12996 00000 10155 20128 30141 40154 60002 333 58009 RH84%=
41759 01996 00000 10115 20068 30130 40136 60002 70500 333 58009 60007 RH75%=
41760 01595 72710 10165 20109 30137 40150 60002 70400 82601 333 56909 58017 60007 82720 85080 RH 70%=
41764 02996 02406 10175 20131 30066 40116 60002 333 59011 60007 RH 75%=
41765 01996 22304 10195 20170 30084 40119 60002 70400 82600 333 56500 59004 60007 82725 RH86%=
41766 01994 02306 10140 20102 30101 40131 60002 74000 333 58017 60007 RH78%=
41767 02996 00000 10160 20143 3//// 4//// 60002 333 60007 RH89%=
41768 02996 02302 10165 20139 30113 40120 60002 333 58006 60007 RH84%=
41780 02596 32708 10215 20176 30101 40129 60002 83600 333 56900 58003 60007 83720 RH86%=
41780 02596 32708 10215 20191 30101 40129 60002 83600 333 56900 58003 60007 83720 RH86%COR=
41783 02996 02302 10165 20148 30105 40135 60002 333 58012 60007 RH 90%=
41785 02996 00000 10125 20085 30125 40138 60002 333 58009 60007 RH 77%=
41786 02996 00000 10140 20102 30084 40122 60002 333 58010 60007 RH 78%=
41BAG 02696 70502 11010 21048 60012 84510 333 56990 60007 84635 87460 73%=
41BKI 02996 30000 10012 20056 39723 40149 60002 83030 333 56090 58012 60007 83360 RH 65%=
41SKP 01996 00000 10090 20080 3//// 4//// 60002 71000 333 5//// 60007 93%=
43532 01696 80000 10085 20053 39361 40187 60002 70402 8552/ 333 5699/ 58019 60007 85640 88460 81%=
43533 02997 60000 10050 20027 39226 48474 60002 86020 333 56090 59004 60007 86460 85%=
43563 02997 40000 10122 20048 39461 40164 60002 84030 333 56090 58015 60007 84360 61%=
41739 02996 00000 10095 20001 39056 48500 60002 333 58002 60007 RH52%=
41660 029// 22308 10040 21008 38438 48530 69902 82030 333 56090 58040 60007 82360 RH71%=
Data Generated from File : D:/all data handling/Rmc_lhr/2025021100.FSU.txt
11/02/2025   01:01:41
____________________________________________________________________________________________
15020 07/56 /3001 11067 21088 30158 40372 52003 60001 7101/ 333 55000 20300 55300 20000 60007==
15090 07450 33001 11084 21096 30270 40370 52002 60001 7101/ 83600 333 55000 10199 20230 30223 55300 10230 20000 30000 60007 91001 90760 91101==
15108 02984 01005 11111 21201 38127 48552 54000 60001 333 49081 55081 21249 55300 20000 60007 91006 90760 91107==
15150 07458 80202 11059 21082 30140 40370 52002 60001 7101/ 886// 333 55079 21121 55300 20000 60007 91004 90760 91104==
15170 02960 03300 11120 21141 39512 42876 52004 60001 333 55082 21127 55300 20000 60007 91001 90760 91101==
15280 02970 00505 11133 21278 37505 47033 54001 60001 333 49080 55083 21541 55300 20000 60007 91006 90760 91106==
15310 07950 03601 11075 21095 30256 40349 54001 60001 7101/ 333 55013 10150 20370 30297 55300 10230 20000 30000 60007 91004 90760 91106==
15335 02/60 73103 11048 21076 30334 40341 54000 60001 87070 333 55000 20337 55300 20000 60007 91005 90760 91105==
15350 07957 00103 11063 21081 30227 40357 54001 60001 7101/ 333 55064 20783 55300 20000 60007 91005 90760 91107==
15360 07461 83509 11018 21049 30304 40323 54001 60001 785// 886// 333 55000 60007 91010 90760 91111==
15420 02960 00301 11097 21106 30231 40353 52005 60001 333 55082 21230 55300 20000 60007 91002 90760 91102==
15460 07/59 /3502 11086 21103 30318 40345 52002 60001 7101/ 333 55071 21086 55300 20000 60007==
15470 02960 00502 11068 21089 30212 40349 52008 60001 333 55083 21218 55300 20000 60007 91003 90760 91103==
15480 04467 83002 11020 21066 30306 40325 58004 60001 886// 333 55041 00165 20814 30588 55300 10050 20000 30000 60007 91006 90760 91107==
15549 11510 60502 11085 21089 39887 40336 52004 60001 71011 86500 333 11050 21090 555 597// 92602=
15552 12960 03204 11036 21061 30265 40317 58004 60001 222// 00055 10402 333 11032 21044 555 580// 92035 92437=
15640 12968 00000 11054 21065 39991 40325 52003 60001 333 10006 21054 555 592//=
15655 12565 23403 11031 21070 30283 40318 58001 60001 82500 222// 00066 10401 333 10019 21032 555 572// 92035 92437=
15730 12970 00000 11044 21062 39902 40324 51007 60001 333 10000 21045 555 587//=
16627 12965 00000 11002 21044 30299 40306 53004 60001 333 90730 91110==
16650 12460 60708 10064 21017 30279 40289 52003 60001 86600 333 81712 85625 90730 91115==
16723 12560 10209 10064 20003 30233 40247 52008 60001 81200 333 90730 91115==
16742 12460 13409 10072 21006 30058 40216 51003 60001 81100 333 90730 91116==
16749 12460 39902 10084 20033 30187 40202 51001 60001 83100 333 90730 91108==
16754 11460 63316 10110 20022 30197 40246 57002 69921 70262 86800 333 82818 86625 90730 91124==
16760 17/// /3510 10073 20011 39822 40246 57001 69901 7414/ 333 90730 91117==
16765 26/// /3609 10108 20014 30196 40216 52005 333 60005 90730 91120==
17022 11565 71704 10008 20008 30113 40286 50002 60021 78582 85270 333 85832 87358 90760 91111==
17024 16/71 /1908 10012 20004 30197 40277 52004 69941==
17026 16/81 /2801 10035 21005 30247 40287 50003 60001==
17031 11457 72104 10031 20022 30273 40280 51004 60021 78082 85250 333 83712 85828 87358 90760 91124==
17034 11670 70000 10054 20031 30231 40278 50000 60011 70282 83250 333 83835 87360 90760 91106==
17038 11670 62105 10055 20021 30220 40269 50000 69961 70281 86200 333 86835 90760 91112==
17042 16/75 /1303 10042 20005 30238 40280 50001 60001==
17050 16/60 /3101 11010 21065 30257 40320 53001 60001==
17056 12970 02604 11009 21040 30303 40308 52001 60001 333 90760 91109==
17060 12960 03507 10017 21035 30254 40296 56002 60001 333 90760 91118==
17070 11562 82002 11026 21055 39367 40272 50000 69911 70272 8452/ 333 84630 88459 90760 91106==
17074 16/76 /1900 11016 21016 39304 40270 52004 60001==
17084 11540 80000 11011 21016 39324 40260 50000 69941 77177 8652/ 333 86628 88459 90760 91109==
17085 12670 73108 10009 21007 39752 40258 57001 60001 85570 333 85640 87360 90760 91113==
17092 12/60 31002 11124 21132 38914 48526 52006 60001 83030 333 83357 90760 91108==
17096 12660 41201 11197 21197 38263 48541 52003 60001 82530 333 82635 84357 90760 91106==
17098 12960 03004 11191 21209 38216 48538 50000 60001 333 90760 91108==
17100 11940 00000 11057 21089 39255 40294 51005 60001 71000==
17112 16/75 /0601 10024 21025 30290 40297 50003 60001==
17115 11460 70111 10033 21012 30241 40294 51001 69941 70282 87200 333 84710 86830 90760 91126==
17116 12670 50601 10024 21006 30164 40290 51001 60001 82140 333 82835 85360 90760 91107==
17124 12660 32506 11049 21064 39322 40278 50000 60001 83500 333 83640 90760 91118==
17128 12670 73606 11023 21077 39119 40254 56001 60001 84250 333 84835 86358 90760 91111==
17135 12670 81501 10001 21003 39344 40247 50000 60001 8452/ 333 84635 88460 90760 91106==
17140 11457 80502 11036 21036 38719 48500 55000 69911 77071 8672/ 333 82710 85634 88459 90760 91107==
17150 12960 00209 10012 21006 30152 40280 51002 60001 333 90760 91117==
17160 11650 80000 10000 21046 39047 48506 57001 69901 77022 8452/ 333 84635 88458 90760 91107==
17170 12660 10703 11078 21120 38355 48529 52004 60001 81500 333 81640 90760 91105==
17175 12665 20605 10040 21009 30264 40268 51001 60001 82100 333 82840 90760 91114==
17184 12670 23503 10012 21032 30149 40264 50002 60001 82100 333 82840 90760 91110==
17190 12670 23103 11044 21079 39027 48511 56002 60001 82500 333 82635 90760 91107==
17195 11338 80000 11027 21030 38995 48503 55001 69961 77177 8652/ 333 83708 85625 88458 90760 91104==
17200 11450 72104 11004 21006 39233 40247 55000 69901 71072 85570 333 83717 84635 87359 90760 91110==
17202 11657 72504 11020 21020 39177 40250 50002 60001 71022 84550 333 84635 86360 90760 91106==
17203 12670 30000 11028 21085 38922 48564 53002 60001 83100 333 83840 90760 91103==
17210 16/78 /0000 10017 21048 39185 40237 50000 60001==
17219 12965 03509 10017 21040 30105 40254 52006 60001 333 90760 91123==
17234 12970 00601 10039 21043 30169 40239 52004 60001 333 90760 91104==
17237 12970 02401 10006 21064 39733 40252 52003 60001 333 90760 91105==
17240 12970 02701 11018 21078 39057 40233 56002 60001 333 90760 91106==
17244 12570 60505 11023 21051 39024 48509 57002 60001 86500 333 86630 90760 91109==
17248 16/62 /0000 11011 21037 39002 40242 50000 60001==
17250 16/63 /0000 11021 21050 38818 40242 50000 60001==
17260 11860 80105 10024 20015 39355 40186 58003 60011 76166 8971/ 333 83712 86625 90760 91114==
17270 12670 71102 10054 20012 39569 40230 54000 60001 85520 333 85640 87460 90760 91110==
17275 16/75 /1004 10023 21061 39020 40240 50001 60001==
17280 12670 72602 11007 21009 39435 40245 52003 60001 84540 333 84640 87360 90760 91105==
17290 12970 00108 10084 21083 30188 40220 52001 60001 333 90760 91114==
17292 12970 02701 10021 21092 39443 40212 50001 60001 333 90760 91104==
17300 12960 03309 10063 21059 30147 40219 50002 60001 333 90760 91114==
17310 12970 00804 10100 21017 30181 40188 58001 60001 333 90760 91108==
17350 12660 72906 10094 20028 30114 40193 55000 60001 84250 333 84840 87360==
17370 12670 40000 10117 20028 30189 40193 58003 60001 82230 333 82835 84360==
17375 12670 23601 10071 20010 30199 40201 56001 60001 82200 333 82835 90760 91104==
33088 32997 80602 11094 21100 30181 40388 52011 8805/ 555 1/107=
33135 324// 81201 11079 21102 30234 40393 52009 886// 333 88714 555 1/107=
33177 32997 00000 11098 21111 30117 40374 52003 555 1/110=
33317 324// 81002 11085 21093 30015 40378 53007 8555/ 333 85618 555 1/106=
33393 31960 00000 11088 21099 39940 40362 54000 71000=
33415 31396 80000 11075 21084 39942 40368 52001 71011 886// 333 88709 555 1/105=
33429 32397 81002 11074 21083 39918 40370 52004 886// 333 88707 555 1/105=
33466 31558 80702 11077 21087 30179 40381 52014 71011 885// 555 14105=
33506 32997 00301 11110 21127 30168 40382 52013 555 1/111=
33562 31958 00000 11110 21138 30054 40386 52007 71000 555 1/111=
33587 325// 80501 11076 21085 30086 40369 52008 885// 333 88623 555 1/107=
33658 31250 81202 11074 21078 30049 40371 52004 71022 886// 333 88706 555 1/104=
33663 32997 00401 11099 21121 30264 40368 52004 555 1/107=
33664 41596 63401 11072 21077 30028 40367 52004 71011 83530=
33678 41996 02803 11113 21120 30152 40381 52005 71000=
33679 42997 00501 11104 21116 30163 40371 57008=
33711 32960 00302 11096 21108 30138 40365 52006 555 1/010=
33745 42997 03503 11106 21108 30170 40376 52006 555 14109=
33748 42997 01101 11098 21106 30052 40360 52003=
33754 42997 02901 11095 21111 30198 40356 53006=
33761 31958 00301 11099 21107 30120 40362 52005 71000 555 1/112=
33791 31957 03602 11094 21106 30217 40355 51003 71000 555 1/110=
33815 42998 03502 11066 21091 30127 40349 52002 555 1/108=
33837 31457 50102 11045 21068 30281 40336 52005 71011 85600 333 85710 555 1/106=
33881 42597 20105 11079 21095 30142 40354 54000 82500=
33883 42997 03402 11074 21092 30169 40344 54000 555 14108=
33885 41996 03603 11093 21107 30213 40361 57005 71000=
33892 42997 20203 11086 21102 30119 40346 52003 82030=
33902 32597 60403 11070 21091 30274 40338 52004 85550 555 1/106=
33924 42970 60703 11029 21046 30297 40310 57002 80009==
33946 41364 80809 11021 21032 30068 40300 54000 70372 886// 333 88708 91011 90760 91110==
33983 42560 60507 11009 21038 30231 40294 53004 82530 333 91012 90760 91112==
34300 32997 00000 11119 21145 30196 40390 52009 555 1/113=
34336 42960 60000 11161 21181 30269 40384 52005 80001==
34344 42960 82902 11139 21142 30278 40375 52004 80005==
34356 42970 00101 11136 21155 30201 40362 52001==
34357 42970 02402 11136 21154 30194 40363 52004==
34398 42/// 61301 11083 21097 30319 40333 54000 86041==
34415 32998 00501 11112 21129 30271 40376 52009 555 1/111=
34438 42960 00304 11133 21146 30158 40367 52003==
34445 42970 32602 11163 21175 30243 40369 52002 80001==
34461 42960 02801 11125 21148 30294 40355 54001==
34473 429// 00101 11113 21128 30295 40337 52001 555 1/113=
34476 42970 00701 11086 21101 30326 40334 53003==
34504 32962 00503 11081 21108 30173 40360 52008=
34535 42960 03101 11130 21144 30286 40364 52004==
34545 42970 00000 11128 21142 30234 40356 52002==
34555 42970 03102 11097 21116 30256 40354 54000==
34560 41940 03503 11104 21119 30139 40344 52001 71022==
34578 41940 03601 11103 21108 30324 40331 52004 71011==
34579 41540 73301 11068 21088 30283 40329 54000 71011 87500==
34644 42960 03602 11082 21101 30259 40341 52002==
34646 42970 00103 11077 21090 30252 40339 52001==
34655 42960 03202 11092 21107 30275 40340 57002==
34662 42970 03303 11086 21102 30323 40335 50000==
34691 42/70 60000 11067 21104 30547 40534 58002 86030==
34720 42970 00204 11084 21108 30294 40336 52004==
34727 42960 00704 11062 21088 30296 40328 52004 333 90760 91110==
34743 41940 60501 11083 21098 30242 40337 54000 71011 80005==
34759 41940 62902 11099 21105 30190 40331 57002 71011 80001==
34772 42/60 53602 11086 21105 30320 40323 54000 8503/==
34785 42960 00501 11107 21121 30342 40318 53001==
34798 42/60 80303 11038 21067 30460 40429 57003 8802/==
34824 42960 00604 11057 21082 30307 40312 52003==
34838 42960 00403 11057 21088 30211 40313 52005==
34845 42970 00702 11077 21097 30208 40323 52001==
34858 41940 80000 11087 21102 30208 40323 57002 71022 80005==
34861 42960 50204 11088 21112 30065 40324 54000 80001==
34866 42960 00102 11074 21090 30327 40318 54000==
34880 41640 70000 11059 21074 30338 40310 54000 71011 83530==
34887 42970 80000 11068 21088 30333 40307 57003 80007==
34949 42970 01303 11089 21098 39738 40320 57001==
34954 42970 01401 11077 21096 30135 40320 57002==
34958 42970 00000 11095 21102 30110 40324 54001==
34975 42970 03601 11070 21087 30313 40309 57004==
34984 42/60 53201 11069 21088 30340 40308 54000 80031==
35217 429// 00903 11105 21133 30292 40335 57006==
35302 42/// 60802 11053 21067 30311 40333 57006 86070==
35315 429// 00503 11117 21143 30266 40326 57007 555 1/113=
35344 41/// 90000 11158 21176 30054 40365 58011 74941 555 1/117=
35358 429// 00203 11166 21185 30178 40364 57004==
35368 429// 00000 11166 21192 30079 40369 57006 555 1/118=
35386 429// 00000 11152 21179 39815 40373 57008 555 1/120=
35394 41/70 81802 11098 21110 39651 40361 57004 70241 8805/==
35404 425// 80000 11072 21081 30321 40330 57003 885// 555 14107=
35406 425// 80202 11075 21088 30322 40324 57007 885//==
35416 42/// 63201 11102 21138 30201 40328 57006 86030==
35426 429// 00000 11104 21138 30027 40335 57007==
35437 429// 30203 11099 21141 30105 40439 57006 80003 555 1/112=
35449 429// 00503 11141 21169 30238 40349 57009 555 1/116=
35497 429// 00000 11183 21198 39819 40711 57009==
35498 429// 00000 11200 21212 39459 40418 57003 555 1/128=
35514 42598 70201 11060 21075 30541 40537 57009 87500 555 1/107=
35522 429// 30801 11106 21152 30061 40327 57007 83030 555 1/113=
35542 429// 00203 11137 21161 30188 40345 57009 555 1/115=
35563 42998 81803 11074 21131 39560 40359 57011 80002 555 1/113=
35576 42/// 50702 11188 21203 39901 40391 57011 85020==
35582 429// 50502 11190 21220 39747 40401 57009 80003 555 1/121=
35594 429// 30000 11212 21232 39498 40417 57006 80001 555 1/122=
35605 42998 50000 11090 21101 30337 40314 57008 82051 555 14111=
35633 429// 00504 11116 21139 30095 40322 57008 555 1/113=
35671 42970 00000 11161 21183 39920 40384 57007==
35699 429// 00000 11148 21166 39582 40390 57001==
35700 42970 33502 11082 21082 30333 40308 57010 80001==
35715 42997 00702 11090 21115 30313 40297 57013 555 14111=
35739 429// 30903 11110 21146 30137 40284 57013 80001 555 1/109=
35746 429// 20605 11078 21105 30229 40300 58009 80002==
35777 429// 00503 11139 21166 30020 40390 52003 555 1/116=
35796 42960 00504 11179 21194 39922 40395 57001==
35849 429// 00904 11079 21110 30199 40289 57005==
35895 42997 23501 11163 21168 39919 40399 54000 80001 555 1/118=
35907 42598 80905 11040 21066 30322 40290 57009 885//=
35925 429// 50203 11100 21106 30156 40274 57016 80002==
35927 425// 80000 11060 21068 30272 57016 885//=
35953 429// 00703 11081 21117 30170 40305 52001==
35969 429// 00704 11106 21159 30156 40339 52003==
35997 419// 00000 11158 21185 39909 40378 58002 71000 333 91104 555 1/117=
36259 12584 60701 11279 21309 38282 48573 52010 60002 84901 333 21282 48015 55049==
36335 429// 02301 11062 21092 39298 40348 57004 555 1/114=
36358 429// 00101 11057 21098 39292 40332 57003 555 1/110=
36394 419// 51304 11119 21139 39908 40353 57001 70232 85030=
36397 41/// 61612 11118 21146 39761 40353 54000 73632 86050==
36403 419// 70905 11079 21141 39976 40351 53001 70273 87030 555 1/105=
36418 429// 72302 11189 21207 39759 40427 53016 83033 555 1/120=
36421 429// 70000 11237 21250 39812 40437 58004 84031 555 1/127=
36428 427// 22901 11250 21286 39877 40436 53006 81541==
36439 417// 71309 11150 21177 39056 48546 53003 73632 82550 555 1/117=
36498 429// 00203 11215 21233 39551 40417 54000 555 1/123=
36501 429// 61803 11085 21131 39558 40337 58003 86030 555 1/112=
36535 42/// 40000 11248 21278 39743 40447 52009 84030==
36546 429// 30000 11238 21263 39840 40438 53013 82041 555 1/126=
36619 429// 00000 11241 21259 555 1/127=
36622 429// 20000 11210 21237 39536 40413 54000 82040 555 1/123=
36639 42/// 20901 11258 21289 39749 40425 52008 82030==
36643 429// 03102 11171 21190 39701 40414 52006 555 1/124=
36665 419// 01801 11164 21195 39625 40403 53007 71000 555 1/118=
36666 424// 21404 11214 21231 39885 40426 52004 82600=
36729 42998 00000 11212 21228 39878 40407 52002 333 91106 555 1/122=
36736 429// 73201 11163 21176 39811 40407 53006 82035 555 1/122=
36744 429// 00802 11196 21207 39881 40371 54000 333 91104 555 1/123=
36770 429// 00000 11198 21198 39603 40394 53002 333 91106 555 1/126=
36786 42999 00000 11127 21148 39398 40369 58002 333 91105=
36796 42998 00000 11256 21276 39120 48519 53008 333 91100=
36803 42999 00000 11184 21199 39914 40402 53011 333 91107=
36806 429// 01508 11136 21195 39899 40399 58022 333 91117=
36819 419// 40902 11140 21156 39708 40361 56002 71000 80001 333 91105=
36821 419// 00000 11167 21172 39854 40383 52005 71000 333 90760 91108==
36839 42998 00000 11172 21210 39184 40402 52005 333 91104=
36843 429// 02502 11085 21135 39132 40355 53003 333 91107=
36846 429// 00503 11125 21197 38673 48549 52006 333 91110=
36859 429// 00000 11101 21114 39593 40419 52006 333 90760 91111==
36870 429// 00000 11100 21117 39291 40355 53005 333 90760 91102==
36874 429// 52001 11218 21231 39676 40545 52007 80006 333 91105=
36877 429// 00000 11161 21166 39727 40823 52004 333 91105=
36885 429// 01802 11092 21135 39169 40349 53002 333 91106=
36889 429// 01802 11105 21234 37066 47090 52002 333 91107=
36894 429// 00000 11116 21132 39583 40366 53003 333 91108=
36905 429// 01201 11094 21146 38814 48566 52005 333 91106=
36911 41/// 90000 11038 21045 39308 40311 53026 74640 555 14105=
36927 42697 70000 11032 21071 38386 48554 52008 87900=
36934 42997 03501 11022 21098 38322 48449 51006=
36953 429// 00000 11162 21166 38256 48508 52007 333 91109 555 1/128=
36963 429// 01602 11133 21255 37044 48/// 53010 555 17121=
36974 429// 00901 11106 21134 38022 48571 52004 555 16118=
36982 429// 00101 11205 21272 36530 47155 52006=
37018 42660 60301 10021 21031 30197 40274 52006 85530==
37031 42960 00000 11078 21103 30096 40304 52002==
37054 42960 00000 11093 21108 39913 40325 52003==
37061 41940 03601 11078 21092 30144 40324 53001 71000==
37085 42940 80401 11063 21072 30340 40312 54001 80007==
37171 42740 10803 10012 21017 30255 40274 52007 81500==
37228 42460 81401 11057 21076 39430 40306 52004 885//==
37235 42960 01101 11064 21076 39979 40315 52004==
37472 42560 83301 11042 21067 30331 40307 53002 8357/==
38149 42570 82002 11044 21050 30198 40279 57001 885//==
38178 42/// 82303 11050 21108 39966 40266 52006 8802/==
38262 425// 82002 11046 21052 30191 40277 54000 885//==
38264 41670 71703 11045 21058 30187 40284 57001 70272 875//==
38345 41/93 90000 11038 21038 38857 48543 58001 74544 555 14104=
38353 429// 82401 11029 21049 39385 40315 52017 80004=
38388 42598 70000 11083 21130 30240 40316 54000 87500 555 14109=
38392 42496 71802 11046 21052 30176 40204 57003 87500 333 87617 555 14105=
38396 42960 61603 11061 21080 30167 40299 53001 80007==
38403 42/// 81402 11056 21074 30168 40296 52005 8802/==
38413 42/// 82802 11058 21069 30006 40313 52017 8807/==
38457 41340 82902 11004 21010 39701 40309 52006 75152 886//==
38462 425// 71801 11016 21057 38796 48532 52004 84950==
38507 42696 81002 11026 21078 30182 40290 58002 8357/ 555 10104=
38545 42998 71302 11093 21100 30123 40313 58004 87050 555 1/111=
38565 126// 80000 11039 21061 39681 40259 52010 60002 885//==
38579 41/// 80501 11002 21008 39880 40314 52008 77372 8802/==
38583 41540 83402 10002 21004 39979 40311 53014 77177 8872/==
38599 41195 82306 11001 21007 39751 40306 53003 71022 885// 333 86703=
38611 41/40 82301 39712 40296 52007 71022 8807/==
38613 429// 80101 10015 20001 39368 40290 52004 8802/ 555 12002=
38616 425// 71801 10006 21011 39260 40300 53003 87500=
38618 42/// 80101 10023 21007 39583 40287 52004 86031==
38647 42697 80000 11003 21018 30224 40268 57006 885// 555 14101=
38656 42698 81602 11013 21027 30183 40297 57005 885// 555 14102=
38683 42460 82003 11038 21056 30034 40325 53001 885// 333 88610==
38687 42497 81402 11034 21045 30080 40329 54000 885// 333 88617 555 1/103=
38696 415// 83601 11029 21036 39416 40309 54000 70288 889// 333 43999==
38713 41/// 93401 11035 21035 39101 48540 53012 77174 333 96045=
38750 42997 50501 11002 21020 30318 40288 54000 85030 555 10000=
38763 42597 80000 11002 21020 30168 40277 57002 885// 333 88623 555 11000=
38774 42895 81401 11007 21014 30080 40284 58014 8807/ 555 12000=
38799 42597 82002 11044 21050 30084 40329 57001 885// 555 1/103=
38806 42697 70502 11038 21046 30041 40315 54000 87500 555 1/102=
38812 41120 83102 11031 21038 39841 40318 53001 71022 883// 333 42999 83703==
38836 415// 82701 11018 21020 39310 40283 52003 78582 889//=
38880 41993 30000 11039 21041 30013 40281 58003 74141 83030 555 1/102=
38886 41596 81303 11024 21037 30060 40299 57005 71011 885// 555 11001=
38895 42996 81102 11046 21052 30013 40320 57006 8807/ 555 1/000 42///=
38911 42997 80101 11030 21064 30012 40323 54000 885// 555 12101=
38915 42597 80000 11008 21024 39986 40325 52002 885// 555 14101=
38927 11460 80000 11002 21020 39922 40314 56001 60002 70282 889// 333 86710==
38933 415// 81401 10002 21035 39784 40318 52007 77072 8802/=
38944 415// 81602 11006 21006 39692 40248 52010 78588=
38954 428// 40000 11044 21087 37937 48530 52005 82901=
38974 42998 00000 11041 21053 39947 40301 58018 555 14105=
38987 41/93 /1502 11042 21044 39536 40319 57003 74744 555 13103=
40100 43/70 89902 10121 20070 30179 40195 57002 6///1 333 58///=
40180 12660 43603 10090 20075 30139 40190 52002 60001 84800 333 70000==
40199 12/// /0204 10120 20028 30161 40186 57001 60001 333 70000==
40265 31656 40000 10048 20039 39398 40206 57002 71011 84400 333 84635=
40270 31958 00000 10050 20014 39281 40193 54000 70511=
40272 31550 30000 10044 20030 39352 40207 52007 71022 83200 333 83830=
40340 32960 00302 10107 20013 40191 57001=
40356 32960 01406 10037 21040 39198 48498 333 58018 555 04410 50188=
40357 32960 01604 10050 21040 39548 40195 333 58021=
40360 32960 02504 10044 21010 39587 40186 333 58015=
40361 32960 00506 10061 21050 39401 40226 333 58012=
40362 32960 00912 10079 21020 39677 40199 333 58016=
40373 32660 50908 10116 20020 39769 40189 85500 333 58008 85635=
40375 32960 03105 10072 21030 39276 40159 333 58002=
40394 32960 03504 10074 21050 39029 48504 333 58016 555 04410 50159=
40400 32960 30204 10149 20030 30114 40142 80002 333 59003 83070=
40405 32660 50913 10147 20010 39394 40140 85500 333 59016 85640=
40417 32960 32804 10112 20060 30170 40187 80002 333 58003 83070=
40420 32960 30000 10120 20070 39972 40186 80002 333 58002 83070=
40430 32660 39902 10163 21050 39392 40142 81502 333 59003 81640=
40437 32960 01308 10129 21020 39465 40167 333 58002=
40439 32960 32804 10178 20070 30094 40112 81031 333 59005 81360=
40582 32960 43604 10133 20073 40202 55001 84030 333 00013 55300 00000 10085 20000 30000 41115 51198 60000 55407 40000 84360 90467 91007 91107 91205 91301=
40703 12960 00000 11096 21122 38962 40288 52003 60001 333 70000 555 11099 29081=
40706 12565 10502 11078 21127 38694 40300 51005 60001 81401 333 70000 81067 555 11087 29068=
40712 12970 02704 11112 21152 38716 40300 51005 60001 333 70000 555 11117 29072=
40713 11940 30000 11084 21111 38689 40270 50002 60001 71021 80002 333 70000 83068 555 11088 29081=
40718 12960 02801 10014 20007 30308 40278 57003 60001 333 70000 555 10011 29095=
40723 12960 79901 11056 21074 39000 40292 58002 60001 83076 333 70002 83361 87273 555 11059 29088=
40726 12960 02703 11062 21097 38694 40288 54000 60001 333 70000 555 11070 29076=
40727 12560 50000 11062 21082 38513 40292 51003 60001 85600 333 70004 82725 83640 555 11065 29086=
40732 12560 10000 10026 21002 30286 40261 57006 60001 81500 333 70000 81627 555 10016 29082=
40736 12960 60000 10037 20027 30300 40274 56001 60001 86030 333 70014 86360 555 10033 29093=
40738 11603 50000 10022 20011 30290 40292 54000 69931 71162 82550 333 70004 82635 83358 555 10018 29093=
40739 11550 80402 11042 21054 38717 40267 57002 60021 77077 8572/ 333 70022 81730 84635 88458 555 11044 29091=
40741 11957 01803 11031 21044 39937 40289 57009 60001 71000 333 70005 555 11034 29090=
40743 12965 00804 11056 21093 39110 40280 57001 60001 333 70000 555 11064 29075=
40745 12960 01803 11082 21095 39087 40301 56003 60001 333 70000 555 11083 29090=
40747 12660 53602 11025 21080 38669 40266 52004 60001 85500 333 79999 85640 555 11041 29066=
40754 11958 33202 11004 21083 38862 40252 54000 60001 70510 83030 333 70000 83360 555 11028 29055=
40762 11657 40000 11121 21146 38573 40294 55001 60001 71000 81402 333 70005 81635 84069 555 11123 29082=
40766 12960 11701 11043 21061 38722 40261 52001 60001 80001 333 70000 81069 555 11047 29087=
40768 11960 00000 11174 21188 38282 40354 52003 60001 70271 333 79999 555 11173 29089=
40769 11925 60000 11074 21088 38310 40266 54000 60001 71022 80006 333 70000 86268 555 11075 29090=
40780 12960 01202 11024 21055 38707 40255 50002 60001 333 70000 555 11034 29080=
40782 12960 01302 11016 21033 38894 40234 51004 60001 333 70000 555 11021 29088=
40785 12960 00000 10000 21019 39144 40272 52004 60001 333 70000 555 11007 29087=
40791 12965 00901 10017 21069 39403 40250 53001 60001 333 70000 555 11011 29053=
40792 12962 00702 11026 21062 38744 40245 50001 60001 333 70000 555 11036 29076=
40798 12960 02406 11004 21104 37956 40194 50002 60001 333 70000 555 11035 29047=
40800 12960 00000 11043 21097 38475 40233 52006 60001 333 70000 555 11057 29066=
40809 12960 01103 11039 21052 38518 40231 52003 60001 333 70000 555 11041 29091=
40811 12960 00000 10076 20027 30175 40202 57002 60001 333 70000 555 10056 29071=
40812 12960 03401 10069 20016 39807 40188 57001 60001 333 70000 555 10047 29069=
40821 12960 12702 10001 21055 38820 40246 50004 60001 80001 333 70000 81070 555 11018 29066=
40829 12960 03507 10032 21034 39654 40239 51003 60001 333 70000 555 10009 29062=
40831 12960 03002 10090 20047 30201 40209 56003 60001 333 70000 555 10071 29074=
40833 11658 63501 10091 20010 30172 40205 57004 60001 70510 86400 333 70000 86640 555 10058 29057=
40841 12960 01602 11038 21093 38255 40212 58001 60001 333 70000 555 11053 29066=
40848 12660 50000 10016 21070 38541 40195 51004 60001 81532 333 70000 81640 83360 555 11012 29053=
40854 12960 02903 10043 21013 38977 40203 57010 60001 333 70000 555 10021 29067=
40856 12960 01603 10013 21028 38662 40203 58004 60001 333 70000 555 11003 29074=
40859 12960 13002 10032 21069 38717 40184 56013 60001 81030 333 70000 81360 555 11002 29048=
40875 12960 03306 10125 20087 30168 40180 54000 60001 333 70000 555 10106 29078=
40879 12960 20000 10104 21016 39507 40188 55000 60001 80002 333 70000 82070 555 10056 29043=
40882 12960 73502 10174 20094 30133 40168 58006 60001 80006 333 70000 87269 555 10132 29059=
40883 11957 03602 10174 20037 30136 40163 56002 60001 70500 80000 333 70000 555 10110 29040=
40893 11957 03306 10198 20103 30151 40157 55003 60001 70500 333 70000 555 10147 29054=
40898 11958 00000 10214 20146 30147 40156 56001 60001 70500 333 70000 555 10174 29065=
41024 22660 20203 10219 20140 30094 40120 82500 333 58000 60005 82640==
41036 22960 01806 10168 20110 38547 48497 333 59003 60005==
41055 22960 01005 10156 20110 38347 48492 333 59009 60005==
41061 22960 01218 10172 20020 39426 40123 333 59014 60005==
41084 22960 00000 10174 20040 38829 48490 333 59016 60005==
41112 22960 02016 10140 20080 37935 48498 333 59001 60005==
41114 22960 02005 10157 21030 37972 48499 333 59001 60005==
41128 22960 00000 10165 20070 38812 48521 333 59010 60005==
41136 22960 00810 10184 20080 39314 40115 333 59017 60005==
41140 22960 00000 10248 20210 30100 40112 333 59001 60005==
41150 32970 39901 10154 20106 40180 82031 333 58001 82366=
41176 34/63 /3103 10115 20078 30175 40181 333 58004=
41184 32960 32302 10103 20061 40186 80001 333 58028 83070=
41194 12960 09903 10168 20100 30170 40176 60001 333 58024 70000=
41196 12960 29903 10138 20085 30140 40183 60001 80001 333 58027 70000 82075=
41216 32960 29901 10167 20130 30173 40178 80001 333 58018 82075=
41217 32960 29903 10160 20112 30144 40174 80001 333 58018 82075=
41396 12965 00000 10190 20097 39405 40131 60002 333 58005=
41480 12560 20716 10247 20186 30126 40134 60002 82500 333 58016 82620=
41506 12420 70000 10030 20019 38519 48170 60001 86520 333 56880 59016==
41508 11420 80000 10048 20039 38669 48350 60031 76066 8572/ 333 5688/ 59006==
41515 12420 80000 10018 21006 38590 48490 60001 8572/ 333 5688/ 59022==
41516 12440 70000 10050 20001 38551 48080 60001 87710 333 56880 59012==
41517 11420 60000 10000 21026 37790 48270 60001 71022 83630 333 56880 59022==
41518 12440 81801 10083 21021 30001 48010 60001 8852/ 333 5688/ 58000==
41519 12440 63101 10070 21003 38790 48230 60001 83520 333 56880 58004==
41523 12420 80000 10070 20037 39110 48130 60001 8552/ 333 5688/ 58023==
41535 12440 70000 10070 20011 38713 48790 60001 86520 333 56880 58007==
41536 12440 83602 10125 20042 39043 48100 60001 8852/ 333 5688/ 58013==
41560 12940 01301 11030 21077 38288 48250 60001 333 59004==
41571 11600 70506 10130 20048 39581 40173 69901 76066 83530 333 56880 58031==
41598 11440 83103 10160 20081 39862 40136 60001 70420 88520 333 56880 58015==
41600 11940 00000 10100 20079 39847 40151 60001 70400 333 58060==
41620 11440 43101 10035 21051 38576 48780 60001 70500 84500 333 56800 58003==
41624 11920 30000 10125 20062 39930 40135 60001 70400 83020 333 56080 58004==
41630 11940 50502 10140 20091 30000 40149 60001 70400 85030 333 56080 58012==
41640 11420 50000 10140 20102 39888 40141 60001 70420 84570 333 56880 58012==
41660 029// 22308 10040 21008 38438 48530 69902 82030 333 56090 58040 60007 82360=
41678 11940 00000 10130 20056 30000 40119 60001 70400 333 59022==
41696 12440 20000 10025 21012 38006 48360 60001 82500 333 56800 58016==
41697 12940 00000 10100 20044 39956 40119 60001 333 59020==
41700 11910 00000 10110 20090 39990 40122 60001 71000 333 58003==
41710 12940 00501 10100 21007 39368 40159 60002 333 58052==
41712 12940 00901 10100 20059 39146 48530 60002 333 58000==
41715 11905 20000 10100 20057 30060 40127 60001 70400 80001 333 56008 59005==
41718 11920 00000 10125 20096 30014 40120 60001 71000 333 59002==
41725 11940 03601 10160 20093 30040 40119 60001 70500 333 58000==
41739 02996 00000 10095 20001 39056 48500 60002 333 58002 60007=
41749 11920 33102 10145 20117 30085 40118 60001 70400 83030 333 56080 59002==
41756 11920 01801 10165 20139 30084 40152 60001 70504 333 58017==
41757 12940 00000 10155 20128 30141 40154 60002 333 58009==
41759 11940 00000 10115 20068 30130 40136 60001 70500 333 58009==
41764 12940 02403 10175 20131 30066 40116 60001 333 59011==
41768 12940 02301 10165 20139 30113 40120 60001 333 58006==
41780 12340 32704 10215 20176 30101 40129 60001 83600 333 56800 58003==
41785 12940 00000 10125 20085 30125 40138 60001 333 58009==
41859 01930 01802 10155 20150 30080 40119 70500 333 59005 70000==
41883 02930 00000 10164 20140 30095 40116 333 59016 70000==
41891 01930 00902 10155 20150 30091 40131 70500 333 59007 70000==
41907 01930 00000 10133 20120 30102 40118 70500 333 59020 70000==
41923 01420 82402 10198 20190 30117 40127 71022 8552/ 333 59011 70000 85615 88459==
41936 01904 00000 10144 20130 30115 40123 74644 333 59009 70000==
41943 01930 00000 10150 20140 30122 40130 70500 333 59007 70000==
41950 01902 00000 10192 20192 30126 40128 74740 89/// 333 59007 70000==
41978 01920 00000 10167 20160 30125 40131 71000 333 59007 70000==
41992 01920 00302 10175 20150 30128 40130 70500 333 59004 70000==
42027 32596 72301 10036 20004 38416 48504 83521 333 58000=
42071 31994 43204 10110 20094 40148 71000 84030 333 58017 84359=
42101 31995 20000 10106 20102 40142 71000 82030 333 58001 82360=
42111 31994 02701 10110 20099 39412 40130 71000 333 58004=
42123 32996 20000 10124 20101 40128 82030 333 59004 82360=
42131 31995 00000 10098 20082 40150 71000 333 58006=
42165 22996 20000 10140 20056 40113 80001 333 59002 6990/ 82070=
42182 31995 00000 10110 20106 40135 71000 333 59001=
42189 31995 00000 10114 20094 40119 71000 333 59004=
42309 21293 83202 10156 20156 40136 76065 8692/ 333 58006 6012/=
42314 21494 80503 10164 20157 40135 76096 8452/ 333 58004 6008/ 84618 88459=
42328 32996 32002 10156 20061 40104 80001 333 58006 83070=
42339 31995 00000 10136 20075 40127 70500 333 58002=
42348 31995 00000 10134 20091 40141 70500 333 58005=
42361 31994 00000 10122 20107 40134 71000 333 58004=
42369 31995 00000 10139 20115 40124 71000 333 59005=
42379 31995 00000 10130 20107 40114 71000 333 59009=
42410 31594 30000 10138 20131 40125 71010 81530 333 59009 81620 83360=
42415 31995 50000 10176 20159 40136 71011 82031 333 59003 82360 84075=
42452 31995 10000 10142 20120 40129 71000 80001 333 59002=
42492 31994 01801 10148 20119 40118 71000 333 59012=
42559 32996 00000 10150 20117 40124 333 58004=
42571 31996 00000 10140 20118 40137 70500 333 58001=
42591 31994 00000 10130 20095 40133 71000 333 59011=
42623 31494 30000 10090 20078 39267 40172 71000 83600 333 58013 83710=
42634 32996 02302 10176 20163 40134 333 58006=
42647 31996 00000 10158 20114 40133 70500 333 58010=
42667 32996 00000 10128 20098 39539 40145 333 58010=
42701 31996 00000 10156 20093 39384 40124 70500 333 59007=
42724 31994 00000 10158 20148 40126 71000 333 59009=
42737 32996 02903 10172 20117 40146 333 58012=
42754 31995 02302 10166 20105 39486 40132 70500 333 58004=
42779 32996 00000 10172 20127 39423 40130 333 59003=
42798 31995 00000 10160 20128 40119 71000 333 59011=
42809 31594 42303 10230 20212 40120 71000 83530 333 59019 83620 84360=
42840 31995 00000 10196 20170 40129 71000 333 58009=
42867 31995 20000 10206 20167 40125 70500 80001 333 59002 82075=
42874 31995 00000 10216 20181 40132 71000 333 58002=
42886 31994 00000 10158 20122 40131 71000 333 59010=
42895 31/91 92302 10218 20212 40119 74544 333 59013=
42909 32996 03603 10194 20150 40133 333 58009=
42971 31994 02003 10212 20203 40130 71000 333 59004=
43003 31995 00000 10212 20136 40121 70400 333 58006=
43014 31995 00000 10210 20144 39472 40123 70544 333 58006=
43041 31995 00000 10168 20141 39513 40144 71000 333 59001=
43063 32996 00000 10170 20143 39502 40140 333 58006=
43086 31996 00000 10220 20204 39939 40119 70500 333 59002=
43110 31995 01401 10216 20184 40117 70544 333 58004=
43117 32996 03401 10218 20194 40125 333 58002=
43128 31996 10000 10220 20183 39521 40131 70511 80001 333 56001 58005 81070=
43150 31996 33602 10232 20217 30073 40144 70500 80001 333 58000 83075=
43185 31995 20000 10224 20214 30120 40124 71000 80002 333 58005 82070=
43189 31596 10000 10224 20211 30127 40136 70510 81500 333 58006=
43192 32996 00502 10234 20219 40111 333 58004=
43201 32496 22001 10204 20126 39380 40111 82500 333 58000 82612=
43213 31995 00000 10222 20183 39791 40111 70500 333 58002=
43233 32996 00000 10188 20162 39313 40142 333 58003=
43237 31995 20000 10203 20154 39703 40100 70500 80001 333 58003 82075=
43279 31595 40000 10216 20204 30115 40133 71000 83501 333 58009 83620=
43284 31996 10503 10232 20188 39996 40112 71000 80001 333 58002 81075=
43295 31496 40903 10182 20169 39110 48511 71000 83601 333 56209 58001 82710 83612=
43314 32996 10000 10254 20227 40119 80001 333 58012=
43321 31995 40000 10210 20164 39686 40140 71010 80001 333 58009 84070=
43329 31596 30000 10224 20202 30115 40129 71000 81531 333 58011=
43333 31495 20502 10260 20215 40126 70521 81501 333 58009 81618=
43344 31495 33403 10224 20202 30038 40139 71000 82501 333 59087 82616=
43353 31495 21104 10215 20215 40122 71021 81530 333 56390 58012 81620=
43369 32596 30000 10250 20241 40115 83500 333 58005 83620=
43371 31995 20000 10238 20229 30048 40121 71000 80001 333 58010 82071=
43404 03968 20701 10213 20213 30114 40117 5/002 60008 333 553// 20000 58003 60008 82080 91002=
43410 01470 30506 10266 20228 30118 40121 60008 703// 83200 333 58004 60008 83218=
43413 11470 50504 10261 20231 30121 40126 5/001 60008 70322 82270 333 553// 20000 58005 82218 85760 91006=
43415 03470 10000 10230 20218 30021 40129 53/// 60008 81000 333 58004 60008 81818=
43418 01470 23601 10255 20231 30079 40120 57/// 60008 70300 82100 333 58002 60008 82118=
43421 11970 03601 10228 20000 30018 40125 56003 60008 70220 333 553// 20000 58006 91001=
43422 03969 00500 10221 20219 39990 40126 60008 333 60008=
43424 01470 50501 10235 20226 30119 40121 56004 60008 70322 85100 333 58006 60008 85118=
43436 01470 60000 10260 20241 30110 40113 52002 69908 75022 86000 333 58000 69908 86818=
43441 01970 00701 10234 20219 39983 40117 54000 60008 70200 333 58010 60008=
43444 01470 50700 10210 20201 39585 40118 57002 60008 70201 85000 333 58009 60008 85818=
43450 01959 20302 10240 20217 30115 40127 54000 60008 70500 333 58012 60008 82180=
43466 01968 10601 10246 20206 30115 40123 54002 60008 70200 333 553// 20000 58012 60008 81080 91003=
43467 01960 10201 10250 20223 30114 40120 60008 70500 333 58008 60008 81180=
43473 03970 02603 10114 20114 38133 48512 52001 60008 333 553// 20000 58014 60008 91004=
43475 01466 70401 10238 20234 30119 40124 52008 60008 780// 87200 333 553// 20000 58013 60128 86218 81920 91003=
43476 01440 30000 10156 20156 38785 48525 60008 70200 81000 333 55001 60008 81812=
43479 01470 32102 10191 20187 39278 41/// 60008 702// 83100 333 55002 58005 60008 83116=
43486 11450 11201 10214 20214 30021 40123 50004 60008 71000 81000 333 553// 20000 58008 81816 91001=
43495 01468 80101 10260 20231 30104 40117 5/010 60008 70322 84000 333 58120 60008 84818 88266=
43497 11470 43502 10244 20000 30094 40111 5/002 60008 70210 83000 333 553// 20006 58004 83818 91003=
44212 42/// 41702 11270 21308 39188 40468 52014 84040 333 21318 3/136 47019 55069==
44213 429// 00000 11246 21290 38830 40457 52017 333 21259 3/133 47015==
44214 42970 02703 11174 21261 38318 40457 52012 333 21204 3/126==
44215 42/// 22506 11150 21238 38438 40412 52014 81044 333 21162 3/121 46001==
44217 32998 00000 11283 21329 37881 40629 53015 333 21289 46001 91200 555 31333=
44218 429// 00901 11221 21277 38655 40478 51015 333 21235 3/129 43004==
44219 32999 00903 11287 21315 38677 40538 52019 333 21305 47005 91204 555 31318=
44265 329// 00502 11302 21333 38948 40572 53019 333 21309 43007 91202 555 31337=
44266 329// 00601 11256 21301 37777 40565 52014 333 21261 91205 555 31274=
44404 42956 00903 10072 20029 38106 48451 80000 333 59018=
44416 42956 00302 10075 20069 39345 40102 80000 333 59004=
44424 42958 00000 11012 21063 37659 47027 80000 333 59006=
44434 42556 13404 10110 20092 39206 48490 81100 333 59014=
44438 41/01 92603 10124 20124 39981 40110 743// 89/// 333 59017=
44449 41940 03602 10125 20122 39948 40106 710// 80000 333 59020=
44454 41450 21002 10070 20059 38637 48475 71044 82100 333 59012=
44462 42458 10901 10084 20070 38229 48454 81100 333 59012=
44474 41910 00000 10073 20056 38244 48489 710// 80000 333 59001=
44477 41440 10000 10096 20093 38794 48500 710// 81100 333 59018=
44478 41/03 80000 10138 20135 30019 40101 743// 89/// 333 58017=
48010 11905 03601 10140 20130 39944 40102 59010 60002 74244==
48020 41220 10000 10115 20106 71044 81200 333 20105==
48025 11110 53202 10133 20094 39979 40124 58002 60002 74044 85800==
48048 41940 01801 10132 20130 30045 40108 71000 333 20120 58005==
48052 32950 00000 10150 20134 333 20140=
48062 41440 23601 10152 20134 30117 40124 71011 82500 333 20103 58002==
48064 42940 03201 10160 20106 30022 40081 333 20140 59003==
48094 41950 00000 10195 20185 30113 40123 71000 333 20183 58006==
48109 41420 20000 10220 20185 30102 40106 71011 82500 333 20167 59006==
51076 14065 00201 11243 21270 39482 40473 52010 60001 333 11157 21246 3/103 4/026 58127 70000 90761 91104==
51087 14062 00702 11251 21281 39333 40485 52015 60001 333 11153 21266 3/106 4/019 58122 70003 90761 91104==
51156 14080 00301 11175 21222 38770 40432 52008 60001 333 11077 21175 3/119 58103 70000 90761 91105==
51243 14/32 /2001 11195 21224 39836 40446 52011 60001 70500 333 11130 21203 3/117 58095 70000 90761 91103==
51334 14022 02102 11207 21233 30001 40451 52013 60001 72200 333 11054 21218 3/112 4/012 58109 90761 91104==
51379 14080 01602 11213 21249 39400 40444 52009 60001 333 11084 21232 3/107 4/022 58093 70000 90761 91105==
51463 14080 01601 11117 21187 39137 40421 52011 60001 333 11064 21125 3/101 4/036 58087 70000 90761 91104==
51573 14/65 /3601 11033 21188 30297 40349 52029 60001 333 10065 21062 3/110 58143 70000 90761 91111==
51644 14/50 /0101 11090 21121 39021 40334 52015 60001 70500 333 10046 21092 3/107 58128 70000 90761 91103==
51656 14/57 /1302 11089 21122 39236 40349 52027 60001 333 10040 21112 3/113 58130 70000 90761 91104==
51709 14/57 /2902 11021 21139 38674 40268 52017 60001 333 10126 21063 3/104 58092 70000 90761 91108==
51711 14/59 /2402 11094 21155 38049 40237 52009 60001 333 10119 21097 3/116 58095 70000 90761 91107==
51716 14050 00502 11023 21121 38969 40290 52026 60001 70600 333 10100 21073 3/108 58100 70000 90761 91108==
51765 14/50 /1102 11097 21194 39300 40347 52027 60001 70600 333 10055 21097 3/113 58129 70000 90761 91107==
51811 14059 03001 11023 21135 38834 40267 52027 60001 333 10122 21066 3/108 58086 70000 90761 91103==
51818 14/61 /2701 11023 21183 38670 40247 52031 60001 333 10135 21085 3/106 58072 70000 90761 91105==
51886 14/80 /1302 11077 21158 37076 40183 52016 60001 333 10014 21147 3/112 58015 70000 90761 91108==
52203 14/73 /0804 11095 21190 39428 40363 52031 60001 333 10022 21102 3/114 58140 70000 90761 91113==
52602 14/75 /2710 11120 21188 37221 40226 52014 60001 333 10008 21195 3/113 59002 70000 90761 91115==
52818 14/80 /2703 11079 21191 37201 40202 52032 60001 333 10040 21131 3/115 58009 70000 90761 91108==
52908 14/80 /2607 11203 21250 35722 40277 52004 60001 333 11058 21208 3/123 59003 70000 90761 91114==
55228 14/80 /2001 11152 21228 36008 40238 57002 60001 333 11018 21153 3/121 59009 70000 90761 91110==
55299 14/78 /0302 11141 21303 35818 40179 52001 60001 333 10000 21153 3/119 59001 70000 90761 91109==
55578 14/80 /2602 11021 21246 36343 40055 52008 60001 333 10099 21044 3/109 58000 70000 90761 91111==
55591 14/80 /3003 10022 21149 36483 40004 52012 60001 333 10124 21024 3/101 59002 70000 90761 91117==
55664 14/80 /0301 11123 21204 35993 40197 52005 60001 333 10044 21125 3/117 59002 70000 90761 91114==
55773 14/75 /3502 11105 21134 35983 40184 52002 60001 333 10027 21120 3/113 59009 70000 90761 91107==
56004 14/80 /2803 11219 21270 35789 40297 52004 60001 333 11052 21231 3/127 58001 70000 90761 91109==
56018 14/79 /1901 11139 21252 36159 40196 52010 60001 333 10009 21163 3/118 59006 70000 90761 91111==
56312 14/79 /2701 11005 21027 37066 40139 54000 69911 333 10107 21045 3/000 59023 70001 90761 91107==
62309 42560 33306 10132 20045 40200 57008 83500==
62332 11560 32407 10120 20090 40196 57003 60011 70161 83500==
62366 44956 00000 10116 20059 40198 57008 70500==
62387 42960 03505 10082 20043 40202 54000==
62393 42960 03608 10084 20024 40206 57010==
62405 42960 01703 10109 20004 40164 57008==
62414 42960 03608 10120 20010 40154 57009==
62419 42960 03610 10145 20024 40150 57007==
62420 42560 40102 10114 20048 40209 54000 84500==
62435 42960 03602 10102 20023 40189 52003==
62458 42960 03504 10115 20018 40186 57005==
41258 36/// /2505 10223 20141 30151 40155 333 0E/// 55300 20000 58028 =
41268 36/// /0000 10206 20167 30105 40153 333 0E021 55300 25022 58025 =
41246 36/// /3305 10202 20121 30161 40163 333 0E020 55300 25022 58028 =
41254 36/// /3505 10138 21084 38056 49836 333 0E005 55300 25022 58020 =
41256 32960 02502 10191 20129 30145 40162 92345 333 58027 55000 55407 55408 55507 55508=
41265 36/// /0200 10172 20147 39572 40146 333 0E022 55300 20000 58020 =
41275 36/// /0107 10156 20033 30001 40175 333 0E016 55300 20000 58018 =
41288 36/// /2702 10219 20201 30138 40160 333 0E022 58020 =
41316 32586 13403 10214 20160 30127 40157 81500 333 58015 55000 55407 55408 55507 55508 81625=
