SIPK OPKC 040300=
41504 22997 02702 11045 21110 37898 48575 333 21065 59018 60007 70000 RH57%=
41505 22696 02302 10000 21026 38/// 48/// 333 21035 58/// 60007 70000 82%=
41506 21596 80000 10015 20003 38538 48535 77172 887// 333 20003 44002 569// 59018 60027 70022 85710 84640 92% SNOW FALL 2CM 0.7INCH=
41507 22997 00906 10070 20011 39251 49783 333 20030 59024 60007 70000 66%=
41508 22696 42302 10028 20018 38680 48544 84200 333 21020 56900 59005 60007 70000 84835 92%=
41509 21696 80000 10015 20002 38787 48518 76161 8352/ 333 20010 5699/ 59044 60037 70030 83640 86460 RH 91%=
41510 21696 80000 11020 21034 37914 48534 72272 82520 333 21045 56990 59017 60017 70010 82640 86460 90%=
41515 21596 80000 10004 21008 38609 48567 72162 8672/ 333 21004 5699/ 58004 60017 70012 82730 84650 85460 91%=
41516 22996 10000 11020 21069 38555 48511 81030 333 21040 59067 60007 70000 81360 RH69%=
41517 21996 00000 11060 21091 37795 48547 70400 333 21068 59074 60007 70000 76%=
41518 22697 30000 10017 21036 38/// 48/// 82230 333 20006 56990 5//// 60007 70000 82840 81362 66%=
41519 22997 10000 10060 21051 38819 48550 80030 333 20055 56090 59032 60007 70000 81362 RH45%=
41520 22997 01802 11020 21114 37620 48280 333 21065 59056 60007 70000 44%=
41523 22697 70000 10040 21011 39094 48494 83530 333 20010 56990 59034 60007 70000 83640 84360 69%=
41524 22697 20000 10090 21006 39378 40264 82500 333 20082 56900 59010 60007 70000 82640 51%=
41525 22697 40000 10000 21036 37671 48408 84200 333 21010 56900 59003 60007 70000 84840 74%=
41528 22697 60000 10075 20064 39236 48508 83520 333 20064 56990 59008 60007 70000 83640 83460 80%=
41529 22696 70000 10090 20032 39803 40197 83570 333 20065 56990 58026 60007 70000 83640 84460 67%=
41530 21996 63104 10115 20029 39770 40194 70522 86030 333 20100 56090 58031 60007 70000 86360 52%=
41534 22696 50000 10100 20057 39754 40181 82520 333 20043 58018 60007 70000 82640 83460 RH 74%=
41535 22696 20000 10030 21024 38722 48484 82500 333 20016 56900 58016 60007 70000 82640 68%=
41536 22997 50000 10085 20016 39058 48517 85030 333 20033 56090 58017 60007 70000 85460 62%=
41560 22997 00000 10005 21007 38307 48540 333 21030 58009 60007 70000 RH91%=
41562 22997 43102 10100 20001 39700 40176 84030 333 20080 56090 58024 60007 70000 84362 RH50%=
41565 22996 23104 10061 21016 38650 48515 82020 333 20040 56090 59012 60007 70000 82460 RH 58% =
41567 21996 00000 10080 20033 39719 40151 70400 333 20065 58020 60007 70000 72%=
41571 21996 10504 10095 20042 39600 40201 70500 81030 333 20070 56090 58028 60007 70000 RH69%=
41572 21996 01306 10080 20048 39538 40185 71000 333 20050 58026 60007 70000 RH 80% MAXIMUM WIND GUST AT 03,1000Z 13014KT=
41573 02997 51802 10055 21032 37977 48508 86020 333 20000 56090 58015 60000 70000 86460 53%=
41573 22997 51802 10055 21032 37977 48508 86020 333 20000 56090 58015 60007 70000 86460 53% CORR=
41574 22997 01302 10015 21010 38336 48519 333 21005 59036 60007 70000 84%=
41576 21994 00000 10075 20040 40203 70400 333 20050 58023 60007 70000 79%=
41577 21996 00000 10060 20038 39561 40200 70400 333 20040 56000 58023 60007 70000 RH 86%=
41593 21996 00000 10090 20069 39951 40176 70400 333 20077 58028 60007 70000 86%=
41597 21996 00000 10085 20063 39892 40195 70400 333 20082 58023 60007 70000 86%=
41598 21995 00000 10075 20053 39894 40176 71000 333 20068 58025 60007 70000 86%=
41599 21994 00000 10075 20053 39885 40187 74644 333 20058 58023 60007 70000 86%=
41600 21995 00000 10085 20063 39870 40177 71044 333 20065 58021 60007 70000 86%=
41620 31996 00000 10025 21066 38565 48467 70500 333 20010 59015 60007 70000 51%=
41624 21994 00000 10105 20050 39912 40118 70400 333 20090 59028 60007 70000 69%=
41625 21995 03602 10080 20033 39936 40143 70400 333 20075 59006 60007 70000 72%=
41630 21994 00000 10070 20047 40179 71000 333 20054 58021 60007 70000 85%=
41633 21996 00000 10075 20064 4//// 70400 333 20048 5//// 60007 70000 93%=
41634 22996 00000 10075 20017 3//// 4//// 333 20045 5//// 60007 70000 67%=
41635 21995 00902 10080 20058 3//// 4//// 71000 333 20053 5//// 60007 70000 86%=
41636 21996 01304 10085 20063 39980 40170 70400 333 20065 58015 60007 70000 86%=
41638 21995 00000 10095 20074 4//// 71000 333 20072 5//// 60007 70000 87%=
41639 21995 03102 10100 20079 3//// 4//// 71000 333 20080 5//// 60007 70000 87%=
41640 21994 00000 10100 20079 39917 40174 71040 333 20075 58016 60007 70000 87%=
41641 21991 00000 10085 20074 39893 40177 74244 333 20073 58012 60007 70000 93%=
41642 21992 00000 10060 20048 3//// 4//// 74440 333 20050 5//// 60007 70000 92%=
41643 21/90 90000 10080 20080 39881 40170 74544 333 20070 58012 60007 70000 89/// 100%=
41644 21993 00000 10080 20069 4//// 74500 333 20071 5//// 60007 70000 93%=
41644 21994 00000 10090 20069 4//// 71000 333 20071 5//// 60007 70000 86%=
41646 21994 00000 10095 20063 39963 40186 71000 333 20080 58005 60007 70000 80%=
41652 21996 00502 10075 20027 39978 40164 70400 333 20060 58002 60007 70000 72%=
41660 22997 21304 11015 21043 38444 48536 82030 333 21025 56090 58025 60007 79999 82360 81%=
41661 22997 00000 11030 21072 38383 48517 333 21035 59002 60007 70000 70%=
41669 22996 00000 10075 20053 3//// 4//// 333 20065 5//// 60007 70000 86%=
41670 21996 00000 10070 20035 3//// 4//// 70400 333 20065 5//// 60007 70000 78%=
41674 21995 00000 10070 20047 3//// 4//// 71000 333 20067 5//// 60007 70000 85%=
41675 21995 01804 10110 20043 30012 40160 70400 333 20078 58011 60007 70000 63%=
41676 21995 03104 10080 20046 30003 40167 70400 333 20078 59020 60007 70000 79%=
41677 21995 00000 10080 20058 39974 40148 71000 333 20067 59011 60007 70000 86%=
41678 21996 00000 10100 20044 40164 70400 333 20075 58000 60007 70000 68%=
41679 21995 30000 10075 20064 4//// 70400 83030 333 20068 56090 5//// 60007 70000 83360 93%=
41680 21992 00504 10075 20064 39970 40178 74240 333 20063 58019 60007 70000 93%=
41685 22997 00000 10055 21008 38888 48462 333 20030 59050 60007 70000 RH64%=
41696 22997 00000 11035 21078 38003 48547 333 21055 59005 60007 70000 RH69%=
41697 22997 00000 10085 20039 30001 40165 333 20070 58003 60007 70000 RH73%=
41700 21994 01302 10095 20063 30013 40146 71000 333 20072 59002 60007 70000 80%=
41701 21994 00000 10065 20042 30015 40166 71000 333 20055 58000 60007 70000 85%=
41710 22997 00000 10055 21081 39377 40182 333 20040 58018 60007 70000 37%=
41712 22997 00000 10050 21030 39209 48499 333 20030 59004 60007 70000 RH56%=
41715 21993 20000 10115 20085 30095 40162 70400 80001 333 20085 56009 58003 60007 70000 82070 RH82%=
41716 21995 00000 10075 20040 30065 40173 70400 333 20066 59003 60007 70000 79%=
41718 21995 00000 10070 20035 30049 40157 70400 333 20066 58003 60007 70000 78%=
41724 21995 30904 10120 20056 30097 40178 70400 83030 333 20085 56090 59005 60007 70000 83030 RH65%=
41725 21995 20000 10110 20043 30076 40158 70500 82030 333 20105 56090 59001 60007 70000 82360 RH63%=
41726 21994 00000 10095 20063 30104 40175 71000 333 20085 59002 60007 70000 RH80%=
41738 01996 00000 10105 20050 30008 40197 70500 333 20105 58026 60007 70000 Rh69%=
41739 22996 00504 10035 21035 39074 48506 333 20015 59006 60007 70000 RH61%=
41742 22996 03602 10115 20036 30054 40163 333 20075 58003 60007 70000 RH 58%=
41743 21995 00000 10110 20068 70400 333 20085 60007 70000 RH 75%=
41744 22996 00000 10050 21014 38782 48497 333 20020 59005 60007 70000 RH 63%=
41745 21995 00000 10110 20079 71000 333 20090 60007 70000 RH 81%=
41746 01995 00000 10105 20062 30102 40160 70400 333 20095 59003 60007 RH75%=
41747 21994 30000 10095 20074 30082 40144 71000 83030 333 20070 59013 60007 70000 RH87%=
41748 21996 03102 10110 20068 30096 40162 70500 333 20100 59006 60007 70000 RH75%=
41749 21995 00000 10100 20068 30122 40158 70400 333 20090 59005 60007 70000 RH81%=
41756 21996 03102 10150 20069 30104 40172 70504 333 20100 59003 60007 70000 RH58%=
41757 22996 00000 10110 21056 30164 40176 333 20095 58012 60007 70000 RH69%=
41757 22996 00000 10110 20056 30164 40176 333 20095 58012 60007 70000 RH69% CORR= 
41759 22996 00000 10110 20068 30165 40171 333 20090 58013 60007 70000 RH75%=
41760 21996 00510 10110 20015 30154 40167 70500 333 20090 58019 60007 70000 RH52%=
41764 22996 00000 10130 20068 30113 40165 333 20125 58014 60007 70000 RH66%=
41765 21996 00000 10140 20102 30128 40165 70400 333 20130 58006 60007 70000 RH78%=
41766 21994 00000 10090 20069 30129 40160 74000 333 20080 59003 60007 70000 RH86%=
41767 21995 00000 10095 20074 3//// 4//// 70400 333 20080 60007 70000 RH87%=
41768 22996 03602 10075 20053 30156 40163 333 20060 58013 60007 70000 RH86%=
41780 21695 30204 10145 20097 30138 40166 70400 83500 333 20138 56900 58009 60007 70000 83630 RH73% CORR=
41783 22996 00000 10160 20124 30129 40159 333 20145 58011 60007 70000 RH 79%=
41785 21996 00000 10115 20074 30156 40169 70400 333 20098 58013 60007 70000 RH 76%=
41786 22996 00000 10090 20057 30082 40150 333 20080 58020 60007 70000 RH 80%=
41BAG 22696 10504 11025 21066 81500 333 21045 56900 60007 70000 81640 71%=
41BKI 21696 80000 10110 20030 39755 40185 70420 83530 333 20075 56990 58027 60007 70000 83640 85360 RH58%=
41SKP 21992 00000 10065 20065 3//// 4//// 74544 333 20063 5//// 60007 70000 100%=
43532 22697 70000 10085 20042 39346 40172 83520 333 20050 56990 59026 60007 70000 83640 8460 74%=
43533 22997 00000 10085 20030 39231 48487 333 20065 59019 60007 70000 68%=
43563 32996 03401 11002 21015 38428 48517 333 21018 59037 RH 91%=


Data Generated from File : D:/all data handling/Rmc_lhr/2025020403.FSU.txt
04/02/2025   04:10:12
____________________________________________________________________________________________
15020 24/70 /3004 11001 21070 30090 40297 52007 333 55300 20000 60007==
15090 24570 53102 11008 21064 30197 40294 52008 85500 333 55300 10220 20000 30000 60007 91005 90730 91106==
15108 21/02 93008 11127 21140 38080 48510 52011 74944 89/// 333 55300 20000 60007==
15150 24/70 53405 11001 21062 30079 40303 52011 85070 333 55300 20000 60007 91008 90730 91108==
15170 22960 03100 11110 21121 39478 42849 52008 333 55300 20000 60007 91001 90730 91101==
15280 22984 03509 11153 21232 37471 47995 52002 333 55300 20000 60007 91013 90730 91115==
15310 24/70 /3302 11017 21061 30203 40294 52011 333 55300 10210 20000 30000 60007==
15335 24970 03203 11004 21048 30280 40287 52011 333 55300 20000 60007 91005 90730 91105==
15350 24/64 /3401 11031 21047 30177 40304 52009 333 55300 20000 60007==
15360 24970 03108 11002 21036 30256 40274 52011 333 55300 20000 60007 91010 90730 91110==
15420 27/48 /0000 11072 21079 30183 40303 52008 7101/ 333 55300 20000 60007==
15460 24/67 /3601 11019 21036 30269 40295 51008 333 55300 20000 60007==
15470 27/59 50301 11002 21011 30165 40298 52006 7101/ 85070 333 55300 20000 60007 91002 90730 91103==
15480 24970 03203 11001 21048 30267 40285 51012 333 55300 10250 20000 30000 60007 91006 90730 91106==
15549 42970 00701 11030 21039 39853 40291 52008 333 10004 21030 555 593// 92602=
15552 42470 23403 11004 21046 30228 40279 52012 82500 333 10034 21004 555 573// 92024 92428 92600=
15640 42970 00000 10001 21013 39961 40287 52009 333 10047 20000 555 590//=
15655 42568 23604 10011 21022 30245 40279 52008 82500 333 10045 20011 555 579// 92034 92437=
15730 41670 83604 10013 21001 39863 40274 52013 72162 8652/ 333 10079 20013 555 59101 69917=
16627 42460 70513 10054 20019 30240 40247 53009 86870 333 82815 86625 87357 90730 91124==
16650 42460 80615 10078 20036 30207 40216 52013 8567/ 333 81712 85620 88358 90730 91130==
16723 42560 59902 10098 20082 30156 40170 57004 83160 333 83820 85358 90730 91104==
16742 42460 23404 10120 20105 30006 40162 57005 82100 333 90730 91110==
16749 42460 29902 10134 20107 30145 40159 56001 82100 333 90730 91106==
16754 42560 41607 10142 20112 30117 40165 57006 82230 333 82820 84358 90730 91112==
16760 47/// /1806 10121 20093 39757 40172 57006 7414/ 333 90730 91110==
16765 46/// /3003 10118 20092 30146 40166 57005 333 90730 91109==
17022 41562 81503 10040 20040 30082 40252 52012 76166 8652/ 333 86625 88458 90730 91112==
17024 47/81 /2111 10031 20027 30158 40237 52014 724//==
17026 47/79 /3114 10064 20035 30190 40228 52017 722//=
17031 41456 73219 10070 20049 30208 40214 52017 78088 85270 333 83712 85828 87358 90730 91126==
17034 41565 72202 10101 20058 30164 40211 53003 78082 84250 333 84830 87360 91106 92427=
17038 42670 60000 10101 20053 30150 40198 52012 84230 333 84835 85360 90730 91114==
17042 46/60 /3201 10105 20044 30168 40208 52023==
17050 41670 83603 10042 21005 30214 40278 52008 70262 8452/ 333 84635 88460 90730 91108==
17056 41565 80106 10057 20026 30257 40261 52010 76066 8552/ 333 85629 88458 90730 91113==
17060 42460 70219 10064 20006 30215 40256 52010 87200 333 83715 87830 90730 91129==
17070 47/// /3403 10018 21006 39339 40221 52019=
17074 46/// /2600 10023 20014 39264 40203 52014==
17084 42670 73302 10008 20002 39278 40193 53006 84550 333 84635 87360 91103=
17085 47/58 /1301 10036 20001 39696 40191 50004 704//==
17092 42970 00000 11048 21072 38877 48500 58001 333 90730 91110==
17096 41009 93001 11200 21200 38237 48520 57003 74944 333 90730 91102==
17098 42960 02902 11177 21193 38185 48508 57002 333 91106=
17100 41940 00000 11048 21098 39238 40270 57002 70500 333 90730 91102==
17112 46/// /0805 10076 20036 30222 40230 52008==
17115 41460 70223 10069 20035 30187 40239 52008 78022 87200 333 83710 85830 90730 91132==
17116 41560 70406 10062 20044 30113 40237 52013 78022 85270 333 85833 87360 90730 91115==
17124 42460 72605 10039 20024 39285 40206 53004 85550 333 82717 85630 85360 90730 91110==
17128 42660 71601 10012 21020 39087 40195 53004 84550 333 84640 87360 90730 91107==
17135 42670 60901 10033 20019 39306 40185 52004 83550 333 83640 86360 90730 91103==
17140 42665 71701 10013 21012 38699 48486 53004 84250 333 84840 87360 90730 91103==
17150 42460 70310 10066 20047 30095 40220 52008 87200 333 83715 86835 91121=
17160 42670 83505 10016 21036 39019 48490 53002 8452/ 333 84636 88459 91107=
17170 42560 10803 11075 21108 38335 48510 53001 81500 333 81630 90730 91106==
17175 41659 70506 10084 20049 30188 40192 52007 78022 84270 333 84836 86359 90730 91114==
17184 42960 03605 10076 20042 30078 40190 56002 333 91110=
17190 42570 60000 10036 20000 38999 48502 53001 86500 333 86630 91102=
17195 42670 30704 11052 21067 38971 48488 53001 82530 333 82640 83358 90730 91106==
17200 42960 02306 11058 21077 39198 40208 51001 333 90730 91109==
17202 42/70 22406 11052 21080 39144 40212 52005 82030 333 82360 90730 91108==
17203 42970 00000 11033 21089 38894 48541 52004 333 90730 91102==
17210 47/82 /0601 10032 21083 39150 40191 53001=
17219 41958 51402 10072 20064 30033 40178 56004 71011 80004 333 85072 90730 91107==
17234 42970 30201 10092 20071 30110 40178 55002 83030 333 83360 91105=
17237 41960 00000 10072 20041 39680 40184 55002 71000 333 90730 91103==
17240 42970 03301 10024 20000 39039 40181 55000 333 90730 91103==
17244 42970 03409 10039 21004 38998 48498 51006 333 90730 91118==
17248 46/63 /0000 11030 21068 38979 40196 53004==
17250 46/70 /0304 11023 21075 38799 40202 50000==
17260 42960 03101 10004 21024 39325 40148 57003 333 91105=
17270 42670 32802 10056 21027 39531 40179 58001 81130 333 81840 83360 90730 91105==
17275 46/74 /0000 10050 21062 38989 40182 50000==
17280 42960 02402 11030 21069 39396 40201 53003 333 90730 91105==
17290 42970 00301 10132 20089 30135 40167 57005 333 91106 92428=
17292 41950 30000 10023 20009 39408 40169 56003 71000 80001 333 83068==
17300 42960 03606 10079 20069 30101 40172 57004 333 90730 91109==
17310 42970 00601 10132 20068 30145 40152 57007 333 90730 91104==
17330 46/// /2902 10101 20052 30157 40168 54000==
17350 42960 03506 10076 20047 30087 40165 57003==
17370 42970 00000 10106 20041 30172 40176 55000 333 91103 92438=
17375 42970 00000 10111 20064 30158 40160 55004 333 90730 91104==
33088 42560 82903 11006 21038 30072 40270 52004 885//==
33135 425// 83002 11009 21031 30085 40238 52010 885// 333 55031 88622==
33177 42560 82702 11004 21034 30044 40290 52003 885//==
33317 425// 83103 11016 21053 39925 40275 52006 8455/ 333 55028==
33393 42560 82602 11013 21052 39893 40301 52001 885// 333 88630==
33415 42660 80000 11009 21058 39876 40289 52004 885//==
33429 42560 83005 11019 21042 39843 40283 52009 8655/ 333 86631==
33466 41562 83202 11009 21034 30048 40242 52014 70282 883//==
33506 41540 63001 11030 21037 30015 40219 52010 71022 86500 333 55013==
33562 42560 83203 11006 21030 39960 40276 52010 8655/==
33587 425// 83303 11008 21040 39981 40254 52012 885// 333 88625==
33658 42684 83004 11003 21067 39987 40298 52005 885// 333 55021 88634==
33663 42560 83002 10006 21041 30180 40279 52012 885//==
33664 42997 63003 11009 21055 39955 40284 52010 86030 333 55019 555 21019 7000/=
33678 42998 82804 11008 21054 30056 40278 52011 8805/ 555 21021 7000/=
33679 42497 83002 11011 21043 30079 40278 52006 885// 333 88617 555 21038 7992/=
33711 42560 83103 11012 21025 30011 40228 52006 883// 333 88921==
33745 42597 62703 11011 21035 30099 40301 52010 85930 333 55029 555 21031 7990/=
33748 42597 83103 11028 21048 39985 40283 52010 883// 555 21030 7992/=
33754 42997 82802 11008 21062 30111 40264 53008 8805/ 333 55022 555 21013 7993/=
33761 42560 83002 11022 21036 30027 40259 52011 885//==
33791 42/80 33001 11032 21043 30098 40231 52008 83030==
33815 42598 73205 11009 21063 30059 40275 52013 87900 333 55032 555 21009 7993/=
33837 42984 03003 11016 21056 30204 40258 53013 333 55006==
33881 42598 53202 11019 21059 30084 40290 52012 85500 555 21022 7994/=
33883 42597 42803 11014 21058 30109 40283 52011 84500 555 21015 7990/=
33885 42997 03502 11024 21054 30155 40303 52012 333 55021 555 21027 7994/=
33892 42997 23102 11030 21065 30067 40290 53012 82020 333 55017 555 21032 7001/=
33902 42960 03104 11029 21042 30179 40241 52012 333 55000==
33924 22560 23405 10018 21029 30228 40241 52014 82500 333 20016 69942 90730 91110==
33946 22464 83502 11008 21009 30009 40238 52016 886// 333 21023 55000 60012 88711==
33983 21560 83106 10015 21001 30135 40197 52023 78582 889// 333 20010 55000 60122 90730 91114==
34300 41540 83001 11031 21044 30031 40215 53009 71022 885//==
34336 21420 83601 11010 21022 30080 40186 57008 78582 8632/ 333 21024 47001 69952==
34344 21440 80303 11007 21007 30085 40175 58011 77172 8872/ 333 21012 43001 60012==
34356 21440 80705 10000 20000 30026 40176 57023 77177 8872/ 333 21005 43006 55021 60042 90730 91110==
34357 21410 80404 11004 21012 30004 40162 56020 78688 889// 333 21008 47007 60072==
34398 424// 81602 11007 21020 30229 40242 58001 886// 333 55000==
34415 42960 52901 11011 21034 30099 40198 53008 80006==
34438 21210 80107 11015 21015 39952 40147 57030 78683 883// 333 21015 47009 60072 91011 90730 91111==
34445 21320 80307 11006 21006 30034 40150 58024 77372 8872/ 333 21014 47008 60042 91010 90730 91111==
34461 21440 80903 10002 21009 30115 40172 56018 77177 8872/ 333 20001 43005 60062==
34473 314// 81204 10005 21007 30172 40211 57003 71022 886// 333 55000 555 20002 7000/=
34476 21540 81004 10005 21002 30202 40210 57005 71022 8393/ 333 20003 55010 60002==
34504 41562 63203 11018 21033 30036 40216 52008 70182 86500==
34535 21410 83405 11009 21009 30058 40131 56029 78688 889// 333 21009 43014 60172 90730 91111==
34545 21460 81107 10014 20014 30003 40115 58031 78088 883// 333 21001 43010 60162 91011 90730 91111==
34555 21420 81304 10010 20004 30057 40149 56022 76376 8872/ 333 21002 43006 60142==
34560 41340 81408 10016 20016 39977 40169 57008 76176 8872/ 333 21001 88707 91010 90730 91111==
34578 21/40 81204 10023 20010 30186 40193 57008 71022 8808/ 333 20023 60002==
34579 21540 80903 10009 20001 30160 40204 57005 71022 885// 333 20009 55006 60002==
34644 21540 81706 10042 20035 30014 40091 56034 71062 8657/ 333 20001 60102 91011 90730 91111==
34646 21/60 81608 10038 20037 30030 40112 57026 76162 8802/ 333 20004 55000 60142 91013 90730 91114==
34655 21440 81208 10042 20026 30083 40143 57011 76062 8872/ 333 20021 60032 91013 90730 91114==
34662 22470 71305 10027 20008 30167 40178 55001 87500 333 20025 69992==
34691 22/70 30000 11017 21023 30437 40424 58007 83030 333 55000 60002==
34720 21440 80000 11007 21010 30106 40146 53007 77172 887// 333 21007 43008 55000 60122==
34727 21460 83610 10007 21008 30136 40167 53020 72688 883// 333 20001 43007 60112 91012 90730 91113==
34743 21540 81505 10037 20030 30044 40133 57009 78082 8695/ 333 20024 60042 91012 90730 91114==
34759 21440 81204 10024 20022 30028 40160 57002 71022 86904 333 20024 55000 60002==
34772 22/60 61003 11006 21018 30191 40194 57007 86055 333 21006 60002==
34785 22960 01004 11024 21031 30229 40206 57010 333 21032 60002==
34798 22960 60605 11015 21035 30343 40313 57003 80005 333 60002==
34824 21540 83404 10014 21003 30168 40174 52028 71022 883// 333 20003 55003 60132==
34838 21/60 82603 10020 20001 30047 40144 53021 70262 8809/ 333 20020 60052 90730 91110==
34845 21440 81802 10042 20031 30036 40144 53010 78082 883// 333 20041 31/// 60032==
34858 21940 61602 10038 20015 30049 40157 58002 71022 86500 333 20030 69902 90730 91110==
34861 22560 81607 10002 21019 39919 40165 57004 885// 333 20002 55000 69902==
34866 22/60 61305 10006 21005 30187 40178 57006 80031 333 21010 60002 90730 91110==
34880 21/05 90802 11021 21024 30225 40198 57011 74541 89/// 333 21021 55000 60002==
34887 21940 80702 11005 21017 30213 40190 57013 71011 80007 333 21016 60002==
34949 22560 81301 10015 20006 39605 40156 52005 8355/ 333 20015 55020 60002==
34954 22460 81402 10042 20009 39981 40155 53002 886// 333 20042 55042 60002==
34958 22570 81302 10036 20009 39957 40157 57008 885// 333 20036 60002 90730 91110==
34975 21905 91203 11004 21004 30182 40178 57011 74541 89/// 333 21008 31/// 60002==
34984 21340 80604 10010 20005 30217 40186 57011 71041 886// 333 21008 60002==
35217 125// 81204 11040 21049 30236 40277 52002 60002 885// 333 47014==
35302 125// 81306 11021 21036 30242 40263 52002 60002 885// 333 42001==
35315 325// 70904 11065 21073 30221 40280 58005 87500 333 47005 555 21066 3/107 7000/=
35344 329// 20703 11140 21166 30035 40344 52010 80001 333 47031 55019 555 21154 7000/=
35358 129// 00901 11130 21157 30162 40341 53008 60002 333 43022==
35368 32998 00000 11123 21158 30095 40379 53006 333 48041 55086 555 21125 7000/=
35386 32998 00802 11108 21133 39861 40412 57003 333 47026 555 21130 7000/=
35394 12970 40605 11090 21119 39702 40414 57003 60002 80001 333 47037==
35404 325// 81505 11008 21020 30241 40249 52001 8453/ 555 21009 34101 7000/=
35406 125// 81004 11028 21038 30259 40261 52001 60002 885// 333 46003 55000==
35416 125// 30901 11076 21102 30157 40283 54000 60002 83500 333 47009 55000==
35426 129// 20502 11128 21160 39997 40307 53002 60002 80001 333 47012==
35437 329// 31002 11117 21142 30060 40395 53004 80003 333 47016 55038 555 21128 7000/=
35449 329// 30504 11120 21144 30225 40335 52006 80001 333 48016 555 21123 7000/=
35497 12970 30503 11066 21126 39826 40678 57001 60002 80001 333 47053==
35498 32998 02201 11140 21167 39476 40414 57003 333 47050 555 21140 7000/=
35514 32598 80903 11031 21045 30470 40466 57001 885// 333 42003 555 21032 7000/=
35522 326// 30904 11104 21130 30022 40287 58002 83500 333 47005 555 21104 7990/=
35542 329// 00905 11129 21143 30170 40327 53004 333 47008 55076 555 21130 7000/=
35563 32998 81703 11120 21142 39567 40382 53002 80001 333 47026 55072 555 21128 7000/=
35576 12970 20404 11139 21169 39906 40387 53004 60002 80001 333 47028==
35582 32998 00504 11160 21197 39760 40407 53002 333 47020 555 21160 7000/=
35594 32999 01302 11163 21189 39513 40415 53002 333 47030 555 21173 7000/=
35605 32598 80807 11009 21015 30261 40239 57005 885// 555 21014 7000/=
35633 319// 20403 11140 21154 30080 40308 53007 71000 80003 333 44004 55080 555 21140 7000/=
35671 11970 00806 11089 21118 39909 40359 52002 60002 73633 333 47012==
35699 11940 00510 11064 21122 39574 40355 57001 60002 73833 333 48020 91016==
35700 12570 71304 11007 21017 30259 40235 57003 60002 87500 333 55017==
35715 32997 01205 11047 21075 30274 40259 53003 555 21048 7000/=
35739 329// 00702 11102 21146 30121 40267 58007 333 48004 555 21105 7000/=
35746 129// 20505 11066 21098 30212 40281 53002 60002 80001 333 46997 55088==
35777 32997 00507 11121 21148 39979 40345 57002 333 47011 555 21130 7000/=
35796 11960 00407 11088 21117 39888 40343 57001 60002 73630 333 48031 55093==
35849 129// 00000 11080 21107 30170 40260 53001 60002 333 42/// 55094==
35895 32998 00206 11109 21131 39881 40349 53006 333 47009 555 21110 7000/=
35907 32998 80803 10019 21003 30232 40201 57010 8802/ 555 20006 7990/=
35925 119// 20702 11080 21090 30149 40265 53005 60002 71000 80001==
35927 319// 31103 11046 21059 30253 53004 72841 80001 555 21048 7000/=
35953 129// 30714 11075 21119 30123 40257 53003 60002 80001 333 41998 91015 90730 91118==
35969 12/84 20506 11086 21145 30108 40289 52011 60002 82030 333 46001==
35997 31996 00501 11141 21168 39865 40328 53007 71000 333 47002 555 21141 7000/=
36259 42984 20000 11336 21371 38383 48663 52005 80001 333 21377==
36335 32999 00000 11119 21138 39363 40445 53002 333 48042 555 21126 7000/=
36358 31/93 93502 11101 21112 39372 40439 53004 74542 333 47017 555 21101 7000/=
36394 32997 01201 11254 21267 30011 40485 53003 333 48017 555 21255 7000/=
36397 11940 00000 11205 21224 39854 40476 53007 60002 71000 333 47009==
36403 31993 00000 11223 21235 30069 40469 53001 74440 333 48045 55065 555 21227 7000/=
36418 31996 32601 11221 21235 39813 40494 53006 71011 80003 333 48079 555 21246 7000/=
36421 31996 80000 11241 21254 39870 40500 53001 71022 8801/ 333 47115 555 21263 7000/=
36428 12584 23102 11268 21300 39935 40501 53002 60002 82600 333 47061 55075==
36439 31998 01209 11156 21197 39117 48593 54000 73633 333 48038 555 21168 7000/=
36498 31998 00413 11079 21150 39560 40381 58012 73730 333 48049 91019 91118 555 21100 7000/=
36501 31993 00000 11130 21138 39645 40445 53003 74442 333 47005 555 21143 7000/=
36535 12/84 50000 11264 21280 39801 40513 53005 60002 82031 333 48096 55071==
36546 32999 00000 11246 21269 39817 40415 52006 333 47048 555 21270 7000/=
36619 32999 00703 11131 21166 333 47024 555 21197 7000/=
36622 31998 00408 11129 21169 39562 40413 56003 73633 333 48040 555 21129 7000/=
36639 12984 01207 11057 21185 39729 40351 57002 60002 333 47078==
36643 /1596 83301 11203 21219 39760 40487 53002 72272 8557/ 333 47016 555 21217 69942 7994/=
36665 31996 70000 11171 21192 39681 40466 53003 71022 83032 333 47022 55042 555 21172 7000/=
36666 /1497 72301 11198 21215 39946 40487 53006 77172 85670 333 47016 55041 555 21259 69902 7990/=
36729 31998 00908 11106 21129 39830 40334 57005 73633 333 43015 91015 91119 555 21123 7000/=
36736 32999 00505 11089 21155 39807 40386 54000 333 48022 55092 555 21191 7000/=
36744 32998 00404 11136 21156 39838 40315 57013 333 47004 555 21165 7000/=
36770 32999 00000 11252 21253 39532 40336 57003 333 47028 555 21260 7000/=
36786 32999 03201 11140 21175 39328 40297 57009 333 47063 555 21141 7000/=
36796 32998 00000 11310 21338 39057 48465 56007 333 47077 555 21312 7000/=
36803 31996 01216 11102 21108 39856 40324 57007 73833 333 43005 91022 91123 555 21114 7000/=
36806 32999 01614 11130 21192 39872 40375 57009 333 41998 91018 91122 555 21153 7000/=
36819 31997 60000 11189 21201 39656 40319 53008 71011 80001 333 47004 55077 555 21189 7000/=
36821 11940 00000 11176 21181 39791 40319 53002 60002 71000 333 43002==
36839 32999 01801 11164 21231 39113 40318 57002 333 47015 555 21190 7000/=
36843 32998 01801 11084 21155 39063 40276 57004 333 47045 555 21094 7000/=
36846 32999 00502 11101 21198 38616 48506 56001 333 47074 555 21156 7000/=
36859 12/84 20000 11102 21136 39514 40334 57005 60002 82040 333 46006==
36870 12970 00000 11099 21115 39219 40274 53002 60002 333 43031==
36874 31/93 91801 11194 21205 39601 40455 54000 74941 333 47015 555 21196 7000/=
36877 32999 00000 11174 21183 39640 40732 53001 333 47019 555 21186 7000/=
36885 32999 01802 11133 21149 39106 40298 53001 333 47038 555 21136 7000/=
36889 32999 01802 11072 21211 37020 47035 57004 333 47015 555 21086 7000/=
36894 32999 20706 11081 21131 39504 40270 53001 82040 333 47012 555 21090 7000/=
36905 32999 21102 11057 21132 38756 48516 57005 80002 333 47025 55091 555 21086 7000/=
36911 12999 00000 11119 21125 39258 40289 52015 6//// 333 21126 43004 555 51060 530// 7000/=
36927 12699 33202 11060 21123 38358 48530 54000 6//// 82902 333 21060 555 51027 530// 7000/=
36934 12698 70501 11048 21088 38276 48410 53002 6//// 86932 333 2//// 555 11031 5//// 530// 7000/=
36953 32899 20000 11165 21196 38214 48508 57004 82040 333 47021 55091 555 21235 7000/=
36963 12999 11102 11123 21246 37006 48/// 53003 6//// 80001 333 2//// 4/007 555 11133 5//// 530// 7000/=
36974 12998 00000 11200 21212 38006 48576 53007 6//// 333 2//// 4/005 555 11158 5//// 530// 7000/=
36982 12999 20701 11163 21292 36507 47117 53003 6//// 80001 333 21219 45001 555 5//// 530// 7////=
37018 21560 82504 10054 20049 30096 40171 52014 72582 889// 333 20054 55000 60122 90730 91110==
37031 21560 81801 10044 20037 39958 40154 52017 78182 889// 333 20042 55022 60042==
37054 21440 80901 10030 20009 39768 40154 55003 71022 885// 333 20030 60002==
37061 21/40 81002 10037 20016 39994 40164 57006 71022 8805/ 333 20036 55002 60002==
37085 22540 80804 10030 20028 30202 40174 57015 885// 333 20005 30/// 60002==
37171 21440 81702 10076 20067 30164 40182 52004 78182 889// 333 20070 60042 82715==
37228 22/60 82701 11006 21031 39302 40149 57013 8807/ 333 21020 55065 60002==
37235 21/05 90000 10020 20019 39835 40155 57010 74544 89/// 333 20016 60002==
37472 21540 61404 10064 20046 30182 40160 57012 71022 82571 333 20061 30/// 55038 60002==
38149 12970 02902 11108 21114 30165 40247 53002 60002==
38178 12970 01002 11065 21093 39933 40232 53003 60002 333 55074==
38262 12920 33301 11076 21081 30154 40239 57006 60002 80001 333 55072==
38264 12970 02902 11077 21091 30143 40242 52006 60002==
38345 12999 80801 11045 21097 38804 48489 52009 6//// 8802/ 333 21140 3/116 47005 555 5//// 530// 7000/=
38353 12997 20000 11108 21114 39338 40293 52018 6//// 82030 333 21110 3/121 47010 555 5//// 530// 7000/=
38388 32998 00000 11066 21098 30159 40233 58008 333 21068 34110 55086 555 7000/=
38392 32997 23002 11074 21080 30124 40233 53004 80001 333 21090 34108 55093 555 7000/=
38396 12960 20000 11058 21069 30107 40239 53007 60002 80001 333 21064==
38403 12960 02701 11082 21139 30097 40224 53009 60002==
38413 12/70 61203 11010 21061 39921 40221 58001 60002 86030 333 55078==
38457 12/60 70501 10001 21043 39633 40235 52015 60002 84041 333 55070==
38462 12/84 40501 11047 21153 38758 48496 52011 60002 82051 333 21057==
38507 32996 40000 10018 20013 30113 40218 57011 84030 333 21009 30102 55082 555 7000/=
38545 32998 50000 11044 21046 30050 40234 53011 85080 333 21047 34110 55066 555 7000/=
38565 12970 00000 11055 21085 39609 40183 52008 60002 80003 333 21056==
38579 12/60 72804 10040 21022 39800 40222 52013 60002 83071 333 55032==
38583 11620 80902 11030 21030 39902 40237 52013 60002 71044 83541==
38599 31995 80000 11012 21023 39699 40252 52022 71022 82031 333 21021=
38611 11/40 63201 11002 21036 39665 40252 52014 60002 71011 86040 333 55081==
38613 12998 60402 11023 21070 40253 52012 6//// 80001 333 21038 31102 555 11003 5//// 530// 7000/=
38616 12598 61801 11020 21082 39223 40269 52018 6//// 83501 333 2//// 555 11012 5//// 530// 7000/=
38618 11/60 80301 11015 21015 39534 40245 52016 60002 71021 8807/ 333 55077==
38647 32997 00903 11014 21058 30164 40208 57002 333 21017 34105 555 7000/=
38656 32998 00000 11052 21077 30117 40233 53001 333 21053 34106 55091 555 7000/=
38683 11920 61803 11026 21046 39956 40244 52013 60002 71022 80001==
38687 32996 22301 11050 21057 30001 40249 52007 80001 333 21052 34105 55063 555 7000/=
38696 12960 40701 11021 21030 39369 40255 52014 60002 80004 333 55068==
38713 32998 81802 11020 21082 39042 48490 51001 80004 333 21034 55086=
38750 31993 03101 11027 21027 30250 40221 58008 74444 333 21028 31101 55090 555 7000/=
38763 32997 00000 11024 21050 30114 40224 57003 333 21024 34106 55026 555 7000/=
38774 32997 02101 10008 21028 30042 40243 53015 333 20006 30104 555 7000/=
38799 32997 01801 11050 21060 30004 40248 53017 333 21052 31105 555 7000/=
38806 32997 61602 11023 21038 39961 40233 52009 86050 333 21028 34105 555 7000/=
38812 11920 20802 11004 21035 39777 40246 52006 60002 71000 80001==
38836 41697 80902 10034 20034 39277 40226 53026 71022 885// 333 20030=
38880 12997 00000 11008 21033 39960 40224 53005 60002 333 21008 34101 555 7000/=
38886 31996 00000 11027 21047 30002 40240 53002 71000 333 21032 34108 555 7000/=
38895 32996 00000 11030 21043 39950 40254 53005 333 21030 34106 555 7000/=
38911 31996 50000 10008 21035 39946 40250 52006 71011 80002 333 20006 34110 55024 555 7000/=
38915 32997 40000 10010 21025 39920 40253 53008 80004 333 21001 34103 555 7000/=
38927 11927 70801 10013 21004 39869 40256 52013 60002 71022 80001 333 55034==
38933 31796 82301 10034 21004 39739 40264 52012 71022 885// 333 20030=
38944 31696 80000 10036 20015 39648 40192 52016 71022 885// 333 20033=
38954 32899 80000 11107 21120 37934 48540 58034 86920 333 21132=
38974 32998 01801 11003 21030 39887 40233 54000 333 21004 30101 55082 555 7000/=
38987 32996 32301 11030 21040 39488 40264 53003 80001 333 21030 34103 55066 555 7000/=
40100 43/70 00905 10124 20029 30160 40176 58008 333 58///=
40180 01957 00901 10086 20070 30112 40162 57001 71000 333 70000==
40199 02/// /3605 333 70000==
40265 41957 00000 10031 21052 39378 40177 57004 70500=
40270 41950 02303 10088 20001 39262 40155 57008 70500=
40272 41950 00000 10030 21039 39336 40187 57002 70500=
40340 41956 30104 10116 20029 30094 40159 57004 70500 333 83070=
40356 42960 21104 10062 21090 39178 48488 82010 333 59043 82460 555 04410 50152=
40357 42960 00000 10070 21060 39512 40155 333 59050=
40360 42960 02604 10053 21040 39565 40158 333 59040=
40361 42960 00000 10088 21110 39383 40199 333 59049=
40362 42960 01605 10080 21050 39653 40171 333 59042=
40373 42660 31907 10103 21030 39767 40188 83500 333 59033 83635=
40375 41950 40000 10067 21130 39270 40143 70400 80002 333 59041 84070=
40394 42960 02008 10064 21070 39039 48510 333 59034 555 04410 50175=
40400 42960 20204 10170 20020 30102 40130 80001 333 59027 82070=
40405 42960 01901 10055 20000 39434 40209 333 59033=
40417 42960 00000 10060 21040 30188 40204 333 59007=
40420 42960 10000 10064 21070 39993 40212 81030 333 59008 81360=
40430 42960 03403 10145 21040 39419 40176 333 59038=
40437 42960 01402 10059 21070 39493 40214 333 59021=
40439 42960 00405 10156 20060 30095 40113 333 59026=
40582 32960 21706 10075 21010 40195 55000 80001 333 55300 00000 10214 20000 30000 40942 51156 60000 55407 40000 90401 91005 91107 91205 91305=
40703 42960 00000 11064 21125 38920 40220 53009 333 10064 21066 70000 555 11076 29062 66666 01042 11038 20004 30014 50060 90090=
40706 42960 00403 11034 21118 38650 40227 52005 333 10026 21036 70000 555 11056 29052 66666 01024 10005 20037 30047 50055 90075=
40712 41956 02803 11049 21097 38673 40221 52005 70500 333 10015 21056 70000 555 11060 29069 66666 01004 10006 20016 30020 50036 90055=
40713 41957 20903 11021 21104 38647 40193 53004 70500 80001 333 10046 21021 70000 82069 555 11044 29053 66666 00025 10045 20055 30060 50073 90098=
40718 42960 02401 10048 20042 30222 40193 53002 222// 0//// 20301 333 10101 20048 70000 555 10046 29096 66666 00096 10104 20100 30096 50112 90132=
40723 41950 10000 11095 21107 38965 40257 54000 71000 80005 333 11004 21095 70000 81272 555 11095 29091 66666 01032 11020 20018 30032 50052 90072=
40726 42960 00000 11038 21094 38653 40212 53004 333 10050 21044 70000 555 11053 29065 66666 00004 10006 20032 30036 50048 90084=
40727 42960 00000 11098 21128 38484 40239 52007 333 10057 21100 70000 555 11102 29079 66666 01011 10012 20026 30033 50042 90076=
40732 42960 02402 10044 20024 30205 40180 56001 333 10096 20042 70000 555 10036 29087 66666 00070 10074 20086 30098 50110 90128=
40736 42960 01501 10038 20029 30220 40194 55001 333 10095 20033 70000 555 10034 29094 66666 00052 10060 20080 30086 50097 90121=
40737 42960 00000 11017 21029 30170 40188 55001 333 10080 21017 70000 555 11020 29091 66666 00062 10075 20088 30090 50109 90124=
40738 42960 00000 11003 21014 30212 40214 56003 333 10068 21007 70000 555 11007 29092 66666 00026 10040 20070 30086 50100 90126=
40739 42965 03202 11017 21124 38690 40220 52006 333 10062 21032 70000 555 11046 29044 66666 01004 11002 20042 30050 50066 90092=
40741 42960 00000 11008 21049 39882 40225 56003 333 10083 21008 70000 555 11020 29074 66666 00022 10041 20064 30077 50093 90116=
40743 42965 00805 10001 21072 39067 40207 53004 333 10066 21002 70000 555 11022 29058 66666 00034 10056 20090 30107 50118 90134=
40745 41950 10000 11038 21056 39053 40239 53001 71000 80002 333 10040 21039 70000 555 11042 29087 66666 01020 10002 20040 30060 50072 90110=
40747 42960 00000 11064 21110 38643 40224 53006 333 10087 21069 70000 555 11074 29070 66666 01017 10021 20047 30060 50067 90094=
40754 42960 00000 10024 21119 38821 40183 53002 333 10093 20021 70000 555 11019 29034=
40762 42965 00000 11049 21106 38551 40220 53003 333 10040 21053 70000 555 11062 29064 66666 01018 10006 20028 30046 50064 90092=
40766 42960 51904 11032 21087 38703 40210 53004 80001 333 10136 21034 70000 85067 555 11047 29066 66666 00006 10039 20052 30059 50072 90101=
40768 42960 00000 11071 21086 38254 40234 52005 333 10011 21080 70000 555 11073 29089 66666 00000 10010 20025 30037 50036 90058=
40769 42960 50000 11041 21082 38286 40196 54000 80002 333 10064 21042 70000 85069 555 11052 29073 66666 00002 10006 20024 30032 50062 90104=
40780 42960 00702 10013 21072 38698 40229 53009 333 10055 20004 70000 555 11016 29053 66666 00050 10060 20066 30068 50080 90100=
40782 42960 21202 11018 21050 38881 40221 53005 80001 333 10075 21019 70000 82070 555 11028 29079 66666 00018 10022 20054 30060 50096 90116=
40785 42960 30000 11004 21050 39101 40222 52006 83030 333 10092 21008 70000 83360 555 11019 29071 66666 00048 10064 20072 30080 50100 90160=
40791 42962 00601 10024 21130 39370 40209 53008 333 10123 20024 70000 555 11020 29031 66666 00062 10076 20104 30122 50136 90160=
40792 42965 00604 11014 21136 38724 40214 53007 333 10061 21019 70000 555 11046 29039 66666 00016 10028 20054 30078 50112 90122=
40798 42960 23401 11079 21127 37959 40242 50001 80001 333 21090 82070 555 11089 29069 66666 01026 11008 20028 30046 50059 90081=
40800 42960 20000 11043 21103 38467 40231 53003 80009 333 10064 21043 70000 82170 555 11058 29063 66666 01038 11004 20056 30070 50086 90120=
40809 42965 01103 11072 21156 38507 40238 53008 333 10047 21072 70000 555 11089 29051 66666 01020 10011 20064 30086 50101 90129=
40811 41958 21001 10056 20002 30165 40192 55000 70510 81031 333 10177 20056 70000 81360 555 10035 29068 66666 00100 10132 20160 30170 50186 90208=
40812 42960 03201 10068 20006 39798 40181 52001 333 10125 20068 70000 555 10043 29064 66666 00092 10110 20134 30152 50164 90194=
40821 42962 11203 10020 21123 38797 40214 53004 80001 333 10086 20014 70000 81070 555 11022 29034 66666 00033 10052 20089 30100 50106 90134=
40829 42960 02302 11009 21095 39642 40235 52017 333 10102 21013 70000 555 11033 29052 66666 00000 10030 20106 30104 50140 90176=
40831 42960 02001 10064 21008 30184 40193 56004 333 10179 20059 70000 555 10037 29060 66666 00084 10120 20190 30190 50200 90232=
40833 42960 00000 10078 21001 30161 40194 55007 333 10180 20074 70000 555 10047 29057 66666 00110 10136 20160 30176 50196 90216=
40841 42960 01602 11070 21132 38260 40251 52008 333 10044 21072 70000 555 11083 29061 66666 00038 10036 20056 30086 50110 90146=
40845 41950 00000 10106 20084 30192 40197 53006 71000 333 10170 20105 70000 555 10095 29086 66666 00120 10134 20164 30170 50188 90202=
40848 41957 50000 11010 21048 38540 40214 53005 70510 80006 333 10092 21015 70000 85270 555 11022 29075 66666 00030 10050 20082 30094 50102 90123=
40854 42960 02803 10048 21080 38973 40195 53008 333 10112 20044 70000 555 10006 29039 66666 00050 10090 20126 30148 50164 90198=
40856 42960 01702 11026 21121 38665 40232 52010 333 10089 21026 70000 555 11051 29048 66666 00000 10032 20066 30092 50110 90136=
40859 42960 33302 11014 21054 38725 40221 52007 82032 333 10100 21014 70000 82360 83070 555 11026 29074 66666 00004 10064 20098 30114 50126 90150=
40875 41950 13304 10111 20071 30178 40190 53013 70500 80001 333 10195 20101 70000 81070 555 10092 29076 66666 00110 10170 20198 30200 50224 90244=
40879 42965 00502 10059 21096 39523 40217 52016 333 10164 20054 70000 555 10011 29032 66666 00124 10144 20182 30194 50204 90234=
40882 42960 13203 10163 20091 30151 40186 53011 81030 333 10200 20162 70000 81360 555 10126 29062 66666 00156 10176 20196 30206 50216 90244=
40883 41958 40203 10128 20050 30156 40183 53001 70500 84030 333 10209 20124 70000 84360 555 10092 29059 66666 00138 10160 20190 30210 50226 90246=
40893 41958 00402 10166 20057 30180 40186 53010 70500 333 10223 20165 70000 555 10114 29049 66666 00176 10185 20216 30219 50241 90221=
40898 42960 00303 10181 21010 30177 40186 53017 222// 00228 20900 333 10232 20166 70000 555 10100 29027 66666 00160 10184 20226 30230 50250 90268=
41024 42960 00000 10230 20120 30095 40121 333 58001=
41036 42960 00000 10120 21010 38566 48515 333 59013 555 04410 50141=
41055 42960 01505 10106 21080 38367 48515 333 59016 555 04410 50150=
41061 42960 01108 10090 21070 39474 40195 333 59009=
41084 42960 00000 10105 21090 38867 48517 333 59012 555 04410 50143=
41112 42960 00000 10087 21040 37955 48531 333 59001 555 04410 50142=
41114 42960 01504 10078 21010 37993 48530 333 59002 555 04410 50131=
41128 42960 00000 10090 21070 38846 48545 333 59004 555 04410 50197=
41136 42960 01010 10107 21090 39372 40200 333 58008=
41140 42560 21306 10238 20200 30130 40143 82400 333 58012 82630=
41150 42962 19902 10144 20107 40201 80001 333 59007 81075=
41170 41959 39902 10143 20109 30192 40206 70500 82031 333 58002 82362=
41176 44/10 /2903 10092 20083 30203 40209 333 58002=
41184 42960 02205 10111 20061 40206 333 58017=
41194 41957 01905 10151 20089 30191 40197 70500 333 58017=
41196 41958 01504 10138 20085 30160 40203 70500 333 58017=
41216 42960 19901 10172 20099 30195 40199 80001 333 58006 81075=
41217 41956 01503 10142 20106 30168 40198 70500 333 58009=
41240 26/// /1503 10191 20080 30179 40210 333 0E136 55300 25022 58014 70000=
41256 32960 02404 10172 20087 30176 40193 333 58015 55004 55407 55408 55507 55508=
41265 36/// /3004 10119 20082 39593 40180 333 0E016 55300 20000 58021=
41267 36/// /2906 10201 20072 30177 40190 333 0E018 58021=
41275 36/// /3312 10114 20072 30029 40206 333 0E010 55300 20000 58006=
41288 32460 63205 10203 20169 30167 40189 86500 333 58017 86615=
41396 42965 00001 10068 21034 39465 40231 333 58006=
41480 42558 30815 10247 20166 30165 40173 70544 83500 333 58022 83620=
41506 11440 80000 10015 20003 38538 48350 60021 77172 847// 333 20002 568// 59018 70220==
41508 12440 42301 10028 20018 38680 48440 60001 84200 333 21020 56800 59005 70000==
41515 11440 80000 10004 21008 38609 48670 60011 72162 8572/ 333 21004 5688/ 58004 70120==
41516 12940 10000 11020 21069 38555 48110 60001 81030 333 21040 59067 70000==
41517 11940 00000 11060 21091 37795 48470 60001 70400 333 21068 59074 70000==
41518 12460 30000 10017 21036 30001 48010 60001 81230 333 20006 56880 58000 70000==
41519 12960 10000 10060 21051 38819 48500 60001 81030 333 20054 56080 59032 70000==
41523 12460 70000 10040 21011 39094 48940 60001 84530 333 20010 56880 59034 70000==
41535 12440 20000 10030 21024 38722 48840 60001 82500 333 20016 56800 58016 70000==
41536 12960 50000 10085 20016 39058 48170 60001 85030 333 20032 56080 58017 70000==
41560 12960 00000 10005 21007 38307 48400 60001 333 21030 58009 70000==
41571 11940 10502 10095 20042 39600 40201 60001 70500 81030 333 20070 56080 58028 70000==
41598 11920 00000 10075 20053 39894 40176 60001 71000 333 20068 58025 70000==
41600 11920 00000 10085 20063 39870 40177 60001 71044 333 20064 58021 70000==
41620 11940 00000 10025 21066 38565 48670 60001 70500 333 20010 59015 70000==
41624 11910 00000 10105 20050 39912 40118 60001 70400 333 20090 59028 70000==
41630 11910 00000 10070 20047 30000 40179 60001 71000 333 20054 58021 70000==
41640 11910 00000 10100 20079 39917 40174 60001 71040 333 20074 58016 70000==
41660 12960 21302 11015 21043 38444 48360 60001 82030 333 21026 56080 58025==
41678 11940 00000 10100 20044 30000 40164 60001 70400 333 20074 58000 70000==
41696 12960 00000 11035 21078 38003 48470 60001 333 21056 59005 70000==
41697 12960 00000 10085 20039 30001 40165 60001 333 20070 58003 70000==
41700 11910 01301 10095 20063 30013 40146 60001 71000 333 20072 59002 70000==
41710 12960 00000 10055 21081 39377 40182 60001 333 20040 58018 70000==
41712 12960 00000 10050 21030 39209 48990 60001 333 20030 59004 70000==
41715 11905 20000 10115 20085 30095 40162 60001 70400 80001 333 20084 56008 58003 70000==
41718 11920 00000 10070 20035 30049 40157 60001 70400 333 20066 58003 70000==
41725 11920 20000 10110 20043 30076 40158 60001 70500 82030 333 20104 56080 59001 70000==
41739 12940 00502 10035 21035 39074 48060 60001 333 20014 59006 70000==
41744 12940 00000 10050 21014 38782 48970 60001 333 20020 59005 70000==
41749 11920 00000 10100 20068 30122 40158 60001 70400 333 20090 59005 70000==
41756 11940 03101 10150 20069 30104 40172 60001 70504 333 20100 59003 70000==
41757 12940 00000 10110 21056 30164 40176 60001 333 20094 58012 70000==
41759 12940 00000 10110 20068 30165 40171 60001 333 20090 58013 70000==
41764 12940 00000 10130 20068 30113 40165 60001 333 20124 58014 70000==
41768 12940 03601 10075 20053 30156 40163 60001 333 20060 58013 70000==
41780 11420 30202 10145 20097 30138 40166 60001 70400 83500 333 20138 56800 58009 70000==
41785 11940 00000 10115 20074 30156 40169 60001 70400 333 20098 58013 70000==
41859 01940 00501 10186 20150 30115 40153 70540 333 20147 58006 70000==
41883 31440 80000 10172 20160 30128 40149 70542 8452/ 333 20142 56999 58005 70000 84618 88458=
41891 01935 00902 10195 20140 30108 40148 70500 333 20152 59004 70000==
41907 01905 00000 10155 20150 30134 40149 74522 89/// 333 20121 58005 70000==
41923 01940 02702 10226 20100 30139 40149 70500 333 20160 58001 70000==
41936 01907 00000 10180 20160 30137 40144 74244 333 20140 58009 70000==
41943 01930 00000 10200 20150 30138 40146 70540 333 20125 59003 70000==
41950 01930 00000 10204 20160 30145 40147 70500 333 20150 58000 70000==
41978 01935 00503 10218 20130 30137 40143 70500 333 20161 59002 70000==
41992 01930 00301 10251 20070 30140 40142 70500 333 20192 59001 70000==
42027 32996 03401 11002 21015 38428 48517 333 21018 59037 555 10027=
42071 31/90 99902 10068 20068 40180 74544 333 10210 20065 58016 555 10008=
42101 31594 63602 10124 20116 40168 71042 83530 333 10202 20090 58002 83630 83460=
42111 21595 73202 10128 20082 39435 40151 76022 84820 333 10250 20099 58015 6990/ 83620 84830 87458 555 00000 10007=
42123 31595 61401 10104 20096 40169 71010 83570 333 10233 20089 58009 83630 86359 555 10013=
42131 31694 40000 10112 20104 40166 71010 82530 333 10198 20095 555 10013=
42165 31695 40000 10102 20054 40159 71022 84500 333 10243 20096 58003 84635=
42182 21694 60000 10144 20129 40161 71062 83530 333 10244 20128 58003 6995/ 83635 85360 555 00005 10007=
42189 21595 72902 10158 20092 40151 70562 86501 333 10233 20125 58010 6991/ 86620 87060 555 00001 10013=
42309 31995 30000 10176 20156 40153 71000 80030 333 20087 59001=
42314 31995 13604 10182 20151 40152 71040 81030 333 20122 59003 81360 555 10036=
42328 31995 00000 10100 20042 40155 70500 333 10247 20084 58016 555 10002=
42339 31995 30000 10152 20076 40160 70500 80001 333 10276 20148 58011 83070 555 10001=
42348 21594 70910 10186 20109 40150 70521 84530 333 10251 20165 59001 6990/ 84630 85360 555 10013=
42361 31595 50000 10154 20133 40159 70500 82530 333 20143 58004 82620 85360 555 10003=
42369 31595 63202 10168 20117 40162 70522 84530 333 10280 20128 58015 84620 84360 555 10001=
42379 31995 00000 10158 20114 40149 70500 333 10261 20100 58016 555 10000=
42398 31995 09902 10174 20136 40148 71000 333 20134 58005=
42410 42623 31494 10118 20103 39271 40000 40167 71000 82530 333 20076 59002 82618 84360 555 10002=
42415 31995 00000 10172 20151 40160 71000 333 20135 58001 555 10018=
42452 21594 60000 10182 20159 40138 71022 83520 333 10250 20178 59008 6990/ 555 00000 10014=
42492 31994 00000 10179 20127 40156 70500 333 10272 20155 58011 555 10001=
42559 32996 00902 10170 20131 40140 333 20152 59001 555 10000=
42571 31996 00501 10174 20135 40154 70500 333 20147 58001 555 10002=
42591 31994 00000 10166 20121 40165 71000 333 20124 58001 555 10000=
42623 31494 40000 10118 20103 39271 40167 71000 82530 333 20076 59002 82618 84360 555 10002=
42634 32896 40000 10162 20102 40174 84030 333 20154 58034 84358 555 10000=
42647 31995 03402 10196 20085 40151 70400 333 20174 58018 555 10000=
42667 31996 01105 10220 20166 39550 40139 70500 333 20110 58010 555 10000=
42675 31996 20000 10198 20168 40149 70500 82030 333 20156 58006 82360 555 10000=
42701 31995 00000 10176 20101 39410 40148 70500 333 10277 20126 58004 555 10000=
42724 31994 00000 10178 20161 40144 71000 333 20128 59001 555 10000=
42737 32996 33205 10174 20075 40171 80001 333 20152 58030 83070 555 10000=
42754 31994 41102 10204 20130 39500 40139 71000 80001 333 20166 58002 84075 555 10000=
42779 32996 00000 10186 20146 39455 40162 333 20148 58012 555 10000=
42798 31995 02903 10184 20142 40154 71000 333 20142 58009 555 10000=
42809 31995 00000 10214 20130 40150 70500 333 20162 58003 555 10000=
42840 31995 00000 10196 20156 40150 71000 333 20182 58022 555 10000=
42867 31995 12701 10230 20179 40147 70500 80001 333 20186 58009 81075 555 10001=
42874 31996 00000 10244 20184 40147 70500 333 20198 58010 555 10000=
42886 31995 03202 10226 20160 40158 70500 333 20172 58012 555 10000=
42895 31594 40000 10200 20190 40159 71040 82530 333 20179 58014 82620 83360 555 10000=
42909 32896 20203 10190 20101 40157 82030 222// 20000 333 20183 58023 82358 555 10000=
42971 31994 00502 10250 20223 40157 71140 333 20216 58014 555 10000=
43003 31995 43203 10214 20134 40143 70422 80001 333 20176 58019 84075 555 10000=
43014 31995 00000 10194 20155 39488 40143 70542 333 20176 58010 555 10000=
43041 31995 00000 10224 20174 39533 40152 70500 333 20180 58010 555 10000=
43063 31996 20000 10184 20161 39523 40158 70511 80001 333 20148 58011 82070 555 00000 10000=
43086 31996 00000 10230 20214 39962 40141 70500 333 10356 20184 58015 555 10000=
43110 31994 10000 10226 20181 40140 71040 80001 333 20191 58014 81080 555 10000=
43117 32997 20000 10220 20170 40146 80001 333 20187 58008 555 10000=
43128 31996 09902 10242 20145 39539 40144 70500 333 10338 20174 58009 555 10000=
43150 31595 33605 10250 20232 30092 40153 70510 81501 222// 20000 333 10317 20212 58017 81620 83075 555 10000=
43185 31996 00000 10218 20192 30139 40143 70500 333 10338 20198 58011 555 10000=
43189 31996 00000 10242 20202 30141 40150 70500 333 10354 20205 58011 555 10000=
43192 31995 00000 10214 20192 40129 70500 333 20200 58010 555 10000=
43198 32496 31403 10196 20100 39308 40140 82501 333 10328 20128 56309 58005 82612 555 10000=
43201 32997 32302 10250 20077 39391 40111 80001 333 10339 20152 58008 83075 555 10000=
43213 31996 00000 10212 20176 39813 40135 70500 333 10364 20187 58007 555 10000=
43233 32997 30000 10192 20173 39331 40161 80001 333 10323 20135 58012 555 10000=
43237 31996 20000 10180 20110 39724 40126 70500 80001 333 10351 20147 58009 82075 555 10000=
43245 32997 03202 10242 20214 30116 40143 333 10333 20222 58001 555 10005=
43279 31594 40000 10230 20221 30128 40146 74340 82530 333 10327 20206 58007 82620 83360 555 10056=
43284 31194 21103 10248 20221 30009 40125 72840 81601 333 10329 20231 58003 81702 555 10036=
43295 32997 10000 10218 20123 39128 48534 80001 333 10319 20153 58010 81075 555 10005=
43310 32596 41402 10258 20238 40124 82211 333 20/// 58018=
43314 32997 10000 10266 20221 40126 80001 333 10354 20244 58003 555 10000=
43321 31996 40204 10234 20169 39697 40147 70521 80001 333 10330 20192 58010 84070 555 10001=
43329 31996 12702 10228 20216 30127 40141 71000 80001 333 10304 20206 58005 555 10005=
43333 31495 23202 10270 20226 40134 70500 82500 333 20214 58016 82618 555 10074=
43344 31495 49902 10240 20219 30044 40145 71010 82501 333 10315 20214 58006 82616 83075 555 10015=
43353 31496 21103 10270 20219 40133 70521 81530 333 10324 20248 56190 58011 81620=
43369 32597 30000 10268 20248 40128 83500 333 10321 20254 58007 83620 555 10073=
43371 31996 10000 10246 20231 30057 40130 71000 80001 333 10333 20236 58009 81071 555 10049=
44212 42984 40000 11249 21294 39328 40616 52009 80007==
44213 42/70 40000 11278 21318 38957 40631 52016 83053==
44214 42960 03401 11211 21263 38397 40591 52008==
44215 42970 22501 11216 21258 38536 40591 52011 80004==
44217 32998 00000 11279 21319 37939 40702 53008 333 91200=
44218 41/40 61701 11191 21226 38750 40569 52011 72272 83084==
44219 41997 61402 11287 21316 38765 40644 52012 71572 84077 333 91203=
44265 42984 01601 11249 21280 38979 40570 52011==
44266 32999 70000 11213 21246 37838 40584 52011 85079 333 91205=
44404 22357 71404 10106 20025 38152 48496 86270 333 20101 58030 69904=
44416 22660 60604 10117 20090 39382 40156 84404 333 20072 58022 60004=
44424 22458 70802 10008 21056 37705 47085 84631 333 21035 58008 60004=
44434 21345 30802 10132 20112 39252 48532 71044 81131 333 20093 58021 60004=
44438 21918 02004 10154 20138 30027 40155 71044 80000 333 20120 58020 60004=
44449 21920 03602 10156 20146 39992 40150 71044 80000 333 20105 58010 60004=
44454 21420 20000 10104 20083 38678 48513 71044 82100 333 20065 58019 60004=
44462 21/08 30902 10096 20082 38253 48475 7404/ 83600 333 20070 58010 60004=
44474 21008 80000 10092 20083 38264 48507 74044 888// 333 20086 58014 60004=
44477 21330 11602 10146 20117 38828 48533 7104/ 81100 333 20092 58013 60004=
44478 21406 33101 10152 20152 30064 40146 7414/ 82610 333 20121 58007 60004=
48020 42350 20901 10170 20154 82200==
48025 41110 52201 10172 20154 31002 40148 59004 74044 84840==
48048 42956 00401 10190 20159 30068 40126 333 59004==
48052 32957 00000 10202 20168 333=
48062 42556 23603 10223 20185 30117 40123 82500 333 59003==
48064 42956 01401 10198 20168 30039 40098 333 59002==
48094 42958 00000 10255 20215 30116 40126 333 58005==
48109 42460 30000 10272 20240 30132 40135 83500 333 58014==
51076 14/57 /3601 11200 21220 39515 40505 52006 60001 333 11118 21255 3/102 4/026 58012 70000 90761 91102==
51087 14/67 /1201 11204 21230 39361 40509 52007 60001 333 11105 21247 3/106 4/018 58012 70000 90761 91103==
51156 14/80 /3602 11120 21158 38807 40458 52004 60001 333 11065 21168 3/115 58008 70000 90761 91105==
51243 14/50 /2401 11138 21159 39877 40477 52007 60001 71000 333 11087 21159 3/111 58012 70000 90761 91102==
51334 14/46 /1702 11115 21146 30029 40470 52008 60001 77000 333 11088 21124 3/107 4/012 58009 70000 90761 91104==
51379 14/05 /2601 11169 21188 39444 40503 52010 60001 72800 333 11113 21251 3/106 4/023 58013 70000 90761 91102==
51463 14/36 /1502 11154 21176 39170 40477 52006 60001 71000 333 11098 21168 3/101 4/037 58008 70000 90761 91103==
51573 14/64 /0302 11024 21117 30333 40386 52020 60001 333 10051 21061 3/113 59008 70000 90761 91104==
51644 14/22 /3501 11118 21140 39051 40401 52013 60001 70500 333 10015 21138 3/108 4/003 59013 70000 90761 91102==
51656 14/57 /3401 11076 21091 39257 40380 52008 60001 70500 333 10019 21133 3/116 59019 70000 90761 91104==
51709 14/58 /3001 11062 21173 38694 40351 52006 60001 333 10027 21079 3/109 59025 70000 90761 91104==
51711 14/67 /0000 11130 21178 38062 40353 52017 60001 333 11021 21144 3/119 59010 70000 90761 91105==
51716 14056 00000 11085 21143 38997 40370 52011 60001 333 10040 21101 3/115 59024 70000 90761 91102==
51765 14/64 /2301 11085 21143 39320 40385 52016 60001 333 10037 21135 3/118 59019 70000 90761 91102==
51811 14058 02801 11085 21189 38862 40359 52007 60001 333 10041 21093 3/116 59027 70000 90761 91104==
51818 14/24 /2600 11063 21180 38703 40343 52005 60001 70500 333 10039 21079 3/113 59024 70000 90761 91102==
51886 14/80 /2102 11142 21280 37132 40366 52010 60001 333 11026 21182 3/125 59030 70000 90761 91103==
52203 14/62 /0902 11055 21138 39450 40390 52017 60001 333 10018 21107 3/118 59012 70000 90761 91104==
52602 14/59 /1201 11140 21253 37291 40410 52003 60001 333 11023 21221 3/127 59033 70000 90761 91104==
52818 14/70 /3301 11066 21225 37253 40319 52006 60001 333 10006 21158 3/122 4/001 59038 70000 90761 91102==
52908 14/78 /2706 11110 21326 35775 40301 52006 60001 333 11056 21195 3/122 59003 70000 90761 91110==
55228 14/80 /0201 11094 21294 36034 40255 54000 60001 333 10040 21127 3/121 59027 70000 90761 91105==
55299 14/60 /0801 11093 21335 35896 40316 52014 60001 333 10053 21190 3/125 58015 70000 90761 91103==
55578 14/67 /0701 10017 21247 36424 40233 52015 60001 333 10151 21111 3/114 58013 70000 90761 91103==
55591 14/79 /0903 10020 21245 36567 40176 52018 60001 333 10176 21029 3/111 58029 70000 90761 91105==
55664 14/80 /2802 11034 21271 36058 40236 52004 60001 333 10122 21116 3/117 59001 70000 90761 91104==
55773 14/80 /1902 10002 21250 36044 40166 52009 60001 333 10141 21100 3/117 58014 70000 90761 91105==
56004 14/80 /3302 11147 21296 35846 40347 52006 60001 333 11006 21222 3/129 58000 70000 90761 91107==
56018 14/50 /2401 11094 21306 36213 40290 52001 60001 70500 333 10058 21163 3/121 58001 70000 90761 91104==
56312 14/78 /2301 10034 21060 37119 40187 52010 60001 333 10170 21025 3/105 58017 70000 90761 91106==
62306 42960 02203 10113 20094 40186 57001==
62332 32960 40704 10168 20115 40169 57003 80004=
62366 44940 40903 10128 20122 40159 57006 71000 80001==
62387 32960 03104 10093 20057 40160 57003=
62393 42960 00000 10098 20012 40180 54000==
62405 42960 00000 10116 21018 40143 57001==
62414 42960 03505 10150 21003 40139 52002==
62419 42960 00000 10131 20029 40136 52004==
62420 32960 00000 10110 20083 40169 57002=
62458 32960 00000 10093 20028 40154 52007=
41316 32988 00204 10187 21033 30166 40197 90245 333 58012 55000 55407 55408 55507 55508=
