SMPK OPKC 170000=
41504 02995 02304 11035 21096 37818 48491 60002 333 59016 60007 RH59%=
41505 22595 80000 10010 21002 38/// 48/// 60001 84570 333 56990 58/// 84640 87760 92%=
41506 02695 50000 10015 21010 38508 48505 60002 83520 333 56990 58014 60007 83640 84460 84%=
41507 02996 02304 10055 20032 39242 49775 60022 333 58016 60007 85%=
41508 02695 60000 10017 21011 38684 48547 60012 83820 333 56990 58029 60007 83635 83460 RH 82%=
41509 02996 30000 10035 21003 38770 48504 60002 83030 333 56090 58028 60007 83360 RH 76%=
41510 02696 60000 11020 21034 37911 48534 60002 84520 333 56990 58005 60007 83640 83460 92%=
41515 02995 00000 10026 21015 38546 48508 60002 333 59049 60007 75%=
41516 02496 50000 10020 21020 38557 48513 60002 83670 333 56990 58045 60007 81720 82640 85460 RH74%=
41517 11696 70000 10020 21032 37780 48512 60002 70422 83570 333 56990 58013 83635 87760 68%=
41518 02696 71802 10067 21003 38/// 48/// 60002 83520 333 56990 5//// 60007 83640 85462 60%=
41519 02996 50000 10075 20011 38788 48522 60002 80001 333 56009 58039 60007 85070 66%=
41520 02695 61802 10000 21041 37614 48266 60002 83570 333 56990 58011 60007 83640 84762 74%=
41524 02696 30502 10085 20053 39379 40268 60092 84500 333 56900 58039 60007 84640 81%=
41525 12696 43104 11010 21054 37663 48402 60002 84400 333 56900 58006 84840 72%=
41528 01696 60000 10070 20048 39220 48493 60002 70422 83520 333 56990 58018 60007 83640 83460 86%=
41530 019// 02704 10120 20030 39750 40173 60002 70500 333 58045 60007 53%=
41535 02996 00000 10060 20013 38715 48481 60002 333 58018 60007 RH72%=
41536 02996 50000 10090 20035 39051 48512 60002 85020 333 56090 58032 60007 85460 69%=
41560 02996 00000 11010 21053 38292 48527 60002 333 58000 60007 RH73%=
41562 02996 00000 10095 20038 39655 40131 60002 333 58006 60007 RH 68%=
41567 01996 00000 10120 20056 39704 40129 60002 70400 333 58020 60007 65%=
41571 119// 20000 10110 20047 39582 40179 60002 70500 82030 333 56090 58031 RH65%=
41572 01996 01306 10100 20035 39521 40162 60002 70400 333 58033 60007 RH64%=
41573 02997 20000 10000 21036 37980 48522 69902 83070 333 56090 58028 60007 83360 74% cor=
41573 02997 20000 10000 21036 37980 48522 69902 83070 333 56090 58028 83360 74%=
41574 02697 50000 10010 21002 38345 48529 69982 83570 333 56990 59006 60007 83640 83360 92%=
41576 01996 00000 10100 20057 40169 60002 70400 333 58014 60007 74%=
41577 01996 00000 10085 20064 39548 40182 69902 70400 333 58032 60007 RH 87%=
41593 01996 00000 10135 20106 39927 40148 60002 70400 333 58026 60007 83%=
41597 01996 00000 10120 20111 39864 40164 60002 70400 333 58026 60007 94%=
41598 01995 00000 10110 20090 39877 40155 60002 71000 333 58031 60007 87%=
41599 01995 00504 10110 20090 39864 40162 60002 71000 333 58027 60007 87%=
41600 01996 00000 10105 20085 39841 40145 60002 70400 333 58015 60007 87% =
41620 31996 00504 10015 21061 38587 48488 60002 70500 333 58019 60007 57%=
41624 01995 00000 10115 20074 39918 40123 60002 70400 333 58017 60007 76%=
41625 01996 00000 10110 20068 39909 40111 60002 70400 333 58016 60007 75%=
41630 01996 00000 10125 10106 40155 60002 70400 333 58024 60007 88%=
41633 01996 00000 10105 20085 3//// 4//// 60002 70410 333 5//// 60007 87%=
41634 02997 00000 10080 20048 3//// 4//// 60002 333 5//// 60007 80%=
41635 01996 00000 10110 20090 3//// 4//// 60002 70400 333 5//// 60007 87%=
41636 01996 01302 10135 20096 39949 40136 60002 70400 333 58008 60007 77%=
41638 01996 00000 10145 20127 4//// 60002 70410 333 5//// 60007 89%=
41639 01996 00000 10110 20079 3//// 4//// 60002 70400 333 5//// 60007 81%=
41640 01996 00000 10150 20113 39893 40146 60002 70400 333 58020 60007 78%=
41641 01996 00000 10135 20106 39875 40154 60002 70400 333 58025 60007 83%=
41642 01994 00000 10095 20074 3//// 4//// 60002 71000 333 5//// 60007 87%=
41643 01995 00000 10090 20069 39869 40155 60002 71000 3333 58035 60007 86%=
41644 01995 30000 10110 20090 4//// 60002 71012 83030 333 56090 5//// 60007 83360 RH 87%=
41646 01695 40000 10120 20080 39938 40159 60002 70400 84500 333 56900 58028 60007 84640 82%=
41652 01995 00000 10115 20095 39948 40131 60002 71000 333 58011 60007 88%=
41660 029// 20000 10030 21020 38446 48537 60002 82030 333 56090 58030 60007 82360 RH70%=
41661 02996 00000 10025 20001 38395 48526 60002 333 58025 60007 84%=
41669 01996 00000 10140 20102 3//// 4//// 60002 70400 333 5//// 60007 78%=
41670 01996 30000 10130 20091 3//// 4//// 60002 70400 83030 333 56090 5//// 60007 83360 77%=
41674 01995 30000 10130 20101 3//// 4//// 60002 70400 83070 333 56090 5//// 60007 83460 83%=
41675 01994 30000 10140 20102 30001 40148 60002 70400 83030 333 56090 58036 60007 83360 78%=
41676 01994 40000 10140 20112 39986 40145 60002 71000 84030 333 56090 58016 60007 84360 83%=
41677 01996 50000 10110 20090 39938 40110 60002 70400 85030 333 56090 58011 60007 85362 87%=
41678 01996 00000 10125 20085 40137 60002 70400 333 58011 60007 77%=
41679 01996 00000 10130 20111 4//// 60002 70400 333 5//// 60007 88%=
41680 01995 00000 10145 20117 39944 40147 60002 71000 333 58040 60007 83%=
41685 02697 40000 10090 21006 38918 48494 60002 83520 333 56990 58024 60007 82635 82460 RH51%=
41696 02696 40000 10040 21008 38006 48534 60002 82520 333 56990 59007 60007 82640 82460 RH71%=
41697 02996 00000 10140 20122 39959 40120 60002 333 58020 60007 RH89%=
41700 01995 20000 10135 20116 39983 40114 60002 71000 82030 333 56090 58013 60007 82360 88%=
41701 01994 00504 10120 20101 39977 40124 60002 71000 333 59007 60007 88%=
41710 12996 43102 10170 20008 39346 40115 60002 84010 333 56090 59001 84460 RH33%=
41712 12996 00000 10135 20028 39213 48522 60002 333 58032 RH48%=
41715 01994 00000 10130 20091 30066 40133 60002 70400 333 58038 60007 RH77%=
41716 01996 00503 10140 20112 30035 40141 60002 70400 333 58022 60007 83%=
41718 01995 00000 10130 20111 30027 40133 60002 71000 333 58028 60007 88%=
41724 01995 00000 10170 20125 30064 40143 60002 70500 333 58027 60007 RH75%=
41725 01996 20504 10170 20125 30052 40131 60002 70500 82030 333 56090 58033 82360 RH75%=
41726 01995 30000 10145 20117 30058 40132 60002 71000 80001 333 56009 59005 60007 83070 RH83%=
41738 02996 20000 10190 20096 39941 40123 60002 333 56090 58001 60007 82460 RH55%=
41739 02996 00000 10115 20014 39030 48481 60002 333 59009 60007 RH50%=
41742 12996 00000 10190 20156 30020 40125 60002 333 5800 RH81%=
41743 01996 02302 10170 20125 60002 70400 333 60007 RH75%=
41744 12996 40000 10125 20014 38760 48483 60002 84020 333 56090 59009 84460 RH47%=
41745 01995 00000 10170 20135 60002 70400 333 60007 RH80%=
41746 01995 43604 10140 20091 30052 40109 60002 70500 84030 333 56090 58009 60007 84360 RH72%=
41747 01695 00000 10150 20103 30044 40106 60002 70400 83600 333 56900 58008 60007 83640 RH73%=
41748 02996 03602 10170 20135 30055 40120 60002 333 58021 60007 RH80%=
41749 01996 03308 10170 20125 30098 40131 60002 70400 333 58047 60007 RH75%=
41756 01995 32708 10185 20158 30063 40130 60002 70104 80001 333 56009 58007 60007 83070 RH90%=
41757 11995 30000 10180 20163 30115 40128 60002 71000 83030 333 56090 58001 60007 83360 RH90%=
41759 02996 31802 10160 20124 30105 40111 60002 83030 333 56090 58012 60007 83360 RH79%=
41764 02996 03610 10200 20140 30068 40118 60002 333 58028 60007 RH68%=
41765 02996 00000 10215 20128 30082 40117 60002 333 58024 60007 RH58%=
41766 01995 03102 10185 20151 30098 40128 60002 71000 333 58030 60007 RH81%=
41767 22996 00000 10210 20186 3//// 4//// 60002 333 60007 RH86%=
41768 02996 00000 10220 20189 30100 40107 60002 333 58017 60007 RH82%=
41780 01996 00502 10200 20184 30099 40126 60002 70400 333 58023 60007 RH91%=
41783 02996 02702 10210 20194 30092 40122 60002 333 58004 60007 RH91%=
41785 02996 02302 10200 20176 30087 40100 60002 333 59011 60007 RH86%=
41786 02996 02306 10225 20186 30070 40106 60002 333 59014 60007 RH78%=
41BKI 02996 40000 10110 20056 39724 40152 60002 82031 333 56099 58016 60007 82360 RH69%=
41SKP 01996 00000 10130 20111 3//// 4//// 60002 70400 333 5//// 60007 88%=
43532 01696 30000 10080 20036 39326 40151 60002 70400 83500 333 56900 59012 60007 83640 74%=
43533 02997 30000 10100 20059 39229 48489 60002 83030 333 56090 58023 60007 83360 76%=
43536 32596 53201 10044 20022 38441 48529 85500 333 58040=
43563 02997 00000 10117 20041 39468 40171 60002 333 58028 60007 60%=




UPPK OPKC 170000=
PPAA 6700/ 41517 MISDA DUE TO SMOKE HAZE=
PPAA 6700/ 41598 MISDA DUE TO NOT PERMISSION BY PAF=
PPAA 6700/ 41646 MISDA DUE TO TECHNICAL PROBLEM=
PPAA 6700/ 41715 NO ASCENT DUE TO BALLOONS OUT OF STOCK=
PPAA 6700/ 41739 no acent due to security risk=
PPAA 6700/ 41764 NO ASSENT DUE TO OUT OF STOCK IN 30 GM BALLOON=
PPAA 67001 41600 55185 21004 77999=
PPAA 67001 41624 55185 15006 77999=
PPAA 67001 41640 55185 35006 77999=
PPAA 67001 41675 55185 01506 77999=
PPAA 67001 41678 55185 14505 77999=
PPAA 67001 41718 55185 05508 77999=
PPAA 67001 41780 MISDA No Ascent due to PAF Flights=
PPBB 67001 41600 90/12 00000 12006 15004 903// 15003=
PPBB 67001 41624 90/12 09002 09003 08504 9037/ 12005 06009=
PPBB 67001 41640 90/12 00000 28003 29504 903// 32005=
PPBB 67001 41675 90/12 00000 29508 32509 903// 34012=
PPBB 67001 41678 90/12 13002 14004 12504 903// 11507=
PPBB 67001 41718 90/12 00000 07508 09512 903// 08512=





Data Generated from File : D:/all data handling/Rmc_lhr/2025021700.FSU.txt
17/02/2025   01:06:10
____________________________________________________________________________________________
15020 04/62 /3201 11095 21108 30045 40258 52003 60001 333 55021 20562 55300 20000 60007==
15090 07/58 22901 11095 21104 30158 40258 52003 60001 7101/ 81041 333 47003 55019 10041 20518 30487 55300 10200 20000 30000 60007 91002 90760 91102==
15108 01/00 91202 11162 21180 38018 48457 54000 60001 74944 89/// 333 49086 55000 20355 55300 20000 60007 91003 90760 91104==
15150 01570 83401 11031 21059 30027 40252 52002 69901 70272 8557/ 333 55000 20385 55300 20000 69907 91003 90760 91103==
15170 04570 83102 11060 21098 39409 42796 52002 60001 8437/ 333 42998 55073 21091 55300 20000 60007 91003 90760 91103==
15280 01/00 92805 11144 21162 37400 47925 57003 69921 77174 89/// 333 49083 55082 21259 55300 20000 69927 91010 90760 91111==
15310 07426 80302 11037 21045 30155 40246 54001 60011 7717/ 8271/ 333 47002 55001 00121 20401 30393 55300 10020 20000 30000 60017 91003 90760 91104==
15335 07462 80302 11029 21061 30236 40243 54001 69921 7717/ 8672/ 333 55000 20337 55300 20000 69927 91003 90760 91103==
15350 01/29 80304 11040 21047 30120 40247 54001 60031 77177 8802/ 333 47004 55000 20202 55300 20000 69987 91006 90760 91106==
15360 04470 80605 10004 21084 30216 40234 57002 60001 8672/ 333 55000 60007 91007 90760 91109==
15420 01414 80504 11039 21051 30111 40229 54001 60031 77177 8672/ 333 43008 55000 20329 55300 20000 60027 91007 90760 91108==
15460 07/57 /0503 11034 21045 30198 40224 54001 60031 7717/ 333 55000 20404 55300 20000 60027==
15470 01466 80504 11033 21048 30091 40224 55000 69921 70272 8672/ 333 47003 55004 20456 55300 20000 69927 91008 90760 91108==
15480 01470 80605 10006 21021 30200 40218 54001 60011 77177 8672/ 333 43004 55000 10153 20219 30159 55300 10090 20000 30000 69967 91009 90760 91110==
15549 11/04 90203 11041 21044 39767 40203 58003 60021 77174 333 11030 21043 47004 555 59801 69999 70052=
15552 11460 80703 10024 20016 30142 40192 54000 60031 76166 8802/ 222// 00056 10403 333 10031 20024 555 40260 59501 69999 70043 92035 92437=
15640 11560 80000 10017 20009 39869 40190 54000 60011 76166 8802/ 333 10026 20016 555 59401 69999 70048=
15655 11562 80706 10047 20040 30148 40182 58003 60031 76166 8802/ 222// 00063 10302 333 10050 20042 555 40120 59500 69999 70057 92035 92437=
15730 11665 80000 10002 21004 39768 40176 58004 60021 77176 8652/ 333 10016 20001 555 59601 69999 70045=
16627 11360 80408 10062 20048 30143 40149 58006 60051 76166 8767/ 333 82708 87618 88356 90730 91115==
16650 11358 70410 10096 20088 30126 40135 54000 60101 76166 87670 333 82708 85625 87358 90730 91116==
16723 12560 61312 10138 20120 30122 40135 57008 60001 83850 333 82820 83625 86360 90730 91115==
16742 12460 51410 10136 20097 39976 40131 56011 60001 84841 333 81818 83620 90730 91117==
16749 12460 51604 10128 20093 30127 40142 57007 60001 84840 333 82816 84620 90730 91114==
16754 11460 61710 10122 20099 30069 40118 55000 60041 76062 84870 333 81818 84625 86358 90730 91128==
16760 17/// /2004 10082 20068 39713 40131 57012 60171 7414/ 333 90730 91120==
16765 26/// /1315 10152 20114 30110 40130 57008 333 60005 90730 91120==
17022 12567 70501 10041 20040 30001 40170 58007 60001 84270 333 84832 87360 90760 91116==
17024 17/62 /2111 10030 20029 30097 40176 57007 60011 750//==
17026 17/56 /3403 10048 20028 30153 40192 50003 60041 752//==
17031 11458 73308 10065 20050 30174 40180 57002 60011 70282 87200 333 84711 87827 90760 91112==
17034 11570 72801 10081 20073 30139 40185 58001 60011 70282 84250 333 84830 87360 90760 91110==
17038 12470 72103 10093 20057 30125 40173 58002 60001 87200 333 84716 87828 90760 91110==
17042 16/68 /1104 10061 20042 30141 40181 57004 60001==
17050 11560 83602 10032 20016 30112 40176 58005 60071 76066 8552/ 333 85630 88457 90760 91107==
17056 11565 70303 10071 20053 30154 40158 57005 60021 78022 84270 333 84828 87358 90760 91111==
17060 11360 70509 10067 20055 30117 40157 57006 69941 78022 87200 333 85709 87822 90760 91115==
17070 12665 50000 10030 20018 39278 40147 55002 60001 85500 333 85634 90760 91104==
17074 16/82 /1801 10038 20024 39211 40145 57006 60011==
17084 12670 53301 10024 20018 39250 40156 55000 60001 82530 333 82640 85360 90760 91103==
17085 11670 71001 10058 20032 39669 40157 55000 69931 70262 84570 333 84640 87360 90760 91110==
17092 12960 00000 11076 21093 38872 48494 52004 60001 333 90760 91108==
17096 11109 32601 11189 21251 38221 48502 50000 60001 74111 83700 333 83702 90760 91104==
17098 12960 02802 11157 21171 38169 48490 58002 60001 333 90760 91108==
17100 11957 50000 11020 21054 39189 40211 50000 60001 71022 80008 333 85268 90760 91103==
17112 17/56 /0603 10088 20080 30132 40140 57008 69911 704//==
17115 11356 70104 10083 20081 30102 40153 57003 60001 71022 85230 333 82707 84830 87360 90760 91112==
17116 12660 70000 10082 20081 30029 40150 57006 60001 84250 333 84835 86360 90760 91105==
17124 11642 30000 11004 21004 39237 40158 50000 69901 71081 83500 333 83640 90760 91104==
17128 12660 60406 10019 21009 39053 40151 56002 60001 84250 333 84840 85360 90760 91108==
17135 12670 71302 10063 20020 39275 40145 50000 60001 84570 333 84635 87360 90760 91106==
17140 12665 60000 10003 21013 38677 48465 56002 60001 84550 333 84638 86360 90760 91103==
17150 12460 70000 10087 20085 30020 40142 57005 60001 84250 333 82710 84835 86360 90760 91110==
17160 12670 60801 10018 21028 38999 48472 55001 60001 83530 333 83640 86360 90760 91103==
17170 12560 31003 11057 21078 38309 48484 50001 60001 81508 333 81630 83268 90760 91106==
17175 12665 71801 10111 20088 30119 40123 57008 60001 84250 333 84835 86360 90760 91103==
17184 12/62 32701 10059 20045 30029 40140 57005 60001 83030 333 83360 90760 91102==
17190 12670 50000 10036 20006 38960 48465 57004 60001 85200 333 85835==
17195 12670 20504 11052 21070 38962 48474 55000 60001 82500 333 82640 90760 91111==
17200 12960 01903 11058 21067 39198 40213 52002 60001 333 90760 91107==
17202 12970 02404 11045 21045 39140 40213 51002 60001 333 90760 91106==
17203 12970 00000 11040 21089 38874 48521 50000 60001 333 90760 91103==
17210 17/59 /0000 10028 21009 39129 40171 51003 60001 704//==
17219 12665 61203 10080 20060 30000 40144 56005 60001 83252 333 83835 84361 86068 90760 91109==
17234 12/70 40702 10112 20059 30084 40151 57006 60001 84040 333 84360 90760 91105==
17237 12670 30000 10073 20026 39648 40149 57006 60001 83200 333 83835 90760 91104==
17240 12570 22701 10031 21008 39015 40156 57001 60001 82100 333 82830 90760 91115==
17244 12970 00503 11020 21041 38973 48471 56002 60001 333 90760 91108==
17248 16/65 /0501 11008 21044 38959 40167 58001 60001==
17250 16/69 /0204 11023 21048 38785 40180 58001 60001==
17260 11956 02802 11004 21014 39322 40151 50000 60001 71000 333 90760 91105==
17270 12970 02802 10052 21012 39522 40173 58001 60001 333 90760 91106==
17275 16/77 /0000 10039 21054 38969 40171 50002 60001==
17280 12960 02304 11011 21041 39378 40181 50001 60001 333 90760 91107==
17290 12970 01305 10151 20084 30107 40138 57013 60001 333 90760 91111==
17292 11570 70000 10068 20050 39391 40145 57010 69961 70381 84270 333 84830 87359 90760 91104==
17300 11560 63605 10107 20100 30097 40168 58002 69901 70281 86200 333 86830 90760 91110==
17310 12970 00701 10123 20035 30147 40154 50000 60001 333 90760 91104==
17330 16/// /2903 10087 20023 30153 40166 50000 60001==
17350 12960 00106 10050 20021 30084 40162 53004 60001==
17370 12970 00000 10111 20019 30167 40171 50003 60001==
17375 12970 03601 10097 20055 30158 40160 57001 60001 333 90760 91102==
33088 32997 00000 11124 21130 30049 40256 52013 555 1/120=
33135 329// 22901 11174 21192 30072 40235 52011 80001 555 1/118=
33177 32997 00000 11098 21111 30012 40267 52010 555 1/111=
33317 /14// 73103 11086 21095 39892 40251 52014 70282 85530 333 85619 555 1/105 60011=
33393 /1956 00000 11098 21107 39849 40268 52009 71081 555 69901=
33415 /1697 20000 11078 21092 39834 40256 52008 70281 82500 555 1/113 69901=
33429 32697 73203 11069 21088 39803 40249 52009 87900 333 86643 555 1/106=
33466 32569 62103 11065 21101 30026 40224 54000 84330 555 1/107=
33506 32997 02201 11119 21133 30028 40240 53008 555 1/115=
33562 32960 23602 11075 21101 39927 40250 52008 82030 555 1/109=
33587 319// 00000 11100 21113 39961 40243 52003 71000 555 1/112=
33658 31958 00000 11093 21108 39939 40259 52005 71000 555 1/110=
33663 32997 00000 11102 21123 30147 40250 52007 555 1/107=
33664 42997 50000 11093 21115 39915 40253 52006 85030=
33678 42998 02803 11094 21135 30042 40265 52006=
33679 42997 00000 11120 21140 30047 40253 52008=
33711 31650 21302 11134 21143 30017 40245 52007 71000 82500 333 82645 555 1/116=
33745 42997 00000 11106 21110 30067 40276 52010 555 14109=
33748 42997 01102 11070 21087 39944 40246 52002=
33754 42997 00000 11114 21127 30094 40252 53007=
33761 32970 02701 11080 21091 30011 40248 52005 555 1/107=
33791 31950 01401 11110 21114 30115 40253 52007 71000 555 1/111=
33815 41998 20000 11045 21071 30012 40230 53001 70180 82030 555 1/106=
33837 32683 80000 11024 21091 30188 40242 52002 885// 333 88641 555 1/102=
33881 42598 82501 11041 21062 30043 40249 52005 885//=
33883 42597 72501 11039 21066 30073 40244 52004 87500 555 1/103=
33885 41497 80201 11051 21059 30119 40259 52002 78582 889//=
33892 42997 82201 11048 21098 30019 40240 52003 8803/=
33902 32997 00000 11084 21103 30186 40250 52004 555 1/108=
33924 42970 30902 11054 21092 30229 40242 52002 80005==
33946 42/86 80807 11044 21090 30004 40236 58001 8805/==
33983 42560 50303 11037 21074 30171 40235 52003 82530==
34300 32997 00000 11141 21165 30046 40239 52010 555 1/121=
34336 42960 02703 11143 21168 30112 40224 52013==
34344 42970 03201 11131 21150 30123 40218 52012==
34356 42970 00000 11163 21184 30053 40214 52014==
34357 42970 02303 11129 21160 30045 40211 51014==
34398 429// 52603 11108 21128 30171 40185 52016 80005==
34415 32998 00000 11164 21179 30138 40244 52014 555 1/117=
34438 42960 00000 11172 21185 30030 40239 52013==
34445 42970 02704 11150 21169 30103 40227 51013==
34461 42960 02301 11128 21158 30157 40216 52016==
34473 429// 22502 11144 21161 30158 40199 52018 80001 555 1/117=
34476 42970 02404 11122 21146 30197 40205 52018==
34504 31959 00000 11107 21122 30064 40251 52009 71011=
34535 42970 03101 11105 21129 30162 40238 52014==
34545 42970 22402 11122 21136 30115 40235 52013 80001==
34555 42970 02504 11108 21133 30140 40238 52015==
34560 42960 02703 11132 21152 30017 40222 52018==
34578 41/40 62603 11101 21113 30211 40219 52014 71011 86040==
34579 42970 62302 11097 21123 30169 40214 52013 80001==
34644 42560 80000 11098 21117 30153 40235 52011 8657/==
34646 42/70 82501 11081 21103 30149 40236 52013 83031==
34655 42560 52801 11079 21105 30173 40236 52015 85500==
34662 42970 82401 11091 21121 30216 40228 51018 80001==
34691 42/70 31802 11069 21094 30429 40416 52017 83030==
34720 42570 73302 11066 21099 30199 40241 52011 83531==
34727 42/60 83604 11044 21079 30215 40246 52009 8805/==
34743 42960 62701 11068 21091 30144 40238 52012 80005==
34759 42960 82902 11061 21082 30100 40238 52011 80007==
34772 42960 02502 11067 21095 30224 40227 52013==
34785 41/60 83203 11054 21093 30242 40219 52014 70372 8802/==
34798 41560 83202 11043 21066 30366 40336 52009 70277 8872/==
34824 41540 80000 11055 21075 30243 40248 52007 71011 885//==
34838 41440 80000 11084 21100 30144 40247 52007 71022 886//==
34845 42/70 83101 11062 21089 30128 40241 52009 8002/==
34858 41/60 83202 11046 21088 30125 40237 52012 70272 8807/==
34861 41560 73404 11059 21101 39979 40233 52012 70282 86530==
34866 42560 83403 11044 21092 30237 40228 52011 889//==
34880 41420 83302 11042 21052 30241 40214 52014 77177 8672/==
34887 41460 83602 11041 21056 30237 40214 52012 78582 889//==
34949 41/40 83503 11086 21096 39668 40245 52011 77172 8802/==
34954 41460 83201 11058 21076 30061 40244 53012 78582 889//==
34958 41570 83401 11057 21080 30032 40241 52015 70282 885//==
34975 41440 80103 11043 21054 30226 40222 53016 71082 885// 333 88618==
34984 42560 83405 11034 21053 30243 40212 52009 8497/ 333 90760 91110==
35217 425// 82403 11115 21135 30139 40181 52013 885//==
35302 42/// 62703 11103 21116 30159 40181 52014 86030==
35315 429// 01902 11090 21124 30122 40181 52008 555 1/110=
35344 414// 81909 11024 21036 39901 40192 54000 77173 8802/ 555 1/103=
35358 42/// 62502 11053 21090 30070 40245 58001 86040==
35368 419// 81807 11084 21116 30022 40299 52002 73632 8807/ 555 1/110=
35386 415// 72001 11112 21129 39783 40331 52004 70282 87900 555 1/112=
35394 41560 81601 11092 21103 39626 40332 52004 77072 8652/==
35404 416// 83202 11076 21094 30182 40191 52016 77072 8552/ 555 1/107=
35406 425// 80000 11073 21094 30186 40188 52009 885//==
35416 41/// 83003 11077 21087 30065 40189 52007 77372 8802/==
35426 41/// 81608 11008 21033 39881 40173 53004 77173 8802/==
35437 415// 81911 11013 21033 39880 40195 58003 73632 885// 333 91015 91115 555 1/104=
35449 415// 81708 11036 21054 30157 40262 52005 73633 885// 555 1/105=
35497 419// 00000 11152 21161 39797 40676 52008 70171==
35498 416// 80000 11145 21158 39426 40360 52008 70272 885// 555 1/118=
35514 42598 72902 11065 21073 30430 40426 52008 87900 555 1/105=
35522 414// 83203 11053 21071 39927 40184 52012 77177 8802/ 555 1/106=
35542 425// 81808 11033 21054 30092 40242 58001 885// 555 1/106=
35563 42598 81903 11085 21112 39512 40310 52006 886// 555 1/113=
35576 424// 82001 11150 21174 39868 40349 52009 885//==
35582 429// 80000 11142 21169 39714 40354 52008 8802/ 555 1/116=
35594 419// 80000 11088 21099 39466 40337 52008 70272 8802/ 555 1/108=
35605 41596 80000 11043 21049 30217 40195 52012 77172 8802/ 555 1/103=
35633 425// 81706 11023 21048 30015 40232 58005 885// 555 1/104=
35671 42/70 51301 11121 21143 39881 40336 52008 85040==
35699 429// 00000 11122 21139 39557 40355 52010==
35700 41440 73501 11031 21038 30220 40196 52005 71072 87700==
35715 42597 83403 10015 21007 30202 40187 53012 885// 555 11001=
35739 425// 82007 11017 21062 30098 40239 58004 8802/ 555 1/103=
35746 429// 01604 11060 21079 30210 40279 52003==
35777 429// 00000 11153 21180 39972 40341 52004 555 1/118=
35796 41/60 80302 11142 21153 39894 40358 52010 70271 8801/==
35849 425// 80000 11030 21080 30199 40288 53001 885//==
35895 42597 80302 11080 21086 39889 40352 52012 885// 555 1/108=
35907 42598 70307 10005 21012 30211 40180 52003 87500=
35925 426// 61806 11022 21028 30102 40215 57007 86500==
35927 429// 01605 11018 21034 30199 58007=
35953 429// 00000 11043 21073 30166 40299 53001==
35969 425// 70000 11114 21149 30144 40329 52006 87500==
35997 416// 80000 11051 21080 39884 40332 52004 71022 885// 333 91102 555 1/108=
36259 12584 71401 11281 21310 38278 48570 52012 60002 84902 333 21297 44011 55059==
36335 429// 00000 11169 21194 39284 40379 52007 555 1/119=
36358 429// 00000 11182 21205 39288 40381 52009 555 1/120=
36394 426// 62001 11106 21118 39919 40362 52014 86500=
36397 41/// 80000 11153 21158 39770 40371 52013 71072 8802/==
36403 419// 31301 11127 21137 39978 40360 52009 71011 80001 555 1/120=
36418 429// 60000 11190 21200 39725 40391 52016 80003 555 1/121=
36421 429// 80000 11108 21127 39775 40366 52011 8802/ 555 1/112=
36428 42/// 31801 11166 21190 39845 40383 52009 82041==
36439 419// 20000 11137 21139 39037 48532 52011 70171 80001 555 1/119=
36498 426// 70201 11123 21135 39529 40361 52007 86530 555 1/113=
36501 426// 70000 11140 21167 39560 40357 52009 87500 555 1/120=
36535 416// 70000 11147 21165 39711 40384 52015 70371 85531==
36546 419// 42801 11168 21175 39802 40381 52012 71011 82043 555 1/121=
36619 426// 80401 11067 21083 885// 555 1/108=
36622 419// 80000 11113 21126 39515 40356 52006 70242 8807/ 555 1/113=
36639 429// 00000 11150 21177 39720 40365 52010==
36643 425// 82301 11160 21171 39673 40381 52012 885// 555 1/117=
36665 419// 72002 11193 21215 39599 40385 52010 71022 80002 555 10122=
36666 425// 70902 11167 21178 39849 40378 52008 82541=
36729 42598 80000 11064 21080 39851 40348 52009 885// 333 91106 555 1/104=
36736 429// 53302 11185 21192 39786 40386 52010 83031 555 1/121=
36744 429// 80602 11079 21093 39880 40348 52013 8802/ 333 91102 555 1/110=
36770 429// 60000 11146 21146 39585 40358 52006 80002 333 91104 555 1/119=
36786 42999 00000 11125 21134 39388 40357 52008 333 91104=
36796 41/92 90000 11181 21190 39100 48519 52010 74942 333 91100=
36803 42999 20000 11116 21122 39880 40354 51003 80002 333 91106=
36806 429// 00000 11118 21172 39863 40357 52015 333 91120=
36819 419// 60901 11071 21084 39706 40342 52013 71022 80004 333 91104=
36821 41/// 80202 11066 21074 39828 40335 52008 71022 8807/ 333 90760 91104==
36839 42998 83101 11105 21144 39167 40350 52005 83081 333 91104=
36843 429// 70000 11064 21087 39119 40329 52005 80005 333 91106=
36846 429// 80702 11079 21096 38659 48543 52006 86052 333 91108=
36859 42/// 30000 11044 21053 39573 40378 52009 83040 333 90760 91105==
36870 42/// 80000 11027 21033 39279 40311 52005 85073 333 90760 91102==
36874 425// 82302 11089 21108 39512 40323 52008 86908 333 91103=
36877 429// 50000 11088 21099 83031 333 91105=
36885 429// 61402 11037 21061 39161 40314 52005 86030 333 91106=
36889 429// 31802 11129 21189 37040 47057 52004 80001 333 91103=
36894 419// 30000 11034 21051 39564 40320 52007 71011 80002 333 91100=
36905 419// 71502 11060 21089 38798 48556 52005 74022 83032 333 91106=
36911 429// 80000 11018 21027 39314 40309 53013 8807/ 555 14104=
36927 42697 32702 11066 21107 38367 48539 52004 83900 333 91116=
36934 42597 80201 11019 21094 38278 48410 51004 86932=
36953 426// 42002 11151 21164 38235 48508 52005 82940 333 91103 555 1/125=
36963 429// 31101 11141 21161 37019 48/// 51001 80001 555 17117=
36974 429// 22901 11106 21119 38010 48561 52005 80001 555 14116=
36982 429// 20000 11217 21249 36498 47126 52003 80001=
37018 41540 80202 11023 21036 30122 40200 57001 78582 889//==
37031 41440 83601 11065 21079 30038 40244 52009 77172 8872/==
37054 41440 80000 11046 21058 39837 40238 52015 71022 885//==
37061 41440 83202 11045 21067 30062 40239 52014 77772 886//==
37085 42540 83205 11012 21036 30245 40218 52013 885//==
37171 41640 80000 10048 20043 30160 40179 57003 78082 889// 333 88934==
37228 41410 82902 11013 21015 39341 40194 52003 75652 886//==
37235 41440 80802 11008 21014 39884 40209 52011 75052 886//==
37472 41540 83102 10023 21018 30230 40208 52008 71022 8357/==
38149 42970 01304 11039 21054 30189 40270 58011==
38178 41/// 80000 11014 21037 39970 40266 58001 71022 8807/==
38262 429// 01101 11038 21046 30176 40262 57004==
38264 42970 01104 11027 21050 30164 40261 57007==
38345 41/93 90000 11014 21014 38849 48538 52004 74542 555 14101=
38353 425// 80000 11011 21024 39392 40316 52008 886//=
38388 42998 00000 11014 21066 30184 40257 58003 555 14102=
38392 42996 51104 11043 21052 30149 40257 57012 85030 555 14106=
38396 42560 61003 11017 21039 30139 40269 57008 86500 333 86626==
38403 426// 80702 11006 21030 30155 40281 57003 885//==
38413 42/// 80802 11007 21028 39981 40281 52002 8807/==
38457 41420 83301 10014 20000 39683 40285 54000 71022 8554/==
38462 426// 60000 11048 21115 38808 48541 52004 84550==
38507 42996 01104 10038 21018 30074 40178 57012 333 91004 555 10001=
38545 42598 70902 10014 20000 30093 40273 57004 85550 555 11001=
38565 11/// 90000 11020 21026 39661 40237 54000 60002 74742 89///==
38579 125// 80000 10019 20003 39859 40287 54000 60002 885//==
38583 12660 82701 11002 21017 39959 40293 58001 60002 885//==
38599 41995 02402 11014 21019 39737 40294 54000 71011=
38611 41/02 93001 11016 21020 39709 40291 52005 74744 89///==
38613 429// 80101 11004 21028 39369 40297 52010 80002 555 14101=
38616 425// 71801 10008 21015 39258 40296 53009 87500=
38618 426// 80000 10026 20002 39575 40279 52004 8257/==
38647 42497 80908 10022 20012 30122 40165 57014 886// 555 10003=
38656 42998 01104 10014 20011 30120 40230 57006 555 11000=
38683 42560 80902 10011 21015 39998 40282 57002 885// 333 88633==
38687 41695 71401 10004 21002 30039 40283 58007 71022 87500 555 11001=
38696 11/// 90702 11016 21016 39402 40289 54000 60002 74740 89///==
38713 429// 01802 11055 21093 39088 48530 51005=
38750 42997 00702 10024 21010 30196 40167 57013 555 10001=
38763 41995 01108 10023 20015 30073 40180 57014 71000 555 11002=
38774 42995 31601 10010 20005 39997 40197 57022 80002 555 12101=
38799 42997 01404 10016 21003 30032 40271 57008 555 11000=
38806 42997 31401 10006 21011 39998 40266 58004 80002 555 11000=
38812 41940 00602 11002 21014 39805 40274 57006 71000==
38836 426// 60902 10023 21007 39288 40244 52005 865//=
38880 41995 01303 10005 20002 39939 40201 57023 71040 555 11001=
38886 41996 01304 10010 21001 30001 40236 57022 71000 555 14101=
38895 42996 01002 10002 21004 39959 40259 57015 555 14101=
38911 42997 30602 10012 21037 39974 40278 54000 80002 555 10002=
38915 42997 50000 10024 20003 39946 40279 54000 85030 555 12000=
38927 41927 70000 10045 20033 39882 40266 51001 78088 87950 333 86966==
38933 317// 82301 10060 20023 39741 40261 54000 70281 885//=
38944 426// 80000 10054 20045 39656 40197 52013 885//=
38954 428// 60000 11056 21082 37904 48510 52002 85901=
38974 42998 52003 10031 20005 39930 40272 58001 80002 555 11004=
38987 41/93 /0000 10028 20023 39490 40249 57012 74544 555 11003=
40100 43/70 01004 10129 20041 30167 40183 50001 6///1 333 58///=
40180 12460 50601 10118 20105 30116 40166 52001 60001 85600 333 70000==
40199 12/// /3603 10130 20059 30146 40171 52002 60001 333 70000==
40265 31950 00000 10043 20026 39388 40189 52003 70500=
40270 31940 02303 10062 20049 39273 40174 52002 71000=
40272 31950 00000 10058 20035 39342 40179 52003 71000=
40340 31956 00104 10132 20044 30108 40173 54000 70500=
40356 31/02 90904 10002 20000 39192 48483 74400 89/// 333 58028 555 04410 50197=
40357 31959 02705 10059 20060 39527 40179 71010 333 58019=
40360 32960 01004 10066 20010 39582 40177 333 58041=
40361 31557 40000 10073 20070 39399 40218 71000 84600 333 58033 84720=
40362 32960 01403 10072 20030 39650 40174 333 58010=
40373 31/02 90000 10144 20140 39740 40160 74542 333 59009 89///=
40375 32960 02803 10098 21050 39280 40152 333 58045=
40394 32560 60506 10094 20080 39028 48508 86600 333 58025 86720 555 04410 50149=
40400 32960 00105 10156 20060 30123 40151 333 58032=
40405 11050 43305 10113 20110 39401 40155 69912 84400 333 58006 84600=
40417 11540 63508 10157 20160 30120 40137 60022 79596 85920 333 59027 81930 84640 86460=
40420 11640 60303 10155 20150 39926 40136 60012 71020 83530 333 59021 83640 86360==
40430 32960 00304 10149 21030 39405 40160 333 58030=
40437 11630 31403 10147 20150 39435 40135 60012 71000 83500 333 59022 83640=
40439 32960 00604 10132 20060 30112 40130 333 58026=
40582 31650 63304 10136 20095 40161 55000 70562 83470 333 00013 55300 00000 10009 20000 30000 41133 51142 60000 55407 40000 83640 86458 90467 91005 91107 91205 91303=
40703 12960 00000 11022 21045 38894 40180 58006 60001 333 70000 555 11029 29084=
40706 12560 70403 11015 21074 38621 40177 57008 60001 81406 333 70000 81630 87268 555 11033 29064=
40712 12660 62703 11038 21123 38653 40191 57004 60001 83502 333 70000 83640 86067 555 11058 29051=
40713 11650 80000 11006 21034 38617 40144 58006 60001 71022 8252/ 333 70000 82635 88459 555 11016 29081=
40718 12960 62601 10088 20064 30169 40140 58004 60001 80006 333 70000 86268 555 10077 29085=
40723 12960 60000 11011 21052 38952 40204 57011 60001 80006 333 70000 86272 555 11024 29074=
40726 12660 80000 10010 21011 38623 40164 57008 60001 8352/ 333 70000 83640 88458 555 10002 29086=
40727 11608 83601 11007 21013 38442 40160 57005 60021 77122 8252/ 333 70018 82640 88560 555 11009 29096=
40732 12960 02301 10078 20051 30156 40132 56006 60001 333 70000 555 10066 29083=
40736 12960 10000 10065 20043 30162 40136 57009 60001 80001 333 70000 81069 555 10056 29086=
40737 12960 20000 10034 20010 30107 40125 58009 60001 80001 333 70000 82070 555 10025 29084=
40738 12960 30000 10009 21008 30144 40146 57014 60001 80002 333 70000 83070 555 10003 29088=
40739 12965 30401 10004 21081 38682 40188 57012 60001 80002 333 70000 83069 555 11023 29053=
40741 11657 41503 10031 20006 39888 40228 57018 60001 71011 82502 333 70000 82635 84070 555 10022 29084=
40743 12965 20806 10035 21031 39061 40181 57008 60001 80001 333 70000 82070 555 10011 29062=
40745 11540 81002 10028 20012 39056 40214 57012 60001 71022 886// 333 70000 88720 555 10021 29089=
40747 11658 89901 10019 20001 38590 40127 57006 69941 76062 8432/ 333 70004 81935 83640 88559 555 10012 29088=
40754 12965 70703 10090 21128 38794 40128 57011 60001 84076 333 70000 84460 85268 555 10021 29020=
40762 12965 00000 11013 21056 38547 40186 58014 60001 333 70000 555 11026 29073=
40766 11557 71006 10046 20023 38653 40120 58008 60021 76066 84320 333 70016 81930 83635 87558 555 10036 29085=
40768 11658 81202 11026 21042 38215 40175 58002 60001 77011 8342/ 333 70000 83640 88459 555 11030 29089=
40769 11658 70000 10018 20005 38250 40126 57007 60001 71000 82570 333 70000 82640 87459 555 10013 29091=
40780 11650 71202 10022 20013 38658 40167 54000 60041 71062 84570 333 70053 84640 87458 555 10019 29093=
40782 11660 81301 10051 20045 38836 40132 58006 60071 76066 8632/ 333 70080 82935 84640 88458 555 10048 29096=
40785 12960 00000 10079 21001 39052 40135 57013 60001 333 70000 555 10046 29057=
40791 12960 00702 10075 21116 39326 40140 55010 60001 333 70000 555 10017 29024=
40792 12962 01002 10027 21101 38699 40152 57014 60001 333 70000 555 11014 29038=
40798 12660 12603 10011 21004 37917 40106 58009 60001 81500 333 70000 81635 555 10005 29090=
40800 12665 10000 10022 21088 38418 40118 57008 60001 81500 333 70000 81640 555 11015 29044=
40809 12660 61005 10061 21035 38487 40137 56013 60001 83570 333 70000 83635 86459 555 10024 29050=
40811 11558 80402 10133 20094 30126 40152 58001 69911 72162 8437/ 333 70001 81930 83635 88459 555 10113 29077=
40812 11658 80901 10114 20073 39767 40141 52005 60001 76022 8632/ 333 70000 82935 84640 88559 555 10094 29076=
40821 12962 12801 10049 21076 38749 40127 57009 60001 80002 333 70000 81070 555 10007 29040=
40829 12960 03605 10095 21024 39600 40166 56011 60001 333 70000 555 10049 29043=
40831 12660 72302 10123 20089 30153 40161 54000 60001 83370 333 70001 81935 82640 87460 555 10106 29080=
40833 11657 80000 10141 20107 30130 40162 58003 69991 71098 883// 333 70015 82935 86640 555 10123 29080=
40841 12665 52003 10097 20030 38220 40088 57008 60001 81420 333 70000 81640 85460 555 10065 29063=
40848 11450 81402 10086 20082 38515 40133 57005 69981 71062 8472/ 333 70034 82715 83635 88458 555 10084 29097=
40854 12960 00000 10129 20006 38924 40101 57012 60001 333 70000 555 10074 29043=
40856 12960 20000 10073 20011 38640 40148 56012 60001 80002 333 70000 82070 555 10046 29065=
40859 11420 81202 10100 20093 38709 40152 58003 60041 76362 8732/ 333 70044 82715 82930 83635 88558 555 10096 29095=
40875 11558 80206 10196 20161 30131 40143 57008 69951 76062 8352/ 333 70005 83630 88558 555 10175 29080=
40879 12962 70102 10181 20090 39471 40136 56011 60001 87070 333 70000 87360 555 10132 29055=
40882 11665 70000 10192 20172 30105 40140 50003 69911 70262 81120 333 70017 81835 87459 555 10180 29088=
40883 12560 63302 10194 20162 30120 40147 53010 60001 82520 333 70001 82630 86460 555 10175 29082=
40893 12560 73005 10232 20154 30126 40132 55003 60001 81510 333 70000 81630 87459 555 10185 29062=
40898 11956 50703 10231 20202 30116 40125 56010 60001 71000 85070 333 70000 85359 555 10212 29084=
41024 22960 00207 10211 20090 30104 40130 333 58028 60005==
41036 22960 00000 10138 20090 38551 48501 333 58011 60005==
41055 22960 01806 10169 20090 38352 48497 333 58005 60005==
41061 22560 41307 10190 20100 39406 40097 82230 333 59015 60005 82830 84357==
41084 22960 00505 10218 20120 38828 48492 333 59005 60005==
41112 22960 02004 10159 20040 37942 48503 333 58002 60005==
41114 22960 00000 10165 20050 37980 48506 333 58001 60005==
41128 22960 00000 10212 20020 38790 48504 333 59020 60005==
41136 22960 00000 10190 21090 39292 40084 333 59002 60005==
41140 21559 52604 10269 20230 30098 40102 71011 82430 333 58012 60005 82630 83360==
41150 11962 73607 10184 20157 40130 60022 76062 8707/ 333 59041 70028 87459=
41170 32460 70410 10195 20178 30112 40125 82631 333 59030 70002 82710 86364=
41176 34/63 /0610 10195 20183 30117 40123 333 59028=
41184 32960 51903 10213 20173 40148 83031 333 58004 83360 83070=
41194 12960 40407 10229 20172 30134 40140 60001 84030 333 58002 70000 84365=
41196 12960 49903 10215 20169 30109 40150 60001 84030 333 58006 84365=
41216 32960 40208 10218 20186 30126 40130 84030 333 59010 84365=
41217 32960 60309 10215 20174 30099 40128 8603/ 333 59008 86365=
41242 36/// /2603 10215 20180 30134 40160 333 0E021 55300 25022 58010=
41244 36/// /3304 10233 20129 39710 40123 333 0E025 55300 25022 59000=
41246 36/// /0107 10236 20212 30142 40145 333 0E023 55300 25022 58012=
41263 36/// /0003 10199 20024 39557 40122 333 0E021 55300 20000 58006=
41267 36/// /2701 10223 20167 30116 40129 333 0E021 59002=
41268 36/// /2306 10227 20166 30077 40125 333 0E022 55300 25022 58000=
41275 36/// /1504 10197 20134 39978 40148 333 0E020 55300 20000 59000=
41288 36/// /0109 10231 20231 30114 40136 333 0E022 58000=
41315 36/70 /1506 10188 20081 39312 47957 333 0E021 55300 27865 59003=
41316 32970 00103 10206 20146 30110 40140 333 58000 55000 55407 55408 55507 55508=
41396 12965 02502 10146 21023 39396 40135 6///2 333 59001=
41480 12560 30712 10247 20202 30119 40128 60002 83500 333 58003 83620=
41506 02695 50000 10015 21010 38508 48505 60002 83520 333 56990 58014 60007 83640 84460=
41508 02695 60000 10017 21011 38684 48547 60012 83820 333 56990 58029 60007 83635 83460=
41515 02995 00000 10026 21015 38546 48508 60002 333 59049 60007=
41516 02496 50000 10020 21020 38557 48513 60002 83670 333 56990 58045 60007 81720 82640 85460=
41517 11696 70000 10020 21032 37780 48512 60002 70422 83570 333 56990 58013 83635 87760=
41518 02696 71802 10067 21003 38/// 48/// 60002 83520 333 56990 5//// 60007 83640 85462=
41519 02996 50000 10075 20011 38788 48522 60002 80001 333 56009 58039 60007 85070=
41535 02996 00000 10060 20013 38715 48481 60002 333 58018 60007=
41536 02996 50000 10090 20035 39051 48512 60002 85020 333 56090 58032 60007 85460=
41560 02996 00000 11010 21053 38292 48527 60002 333 58000 60007=
41571 119// 20000 10110 20047 39582 40179 60002 70500 82030 333 56090 58031=
41598 01995 00000 10110 20090 39877 40155 60002 71000 333 58031 60007=
41600 01996 00000 10105 20085 39841 40145 60002 70400 333 58015 60007=
41620 31996 00504 10015 21061 38587 48488 60002 70500 333 58019 60007=
41624 01995 00000 10115 20074 39918 40123 60002 70400 333 58017 60007=
41630 01996 00000 10125 10106 40155 60002 70400 333 58024 60007=
41640 01996 00000 10150 20113 39893 40146 60002 70400 333 58020 60007=
41660 029// 20000 10030 21020 38446 48537 60002 82030 333 56090 58030 60007 82360=
41678 01996 00000 10125 20085 40137 60002 70400 333 58011 60007=
41696 02696 40000 10040 21008 38006 48534 60002 82520 333 56990 59007 60007 82640 82460=
41697 02996 00000 10140 20122 39959 40120 60002 333 58020 60007=
41700 01995 20000 10135 20116 39983 40114 60002 71000 82030 333 56090 58013 60007 82360=
41710 12996 43102 10170 20008 39346 40115 60002 84010 333 56090 59001 84460=
41712 12996 00000 10135 20028 39213 48522 60002 333 58032=
41715 01994 00000 10130 20091 30066 40133 60002 70400 333 58038 60007=
41718 01995 00000 10130 20111 30027 40133 60002 71000 333 58028 60007=
41725 01996 20504 10170 20125 30052 40131 60002 70500 82030 333 56090 58033 82360=
41739 02996 00000 10115 20014 39030 48481 60002 333 59009 60007=
41744 12996 40000 10125 20014 38760 48483 60002 84020 333 56090 59009 84460=
41749 01996 03308 10170 20125 30098 40131 60002 70400 333 58047 60007=
41756 01995 32708 10185 20158 30063 40130 60002 70104 80001 333 56009 58007 60007 83070=
41757 11995 30000 10180 20163 30115 40128 60002 71000 83030 333 56090 58001 60007 83360=
41759 02996 31802 10160 20124 30105 40111 60002 83030 333 56090 58012 60007 83360=
41764 02996 03610 10200 20140 30068 40118 60002 333 58028 60007=
41768 02996 00000 10220 20189 30100 40107 60002 333 58017 60007=
41780 01996 00502 10200 20184 30099 40126 60002 70400 333 58023 60007=
41785 02996 02302 10200 20176 30087 40100 60002 333 59011 60007=
41859 01930 00502 10160 20120 30108 40147 70500 333 58026 70000==
41883 02930 00000 10172 20140 30130 40141 333 58027 70000==
41891 31930 00904 10174 20110 30111 40151 70500 333 58025 70000=
41907 31930 00000 10155 20150 30121 40137 70500 333 58025 70000=
41923 01940 00000 10200 20180 30131 40141 70500 333 58024 70000==
41936 01903 00000 10180 20170 30123 40130 74644 333 58020 70000==
41943 01930 00000 10157 20150 30128 40136 70500 333 58016 70000==
41950 01905 00000 10182 20182 30139 40141 74540 89/// 333 58027 70000==
41978 01918 00103 10187 20170 30129 40135 71000 333 58019 70000==
41992 01915 00302 10195 20190 30134 40136 71000 333 58016 70000==
42071 31994 09902 10126 20111 40154 71000 333 58025=
42101 31995 03202 10126 20122 40153 71010 333 58017=
42111 31994 62301 10112 20101 39412 40128 71021 83031 333 58007 83360 85070=
42123 32996 00000 10138 20116 40147 333 58030=
42131 31695 40000 10128 20109 40155 71022 81530 333 58009=
42165 32996 30000 10190 20118 40122 80001 333 58018 83070=
42189 31995 30000 10130 20115 40140 71000 80001 333 58028 83070=
42309 31394 82503 10144 20144 40171 71021 8562/ 333 58043=
42314 21495 70204 10144 20129 40169 75062 83530 333 58041 6990/ 83618 87360=
42328 31995 40203 10178 20132 40105 70500 84030 333 58022 84360=
42339 31995 00000 10166 20106 40119 70500 333 58012=
42348 31995 21104 10180 20106 40137 70500 82030 333 58027 82360=
42361 31994 00000 10146 20124 40141 71000 333 58027=
42369 31995 00000 10156 20135 40142 71000 333 58032=
42379 31595 50000 10152 20138 40139 71020 82530 333 58032 82620 83360=
42410 31594 20000 10130 20119 40161 71000 82500 333 58037 82620=
42415 32996 20000 10164 20120 40170 82030 333 58036 82360=
42452 31995 09902 10170 20127 40127 71000 333 58024=
42492 31994 00000 10168 20154 40143 71000 333 58032=
42559 32996 00000 10172 20121 40123 333 58022=
42571 31996 00000 10166 20138 40133 70500 333 58033=
42591 31994 00000 10134 20129 40149 71000 333 58027=
42623 31495 10000 10090 20082 39283 40185 71000 81500 333 58036 81618=
42634 32996 02302 10204 20182 40127 333 58014=
42647 31995 02702 10218 20166 40123 70500 333 58014=
42667 31995 01402 10178 20127 39536 40126 70500 333 58018=
42675 31995 00000 10160 20139 40129 70500 333 58019=
42701 31996 00000 10170 20106 39391 40130 70500 333 58019=
42724 31995 00000 10170 20163 40142 71000 333 58027=
42737 32996 02302 10206 20193 40130 333 58010=
42754 31996 00000 10166 20113 39488 40134 70500 333 58014=
42779 32996 00000 10172 20087 39428 40135 333 58018=
42798 31995 00000 10184 20135 40128 71000 333 58020=
42809 31594 40000 10226 20217 40131 71000 81530 333 58021 81620 83360=
42840 31995 00000 10206 20191 40130 71000 333 58016=
42867 31996 00000 10160 20112 40133 70500 333 58014=
42874 31995 00000 10186 20156 40124 71000 333 58009=
42886 32996 00000 10146 20112 40137 333 58012=
42895 31495 51802 10232 20214 40131 70500 84630 333 56740 58026 83712 83618=
42909 32996 03603 10214 20202 40127 333 58009=
42971 31/93 91802 10230 20218 40133 74344 333 58020=
43003 31995 00000 10202 20148 40116 70400 333 58012=
43014 31995 00000 10188 20090 39469 40125 70544 333 58008=
43041 31995 00000 10168 20130 39509 40138 71000 333 58009=
43063 32996 00000 10142 20102 39501 40143 333 58008=
43086 31995 00000 10194 20173 39935 40118 70500 333 58010=
43110 31996 00902 10192 20144 40112 70240 333 58011=
43117 32996 00501 10206 20136 40123 333 58008=
43128 31996 00000 10196 20150 39514 40129 70500 333 58010=
43150 31995 22703 10240 20225 30074 40135 71000 80001 333 58016 82075=
43185 31995 00000 10230 20217 30115 40119 71000 333 58013=
43189 31996 10000 10232 20213 30125 40134 70510 80001 333 58014=
43192 32996 00000 10228 20200 40105 333 58013=
43201 32996 00000 10182 20087 39380 40117 333 58012=
43213 31995 00000 10226 20174 39792 40112 70500 333 58015=
43233 32996 20000 10200 20144 39309 40134 80001 333 58010=
43237 31995 20000 10194 20152 39699 40098 70500 80001 333 58012 82075=
43245 31996 01802 10240 20218 30098 40125 70500 333 58016=
43279 31595 30000 10238 20223 30117 40135 71000 82501 333 58021 82620=
43284 31094 30903 10252 20231 39993 40109 71000 82601 333 58013 82701=
43295 31996 10903 10194 20172 39111 48514 71000 80001 333 58012 81075=
43314 32996 10000 10254 20208 40112 80001 333 58008=
43321 31496 50505 10216 20191 39685 40137 70521 82531 333 58018 82612 84070=
43329 31596 30000 10236 20221 30113 40127 71000 82530 333 59018=
43333 31495 20000 10224 20209 40127 71000 81501 333 58020 81618=
43344 31495 59902 10236 20215 30032 40133 71021 83501 333 58018 83616 83075=
43353 31495 21106 10256 20238 40118 71021 81530 333 56390 58012 81620=
43369 32596 30000 10250 20235 40113 83500 333 58011 83620=
43371 31996 20000 10236 20202 30046 40119 80001 333 58014 82075=
43410 22470 10805 10265 20199 30120 40123 55/// 81100 333 60008 91009 555 60008==
43413 22970 00504 10256 20217 30123 40128 51004 333 58018 60008 91006==
43415 22470 10000 10214 20192 30022 40130 81000 333 58019 60008 555 60008==
43418 22470 20000 10224 20206 30084 40125 52003 82000 333 58018 60008 555 60008==
43421 22970 00000 10215 30018 40126 5/003 333 553// 20000 58020 60008 91001==
43424 22970 00201 10208 20202 30119 40121 52004 333 58024 60008 555 60008==
43436 22470 20000 10243 20222 30111 40114 52002 82000 333 58014 60008 555 60008==
43441 22570 70701 10226 20206 39984 40119 51008 85800 333 58024 60008 555 60008==
43444 22968 00501 10184 20171 39583 40116 52003 333 58020 60008 555 60008==
43450 22465 70302 10238 20207 30108 40120 52018 85106 333 58018 60008 555 60008==
43466 22970 00701 10252 20222 30108 40116 5/004 333 55001 553// 20000 58021 60008 91002 555 60008==
43467 21456 10000 10255 20237 30109 40115 52001 70500 81100 333 58019 60008 555 60008==
43473 22470 03000 10085 20064 38134 48518 52004 333 553// 20000 58015 60008 91001 555 60008==
43479 22468 61601 10186 20177 39278 86100 333 55001 58020 60008 555 60008==
43486 21/30 /0701 10225 20225 30017 40118 54003 71011 333 553// 20000 58022 60008 91001==
43495 22468 10402 10252 20231 30100 40113 5/030 81000 333 58200 60008 555 60008==
43497 22970 03503 10232 30096 40113 52003 333 553// 20006 58016 60008 91005 555 60008==
44212 42/// 42501 11271 21311 39232 40519 52008 84040 333 21294 3/132 47019 55087==
44213 429// 40000 11251 21281 38865 40502 52008 80008 333 21287 3/135 47015==
44214 42/70 50000 11168 21220 38298 40427 52010 82078 333 21178 3/121==
44215 42/// 42101 11167 21204 38443 40432 52009 84010 333 21167 3/121 45999==
44217 32998 40000 11196 21230 37852 40482 53010 80007 333 21199 42001 91202 555 31233=
44218 42/// 61901 11176 21208 38653 40440 52007 86070 333 21177 3/121 42002==
44219 32999 31103 11253 21284 38670 40501 52009 80006 333 21260 42004 91204 555 31273=
44265 429// 50000 11190 21220 38882 40417 53010 80006 333 21213 3/125 43006==
44266 329// 63401 11161 21248 37774 40434 53007 83087 333 21166 91203 555 31174=
44404 42956 00903 10062 20051 38119 48463 80000 333 58011=
44416 42956 10404 10080 20071 39369 40145 80001 333 58029=
44424 42957 00000 11020 21073 37670 47038 80000 333 58017=
44434 41340 40000 10140 20120 39240 48524 710// 84800 333 58035=
44438 41925 01203 10138 20128 30016 40144 710// 80000 333 58032=
44449 41540 23603 10162 20152 39986 40142 710// 82100 333 58032=
44454 41440 22102 10084 20077 38672 48506 71044 82100 333 58037=
44462 41/08 80802 10078 20074 38248 48472 740// 888// 333 58019=
44474 41008 80000 10081 20074 38263 48508 750// 888// 333 58036=
44477 42/0/ ///// 11//// 2//// 3//// 48///=
44478 41614 40000 10144 20131 30063 40145 710// 84030 333 58032=
48020 42920 00000 10115 20106 333 20106==
48025 11110 53201 10148 20103 30019 40164 58039 60002 74044 85800==
48048 41940 00000 10150 20150 30081 40140 71000 333 20145 58038==
48052 32950 01801 10175 20147 333 20172=
48062 41540 20401 10173 20154 30122 40128 71011 82500 333 20123 58019==
48064 42950 01401 10198 20168 30046 40104 333 20177 58029==
48094 41950 00000 10210 20200 30106 40116 71000 333 20199 58007==
48109 41440 30000 10215 20173 30134 40137 71011 82500 333 20163 58026==
51076 14068 03601 11177 21195 39414 40361 52014 60001 333 11010 21184 3/102 4/025 58056 70000 90761 91104==
51087 14065 01101 11168 21189 39264 40361 52015 60001 333 11004 21177 3/105 4/018 58053 70000 90761 91104==
51156 14077 00103 11121 21166 38735 40339 52011 60001 333 11002 21123 3/115 58062 70000 90761 91105==
51243 14/29 /3401 11167 21192 39780 40379 52015 60001 71000 333 11083 21167 3/115 58071 70000 90761 91103==
51334 14022 02500 11139 21159 39919 40355 52022 60001 70500 333 11052 21161 3/109 4/012 58056 70000 90761 91103==
51379 14056 01701 11174 21196 39353 40382 52014 60001 71000 333 11080 21188 3/106 4/022 58067 70000 90761 91104==
51463 14080 01602 11074 21138 39094 40354 52008 60001 333 11059 21137 3/101 4/036 58075 70000 90761 91106==
51573 14/64 /0901 11001 21160 30211 40262 52010 60001 333 10092 21029 3/105 58003 70000 90761 91104==
51644 14/50 /0402 11050 21111 38960 40250 52006 60001 70500 333 10062 21061 3/106 58003 70000 90761 91106==
51656 14/50 /2302 11035 21073 39172 40259 52010 60001 70500 333 10060 21094 3/106 58006 70000 90761 91104==
51709 14/50 /3302 11043 21134 38633 40252 57003 60001 70600 333 10042 21051 3/107 58008 70000 90761 91104==
51711 14/60 /2603 11050 21162 38003 40198 52002 60001 333 10004 21086 3/110 58005 70000 90761 91108==
51716 14050 01501 11044 21100 38929 40257 52005 60001 70600 333 10063 21054 3/108 58011 70000 90761 91102==
51765 14/57 /0901 11056 21137 39235 40264 52012 60001 333 10078 21108 3/110 59003 70000 90761 91104==
51811 14/56 /0000 11038 21132 38803 40252 52004 60001 70600 333 10059 21053 3/110 58020 70000 90761 91103==
51818 14/49 /1601 11016 21173 38650 40246 52001 60001 70600 333 10049 21072 3/107 58015 70000 90761 91103==
51886 14/80 /1401 11149 21276 37103 40291 52001 60001 333 10006 21175 3/121 59005 70000 90761 91107==
52203 14/61 /2401 11078 21162 39354 40274 52012 60001 333 10084 21102 3/114 58003 70000 90761 91104==
52602 14/59 /0101 11153 21286 37271 40328 57002 60001 333 10005 21202 3/122 58000 70000 90761 91107==
52818 14/73 /1101 11128 21283 37225 40274 57001 60001 333 10024 21158 3/119 59003 70000 90761 91104==
52908 14/76 /2601 11218 21263 35735 40314 52001 60001 333 11084 21218 3/127 58013 70000 90761 91107==
55228 04980 /2803 11101 21244 36005 40173 52005 60002 70000 333 10001 21138 3/115 54405 58008 60001 70000 90720 91112=
55299 14/76 /0102 11150 21229 35814 40224 57008 60001 333 11034 21163 3/121 58031 70007 90761 91106==
55578 04975 /2901 11082 21194 36333 40101 52007 60002 70000 333 10091 21082 3/111 54418 58012 60001 70000 90720 91104=
55591 14/80 /1104 11047 21162 36499 40117 52004 60001 333 10072 21047 3/109 58043 70005 90761 91108==
55664 04980 /0103 11051 21189 35985 40090 52002 60002 70000 333 10064 21089 3/113 54405 59003 60001 70000 90720 91114=
55773 04980 /1801 11110 21142 35994 40203 54000 60002 70000 333 10051 21121 3/116 58031 60001 70000 90720 91114=
56004 14/80 /0802 11185 21210 35791 40289 57006 60001 333 11068 21215 3/125 58020 70011 90761 91107==
56018 14/80 /1901 11183 21215 36184 40332 52002 60001 333 11004 21187 3/116 4/001 58051 70016 90761 91106==
56312 04980 /1401 11024 21075 37107 40228 52006 60002 70000 333 10079 21031 3/105 54415 58055 60001 70000 90720 91105=
62306 42960 01515 10131 20036 40150 57013==
62309 42960 01206 10122 20079 40154 57005==
62332 42960 00000 10149 20112 40172 57006==
62366 45960 00905 10138 20096 40168 57003==
62387 42960 01603 10092 20054 40174 52002==
62393 42960 00000 10099 20019 40188 57007==
62405 42960 00000 10116 21058 40164 57002==
62419 42960 00204 10144 21029 40147 57009==
62420 42960 02001 10103 21014 40172 57002==
62435 42960 00000 10114 20007 40163 57006==
62458 42960 01404 10095 20019 40166 57001==
62465 42960 02604 10166 20042 40130 57006==
41256 329// 32603 10199 20164 30118 40135 92345 333 58002 55000 55407 55408 55507 55508=
42182 31995 20000 10126 20119 40142 71000 82030 333 58020 82360=
42027 32596 61801 10038 20020 38444 48531 84520 333 58043=
