SMPK OPKC 051200=
41504 02697 60000 10050 21098 37808 48459 60002 83230 333 10095 56990 59014 60007 83845 83360 RH33%=
41505 22696 60000 10070 21027 38/// 48/// 60002 82520 333 10075 56990 58/// 82640 84460 50%=
41506 02697 61804 10100 20001 38493 48489 60002 83520 333 10111 56990 59008 60007 83640 84460 50%=
41507 02697 30906 10180 20025 39274 49786 60002 83100 333 10190 56900 58008 60007 83840 35%=
41508 02696 82304 10089 21022 38658 48527 60002 8452/ 333 10165 5699/ 58006 60007 84635 85460 45%=
41509 02697 70000 10100 20008 38737 48478 60002 82520 333 10135 56990 59011 60007 82640 85460 RH 53%=
41510 02697 70904 10025 21012 37888 48503 60002 83520 333 10095 56990 59001 60007 83640 84460 77%=
41515 02697 70000 10080 21021 38541 48504 60002 83520 333 10106 56990 59005 60007 83650 8460 49%=
41516 02696 50000 10130 21009 38501 48460 60002 83470 333 10156 56990 59016 60007 83840 85360 RH38%=
41517 02997 00000 10065 21070 37753 48470 60002 333 10106 58007 60007 37%=
41518 02696 70000 10122 21009 38/// 48/// 60002 83520 333 10150 56990 5//// 60007 83640 86462 41%=
41519 02697 33102 10140 21028 38727 48470 60002 83200 333 10165 56900 59022 60007 83840 RH31%=
41520 02697 21806 10040 21094 37594 48232 60002 82500 333 10070 56900 58000 60007 82640 37%=
41523 02697 62304 10140 20007 39078 48499 60002 83520 333 10170 56990 58010 60007 83640 83460 40%=
41524 02697 72302 10150 21010 39344 40207 60002 85520 333 10165 56990 58006 60007 85640 82460 33%=
41525 12697 60000 10030 21035 37654 48381 60002 82520 333 10045 59019 82640 84460 62%=
41528 02697 60000 10180 20039 39205 48505 60002 83520 333 10196 56990 58015 60007 83640 83460 39%=
41529 02996 23102 10190 20045 39775 40155 60002 82030 333 10220 56090 58008 60007 82360 38%=
41530 01696 52312 10170 21006 39739 40154 60002 70522 82430 333 10200 56990 58010 60007 82840 83360 30%=
41534 02997 00000 10190 20059 39736 40148 60002 333 10205 59006 60007 42%=
41535 02697 41302 10105 21016 38706 48476 60002 84600 333 10140 56900 58006 60007 84835 RH43%=
41536 01596 83604 10100 20008 39050 48513 76066 8452/ 333 10175 5699/ 58033 60017 81720 83630 88460 53%=
41560 02997 00000 10090 21013 38327 48555 60002 333 10125 58005 60007 48%=
41562 02997 01302 10195 21005 39685 40146 60002 333 10215 59003 60007 27%=
41565 02996 43102 10089 21040 38651 48517 60002 84020 333 10125 56090 59003 60007 84460 RH 39% =
41567 01996 00000 10195 20038 39702 40115 60002 70500 333 10220 59010 60007 35%=
41572 01696 42704 10170 20008 39511 40136 60002 70500 82510 333 10195 56990 58015 60007 82640 83460 RH33%=
41573 01697 63602 10035 21014 37953 48489 60012 72272 83520 333 10100 41001 56990 58003 60017 83640 83460 70%=
41574 02697 42302 10080 20002 38337 48517 60002 84400 333 10102 56900 58003 60007 84640 58% COR=
41574 02697 42302 10080 20002 38337 48517 84400 333 10102 56900 58003 60007 84640 58%=
41576 01696 42708 10185 20021 40169 60002 72902 82530 333 10225 56990 58021 60007 82640 84460 33%=
41577 01696 12302 10180 20025 39532 40144 60002 70500 81200 333 10200 56900 58012 60007 81840 RH 35%=
41593 01996 00000 10215 20070 39932 40145 60002 70500 333 10236 58008 60007 39%=
41597 01996 32704 10205 20068 39872 40164 60002 70500 83030 333 10225 56090 58017 60007 83362 41%=
41598 01996 23102 10195 20038 39869 40140 60002 70500 82030 333 10220 56090 58022 60007 82360 35%=
41599 01996 02304 10200 20074 39861 40149 60002 70500 333 10213 58016 60007 44%=
41600 01996 02302 10195 20079 39842 40136 60002 70500 333 10213 58008 60007 47%=
41620 32996 02704 10130 21096 38558 48462 60002 333 10140 58001 60007 20%=
41624 02997 01804 10215 20056 39942 40140 60002 333 10245 58001 60007 35%=
41625 02997 00000 10215 20056 39926 40141 60002 333 10240 59005 60007 35%=
41630 01996 01804 10210 20062 40155 60002 70500 333 10230 58009 60007 38%=
41633 02997 00000 10215 20056 4//// 60002 333 10240 5//// 60007 35%=
41634 02996 42306 10160 20050 3//// 4//// 60002 84030 333 10185 56090 5//// 60007 84360 48%=
41635 02997 02302 10230 20035 3//// 4//// 60002 333 10245 5//// 60007 28%=
41636 01996 00000 10215 20095 39961 40144 60002 70500 333 10240 59008 6000746%=
41638 01996 01802 10220 20102 4//// 60002 70500 333 10244 5//// 60007 47%=
41639 02997 01304 10215 20083 3//// 4//// 60002 333 101230 5//// 60007 43%=
41639 02997 01304 10215 20083 3//// 4//// 60002 333 10230 5//// 60007 43%=
41640 01996 00000 10205 20081 39902 40150 60002 70500 333 10221 58014 60007 45%=
41641 01996 22604 10210 20062 39879 40153 60002 70500 82030 333 10224 56090 58014 60007 82360 38%=
41642 01996 00000 10190 20118 3//// 4//// 60002 70400 333 10215 5//// 60007 RH63%=
41643 01996 00000 10200 20109 39873 40148 60002 70400 333 10221 58015 60007 56%=
41644 01996 00000 10225 20108 3//// 4//// 60002 70400 333 10233 5//// 60007 48%=
41646 01996 01804 10225 20108 39959 40172 60002 70500 333 10240 58014 60007 48%=
41652 01996 01302 10225 20043 39966 40143 60002 70500 333 10242 59003 60007 30%=
41660 02997 03110 10095 21165 38438 48529 60002 333 10100 58010 60007 RH14%=
41661 02997 03102 10090 21066 38387 48516 60002 333 10110 58012 60007 33%=
41669 02997 01302 10220 20077 3//// 4//// 60002 333 10245 5//// 60007 40%=
41670 01996 00000 10220 20049 3//// 4//// 60002 70500 333 10235 5//// 60007 33%=
41674 01996 02306 10220 20064 3//// 4//// 60002 70500 333 10232 5//// 60007 36% =
41675 01996 02306 10225 20026 30002 40144 60002 70500 333 10237 58010 60007 27%=
41676 01996 00000 10220 20064 30011 40167 60002 70500 333 10240 58004 60007 36%=
41677 01996 00000 10210 20100 39971 40137 60002 70500 333 10230 58008 60007 49%=
41678 01996 00000 10240 20081 40144 60002 70500 333 10250 58006 60007 36%=
41679 01996 00000 10210 20100 4//// 60002 70500 333 10225 5//// 60007 49%=
41680 01996 00000 10220 20090 39943 40140 60002 70500 333 10234 58006 60007 43%=
41685 02997 03102 10160 21250 38911 48497 60002 333 10165 58014 60007 RH04%=
41697 02997 00000 10260 21039 39973 40127 60002 333 10280 58002 60007 RH14%=
41700 01996 03104 10230 20066 30011 40138 60002 70500 333 10243 58008 60007 35%=
41701 01996 03104 10250 20151 30005 40145 60002 70400 333 10260 58002 60007 54%=
41710 12997 01302 10195 21119 39372 40136 60002 333 10200 58001 RH11%=
41712 12997 00904 10175 21087 39203 48522 60002 333 10185 59003 RH16%=
41715 01996 00000 10235 20010 30087 40151 60002 70500 333 10255 58009 60007 RH23%=
41716 01996 02702 10240 20002 30046 40149 60002 70500 333 10256 58006 60007 21%=
41718 01995 00000 10240 20068 30037 40139 60002 70500 333 10245 58007 60007 33%=
41724 02996 00000 10250 20040 30088 40166 60002 333 10270 58012 60007 RH26%=
41725 02996 00502 10250 20004 30067 40144 60002 333 10260 58010 60007 RH20%=
41739 02996 00000 10210 20071 39067 48533 60002 333 10215 58004 60007 RH41%=
41742 12997 03102 10285 21019 30032 40133 60002 333 10290 59002 RH14%=
41743 21996 01302 10245 20092 60002 70500 333 10255 60007 RH31%=
41744 12996 00000 10180 21027 38780 48507 60002 333 10185 59002 RH24%=
41745 01996 02302 10245 20089 60002 70400 333 10255 60007 RH37%=
41746 02996 02702 10240 20053 30099 40152 60002 333 10250 58007 60007 RH30%=
41747 02996 03104 10245 20030 30087 40146 60002 333 10260 58009 60007 RH25%=
41748 02996 02304 10250 20108 30093 40157 60002 333 10255 58007 60007 RH41%=
41749 02996 02704 10270 20081 30117 40140 60002 333 10275 58008 60007 RH26%=
41756 02996 02308 10250 20047 30091 40157 60002 333 10265 59002 60007 RH32%=
41757 12996 01810 10245 20076 30153 40165 60002 333 10260 59005 RH34%=
41759 02996 01304 10260 20073 30146 40152 60002 333 10270 58003 60007 RH30%=
41760 01996 01806 10250 20120 30126 40139 60002 70500 333 10270 59013 60007 RH44%=
41764 02996 00000 10250 20023 30098 40148 60002 333 10255 58012 60007 RH23%=
41765 02996 03104 10250 20070 30111 40146 60002 333 10270 58001 60007 RH32%=
41766 01996 00502 10245 20062 30124 40153 60002 70500 333 10265 58003 60007 RH31%=
41767 02996 00000 10260 20073 3//// 4//// 60002 333 10275 60007 RH30%=
41768 02996 03602 10270 20061 30138 40145 60002 333 10280 58010 60007 RH26%=
41780 02996 02308 10260 20025 30120 40147 60002 333 10280 58008 60007 RH22%=
41783 22996 01302 10265 20035 30110 40139 333 10280 58004 60007 RH23%=
41785 02996 00504 10255 20049 30134 40147 60002 333 10265 58003 60007 RH27%=
41786 02996 03106 10270 20028 30094 40131 60002 333 10290 58012 60007 RH21%=
41BAG 02696 40000 10060 21102 60002 84500 333 10080 56900 60007 84635 30%=
41BKI 02996 32308 10180 21005 39728 40145 60002 83030 333 10210 56090 58002 60007 83360 RH 28%=
41SKP 01996 00000 10205 20104 3//// 4//// 60002 70400 333 10218 5//// 60007 52%=
43532 02697 60000 10130 20021 39327 40137 60012 72160 83520 333 10190 56990 58036 60017 83640 83460 48%=
43533 02997 53104 10150 20049 39223 48496 60012 85020 333 10195 56090 58004 60007 85460 51%=
43563 02697 42302 10183 20033 39452 40140 60002 84500 333 10211 56900 58022 60007 84640 36%=
41571 11696 23114 10175 20000 39573 40156 60002 70500 82400 333 10192 56900 58018 RH31%=
41726 01995 00000 10240 20068 30097 40168 60002 70500 333 10270 58007 60007 RH33%= 
41696 02997 03104 10090 21046 38002 48521 60002 333 10100 58002 60007 RH38%=


UPPK OPKC 051200=
PPAA 55111 41718 55285 26507 31003 77999=
PPAA 55111 41780 MISDA No Ascent due to PAF Flights=
PPAA 55111 41780 MISDA No Ascent due to PAF Flights=
PPAA 5512/ 41506 MISDATA DUE TO C/WEATHER=
PPAA 5512/ 41517 MISDA DUE TO LOCAL AIR MOVEMENT=
PPAA 5512/ 41517 MISDA DUE TO LOCAL AIR MOVEMENT=
PPAA 5512/ 41598 MISDA DUE TO NOT PERMISSION BY P.A.F=
PPAA 5512/ 41646 MISDA DUE TO TECHNICAL REASON=
PPAA 5512/ 41715 NO ASCENT DUE TO BALLOONS OUT OF STOCK=
PPAA 5512/ 41715 NO ASCENT DUE TO BALLOONS OUT OF STOCK=
PPAA 5512/ 41739 no acent due to security risk=
PPAA 5512/ 41739 no acent due to security risk=
PPAA 5512/ 41764 NO ASCENT DUE TO PAF FLYING AT BULARI AIR BASE=
PPAA 5512/ 41764 NO ASCENT DUE TO PAF FLYING AT BULARI AIR BASE=
PPAA 55121 41600 55285 25010 24012 77999=
PPAA 55121 41624 55285 18006 25007 77999=
PPAA 55121 41640 55285 33004 29007 77999=
PPAA 55121 41675 55285 26513 24016 77999=
PPAA 55121 41678 55285 33507 02504 77999=
PPBB 55111 41718 90/12 00000 26008 25508 9037/ 25507 26505 9125/ 29007 29512=
PPBB 55121 41600 90/12 23002 24504 23508 9037/ 23009 32006 912// 31012=
PPBB 55121 41624 90/12 18004 17504 19505 9037/ 19505 14009 9125/ 23008 11010=
PPBB 55121 41640 90/12 00000 27002 29502 9037/ 30503 34005=
PPBB 55121 41675 90/12 23006 25012 26012 9037/ 26012 28005 9125/ 34012 35521=
PPBB 55121 41678 90/12 00000 01003 35506 9037/ 35507 32004 912// 02010=





Data Generated from File : D:/all data handling/Rmc_lhr/2025020512.FSU.txt
05/02/2025   13:05:17
____________________________________________________________________________________________
15020 01570 83602 11003 21035 30110 40318 54001 69911 77176 8557/ 333 42998 55300 20175 69907 91004 90760 91106==
15090 01470 80103 10016 21062 30213 40310 57003 69931 77172 8457/ 333 41998 55300 00310 20611 30602 69907 91009 90760 91109==
15108 01/00 92904 11097 21106 38103 48528 57006 60021 77174 89/// 333 49077 55300 20490 60017 91007 90760 91109==
15150 01431 83503 11006 21020 30087 40311 54000 60011 77177 8672/ 333 4/001 55300 20218 69947 91005 90760 91106==
15170 01567 80401 10001 21041 39485 42863 57011 69901 70282 8637/ 333 55301 20749 69907 91003 90760 91104==
15280 01/00 9//// 11141 21159 37471 47997 56008 69931 74973 89/// 333 49084 55310 21044 69937==
15310 01560 83203 10020 21004 30197 40287 57013 69911 76872 8557/ 333 55301 00170 20389 30378 69917 91006 90760 91106==
15335 01560 83203 10006 21013 30277 40284 57012 69901 78582 889// 333 55300 20250 69907 91005 90760 91107==
15350 01570 82303 10016 21018 30175 40301 57018 69901 70272 885// 333 55300 20240 60007 91004 90760 91104==
15360 04/70 73408 10015 21033 30253 40271 57011 69901 87070 333 60007 91010 90760 91111==
15420 04566 82501 10041 21036 30184 40299 58012 60001 8457/ 333 55301 20888 60007 91003 90760 91104==
15460 01468 83103 10020 21021 30273 40298 57015 69911 77172 8272/ 333 55300 20473 69917 91006 90760 91106==
15470 04970 52704 10062 21018 30171 40301 57011 60001 80009 333 55310 21670 60007 91006 90760 91107==
15480 04470 83205 10026 21051 30263 40281 56013 60001 886// 333 55300 00250 20517 30454 60007 91009 90760 91110==
15549 12570 63603 10018 21029 39856 40286 58013 60001 86500 333 10037 21030 555 571//=
15552 12570 83203 10037 21045 30229 40280 57018 60001 8552/ 222// 00077 10201 333 10045 20006 555 555// 92024 92428=
15640 11670 73409 10039 20016 39972 40294 58013 69901 70272 84830 333 10055 21009 555 585// 71200=
15655 12568 73408 10054 21044 30247 40281 57016 60001 87500 222// 00082 10301 333 10065 20016 555 549// 92025 92427=
15730 12670 80904 10033 21041 39880 40289 57009 60001 84857 333 10055 21004 555 558//=
16627 12560 40212 10080 21044 30273 40279 58020 60001 84500 333 90730 91119==
16650 12560 20412 10072 21049 30267 40276 57018 60001 82140 333 90730 91127==
16667 12560 63512 10080 21021 30243 40255 58004 60001 86800 333 82820 85625 90730 91125==
16706 12560 30215 10084 20038 30225 40231 55009 60001 83400==
16723 12560 43515 10102 20049 30193 40206 52003 60001 84200 333 90730 91132==
16742 12560 33624 10090 20006 30020 40178 55005 60001 83100 333 90730 91142==
16749 12460 12919 10130 20032 30122 40136 57008 60001 81100 333 90730 91129==
16754 12460 53322 10112 20035 30180 40230 57013 60001 85800 333 81818 85620 90730 91135==
16757 12560 53332 10104 20025 30057 40192 57003 60001 85500 333 90730 91149==
16760 12560 73621 10078 20006 40222 58012 60001 87800 333 84820 84625 90730 91135==
16765 12460 43235 10116 20007 40163 57008 60001 84500 333 90730 91149==
17022 11562 61804 10013 20013 30063 40235 57017 60101 72876 85510 333 85628 86459 90760 91113==
17024 11570 62111 10029 20017 30136 40216 57018 60061 72272 84550 333 84632 86359 90760 91122==
17026 11570 72904 10062 20019 30181 40221 57023 69971 70272 85270 333 85830 87358 90760 91111==
17031 11425 71505 10013 20008 30206 40213 57015 60101 78382 87200 333 84712 87825 90760 91115==
17034 11560 70302 10034 20018 30170 40218 57014 60031 78082 84250 333 84830 87358 90760 91112==
17038 11460 72911 10044 20021 30149 40198 57018 60011 76188 87500 333 85711 87628 90760 91117==
17042 12670 70302 10072 20001 30160 40201 57020 60001 84550 333 84635 87360 90760 91108==
17050 12670 63603 10068 21037 30221 40286 57026 60001 83570 333 83635 86358 90760 91110==
17056 12670 50213 10062 21037 30266 40271 57023 60001 83230 333 83835 85360 90760 91122==
17060 12570 63517 10046 21035 30222 40263 57011 60001 85250 333 85830 86360 90760 91128==
17070 11540 80101 11006 21032 39315 40213 57018 69931 77177 8552/ 333 85628 88459 90760 91108==
17074 11570 81002 10002 21003 39239 40205 57020 69911 77077 8552/ 333 85625 88458 90760 91112==
17084 11570 70405 10016 21021 39257 40192 57020 69901 78522 85270 333 85832 87359 90760 91111==
17085 12570 80406 10041 21044 39683 40185 57020 60001 8452/ 333 84630 88460 90760 91115==
17092 11458 72905 10028 21022 38787 48421 57029 60001 71022 85750 333 81711 85632 87357 90760 91110==
17096 11659 70912 11010 21034 38160 48436 57025 60001 71022 85550 333 85635 87357 90760 91118==
17098 12660 72404 10021 21083 38138 48454 57019 60001 85550 333 85635 87357 90760 91112==
17100 11632 60000 10078 21069 39148 40157 57027 60001 70522 82530 333 82640 86360 90760 91105==
17112 12570 40507 10078 21064 30263 40266 57021 60001 84200 333 84830 90760 91122==
17115 12460 53615 10062 21036 30212 40264 57013 60001 85200 333 82712 84835 90760 91130==
17116 11570 70106 10048 21025 30126 40251 57016 69901 70382 84250 333 84833 86359 90760 91115==
17124 11560 73411 10012 21063 39274 40218 57016 69901 72272 84250 333 84830 86359 90760 91119==
17128 12660 70612 10021 21115 39055 40181 57027 60001 84250 333 84835 86358 90760 91122==
17135 12670 50308 10028 21083 39277 40175 57024 60001 83550 333 83640 85360 90760 91116==
17140 11657 80505 11031 21057 38654 48440 57019 69901 77072 8552/ 333 85635 88457 90760 91118==
17150 11460 70119 10049 21037 30121 40248 57008 69981 70282 87200 333 83715 86835 90760 91131==
17160 12670 80113 10000 21072 38978 48443 57019 60001 8452/ 333 84640 88460 90760 91120==
17170 12560 60605 10069 21080 38262 48437 57028 60001 82508 333 82630 86268 90760 91110==
17175 12665 50506 10073 21042 30241 40245 57011 60001 82130 333 82840 85360 90760 91116==
17184 12670 53612 10049 21033 30120 40235 56002 60001 84250 333 84840 85360 90760 91123==
17190 11540 80204 11008 21048 38977 48468 57013 69921 77372 8552/ 333 85630 88458 90760 91115==
17195 11321 80000 11006 21018 38915 48433 57020 60041 77177 8752/ 333 84708 86620 88458 90760 91114==
17200 11660 80109 10047 20021 39114 40103 57027 69941 76162 8552/ 333 85635 88459 90760 91113==
17202 12665 70705 10090 21040 39049 40085 57034 60001 85550 333 85635 87360 90760 91117==
17203 12670 70502 10045 21013 38808 48465 57025 60001 84250 333 84840 87360 90760 91107==
17210 12670 62003 10129 21026 39056 40078 57037 60001 83130 333 83840 86360 90760 91108==
17219 12565 53524 10069 21018 30072 40220 58008 60001 85400 333 85630 90760 91139==
17234 12670 33403 10121 21030 30128 40197 56005 60001 83200 333 83840 90760 91113==
17237 11670 63402 10070 21036 39672 40184 57018 69911 70272 84250 333 84835 86360 90760 91111==
17240 11565 70310 10019 21050 38995 40156 57014 69901 78522 85250 333 85830 87360 91020 90760 91130==
17244 11565 73515 10000 21070 38962 48454 57017 69901 70272 84550 333 82720 84630 87359 90760 91129==
17248 11505 83105 11009 21033 38925 48433 57015 60021 77177 8552/ 333 85629 88458 90760 91110==
17250 11513 80610 11018 21050 38737 48429 57021 60031 77177 8452/ 333 84630 88459 90760 91119==
17260 11660 70703 10097 21021 39231 40047 57030 69901 78022 85250 333 85835 87358 90760 91113==
17270 12670 51205 10134 21027 39427 40068 57039 60001 83550 333 83640 85360 90760 91112==
17275 12670 71211 10115 21050 38893 48422 57036 60001 81544 333 81640 83360 87068 91023 90760 91123==
17280 12660 51107 10137 21021 39292 40077 57046 60001 83530 333 83640 85360 90760 91116==
17290 12970 03412 10114 21032 30144 40176 55003 60001 333 90760 91129==
17292 12670 33505 10063 21057 39383 40148 57007 60001 83200 333 83835 90760 91119==
17300 12560 53428 10127 21030 30038 40109 56017 60001 82130 333 82830 85360 90760 91136==
17310 12670 51006 10145 21009 30057 40064 57028 60001 85200 333 85835 90760 91113==
17330 12/70 32907 10129 21016 30068 40086 57022 60001 83030 333 83360 91020 90760 91120==
17350 11660 70108 10098 20063 39993 40071 57030 60081 72582 84250 333 84845 87357==
17370 11670 70000 10121 20049 30070 40074 57021 60021 70292 84250 333 84835 87360 90760 91115==
17375 11558 70000 10092 20077 30097 40099 52003 60151 79598 85970 333 84830 87358 81925 90760 91108==
33088 32597 60503 10001 21076 30129 40328 58007 83202 555 1/011=
33135 32597 63406 10006 21053 30141 40294 58008 84331 333 84930 555 1/004=
33177 31596 80401 10028 20003 30080 40324 58006 71022 8592/ 555 1/005=
33317 32598 50602 11009 21095 39969 40320 58004 85500 555 1/002=
33393 32960 83002 10037 21019 39923 40324 58006 8807/=
33415 /1297 80301 11004 21016 39908 40321 56007 70275 886// 333 88706 555 1/100 69971=
33429 /1597 60205 11008 21068 39875 40314 58004 70282 86530 333 86628 555 1/001 69901=
33466 /1567 73404 11004 21041 30089 40284 58006 70282 87300 555 1/000 69901=
33506 /1394 83004 11021 21027 30035 40239 56003 78682 889// 555 1/000 69961=
33562 /1560 60105 11002 21045 39998 40314 58002 72622 83930 555 1/100 69901=
33587 32597 63604 11004 21045 30017 40290 58002 84950 555 1/001=
33658 /1464 80502 11005 21012 30008 40320 57001 78582 889// 333 86710 555 1/000 69971=
33663 /1598 60201 10020 21048 30200 40299 58011 70282 85930 555 1/005 69901=
33664 42598 83602 11003 21054 39983 40315 58001 885//=
33678 42898 72803 11007 21082 30105 40321 52002 8705/=
33679 42497 73402 10004 21071 30115 40313 52003 87500 333 87618=
33711 32560 83204 11002 21053 30049 40266 58006 883// 333 88920 555 1/001=
33745 41597 60104 11000 21080 30112 40315 57008 70282 86900 555 12003=
33748 41597 70203 11002 21035 30003 40299 52002 87300=
33754 42598 83104 10009 21067 30138 40290 56001 8635/=
33761 /1570 83506 11005 21039 30053 40285 58002 70272 883// 555 1/001 69901=
33791 32989 33204 10011 21031 30127 40259 57008 83500 555 1/002=
33815 41598 83302 10002 21074 30071 40286 58003 70282 885// 555 11000=
33837 /1584 83402 10008 21039 30216 40270 58005 78382 8537/ 555 1/003 69901=
33881 41598 70203 10004 21062 30090 40294 57004 70282 87300=
33883 41598 83606 10008 21067 30115 40285 57007 70282 883// 555 1/000=
33885 41598 73504 10001 21053 30157 40298 57006 70282 84340=
33892 42998 90105 11002 21062 30063 40282 57004 8805/=
33902 /1597 83403 10013 21026 30199 40260 58008 70282 8535/ 555 1/006 69901=
33924 42560 81002 10010 21007 30238 40251 57010 8697/==
33946 41782 80304 10009 21020 30017 40245 57010 72782 883// 333 88650==
33983 42570 60504 10020 21033 30178 40240 57006 86500 333 11005==
34300 /1496 82703 11012 21036 30043 40226 52008 77187 8672/ 555 1/100 60011=
34336 42570 81302 11022 21054 30167 40274 52020 86309==
34344 42670 81402 11031 21037 30184 40276 52014 885//==
34356 42560 51501 11003 21048 30135 40287 52010 85500==
34357 42/70 71201 11022 21052 30119 40280 52009 87030==
34398 42970 61207 11028 21081 30278 40291 52003 80001==
34415 /1547 82001 11010 21023 30135 40235 52010 77177 8572/ 555 1/000 69961=
34438 42960 01103 11035 21061 30067 40266 53008==
34445 42570 61203 11022 21041 30160 40278 52010 8650/==
34461 42560 60701 10016 21054 30227 40284 52006 83530==
34473 41497 80803 11014 21038 30244 40283 52005 77172 8802/ 555 1/000=
34476 41540 80503 11012 21030 30273 40281 51005 72682 8693/==
34504 32582 63103 10004 21062 30063 40242 58006 86500=
34535 42570 61304 11043 21058 30192 40267 53007 86200==
34545 42570 81102 11015 21037 30159 40274 53006 885//==
34555 42570 30601 11013 21048 30192 40287 52002 82530==
34560 42560 50304 10008 21043 30083 40278 52001 85500 333 85624==
34578 41/40 83603 10008 20002 30266 40273 57002 71022 8801/==
34579 41540 80103 10000 21009 30228 40272 52001 71082 885//==
34644 41540 61001 10000 21016 30185 40264 52003 71042 86500==
34646 42560 60902 11014 21029 30189 40273 52004 865//==
34655 42560 81301 11011 21035 30219 40281 53004 885//==
34662 42570 23301 10017 21038 30265 40276 56004 82100==
34691 42970 80000 10005 21045 30485 40472 54000 80007==
34720 42570 42002 10020 21018 30213 40253 54000 83830==
34727 42560 33401 10016 21035 30224 40255 55002 83200==
34743 42560 60102 10020 21029 30178 40269 57001 84930==
34759 42560 70502 10004 21018 30138 40272 52001 83901==
34772 42570 83505 10017 21011 30266 40269 58004 885//==
34785 42470 70602 10011 21026 30283 40260 57002 87600==
34798 42970 60605 10002 21065 30397 40367 52004 80005==
34824 42460 50302 10016 21023 30247 40253 57004 85900==
34838 42560 61002 10025 21051 30150 40248 56006 85430==
34845 42570 81002 10031 21044 30147 40257 57003 85531==
34858 42660 70801 10022 21044 30155 40265 55003 86130==
34861 42570 60304 10011 21039 30016 40265 57003 84530==
34866 42570 50103 10036 21036 30272 40263 57004 82431==
34880 42660 80402 10016 21017 30282 40255 52002 885//==
34887 41540 83604 10015 20004 30275 40252 58004 71072 885//==
34949 42/70 70705 10012 21071 39688 40245 57005 83031==
34954 42970 80602 10022 21060 30081 40258 57014 80005==
34958 42570 80000 11002 21041 30059 40264 56005 885//==
34975 42570 60303 10031 21010 30258 40254 57009 85530==
34984 41560 83404 10019 20009 30281 40250 57003 70280 885//==
35217 42960 31004 11073 21117 30276 40318 52004 80003==
35302 42/70 60907 11062 21112 30290 40312 53008 83031==
35315 42998 50905 11070 21115 30255 40316 52004 82032 555 1/106=
35344 42999 50806 11074 21123 30081 40383 53008 80001 555 1/108=
35358 42/60 20505 11078 21114 30184 40362 58008 82040==
35368 41999 00907 11054 21100 30119 40396 52001 73630 555 1/106=
35386 41598 30705 11062 21093 39870 40412 57005 73633 83500 333 91115 555 1/107=
35394 41570 60605 11072 21110 39714 40422 53005 73673 86500==
35404 42598 61004 11034 21085 30279 40287 52002 81104 555 14101=
35406 42/60 70904 11053 21082 30289 40291 53003 87030==
35416 42/70 60705 11070 21108 30180 40306 52001 86030==
35426 42984 50704 11059 21098 30024 40326 52003 80001==
35437 41998 70112 11073 21112 30100 40431 53016 73632 80003 333 91016 91116 555 1/110=
35449 42998 50207 11064 21115 30259 40366 52007 80001 555 1/107=
35497 41970 00506 11075 21101 39826 40680 53004 73633==
35498 42998 03407 11078 21109 39471 40386 52002 333 91017 91117 555 1/115=
35514 42598 70705 11058 21084 30503 40499 53005 87500 555 1/105=
35522 41998 50905 11067 21114 30039 40301 53002 70232 80001 555 1/107=
35542 42998 40606 11066 21113 30203 40357 52003 80003 555 1/106=
35563 41496 81502 11074 21091 39591 40392 53002 71011 886// 555 1/108=
35576 42970 00606 11054 21100 39904 40369 57008==
35582 41998 01409 11062 21120 39771 40395 53007 73630 555 1/108=
35594 42999 00703 11078 21113 39504 40375 57002 555 1/109=
35605 42598 80902 11024 21053 30294 40272 53005 885// 555 11000=
35633 42998 20707 11055 21089 30102 40323 52003 80001 555 1/107=
35671 41970 00607 11055 21085 39916 40360 57003 73633==
35699 41960 00510 11063 21126 39568 40348 54000 73633 333 91016==
35700 42470 70903 11023 21066 30285 40261 57002 87700==
35715 42999 81206 11040 21085 30286 40271 53005 8805/ 555 14102=
35739 42999 20905 11030 21093 30151 40294 53003 80001 555 1/105=
35746 42970 40807 11014 21086 30245 40313 52004 80001==
35777 42997 40507 11058 21120 39989 40347 57005 80001 555 1/107=
35796 42960 00506 11065 21120 39887 40338 53003==
35849 42970 50805 11023 21105 30208 40295 53005 80002==
35895 42998 00306 11057 21095 39881 40340 53003 555 1/108=
35907 42598 70307 11008 21030 30271 40240 58001 87500=
35925 42970 81404 10028 21011 30146 40257 53001 80002==
35927 42998 21802 10016 21039 30251 53006 80002=
35953 42984 60503 11024 21072 30165 40297 57001 80001==
35969 42984 00507 11038 21142 30121 40299 57009==
35997 42998 30702 11055 21131 39869 40316 53002 83030 555 1/107=
36259 12984 00101 11296 21328 38375 48655 52001 60002 333 11265==
36335 41597 60203 11100 21120 39362 40436 53003 78583 86300 555 1/108=
36358 41699 63608 11125 21148 39354 40429 58002 73622 86500 555 1/113=
36394 42997 00000 11168 21208 39980 40437 57005=
36397 429// 00000 11159 21193 39824 40430 57003==
36403 41996 32801 11177 21203 30039 40431 57004 71000 80001 555 1/121=
36418 42999 00102 11250 21268 39770 40456 57006 555 1/129=
36421 429// 01001 11241 21266 39824 40451 57007 555 1/128=
36428 429// 03202 11245 21281 39894 40453 57009==
36439 429// 01202 11143 21196 39077 48564 56002 555 1/120=
36498 41998 00311 11097 21166 39542 40367 57004 73630 333 91017 91117 555 1/112=
36501 49999 11165 21194 39623 40433 57001 555 1/118=
36535 42984 00000 11250 21283 39755 40459 57006==
36546 429// 00000 11243 21270 39855 40455 57007 555 1/127=
36619 42999 03603 11080 21130 555 1/109=
36622 41998 00506 11125 21193 39538 40386 53005 70230 555 1/114=
36639 42984 03501 11147 21231 39704 40347 53008==
36643 429// 03102 11219 21240 39722 40451 56005 555 1/125=
36665 41996 03301 11223 21239 39644 40443 57001 71000 555 1/125=
36666 42498 12301 11263 21289 39909 40463 57002 81600=
36729 42998 02502 11106 21148 39813 40316 53006 555 1/114=
36736 41996 01010 11039 21136 39769 40334 53002 73833 333 91015 91118 555 1/106=
36744 42998 00403 11064 21123 39848 40312 54000 555 1/112=
36770 42999 00000 11107 21135 39556 40315 53006 555 1/117=
36786 42999 00000 11087 21129 39343 40293 53003=
36796 42998 00000 11140 21193 39056 48501 53005=
36803 42999 00902 11098 21129 39848 40317 53012=
36806 42998 01520 11124 21209 39854 40349 57014 333 91024 91129=
36819 41997 82701 11136 21156 39677 40327 53007 71022 82024=
36821 42984 20000 11089 21127 39809 40320 53006 80001==
36839 42999 22901 11095 21179 39134 40308 58012 80001=
36843 42998 00000 11046 21137 39084 40281 53002=
36846 42999 81402 11057 21177 38627 48517 53004 81046=
36859 42984 00000 11022 21096 39520 40316 53005==
36870 42960 00501 11029 21092 39240 40269 53005==
36874 42698 43603 11078 21122 39620 40437 53006 82506=
36877 42999 23501 11055 21101 39664 40707 53006 80001=
36885 42999 00000 11021 21114 39128 40271 53004=
36889 42999 21801 11101 21214 37027 47046 53002 80001=
36894 42999 00000 11092 21131 39535 40306 53008=
36905 42999 00000 11038 21103 38761 48516 53003=
36911 42999 00000 10014 21049 39280 40260 53006 555 1/103=
36927 42699 30902 10014 21093 38346 48515 53005 83900=
36934 42598 60501 11002 21035 38270 48400 53003 85932=
36953 42999 00000 11092 21137 38197 48508 53009 555 1/117=
36963 42999 61801 11094 21239 37011 48/// 53006 82051 555 17113=
36974 42798 31401 11088 21160 38006 48557 53004 82501 555 17120=
36982 42998 62803 11123 21252 36484 47048 53002 80006=
37018 42970 23402 10079 21076 30134 40209 57017 80001==
37031 42560 80903 10040 21043 30041 40239 57009 82135==
37054 42660 80501 10013 21042 39861 40254 56005 885//==
37061 42560 80702 10023 21039 30088 40261 55007 8552/==
37085 41560 83504 10028 20000 30279 40251 57011 76162 8872/==
37171 42770 83004 10065 21033 30177 40196 57025 8295/==
37228 41410 80501 11017 21033 39382 40240 57004 71072 885//==
37235 42670 80802 10009 21020 39924 40248 57009 885//==
37472 42560 83103 10046 21006 30267 40245 57010 8657/==
38149 42970 20602 10087 20009 30172 40248 58005 80002==
38178 41960 00303 10077 20053 39930 40213 57003 71000==
38262 42970 31302 10102 21044 30163 40244 54000 80001==
38264 42970 20204 10093 21060 30150 40244 57002 80003==
38345 42699 82401 11007 21080 38827 48520 53011 8252/ 555 1/101=
38353 42998 53001 10005 21097 39361 40277 53008 80001=
38392 42997 20804 10111 21027 30127 40229 57005 80001 555 10016=
38396 42960 80604 10108 21017 30112 40235 57002 80001==
38403 42960 00702 10122 21057 30114 40233 57007==
38413 42970 00803 10097 21022 39966 40255 52003==
38457 42/60 32602 10095 21027 39648 40231 57001 81041==
38462 42684 70000 10027 21130 38776 48514 54000 83551==
38507 42598 62502 10101 20050 30109 40211 58006 84501 555 10012=
38545 42998 00603 10126 20000 30052 40227 57005 555 10013=
38565 12970 03502 10103 20004 39617 40192 57002 60002==
38579 12960 00801 10103 20004 39812 40224 57001 60002==
38583 12960 00201 10095 20009 39918 40238 53001 60002==
38599 41995 80703 10071 21016 39704 40242 53002 71011 80001=
38611 41/40 51401 10070 21024 39677 40239 57004 71011 85040==
38613 42998 20101 10062 21023 39337 40240 55004 80002 555 12004=
38616 42598 50901 10055 21026 39232 40250 53002 82501=
38618 42/60 83201 10073 21027 39543 40231 54000 83031==
38647 42998 61006 10122 21041 30152 40194 57006 80006 555 10017=
38656 42998 00902 10140 20000 30102 40209 58018 555 10019=
38683 42960 00204 10128 21030 39946 40219 57001==
38687 42997 01405 10146 21017 30982 40213 57010 555 10017=
38696 12984 23201 10116 20009 39363 40203 57007 60002 80002==
38713 42997 83601 10056 21021 39063 48520 53009 80004=
38750 42997 52703 10104 20027 30241 40213 58010 80001 555 10015=
38763 42997 20902 10118 20119 30096 40200 57016 80001 555 10013=
38774 42998 30302 10122 21002 30028 40222 53004 80004 555 10014=
38799 42997 01603 10166 21009 39971 40196 57010 555 10016=
38806 42997 01404 10148 21012 39942 40196 57008 555 10015=
38812 42960 02001 10154 21041 39762 40203 57006==
38836 41798 31102 10130 20038 39255 40170 53004 71000 80002=
38880 42997 53302 10126 21013 39947 40198 56004 82031 555 10011=
38886 42997 20202 10156 20004 39973 40195 57002 80001 555 10020=
38895 42996 00000 10166 21002 39916 40198 57003 555 10018=
38911 42998 01504 10159 20043 39923 40209 57005 555 10017=
38915 42997 01105 10156 21002 39897 40213 57004 555 11015=
38927 12/60 21501 10148 20009 39840 40207 56002 60002 82030==
38933 42997 22702 10141 20051 39717 40220 57010 80001=
38944 41996 40000 10131 20023 39626 40150 57007 71000 82031=
38954 42999 30000 11005 21119 37933 48520 54000 80001=
38974 42998 00000 10165 21025 39859 40184 53001 555 10021=
38987 42996 43302 10172 21014 39458 40176 57006 80001 555 11014=
40100 43/80 89904 10150 20100 30081 40097 58028 6///1 333 58///=
40180 11560 62705 10162 20126 30053 40102 57024 60071 72162 86200 333 70000==
40199 02/// /1501 333 70000==
40265 11550 73005 10120 20081 39317 40113 57016 69961 70562 87200 333 87825=
40270 11550 82515 10102 20078 39206 40104 57019 69961 76262 88770 333 83720 85825=
40272 11530 72424 10110 20080 39266 40098 57044 69901 70700 87800 333 87825=
40340 31956 63303 10212 20056 30066 40130 57024 70500 86000 333 86070=
40356 32660 22722 10153 20010 39104 48421 82100 333 59056 82840 555 04410 50073=
40357 32960 03319 10214 21090 39421 40046 333 59071=
40360 32560 62814 10176 20020 39501 40088 86500 333 59044 86630=
40361 32960 02922 10178 20010 39316 40098 333 59047=
40362 32960 02813 10257 21120 39544 40049 333 59074=
40373 32960 02313 10282 21050 39657 40064 333 59088=
40375 32960 73110 10186 20000 39219 40081 87040 333 59022 87360=
40394 32960 02720 10242 20030 38959 48447 333 59056 555 04410 50060=
40400 32960 42917 10240 20130 30079 40107 80001 333 59011 84070=
40405 32960 02407 10267 20060 39345 40055 333 59065=
40417 32960 51810 10258 21090 30110 40125 82032 333 59060 82360 84070=
40420 22/60 51813 10250 21100 39918 40122 85070 333 59056 60005 85360==
40430 32660 22416 10276 20120 39353 40068 82400 333 59046 82645=
40437 32660 41808 10262 21100 39407 40101 84400 333 59063 84640=
40439 32560 52610 10282 20190 30074 40092 83101 333 59018 82830=
40582 41956 01424 10222 20067 40090 56035 70700 333 00026 55310 00733 10000 21729 30506 41134 51585 62236 55407 41223 90401 91029 91131 91225 91319=
40703 12660 50000 10100 21072 38858 40126 57026 60001 81506 333 70000 81640 85268 555 10038 29029=
40706 12560 71102 10090 21085 38595 40142 57028 60001 82472 333 70000 82630 84457 85068 555 10028 29028=
40712 12660 81202 10063 21058 38623 40142 57026 60001 83507 333 70000 83640 88265 555 10019 29042=
40713 12960 81107 10075 21047 38602 40127 57021 60001 8802/ 333 70000 88459 555 10029 29042=
40718 11550 80201 10116 20086 30232 40203 56012 60001 71022 8452/ 222// 0//// 20202 333 70000 84620 88457 555 10101 29082=
40723 12960 20403 10116 21091 38951 40204 56007 60001 81078 333 70000 81359 555 10043 29023=
40726 12660 80000 10074 21035 38599 40123 57026 60001 8351/ 333 70000 83640 88460 555 10031 29046=
40727 12660 71303 10094 21046 38413 40126 57034 60001 82560 333 70000 82640 87360 555 10039 29037=
40732 11230 80000 10111 20082 30218 40194 57015 60001 71022 8732/ 333 70000 86706 81922 88458 555 10097 29082=
40736 12960 73601 10137 20077 30227 40201 56020 60001 80006 333 70000 87269 555 10108 29067=
40737 12560 63303 10127 20059 30170 40189 57012 60001 83801 333 70000 82827 83630 555 10095 29063=
40738 11656 52904 10130 20042 30210 40212 56010 60001 70500 81506 333 70000 81635 85269 555 10090 29055=
40739 12665 61902 10096 21104 38677 40182 56013 60001 81506 333 70000 81635 86269 555 10028 29023=
40741 12960 10000 10174 20019 39854 40189 56005 60001 80001 333 70000 81070 555 10104 29035=
40743 12965 42603 10148 21108 39055 40168 56013 60001 80002 333 70000 84070 555 10058 29016=
40745 12962 40503 10134 21038 39032 40187 56007 60001 80001 333 70000 84069 555 10058 29030=
40747 12660 79901 10115 21095 38567 40116 57035 60001 84370 333 70000 81935 83840 85460 555 10040 29022=
40754 11658 72202 10117 21087 38801 40149 57016 60001 70522 82575 333 70000 82640 84460 85268 555 10044 29023=
40762 12962 32202 10114 21118 38547 40186 56007 60001 80002 333 70000 83069 555 10035 29018=
40766 12982 41609 10156 21157 38627 40098 57032 60001 84090 333 70000 84359 555 10053 29010=
40768 12662 61203 10115 21095 38203 40113 57034 60001 82571 333 70000 82640 84459 555 10038 29022=
40769 12660 60000 10128 21103 38247 40116 57026 60001 82572 333 70000 82635 83459 85068 555 10044 29019=
40780 12960 41308 10146 21069 38609 40090 57028 60001 81071 333 70000 81459 83067 555 10062 29022=
40782 12965 51004 10154 21111 38810 40118 56030 60001 85039 333 70000 85362 555 10059 29015=
40785 12660 20602 10166 21110 39052 40141 57027 60001 82500 333 70000 82640 555 10067 29014=
40791 12662 52402 10183 21126 39339 40162 57022 60001 81502 333 70000 81640 84070 555 10075 29011=
40792 12965 42403 10147 21151 38712 40166 56008 60001 80002 333 70000 84069 555 10049 29011=
40798 12960 02006 10130 21198 37920 40136 57019 60001 333 70000 555 10030 29009=
40800 12960 01203 10152 21121 38422 40139 57028 60001 333 70000 555 10054 29014=
40809 12970 33105 10144 21181 38496 40181 55002 60001 81042 333 70000 81360 555 10043 29009=
40811 11958 01607 10242 20012 30084 40110 57032 60001 70500 333 70000 555 10134 29022=
40812 12960 02203 10232 20075 39739 40112 57045 60001 333 70000 555 10148 29036=
40821 12964 00602 10190 21111 38755 40138 57025 60001 333 70000 555 10077 29012=
40829 12960 01303 10203 21096 39614 40193 56017 60001 333 70000 555 10091 29012=
40831 11957 01314 10218 20096 30095 40103 57038 60001 70600 333 70000 555 10152 29046=
40833 12962 01509 10248 21010 30101 40133 57030 60001 333 70000 555 10132 29018=
40841 12960 10702 10162 21098 38226 40138 57016 60001 80001 333 70000 81070 555 10062 29015=
40845 12960 01604 10207 20120 30137 40142 57027 60001 333 70000 555 10158 29057=
40848 12960 10000 10174 21083 38499 40138 57024 60001 80002 333 70000 81070 555 10072 29016=
40854 12960 01003 10205 21089 38936 40122 55007 60001 333 70000 555 10089 29013=
40856 12962 01205 10162 21089 38641 40174 56006 60001 333 70000 555 10066 29017=
40859 12660 12004 10190 21128 38693 40154 57019 60001 81100 333 70000 81840 555 10074 29010=
40875 11950 02005 10227 20124 30135 40146 57025 60001 70500 333 70000 555 10168 29052=
40879 12965 02603 10228 21067 39478 40157 56016 60001 333 70000 555 10107 29013=
40882 12560 32104 10225 20119 30121 40156 58017 60001 81105 333 70000 81830 83269 555 10165 29051=
40883 11956 12303 10226 20129 30125 40152 58014 60001 70500 80003 333 70000 81068 555 10170 29054=
40893 12960 02505 10226 20120 30140 40146 56017 60001 222// 00210 20300 333 70000 555 10166 29051=
40898 12960 00000 10242 20064 30154 40163 57026 60001 222// 00230 20901 333 70000 555 10150 29032=
41024 22660 32111 10308 20220 30062 40087 83500 333 59024 60005 83640==
41036 22560 42310 10270 20090 38530 48480 82102 333 59027 60005 82830==
41055 22960 01907 10285 20010 38330 48474 333 59032 60005==
41061 22960 31610 10266 21140 39397 40097 80001 333 59050 60005 83070==
41084 22/60 20609 10296 21010 38807 48474 82030 333 59038 60005 82360==
41112 22460 12116 10204 20090 37925 48489 81200 333 59018 60005 81818==
41114 22960 02114 10238 20060 37958 48485 333 59018 60005==
41128 22960 01208 10288 21080 38776 48483 333 59043 60005==
41136 22960 02007 10289 21140 39297 40103 333 59048 60005==
41140 22560 11911 10294 20200 30097 40102 81100 333 59021 60005 81830==
41150 32970 61607 10229 21025 40142 82031 333 59048 82368 85075=
41170 32960 41411 10223 20095 30131 40144 80009 333 59043 82070 83172=
41176 34/70 /1607 10199 20111 30141 40147 333 59044=
41184 32960 03411 10227 20107 40152 333 59027=
41194 12960 33113 10229 20121 30142 40148 60001 80001 333 59029 83075=
41196 12960 23310 10230 20113 30112 40152 60001 80001 333 59029 82075=
41216 42960 53507 10233 20105 30143 40147 80004 333 59039 85075=
41217 32960 32905 10258 21034 30115 40144 80001 333 59037 83075=
41242 36/// /0306 10241 20073 30134 40160 333 0E012 55300 25022 59027=
41244 26/// /2306 10271 21133 39710 40118 333 55300 25022 59027 60005==
41246 32960 01009 10235 20141 30142 41125 333 59027=
41253 36/// /3303 10267 20046 39767 40123 333 0E013 55300 25022 59030=
41254 26/// /1305 10136 20035 38046 49821 333 55300 25022 59007 60005==
41262 36/// /1105 10281 20020 39939 40132 333 0E012 55300 22499 59024=
41263 36/// /2303 10264 20015 39555 40108 333 0E014 55300 22671 59021=
41265 36/// /1906 10262 20054 39552 40109 333 0E016 55300 22472 59019=
41267 36/// /0104 10234 20138 30146 40159 333 0E016 59016=
41275 36/// /1806 10273 20003 39986 40154 333 0E011 55300 22734 59024=
41288 36/// /0905 10244 20146 30136 40158 333 0E019 59018=
41316 32980 09909 10247 20149 30123 40153 333 59010 55407 55408 55507 55508=
41396 12965 02703 10285 21085 39395 40099 60002 333 59034=
41480 11558 11013 10273 20157 30124 40132 60002 70544 81500 333 59023 81620=
41506 02697 61804 10100 20001 38493 48489 60002 83520 333 10111 56990 59008 60007 83640 84460=
41508 02696 82304 10089 21022 38658 48527 60002 8452/ 333 10165 5699/ 58006 60007 84635 85460=
41515 12060 70000 10080 21021 38541 48040 60001 84520 333 10106 56880 59005==
41516 12440 50000 10130 21009 38501 48600 60001 85470 333 10156 56880 59016==
41517 12960 00000 10065 21070 37753 48700 60001 333 10106 58007==
41518 12440 70000 10122 21009 30001 48010 60001 86520 333 10150 56880 58000==
41519 12460 33101 10140 21028 38727 48700 60001 83200 333 10164 56800 59022==
41520 12460 21803 10040 21094 37594 48320 60001 82500 333 10070 56800 58000==
41523 02697 62304 10140 20007 39078 48499 60002 83520 333 10170 56990 58010 60007 83640 83460=
41535 02697 41302 10105 21016 38706 48476 60002 84600 333 10140 56900 58006 60007 84835=
41536 01596 83604 10100 20008 39050 48513 76066 8452/ 333 10175 5699/ 58033 60017 81720 83630 88460=
41560 12960 00000 10090 21013 38327 48550 60001 333 10124 58005==
41571 11640 23107 10175 20000 39573 40156 60002 70500 82400 333 10192 56800 58018==
41577 11440 12301 10180 20025 39532 40144 60001 70500 81200 333 10200 56800 58012==
41598 11940 23101 10195 20038 39869 40140 60001 70500 82030 333 10220 56080 58022==
41600 01996 02302 10195 20079 39842 40136 60002 70500 333 10213 58008 60007=
41620 12940 02702 10130 21096 38558 48620 60001 333 10140 58001==
41624 12960 01802 10215 20056 39942 40140 60001 333 10244 58001==
41630 01996 01804 10210 20062 40155 60002 70500 333 10230 58009 60007=
41640 11940 00000 10205 20081 39902 40150 60001 70500 333 10220 58014==
41641 11940 22602 10210 20062 39879 40153 60001 70500 82030 333 10224 56080 58014==
41660 12960 03105 10095 21165 38438 48290 60001 333 10100 58010==
41678 01996 00000 10240 20081 40144 60002 70500 333 10250 58006 60007=
41696 02997 03104 10090 21046 38002 48521 60002 333 10100 58002 60007=
41697 02997 00000 10260 21039 39973 40127 60002 333 10280 58002 60007=
41700 01996 03104 10230 20066 30011 40138 60002 70500 333 10243 58008 60007=
41710 12960 01301 10195 21119 39372 40136 60002 333 10200 58001==
41712 12960 00902 10175 21087 39203 48220 60002 333 10184 59003==
41715 11940 00000 10235 20010 30087 40151 60001 70500 333 10254 58009==
41718 11920 00000 10240 20068 30037 40139 60001 70500 333 10244 58007==
41725 02996 00502 10250 20004 30067 40144 60002 333 10260 58010 60007=
41739 12940 00000 10210 20071 39067 48330 60001 333 10214 58004==
41744 12940 00000 10180 21027 38780 48070 60002 333 10184 59002==
41749 12940 02702 10270 20081 30117 40140 60001 333 10274 58008==
41756 12940 02304 10250 20047 30091 40157 60001 333 10264 59002==
41757 12996 01810 10245 20076 30153 40165 60002 333 10260 59005=
41759 02996 01304 10260 20073 30146 40152 60002 333 10270 58003 60007=
41764 12940 00000 10250 20023 30098 40148 60001 333 10254 58012==
41768 12940 03601 10270 20061 30138 40145 60001 333 10280 58010==
41780 12940 02304 10260 20025 30120 40147 60001 333 10280 58008==
41785 02996 00504 10255 20049 30134 40147 60002 333 10265 58003 60007=
41859 01930 00000 10225 20180 30050 40088 70520 333 10265 59016 70000==
41883 01930 00000 10240 20160 30069 40089 70500 333 10273 59016 70000==
41891 01935 00902 10230 20160 30055 40094 70500 333 10272 59011 70000==
41907 01940 00000 10228 20180 30073 40088 70500 333 20282 59024 70000==
41923 01940 00000 10250 20150 30085 40094 70500 333 10287 59011 70000==
41936 01910 02603 10256 20190 30080 40088 70511 333 10302 59017 70000==
41943 01930 00000 10218 20170 30087 40094 70500 333 10288 59011 70000==
41950 01940 00000 10244 20170 30088 40090 70510 333 10290 59018 70000==
41978 01931 02205 10240 20190 30089 40095 70500 333 10277 59011 70000==
41992 01925 00302 10250 20140 30096 40098 70500 333 10293 59008 70000==
42027 32596 33203 10091 21024 38389 48476 83400 333 10145 58014=
42071 31995 13203 10184 20088 40153 70500 81030 333 10202 58011 81360=
42101 32996 03202 10188 20111 40156 333 10232 58014=
42111 31594 43202 10186 20083 39420 40119 70511 82830 333 10226 58004 81620 82830 84360=
42123 32996 02501 10212 20078 40150 333 10244 58016=
42131 32996 02901 10194 20101 40159 333 10227 58026=
42165 32996 09902 10238 20004 39879 40136 333 10253 58019=
42182 31996 02703 10208 20154 40148 70500 333 10237 58028=
42189 31995 02901 10206 20112 40122 70500 333 10238 58000=
42309 31495 60502 10216 20174 40086 71021 82530 333 10265 59017=
42314 31595 40000 10224 20172 40086 70500 82530 333 10264 59015 82620 84360=
42328 32996 00000 10250 20138 40122 333 10264 58009=
42339 31995 00000 10254 20015 40142 70500 333 10264 58013=
42348 32996 03205 10230 21028 40143 333 10249 58022=
42361 31995 03201 10218 20054 40141 70500 333 10256 58021=
42369 31995 02908 10234 20130 40119 70500 333 10280 58003=
42379 31995 02303 10262 20176 40085 70500 333 10283 59016=
42398 31995 29902 10238 20140 40073 70500 80030 333 10272 59021=
42410 31595 70000 10226 20175 40089 70522 83530 333 10270 59018 83620 86360=
42415 32996 00000 10228 20173 40091 333 10269 59019=
42452 31996 00503 10230 20018 40135 70500 333 10255 58025=
42492 31995 02703 10256 20165 40091 70500 333 10286 59016=
42559 32996 00902 10238 20080 40117 333 10267 58024=
42571 31996 00202 10238 20159 40117 70500 333 10274 58009=
42591 31996 20000 10250 20169 40106 70500 82030 333 10295 59013 82360=
42623 31495 22701 10192 20108 39219 40084 70500 82500 333 10237 59004 82618=
42634 32996 00506 10270 21054 40139 333 10286 58001=
42647 31996 00702 10272 20044 40129 70400 333 10283 58001=
42667 32996 03208 10236 20146 39537 40122 333 10262 58004=
42675 31996 03203 10264 20186 40095 70500 333 10295 59003=
42701 31596 23202 10278 20131 39362 40070 70500 82030 333 10300 59017 82360=
42724 31995 00000 10242 20199 40091 71000 333 10278 59012=
42737 32996 00206 10278 20049 40129 333 10299 59012=
42754 32996 00208 10240 20101 39486 40117 333 10254 58013=
42779 32596 30000 10292 20166 39403 40079 83500 333 10335 59010 83620=
42798 31595 10000 10314 20173 40073 70500 81500 333 10345 59020 81620=
42809 31995 00000 10268 20161 40092 70500 333 10300 59016=
42840 32996 03604 10288 20067 40114 333 10300 59014=
42867 31996 42304 10316 20172 40080 70500 84800 333 10347 59015 82620 83825=
42874 31996 00000 10318 20154 40086 70500 333 10/// 59010=
42886 31996 32904 10322 20159 40085 70500 81031 333 10359 59008 81360 83075=
42895 31995 20000 10270 20241 40090 70500 82030 333 10315 59018 82360=
42909 32996 00506 10284 20078 40117 222// 20000 333 10296 59017=
42971 31995 31802 10310 20244 40096 70500 82031 333 10338 59010 82360=
43003 31995 03206 10284 20141 40094 70400 333 10328 59019=
43014 31996 00000 10308 20189 39449 40076 70544 333 10320 59005=
43041 31596 30000 10312 20157 39480 40076 70500 81530 333 10342 59012 81625 83360=
43063 32597 20701 10310 20115 39468 40073 82500 333 10328 59014 82626=
43086 32997 00000 10330 20166 39909 40082 333 10350 59010=
43110 31995 03402 10276 20193 40091 70544 333 10316 59017=
43117 32997 01401 10336 20196 40064 333 10360 59014=
43128 32997 01404 10314 20147 39488 40075 333 10342 59010=
43150 31995 41803 10274 20236 30042 40103 70522 80001 222// 20000 333 10309 59005 84075=
43185 32597 11806 10292 20211 30090 40093 81500 333 10354 59005 81620=
43189 32997 10000 10302 20209 30091 40100 80001 333 10342 59006=
43192 32996 02303 10298 20237 40080 333 10326 59014=
43198 32996 21404 10310 20086 39261 40059 80001 333 10343 59011 82075=
43201 32997 00000 10316 20068 39357 40059 333 10340 59009=
43213 32997 00000 10350 20108 39754 40060 333 10373 59017=
43233 32997 10508 10312 20136 39278 40069 80001 333 10330 59011=
43237 32997 11102 10340 20122 39664 40043 80001 333 10361 59014 81075=
43245 32997 20905 10302 20219 30072 40098 80001 333 10346 59006=
43279 32997 11404 10296 20192 30083 40100 80001 333 10336 59013 81075=
43284 31996 02506 10304 20212 39960 40073 70500 333 10335 59016=
43295 32997 10902 10290 20127 39083 48505 80001 333 10316 59010 81075=
43310 32496 42302 10292 20246 40085 82211 333 10294 59009=
43314 32997 10000 10328 20246 40075 80001 333 10350 59009=
43321 31996 40910 10310 20110 39640 40077 70510 80001 333 10331 59010 84070=
43329 32997 10902 10286 20201 30080 40093 80001 333 10316 59007=
43333 31495 40000 10272 20234 40101 70510 83401 333 10307 58005 82618=
43344 31496 30708 10312 20207 39991 40089 70500 82501 333 10325 59003 82616=
43353 31496 42604 10296 20206 40071 70521 81530 333 10314 56790 59012 81616 83359=
43369 32597 30503 10298 20247 40075 83500 333 10320 59018 83620=
43371 31596 42703 10300 20237 30005 40077 70500 81507 333 10337 59010 81620 83272=
43404 22970 50503 10275 20240 30083 40086 5/004 333 10300 20223 3/020 553// 20061 59006 60008 91006==
43410 22468 20505 10279 20233 30088 40091 55004 82200 333 10301 20274 3/025 59009 60008 555 60008==
43413 22470 50405 10284 20241 30083 40088 5/004 83006 333 10303 20264 553// 20056 59008 60008 91009==
43415 22470 40502 10246 20229 39988 40096 56004 84000 333 10301 3/020 59010 60008 555 60008==
43418 22470 60501 10270 20238 30055 40096 57002 83106 333 10294 20250 3/022 59006 60008 555 60008==
43421 22970 00402 10277 20221 39980 40085 56003 333 10315 20242 553// 20052 59008 60008 91006==
43422 22470 30501 10277 20233 39951 40084 56002 82000 333 10311 20236 3/021 59006 60008 555 60008==
43424 22970 00502 10296 20229 30073 40075 57004 333 10323 59005 60008 555 60008==
43436 22470 50501 10277 20241 30084 40087 51001 83000 333 10291 20254 3/024 59009 60008 555 60008==
43441 22470 30502 10320 20217 39942 40072 54000 82106 333 10322 20248 3/020 59001 60008 555 60008==
43444 22470 73404 10264 20212 39545 40078 57002 86110 333 10292 20215 3/019 59007 60008 555 60008==
43450 21459 13604 10310 20203 30073 40085 55001 70521 81100 333 10332 20258 3/020 59007 60008 555 60008==
43466 22/70 63302 10296 20225 30062 40070 5/005 333 10313 553// 20057 59014 60008 86/18 81/20 91004 555 60008==
43467 21/40 43304 10300 20246 30063 40069 57006 70500 333 10329 3/022 59016 60008 84/17 555 60008==
43473 22464 71103 10163 20163 38107 48471 56001 85000 333 10205 20105 3/006 553// 20043 59005 60008 91005 555 60008==
43475 22470 80402 10285 20216 30080 40085 52003 84148 333 10316 20251 553// 20032 59008 60008 91005 555 60008==
43476 21450 50901 10200 20175 38754 48499 5/000 70511 83000 333 10240 20177 59008 60008 555 60008==
43479 21465 23601 10228 20198 39246 52001 70500 82100 333 10263 20192 59005 60008 555 60008==
43486 21460 52601 10306 20205 39968 40066 56002 70521 83005 333 10344 20246 553// 20049 59011 60008 91002==
43495 22468 82402 10280 20237 30063 40076 5/000 88000 333 10307 20270 59060 60008 555 60008==
43497 21465 30803 10281 30055 40072 54000 70510 81100 333 10336 20258 553// 20062 59006 60008 91007 555 60008==
44212 429// 00201 11281 21322 39278 40577 57005 333 11215==
44213 429// 00000 11287 21325 38909 40581 52010 333 11191==
44214 42970 00302 11153 21260 38379 40516 53005 333 11109==
44215 429// 02604 11137 21250 38507 40486 52009 333 11094==
44217 32998 00000 11254 21302 37929 40656 52002 333 11195 91200=
44218 429// 01201 11174 21224 38720 40520 53011 333 11111==
44219 12999 00803 11270 21301 38728 40585 57002 69902 333 11199 91203 555 80140 93100=
44265 429// 00701 11216 21252 38939 40502 54000 333 11140==
44266 329// 00202 11165 21253 37824 40506 53007 333 11133 91111 91207=
44404 22358 10903 10124 20052 38120 48464 81100 333 10189 59015 60008 70000=
44416 22960 02402 10215 20114 39335 40098 80000 333 10269 59013 69948 70004=
44424 22460 12902 10124 21041 37631 47027 81100 333 10178 59032 60008 70015=
44434 22159 21703 10220 20146 39182 48470 82100 333 10251 59027 60008 70000=
44438 21945 02705 10244 20116 39960 40088 70544 80000 333 10266 59020 60008 70000=
44449 21925 02702 10222 20205 39928 40083 70544 80000 333 10264 59025 60008 70000=
44454 22458 22404 10183 20093 38630 48467 82100 333 10243 59013 60008 70000=
44462 22458 12708 10152 20077 38219 48436 81100 333 10215 59019 60008 70000=
44474 21010 41803 10139 20081 38220 48462 70544 84400 333 10184 59018 60008 70000=
44477 32/0/ ///// 11//// 2//// 3//// 48///=
44478 21920 00000 10224 20195 39993 40075 71044 80000 333 10265 59023 60008 70000=
48010 41905 00000 10240 20174 39918 40070 70544 333 10285 59019==
48020 42940 00000 10255 20203 333 10285==
48025 12430 43201 10293 20172 39935 40073 59021 60002 84500==
48048 42940 03201 10294 20215 30002 40058 333 10330 59016==
48052 32957 00000 10300 20166 333 10336=
48062 42440 23206 10255 20233 30075 40082 82500 333 10295 59001==
48064 42950 00000 10297 20185 39983 40039 333 10320 59012==
48094 42956 00000 10270 20190 30178 40188 333 10320 59009==
48109 42460 20000 10272 20240 30101 40105 82500 333 10305 58004==
51076 14/71 /0101 11178 21221 39470 40451 57005 60001 333 11107 21232 3/103 4/025 59040 70000 90761 91102==
51087 14/79 /0500 11168 21225 39316 40448 57003 60001 333 11086 21226 3/106 4/018 59039 70000 90761 91103==
51156 14/80 /0902 11104 21201 38776 40416 57001 60001 333 11046 21153 3/116 59029 70000 90761 91107==
51243 14/63 /2300 11160 21200 39834 40442 57005 60001 333 11115 21185 3/113 59035 70000 90761 91104==
51334 14048 00201 11141 21173 39990 40438 54000 69901 70570 333 11095 21206 3/110 4/012 59029 90761 91104==
51379 14/22 /2601 11178 21201 39402 40449 52007 60001 71000 333 11116 21249 3/106 4/023 59028 70001 90761 91103==
51463 14/37 /1402 11159 21184 39129 40438 57004 60001 71000 333 11129 21185 3/101 4/037 59035 70000 90761 91103==
51573 14/61 /2401 10014 21139 30296 40348 52004 60001 333 10049 21064 3/113 59011 70000 90761 91104==
51644 14/64 /1601 11022 21117 39030 40361 52006 60001 333 10009 21122 3/108 4/003 59008 70000 90761 91105==
51656 14/61 /2403 11020 21105 39239 40359 52006 60001 333 10019 21113 3/115 59011 70000 90761 91106==
51709 14/60 /1602 11010 21176 38685 40330 52004 60001 333 10008 21073 3/108 59009 70000 90761 91106==
51711 14/63 /0702 11061 21161 38043 40298 52008 60001 333 11032 21132 3/117 59006 70000 90761 91107==
51716 14045 00701 11008 21140 38988 40347 52004 60001 333 10013 21087 3/112 59004 70000 90761 91104==
51765 14/61 /2401 11013 21155 39300 40353 52005 60001 333 10031 21118 3/116 59004 70000 90761 91105==
51811 14/62 /0902 10005 21164 38852 40326 52002 60001 333 10029 21060 3/111 59008 70000 90761 91105==
51818 14/60 /0301 11004 21180 38695 40324 52002 60001 333 10026 21066 3/110 59011 70000 90761 91106==
51886 14/80 /3401 11053 21279 37083 40257 52010 60001 333 11019 21129 3/118 59015 70000 90761 91104==
52203 14/76 /3002 11037 21180 39430 40368 52010 60001 333 10008 21134 3/119 59009 70000 90761 91106==
52602 14/72 /2903 11069 21273 37236 40284 52012 60001 333 10001 21148 3/118 59018 70000 90761 91108==
52818 14/70 /3500 11024 21255 37201 40210 52009 60001 333 10010 21100 3/113 59026 70000 90761 91105==
52908 14/77 /3109 11049 21191 35692 40085 57005 60001 333 10003 21137 3/118 59046 70000 90761 91125==
55228 14/77 /2707 11055 21261 35963 40090 52011 60001 333 11014 21079 3/111 59028 70000 90761 91120==
55299 14/80 /2806 10059 21246 35782 40029 57008 60001 333 10089 21161 3/122 59058 70000 90761 91122==
55578 14/63 /2708 10126 21241 36311 49993 52006 60001 333 10173 21077 3/112 59032 70000 90761 91119==
55591 14/73 /2601 10138 21253 36423 49896 57012 60001 333 10190 21021 3/110 59049 70000 90761 91112==
55664 14/79 /2805 10057 21225 35978 40092 52004 60001 333 10109 21107 3/116 59033 70000 90761 91120==
55773 14/80 /1906 10028 21139 35980 40120 52002 60001 333 10119 21130 3/119 59029 70000 90761 91120==
56004 14/80 /2609 10007 21255 35743 49980 57008 60001 333 10045 21132 3/116 59060 70000 90761 91127==
56018 14/67 /2404 10075 21279 36090 49902 57003 60001 333 10106 21090 3/116 59055 70000 90761 91123==
56312 14/80 /1006 10076 21048 37034 40050 52038 60001 333 10155 20038 3/003 58009 70000 90761 91118==
62306 11560 63018 10170 20075 40195 57006 69981 70262 86800==
62309 42560 53215 10182 20083 40170 57011 85800==
62325 42560 33206 10187 20119 40149 57013 83100==
62332 42560 63017 10186 20112 40137 57017 83204==
62337 41556 42814 10193 20113 40121 57018 70700 84500==
62366 45560 62815 10188 20093 40138 57027 83270==
62387 42560 43314 10210 20084 40156 57028 84200==
62393 42960 03511 10202 20068 40181 57017==
62405 42960 03111 10245 20003 40130 57028==
62414 41930 03514 10247 20005 40131 57020 70700==
62419 42960 03511 10256 20629 40124 57023==
62420 42960 33204 10192 20063 40170 57023 80004==
62435 42/60 40110 10227 20042 40146 57027 84040==
62440 42560 43218 10218 20075 40144 57004 84200==
62455 42560 40000 10202 20099 40144 57023 84200==
62458 42/60 63310 10184 20072 40141 57023 86020==
62459 42/60 63024 10201 20105 40111 57022 86050==
63210 32680 0410 10257 20170 40125 81100 333 10264 59018 81840=
63330 42980 00906 10256 20091 37776 40239 333 59010=
63331 42580 1//// 10310 20081 38063 40188 81100 333 59008 81828=
63332 42580 13602 10290 20085 38208 40035 81100 333 58001 81825=
63333 42980 01206 10280 20056 38139 40145 333 59021=
63334 42580 32404 10250 21050 37620 4//// 83500 333 59010 83627=
63340 41570 23402 10260 20098 37928 40145 70500 82200 333 58000 82825=
63402 42580 40000 10294 20097 84200 333 84825=
63403 41560 62902 10250 20157 70520 82230 333 82825 85358=
63451 42980 21503 10277 20023 38117 40007 80001 333 59007 82070=
63453 41975 03602 10318 20069 39036 40258 70500 333 5903=
63460 42580 20000 10290 20139 82100 333 82824=
63471 41958 00402 10302 20068 38844 40073 70500 333 59019=
63474 42980 00902 10240 21006 37578 4//// 333 59007=
63500 42580 11502 10316 20105 81100 333 81825=
63533 42980 10205 10285 20077 38482 4//// 80001 333 59006 81070=
41256 329// 30608 10233 20133 30127 40144 91145 333 59032 55407 55408 55507 55508=
