SMPK OPKC 020000=
41505 22595 00000 11030 21044 38/// 48/// 60001 333 58/// 90%=
41506 02995 00000 11005 21018 38553 48549 60002 333 58039 60007 91%=
41507 02996 00000 10060 20013 39250 49783 60002 333 59006 60007 72%=
41508 02995 00000 11017 21045 38696 48556 60002 333 58034 60007 80%=
41509 02996 02302 10020 21006 38803 48532 60002 333 58024 60007 RH83%=
41510 02996 00000 11040 21055 37923 48549 60002 333 58024 60007 89%=
41515 02995 00000 10020 21036 38546 48508 60002 333 59039 60007 66%=
41516 02696 70000 10030 21024 38583 48538 60002 82510 333 56990 58033 60007 82640 86460 RH68%=
41517 01696 70000 11010 21037 37811 48552 60002 70422 83570 333 56990 58024 60007 83635 87460 82%=
41518 02696 71802 10050 21030 38/// 48/// 60002 83520 333 56990 5//// 60007 83640 87462 56%=
41519 02696 63102 10060 21016 38883 48535 60002 83520 333 56990 58040 60007 83640 83462 RH58%=
41520 02595 81802 11030 21057 37641 48305 60002 8562/ 333 5699/ 58026 60007 82720 83640 88462 80%=
41523 02996 00000 10010 21003 39109 48501 60002 333 58038 60007 91%=
41524 02696 60000 10135 21037 39346 40215 60002 82520 333 56990 59015 60007 82640 84460 30%=
41525 12696 20000 11010 21034 37678 48418 60002 82500 333 56900 58019 82640 82%=
41528 01696 20000 10040 20028 39248 48511 60002 70400 82500 333 56900 58033 60007 82640 92%=
41529 02996 20000 10070 20021 39795 40192 60002 82030 333 56090 58048 60007 82360 71%=
41534 02996 00000 10070 20047 39753 40183 60002 333 58045 60007 85%=
41535 01696 60000 10030 21009 38719 48482 60012 72161 83520 333 56990 58031 60017 83640 84460 76%=
41560 02996 01302 11020 21049 38282 48518 60002 333 58000 60007 RH81%=
41562 02996 03102 10100 20016 39701 40177 60002 333 58042 60007 RH56%=
41565 02996 03104 10067 21010 38662 48526 60002 333 58037 60007 59%=
41567 01996 00000 10080 20033 39732 40165 60002 70400 333 58041 60007 72%=
41573 02997 41302 10020 21065 37969 48507 69902 85070 333 56090 58039 85360 53%=
41574 02697 30000 10010 21002 38346 48530 60002 83500 333 56900 58027 60007 83640 92%=
41576 01995 00000 10090 20045 40191 60002 70400 333 58049 60007 73% =
41577 01996 00000 10050 20039 39550 40192 60002 70400 333 58048 60007 RH 92%=
41593 01996 00000 10090 20057 39940 40165 60002 70400 333 58049 60007 80%=
41597 01996 00000 10090 20069 39878 40181 60002 70400 333 58041 60007 86%=
41598 01995 00000 10085 20063 39876 40158 60002 71000 333 58034 60007 86%=
41599 01/90 90000 10100 20100 39865 40164 60002 74744 8//// 333 56/// 58035 60007 89/// 100%=
41600 01/90 90000 10100 20100 39856 40160 60002 74544 8//// 333 58039 60007 89/// 100%=
41620 31996 01802 10020 21054 38589 48490 60002 70500 333 58027 60007 65%=
41624 01994 03602 10100 20057 39955 40162 60002 70400 333 58044 60007 74%=
41625 01994 03602 10095 20051 39945 40152 60002 70400 333 58023 60007 74%=
41630 01996 00000 10090 20057 40170 60002 70400 333 58046 60007 80%=
41633 01996 00000 10080 20058 4//// 60002 70400 333 5//// 60007 86%=
41634 02996 00000 10070 20024 3//// 4//// 60002 333 5//// 60007 73%=
41635 01995 00000 10070 20047 3//// 4//// 60002 71000 333 5//// 60007 85%=
41636 01996 00000 10080 20058 39971 40163 60002 70400 333 58030 60007 86%=
41638 01995 00000 10085 20074 4//// 60002 71000 333 5//// 60007 93%=
41639 01995 30000 10090 20069 3//// 4//// 60002 71010 83030 333 56090 5//// 60007 83460 86%=
41640 01/91 90000 10120 20120 39904 40160 60002 74544 333 58038 60007 89/// 100%=
41641 01/91 93403 10100 20100 39870 40153 60002 74544 333 58028 60007 89/// 100%=
41642 01993 00000 10085 20074 3//// 4//// 60002 71000 333 5//// 60007 93%=
41643 01/90 90000 10070 20070 39879 40172 60002 74544 333 58045 60007 89/// 100%=
41644 01994 00000 10080 20069 3//// 4//// 60002 71000 333 5//// 60007 93%=
41646 01/90 90000 10100 20090 39958 40181 60002 74744 333 58042 60007 89/// 93%=
41652 01996 03102 10080 20020 39982 40169 60002 70400 333 58046 60007 66%=
41660 029// 01304 11010 21070 38441 48533 60002 333 58018 60007 RH64%=
41669 01996 00000 10090 20069 3//// 4//// 60002 70400 333 5//// 60007 86%=
41670 01996 00000 10090 20045 3//// 4//// 60002 70400 333 5//// 60007 73%=
41674 01996 00000 10110 20079 3//// 4//// 60002 70400 333 5//// 60007 81%=
41675 01995 00000 10095 20063 30015 40164 60002 71000 333 58049 60007 80%=
41676 01995 00000 10105 20062 30023 40186 60002 70400 333 58044 60007 76%=
41677 01995 00000 10070 20059 39979 40153 60002 71000 333 58048 60007 93%=
41678 01995 00000 10090 20069 40147 60002 71000 333 58043 60007 86%=
41679 01/91 90000 10090 20090 4//// 60002 74544 333 5//// 60007 89/// 100%=
41680 01995 00000 10100 20079 39954 40162 60002 71000 333 58042 60007 87%=
41685 02997 03102 10040 21011 38898 48469 60002 333 58021 60007 RH69%=
41696 02996 00000 11050 21080 38017 48561 60002 333 58001 60007 RH77%=
41786 02996 03602 10115 20022 30090 40128 60002 333 58042 60007 RH53%=
41697 02996 00000 10115 20007 39979 40141 60002 333 58027 60007 RH47%=
41700 01994 00000 10085 20063 30014 40147 60002 71000 333 58046 60007 86%=
41701 01995 00000 10065 20042 30017 40167 60002 71000 333 58045 60007 85%=
41710 12996 02302 10050 21048 39412 40221 60002 333 58025 RH49%=
41712 12996 00000 10030 21040 39232 48513 60002 333 58019 RH60%=
41715 01993 00000 10090 20045 30086 40152 60002 70500 333 58040 60007 RH73%=
41716 01995 00000 10095 20063 30062 40170 60002 71000 333 58043 60007 80%=
41718 01994 00000 10080 20058 30047 40155 60002 71000 333 58041 60007 86%=
41724 01995 00000 10090 20057 30095 40177 60002 70400 333 58049 60007 RH80%=
41725 01995 00000 10120 20068 30079 40160 60002 70500 333 58052 RH70%=
41726 01994 00000 10085 20063 30087 40161 60002 71000 333 58017 60007 RH86%=
41739 02996 00506 10030 21009 39075 48506 60002 333 59002 60007 RH76%=
41742 12996 00000 10120 20068 30034 40141 60002 333 58024 RH70%=
41743 01995 00000 10070 20035 60002 70400 333 60007 RH78%=
41744 22996 00000 10030 21024 38783 48496 333 58016 60007 RH68%=
41746 01995 00000 10100 20068 30090 40146 60002 71000 333 58039 60007 RH81%=
41747 01994 00000 10065 20042 30086 40149 60002 71000 333 58042 60007 RH85%=
41748 01996 00000 10090 20057 30096 40162 60002 70500 333 59049 60007 RH80%=
41749 01995 00000 10100 20079 30103 40136 60002 70400 333 58019 60007 RH87%=
41756 01995 03604 10150 20069 30104 40172 60002 70504 333 58019 60007 RH58%=
41756 01995 03604 10150 20069 30104 40172 60002 70504 333 58019 60007 RH58%=
41757 12996 00508 10115 21073 30147 40160 60002 333 59003 RH26%=
41760 01995 03606 10100 21035 30135 40148 60002 70500 333 58015 60007 RH38%=
41764 02996 03606 10150 20043 30096 40148 60002 333 58040 60007 RH49%=
41765 02996 03608 10150 20056 30113 40149 60002 333 58040 60007 RH53%=
41766 01994 03102 10100 20079 30108 40139 60002 74000 333 58018 60007 RH87%=
41767 02996 03602 10120 20068 3//// 4//// 60002 333 60007 RH70%=
41768 02996 03602 10095 20074 30122 40129 60002 333 58025 60007 RH87%=
41780 01996 00506 10140 21044 30120 40149 60002 70500 333 58035 60007 RH28%=
41783 02996 03603 10130 20106 30110 40141 60002 333 59034 60007 RH83%=
41785 02996 00000 10125 20085 30130 40143 60002 333 58034 60007 RH77%=
41BAG 02696 50502 11010 21063 60002 82510 333 56990 60007 82640 85460 64%=
41BKI 01696 50000 10090 20018 39744 40176 60002 70420 82530 333 56990 58033 60007 82640 83360 RH61%=
41SKP 01/92 90000 10070 20070 3//// 4//// 60002 74544 333 5//// 60007 89/// 100%=
43532 01696 70000 10050 20039 39367 40205 60002 70400 85520 333 56990 58014 60007 85640 85460 92%=
43533 02996 00000 10050 20027 39241 48488 60012 333 58033 60007 85%=
43563 02997 30502 10100 20035 39466 40175 60002 83030 333 56090 58038 60007 83360 64%=
41573 02997 41302 10020 21065 37969 48507 69902 85070 333 56090 58039 85360 53%=
41530 019// 12304 10100 21035 39753 40179 60002 70500 81030 333 56090 58036 60007 81360 44%=
41661 02996 00000 11020 21060 38394 48527 60002 333 58030 60007 71%=
41738 22996 00504 10120 21040 3999140178 60002 333 58006 60007 Rh32%=
41571 119// 23104 10070 20037 39585 40190 60002 70500 82030 333 56090 58052 RH79%=
41745 01995 00000 10095 20063 60002 71000 333 60007 RH80%=
41504 02995 02304 11055 21097 37885 48561 60002 333 58012 60007 RH66%= 


PPAA 5200/ 41598 MISDA DUE TO NOT PERMISSION BY PAF=
PPAA 5200/ 41600 MISDA DUE TO FOG=
PPAA 52001 41624 55185 36005 77999=
PPBB 52001 41624 90/12 36002 35505 02004 9037/ 01506 34006=
PPAA 5200/ 41640 MISDA DUE TO FOG=
PPAA 5200/ 41646 MISDA DUE TO TECHNICAL FAULT=
PPBB 52001 41678 90/12 00000 33003 31505 9037/ 30507 27503=
PPAA 52001 41678 55185 27504 77999=
PPAA 52001 41718 55185 02511 77999=
PPBB 52001 41718 90/12 00000 01011 01512 903// 01512=
PPBB 52001 41675 90/12 00000 03006 01006 903// 00507=
PPAA 52001 41675 55185 34010 77999=

PPAA 52001 41780  MISDA NO ASCENT DUE TO RED BALLOON SHORTAGE=
PPAA 41715 NO ASCENT DUE TO BALLOON OUT OF STOCK=
PPAA 5100/ 41739 no acent due to security risk=
PPAA 5200/ 41516 misda due to technical fault=
PPAA 5200/ 41517 MISDA DUE TO SMOKE HAZE=
PPAA 5200/ 41715 NO ASCENT DUE TO BALLOON OUT OF STOCK=
PPAA 5200/ 41764 MISDA NO ASCENT DUE TO SHORTAGE OF 30GRAM BALOON=




Data Generated from File : D:/all data handling/Rmc_lhr/2025020200.FSU.txt
02/02/2025   00:59:15
____________________________________________________________________________________________
15020 04/70 /2501 10010 21025 30101 40308 58006 60001 333 55027 20455 55300 20000 60007==
15090 04/63 82301 10000 21016 30214 40311 58004 60001 8807/ 333 55015 10086 20342 30237 55300 10040 20000 30000 60007 91001 90760 91101==
15108 06/// /2811 11103 21114 38110 48535 58010 60001 333 55016 20371 55300 20000 60007==
15150 04566 80000 10006 21009 30093 40316 50002 60001 8557/ 333 55013 20299 55300 20000 60007 91001 90760 91102==
15170 01939 00701 11070 21081 39487 42859 58008 60001 71000 333 55033 20572 55300 20000 60007 91002 90760 91102==
15280 02984 02609 11082 21091 37523 47062 57009 60001 333 49083 55016 20477 55300 20000 60007 91014 90760 91114==
15310 04963 02801 11009 21017 30220 40311 51005 60001 333 55002 10056 20240 30238 55300 10190 20000 30000 60007 91002 90760 91106==
15335 02960 02702 10008 20001 30301 40308 52006 60001 333 55000 20183 55300 20000 60007 91003 90760 91103==
15350 04570 70603 10036 20004 30186 40310 50001 60001 87500 333 55000 20144 55300 20000 60007 91004 90760 91105==
15360 04970 03207 10025 20005 30282 40300 53008 60001 333 55000 60007 91008 90760 91108==
15420 02560 80201 10007 20000 30186 40303 54001 60001 8357/ 333 55000 20197 55300 20000 60007 91002 90760 91102==
15460 04/69 /0901 10042 20024 30275 40301 54001 60001 333 55000 20161 55300 20000 60007==
15470 04/70 80504 10047 20028 30162 40292 58005 60001 8807/ 333 55028 20507 55300 20000 60007 91006 90760 91106==
15480 04570 61301 10048 20016 30281 40299 50004 60001 86500 333 55000 10062 20145 30128 55300 10140 20000 30000 60007 91004 90760 91104==
15549 12570 61403 10057 20045 39860 40284 58001 60001 84530 333 10064 20056 555 592//=
15552 11458 80201 10077 20061 30237 40287 52001 60001 71022 886// 222// 00084 10301 333 10091 20077 555 590// 92022 92426=
15640 11/08 90000 10054 20042 39974 40294 58001 60001 74344 333 10072 20054 555 592//=
15655 11556 60202 10069 20062 30255 40289 53003 60001 71022 86500 222// 00084 10000 333 10086 20067 555 596// 92024 92426=
15730 12670 60000 10088 20055 39866 40265 51002 60001 82231 333 10117 20087 555 580//=
16627 11458 50905 10068 20059 30259 40266 56001 60001 71042 85600 333 90730 91110==
16650 11220 70207 10100 20100 30251 40260 54000 60001 71042 87600 333 90730 91110==
16723 12560 13205 10100 20079 30227 40240 54000 60001 81200 333 90730 91108==
16742 12560 13506 10122 20077 30074 40231 58005 60001 81100 333 90730 91111==
16754 12560 21707 10100 20079 30197 40247 57007 60001 82100 333 90730 91111==
16760 26/// /0000 10053 20042 39831 40259 57006 333 60005 90730 91103==
16765 26/// /3205 10130 20099 30212 40233 57006 333 60005 90730 91111==
17022 11556 72703 10072 20071 30113 40281 53004 60021 75054 87700 333 87725 90760 91110==
17024 16/66 /2007 10081 20060 30180 40259 50000 60001==
17026 17/56 /3007 10096 20078 30227 40267 50000 69911 704//==
17031 11945 02001 10012 20000 30258 40265 53001 60001 71000 333 90760 91105==
17034 12970 02102 10080 20003 30225 40272 53002 60001==
17038 12970 01902 10073 21008 30215 40264 53001 60001 333 90760 91114==
17042 16/73 /1204 10083 21023 30232 40272 50000 60001==
17050 12970 01401 10089 20065 30225 40287 52007 60001 333 90760 91105==
17056 11670 70808 10091 20068 30282 40286 50001 60001 70242 84530 333 84635 87360 90760 91111==
17060 12358 60608 10092 20058 30247 40288 53001 60001 86700 333 86707 90760 91120==
17070 16/76 /0800 10050 20029 39385 40259 53001 60001==
17074 16/78 /1702 10025 20014 39314 40252 55002 60001==
17084 12970 00000 11011 21016 39349 40271 53001 60001 333 90760 91102==
17085 16/61 /0701 10016 21017 39771 40267 53001 60001==
17092 12960 00000 11063 21112 38937 48555 55000 60001 333 90760 91106==
17096 11957 01901 11225 21225 38289 48566 56002 60001 71000 333 90760 91104==
17098 12960 02706 11156 21175 38236 48551 55001 60001 333 90760 91107==
17100 11920 00000 11028 21091 39254 40284 52003 60001 70500 333 90760 91102==
17112 17/56 /0602 10086 20080 30260 40267 50002 60001 704//==
17115 11956 00314 10085 20071 30225 40276 51001 60001 71041 333 90760 91124==
17116 12960 02901 10060 20060 30151 40274 51004 60001 333 90760 91105==
17124 11420 40000 11011 21011 39345 40279 55000 60001 71011 84600 333 84715 90760 91106==
17128 12960 00000 11014 21035 39154 40270 53001 60001 333 90760 91106==
17135 12970 01601 10012 20003 39374 40261 53002 60001 333 90760 91104==
17140 12965 00000 11019 21035 38761 48543 57005 60001 333 90760 91104==
17150 11340 30801 10059 20059 30141 40266 53005 60001 71000 83600 333 83709 90760 91105==
17160 16/73 /1701 11004 21073 39084 40262 56003 60001==
17170 12560 10604 11069 21117 38374 48546 56001 60001 81500 333 81630 90760 91106==
17175 12/65 30000 10095 20069 30240 40244 58003 60001 83030 333 83360 90760 91102==
17184 11940 00801 10059 20052 30138 40250 51001 60001 71000 333 90760 91104==
17190 12960 00000 10013 20004 39060 48554 58003 60001 333 90760 91105==
17195 12970 00604 11057 21093 39037 48549 57002 60001 333 90760 91106==
17200 12960 02305 11047 21072 39249 40257 52004 60001 333 90760 91109==
17202 12970 02805 11051 21090 39190 40257 53002 60001 333 90760 91110==
17203 12970 00000 11019 21109 38927 48576 57003 60001 333 90760 91102==
17210 16/65 /1101 10042 21057 39181 40218 53001 60001==
17219 11958 02602 10060 20052 30099 40245 57006 60001 71000 333 90760 91115==
17234 12970 00601 10094 20056 30175 40243 58001 60001 333 90760 91104==
17237 12970 00000 10075 20033 39746 40251 55002 60001 333 90760 91104==
17240 12970 02902 10018 21004 39101 40255 58001 60001 333 90760 91104==
17244 12970 02904 10016 21020 39064 48557 55003 60001 333 90760 91110==
17248 16/60 /0000 11003 21039 39045 40260 55003 60001==
17250 16/64 /0304 11025 21062 38866 40267 56006 60001==
17260 12960 03302 10021 21027 39371 40190 56002 60001 333 90760 91106==
17270 12970 02703 10077 21090 39573 40217 51001 60001 333 90760 91106==
17275 16/81 /0000 10084 21124 39020 40203 56003 60001==
17280 12960 02303 11013 21087 39430 40229 53001 60001 333 90760 91109==
17290 12970 00301 10130 20066 30205 40237 55001 60001 333 90760 91107==
17292 11920 00000 10038 20022 39476 40236 56003 60001 71000 333 90760 91103==
17300 12960 03503 10086 20060 30172 40243 53002 60001 333 90760 91109==
17310 16/80 /0701 10135 20042 30217 40225 50000 60001==
17330 16/// /0000 10121 21015 30217 40230 52005 60001==
17350 12960 00000 10067 20044 30150 40229 53003 60001==
17370 12965 00000 10120 20079 30230 40234 57006 60001 333 90760 91103==
17375 16/// /0201 10109 20056 30226 40227 50001 60001==
33088 32597 82702 10008 21017 30070 40267 58006 885// 555 1/000=
33135 329// 22704 10002 21019 30090 40242 53003 82030 555 1/100=
33177 32597 82502 10010 21016 30039 40284 57008 885// 555 1/000=
33317 /19// 62802 11007 21020 39931 40280 58003 70282 86030 555 1/101 69901=
33393 32660 80000 10005 21017 39889 40294 57007 885// 333 88636=
33415 32697 80000 10008 21015 39878 40288 57009 8655/ 555 1/100=
33429 32697 82604 10001 21026 39850 40286 57007 885// 333 88636 555 1/101=
33466 32565 82703 10012 21020 30068 40261 57001 885// 555 11001=
33506 /1997 72803 10009 21005 30041 40243 53002 70282 85031 555 1/000 60011=
33562 32560 62902 10014 21021 39973 40287 57005 82530 555 1/000=
33587 325// 72901 10002 21031 30003 40275 57005 87500 333 87626 555 1/100=
33658 32681 61801 10005 21031 39993 40303 57010 86500 333 86644 555 1/100=
33663 32997 03501 11016 21038 30191 40291 58007 555 1/101=
33664 42997 62401 11006 21033 39968 40297 58008 86030=
33678 42898 22804 11011 21048 30098 40318 52002 82030=
33679 42997 02901 11023 21045 30094 40294 58003=
33711 32660 72703 10007 21023 30043 40259 58004 87500 333 87635 555 1/100=
33745 42897 32901 11019 21033 30114 40312 57003 80001 555 14103=
33748 42997 03301 10000 21037 30005 40301 58004=
33754 42997 00000 11006 21030 30141 40294 53003=
33761 32997 02502 11011 21033 30055 40287 57001 555 1/102=
33791 /1982 02901 11004 21013 30135 40267 51002 70261 555 1/101 69951=
33815 42997 02801 11010 21032 30080 40296 54000 555 11101=
33837 32982 03102 10009 21020 30237 40291 52004 555 1/101=
33881 42998 00301 11011 21025 30104 40309 52003=
33883 42997 03102 11002 21015 30134 40302 52004 555 14102=
33885 41996 40301 11017 21018 30178 40320 52006 71000 84030=
33892 42997 33303 11010 21030 30092 40316 52001 83030=
33902 31996 02702 11004 21010 30215 40277 52007 71011 555 1/103=
33924 42560 63506 10048 20023 30261 40274 52009 86500 333 90760 91110==
33946 41/06 93606 10046 20046 30038 40263 53011 74354 89///==
33983 42560 62202 10065 20054 30176 40237 57003 82530==
34300 /1494 80000 10004 21005 30049 40231 51004 78486 889// 333 93700 555 1/100 60061=
34336 42460 81101 10030 20004 30117 40222 57013 883//==
34344 42570 81602 10027 20017 30136 40225 57012 885//==
34356 42/70 81602 10010 21010 30096 40247 57011 8807/==
34357 42570 81504 10016 21013 30077 40235 57010 885//==
34398 429// 01703 11018 21029 30278 40291 57009==
34415 /1496 82504 10023 20015 30125 40223 53007 76162 8772/ 555 1/002 60021=
34438 42460 81602 10026 20020 30031 40225 57008 885//==
34445 42570 81202 10018 20009 30118 40234 57012 885//==
34461 42460 81601 10015 21016 30194 40251 57009 885//==
34473 425// 81503 11001 21019 30228 40268 57022 885//=
34476 42/70 81404 10002 21015 30250 40258 57021 8805/==
34504 /1380 83103 10016 20002 30073 40251 52005 70282 886// 555 69911=
34535 42460 81502 10035 20023 30154 40227 57008 885//==
34545 42570 81502 10024 20011 30123 40236 56007 885//==
34555 42570 81602 10019 20000 30158 40251 57008 885//==
34560 42560 81404 10008 21014 30058 40253 57009 885// 333 88623==
34578 41/40 81102 10003 21003 30262 40269 57006 71011 8808/==
34579 41540 81302 11013 21027 30230 40275 57005 71022 885//==
34644 41520 82002 10019 20016 30157 40235 57001 71022 8657/==
34646 42470 81601 10029 20023 30155 40238 57005 886//==
34655 42560 81303 10032 20016 30185 40246 57005 885//==
34662 42470 71303 10026 20008 30245 40256 56008 87500 333 87618==
34691 42970 01402 11028 21048 30504 40491 57004==
34720 41560 82202 10022 20015 30195 40235 57003 70262 885//==
34727 41440 82801 10029 20023 30211 40241 55001 71082 883//==
34743 41440 81701 10025 20016 30148 40239 57007 71022 885//==
34759 41540 81303 10027 20027 30116 40249 57005 71022 82530==
34772 42960 01402 11012 21022 30270 40273 57008==
34785 42960 00801 11047 21056 30304 40280 57007==
34798 42960 00904 11028 21044 30408 40378 57008==
34824 41540 81701 10032 20025 30239 40244 57002 72582 889//==
34838 41/40 61801 11004 21016 30146 40246 54001 71022 82045==
34845 41940 02501 11002 21011 30132 40242 53003 71000==
34858 41510 51901 10010 20010 30137 40247 56003 72842 85500==
34861 42560 81704 10021 21001 30001 40248 57007 885//==
34866 42460 81303 10025 20011 30266 40257 57010 885//==
34880 41/20 20801 11038 21044 30300 40273 57011 71041 82030==
34887 41910 00000 11027 21034 30294 40271 57010 71011==
34949 42970 72504 10031 21009 39693 40246 52001 80001==
34954 42960 00000 11019 21021 30075 40254 57001==
34958 42970 00000 11011 21012 30050 40256 55004==
34975 42470 81202 10026 20012 30266 40262 57005 885// 333 88619==
34984 41540 60301 11012 21019 30300 40268 57010 71011 86500==
35217 425// 51603 11045 21054 30285 40327 57002 86500==
35302 415// 81705 11019 21031 30287 40308 57008 71011 886//==
35315 425// 81404 11023 21049 30272 40330 57003 885// 555 1/103=
35344 425// 82601 11016 21030 30049 40343 54000 885// 555 1/102=
35358 42/// 82701 11022 21050 30155 40329 58007 8802/==
35368 415// 82005 11040 21077 30083 40359 52005 70232 885// 555 1/105=
35386 415// 82302 11044 21067 39806 40341 53008 70283 889// 555 1/105=
35394 41460 82404 11057 21075 39641 40339 53004 77173 8872/==
35404 429// 61704 11015 21021 30294 40302 57003 84031 555 14102=
35406 425// 81104 11019 21037 30317 40319 57001 885//==
35416 425// 71403 11024 21047 30218 40341 57004 87500==
35426 425// 80000 11021 21053 30051 40349 57003 885//==
35437 425// 82701 11018 21042 30109 40432 57003 885// 555 1/104=
35449 425// 81702 11018 21030 30241 40346 52002 885// 555 1/103=
35497 41/// 82302 11080 21090 39805 40659 53007 77177 8802/==
35498 419// 82003 11107 21123 39448 40370 54000 77073 8802/ 555 1/113=
35514 42598 71402 11044 21053 30535 40531 57001 87500 555 1/106=
35522 426// 81402 11039 21061 30088 40348 57002 885// 555 1/104=
35542 425// 82702 11009 21025 30197 40347 54000 885// 555 1/102=
35563 42998 02901 11098 21128 39563 40370 52003 555 1/110=
35576 42/// 72601 11102 21122 39905 40378 53005 87070==
35582 415// 82006 11072 21101 39744 40368 52003 77173 8872/ 555 1/109=
35594 419// 82502 11083 21106 39497 40369 53002 77173 8807/ 555 1/109=
35605 42598 81406 11013 21021 30333 40311 57004 885// 555 14102=
35633 415// 80000 11020 21038 30130 40349 54000 71022 885// 555 1/103=
35671 41540 80000 11052 21066 39923 40367 53006 77172 885//==
35699 415// 80000 11122 21146 39594 40394 54000 77172 8472/==
35700 42/70 81305 11018 21026 30339 40315 57003 8807/==
35715 42597 21607 11021 21053 30345 40330 57003 82500 555 14103=
35739 415// 80000 11058 21093 30208 40353 56001 71022 886// 555 1/106=
35746 415// 80000 11053 21056 30280 40350 54000 71011 885//==
35777 424// 80000 11084 21121 30006 40368 57011 886// 555 1/110=
35796 42/60 80000 11165 21186 39941 40412 54000 8807/==
35849 425// 80000 11020 21059 30260 40348 57004 885//==
35895 42597 73601 11142 21152 39933 40409 54000 87500 555 1/113=
35907 42998 00805 10004 21013 30310 40279 57006=
35925 415// 81606 11025 21038 30221 40335 57006 71022 887//==
35927 425// 81606 11019 21045 30325 57005 886//=
35953 425// 80000 11024 21057 30220 40353 57003 885//==
35969 425// 80905 11035 21079 30182 40362 57001 885//==
35997 416// 70000 11133 21160 39933 40397 57001 71011 333 91103 555 1/115=
36259 11584 40000 11343 21377 38292 48587 57003 60002 71200 82901 333 21359 48011 55071==
36335 414// 82206 11073 21098 39291 40345 53001 77173 8802/ 555 1/108=
36358 419// 72207 11114 21142 39292 40356 57006 73633 87030 555 1/114=
36394 415// 81606 11097 21113 39927 40369 57007 78583 883//=
36397 416// 81602 11126 21126 39783 40381 57006 73633 885//==
36403 416// 81004 11091 21130 30000 40377 57008 77172 885// 555 1/114=
36418 429// 81302 11151 21161 39762 40420 57004 8802/ 555 1/115=
36421 429// 80000 11152 21166 39810 40414 57010 8802/ 555 1/116=
36428 427// 70101 11200 21227 39880 40428 57009 85550==
36439 419// 81005 11172 21183 39066 48551 57011 70272 8807/ 555 1/119=
36498 416// 81502 11145 21158 39559 40402 57005 70272 8357/ 555 1/115=
36501 419// 72010 11106 21152 39559 40345 57012 73632 87030 555 1/114=
36535 42/// 60000 11244 21273 39746 40449 57014 83031==
36546 429// 50000 11219 21237 39842 40435 57008 84043 555 1/125=
36619 429// 40000 11190 21205 84030 555 1/121=
36622 415// 82402 11127 21151 39549 40398 56004 70282 8697/ 555 1/114=
36639 42/// 50000 11169 21192 39758 40410 57002 85030==
36643 428// 50000 11182 21193 39707 40424 57007 85070 555 1/119=
36665 419// 01401 11139 21160 39623 40393 57012 71000 555 1/118=
36666 414// 70901 11187 21205 39887 40422 57009 70174 86670=
36729 42998 33001 11181 21196 39900 40424 53010 80005 333 91107 555 1/119=
36736 425// 53401 11189 21211 39824 40427 57010 83550 555 1/124=
36744 429// 70402 11181 21197 39910 40399 54000 87040 333 91102 555 1/120=
36770 429// 81201 11152 21156 39625 40404 57002 8802/ 333 91104 555 1/117=
36786 42999 60000 11122 21149 39419 40390 57004 86070 333 91105=
36796 42998 82502 11210 21227 39136 48545 57002 8802/ 333 91102=
36803 41599 60000 11150 21167 39923 40405 56004 70341 86600 333 91107=
36806 429// 80000 11096 21160 39925 40418 58003 80002 333 91106=
36819 419// 80000 11098 21114 39739 40384 53008 71022 86021 333 91106=
36821 419// 00401 11154 21159 39871 40398 53002 71000 333 90760 91104==
36839 42998 40000 11164 21193 39199 40415 57001 82081 333 91104=
36843 429// 72402 11106 21134 39154 40390 53001 85032 333 91105=
36846 429// 70502 11145 21193 38681 48556 57003 87050 333 91108=
36859 42/// 30201 11108 21136 39597 40426 57005 83030 333 90760 91106==
36870 429// 00000 11094 21102 39300 40363 58006 333 90760 91103==
36874 41/// 91801 11113 21122 39681 40514 57004 74944 333 91104=
36877 429// 02301 11169 21176 39720 40818 57007 333 91107=
36885 429// 01802 11104 21140 39189 40378 57003 333 91106=
36889 429// 01802 11116 21265 37060 47079 57001 333 91108=
36894 429// 20702 11097 21122 39602 40381 56003 80001 333 91106=
36905 429// 31201 11130 21142 38826 48566 57007 83030 333 91106=
36911 429// 00000 11115 21139 39337 40376 57005 555 1/113=
36927 42697 23602 11084 21126 38404 48567 54000 82900=
36934 42597 63502 11042 21163 38338 48468 56001 84932=
36953 429// 00000 11232 21233 38259 48508 57005 333 91102 555 1/133=
36963 429// 01404 11216 21264 37045 48/// 58013 555 17124=
36974 429// 01102 11180 21192 38060 48620 58008 555 17128=
36982 429// 00601 11267 21351 36526 47205 57001=
37018 42960 01303 10093 20053 30176 40251 54000==
37031 42960 81303 10006 21012 30054 40255 52003 80004==
37054 41940 00000 11046 21055 39868 40271 55004 71000==
37061 41540 80000 10031 20025 30083 40255 56006 71022 885//==
37085 42540 80603 10039 20028 30289 40261 57008 885//==
37171 42440 80803 10073 20048 30237 40256 57002 886// 333 88714==
37228 42960 01601 11003 21063 39404 40261 57001==
37235 42960 01201 11009 21019 39930 40256 57005==
37472 41/40 61202 10060 20040 30274 40251 57008 71022 86071==
38149 42970 00503 11039 21051 30265 40346 58027==
38178 429// 00000 11060 21091 30039 40342 57002==
38262 429// 00302 11050 21067 30246 40332 57003==
38264 42970 00303 11044 21057 30230 40327 57004==
38345 42998 01002 11090 21129 38876 48554 54000 555 1/112=
38353 429// 31801 11102 21115 39414 40374 57006 80001=
38388 42998 00000 11014 21078 30249 40322 52004 555 14103=
38392 42997 20504 11026 21042 30209 40317 57007 80001 555 14103=
38396 42960 20503 11036 21058 30191 40323 57002 80001==
38403 429// 00503 11029 21110 30191 40318 57002==
38413 429// 01102 11039 21108 30018 40324 57002==
38457 42960 00000 11021 21039 39699 40310 57003==
38462 429// 00000 11096 21204 38820 48540 53001==
38507 41993 00000 11015 21015 30165 40272 57002 74440 555 10103=
38545 42998 00301 11028 21048 30123 40306 57004 333 34///=
38565 129// 00000 11068 21088 39670 40247 57005 60002==
38579 125// 30000 11008 21020 39872 40306 57002 60002 83500==
38583 12960 02501 11030 21043 39974 40311 57001 60002==
38599 41995 02302 11028 21042 39758 40319 52003 71000=
38611 41920 03202 11016 21042 39726 40310 57003 71000==
38613 429// 00102 11058 21054 39332 40333 55002 555 1/104=
38616 429// 01801 11071 21109 39272 40345 58004=
38618 429// 01601 11020 21041 39592 40309 57003==
38647 42997 00701 11012 21051 30209 40253 52001 555 14104=
38656 42998 00702 11008 21054 30174 40287 57006 555 10102=
38683 41920 03402 11017 21020 30006 40294 57002 71000==
38687 41996 00000 11040 21052 30053 40301 53003 71000 555 14105=
38696 126// 80903 11008 21023 39411 40296 53001 60002 885//==
38713 429// 01402 11063 21103 39105 48540 56003=
38750 42997 00901 10042 21016 30306 40277 54000 555 10004=
38763 42997 00000 11002 21026 30163 40272 57001 555 10103=
38774 42995 01401 10004 21016 30076 40280 57001 555 10103=
38799 42997 00501 11002 21020 30060 40302 57002 555 11101=
38806 42997 00000 11038 21056 30007 40281 57004 555 14106=
38812 41920 00702 11020 21045 39819 40293 53002 71000==
38836 429// 00000 11016 21016 39292 40262 57005 71000=
38880 42997 00802 11012 21018 30003 40269 58003 555 10101=
38886 41996 00802 11010 21032 30045 40283 57007 71000 555 14103=
38895 42996 00801 11010 21042 39993 40296 57003 555 14104=
38911 42997 00000 10006 21044 39991 40296 54000 555 10000=
38915 42997 00000 10008 21009 39955 40290 58009 555 12102=
38927 11925 00301 11004 21010 39888 40279 56005 60002 71000==
38933 429// 00202 11006 21044 39764 40299 57007=
38944 429// 00201 10007 21013 39666 40218 57005=
38954 429// 00000 11122 21134 38001 48620 53005=
38974 42998 00000 10011 21006 39931 40276 57007 555 10001=
38987 42496 80000 10015 21005 39517 40283 57008 885// 555 11002=
40180 12960 00702 10105 20079 30183 40233 57007 60001 333 70000==
40199 12/// /0403 10143 20053 30190 40216 57005 60001 333 70000==
40265 32960 00000 10058 20035 39448 40251 57004=
40270 31958 00000 10068 20016 39330 40236 57006 70500=
40272 31950 00000 10026 20000 39400 40248 57002 70500=
40340 31956 00108 10130 20041 30168 40233 52004 70500=
40356 32960 00000 10053 21040 39242 48541 333 58025 555 04410 50230=
40357 32960 03406 10066 21040 39580 40224 333 58046=
40360 22960 02604 10063 21030 39636 40234 333 58019 60005==
40361 32960 02207 10051 21050 39450 40282 333 58034=
40362 32960 02704 10062 21060 39695 40216 333 58027=
40373 32960 03507 10100 21070 39781 40201 333 58006=
40375 32960 20000 10066 21030 39329 40215 80002 333 58007 82070=
40394 32960 00302 10074 21030 39077 48546 333 58028 555 04410 50217=
40400 32960 20104 10184 20000 30145 40173 80001 333 58012 82070=
40405 32960 03104 10087 20010 39453 40220 333 58012=
40417 32960 32803 10096 20060 30165 40180 83030 333 59005 83360=
40430 32960 00407 10153 21020 39459 40217 333 58033=
40437 32960 02702 10096 21060 39485 40192 333 59002=
40439 22960 01402 10170 20110 30122 40140 333 58008 60005==
40582 31957 00000 10080 21036 40192 53003 70500 333 00007 55300 00000 10221 20000 30000 40975 51195 60000 55407 40000 90467 91003 91107 91207 91303=
41024 22960 03605 10229 20160 30111 40137 333 58007 60005==
41036 22960 00506 10132 20030 38576 48526 333 58006 60005==
41055 22960 02203 10136 20000 38372 48519 333 58001 60005==
41061 22960 01209 10125 21050 39450 40156 333 59013 60005==
41084 22960 00000 10147 20000 38858 48514 333 59002 60005==
41112 21956 03104 10117 20120 37948 48515 71000 333 58002 60005==
41114 21958 00000 10120 20100 37986 48517 71000 333 58003 60005==
41128 22960 00000 10121 21010 38827 48531 333 59010 60005==
41136 22960 01007 10140 21080 39342 40157 333 59012 60005==
41140 21559 31103 10244 20210 30119 40123 71000 83400 333 58007 60005 83630==
41150 32970 33104 10169 20117 40178 83030 333 59002 83361=
41176 34/20 /2804 10130 20117 30166 40172 333 59007=
41184 32960 02202 10122 20049 40163 333 59008=
41194 12960 00107 10214 20110 30146 40152 60001 333 59012 70000=
41216 32960 03205 10179 20126 30155 40159 333 59007=
41217 32960 03205 10186 20124 30125 40155 333 59007=
41246 36/// /2302 10169 20060 30150 40152 333 0E017 55300 25022 59007=
41254 36/// /2407 10052 20031 38023 49846 333 0E006 55300 25022 58005=
41255 36/// /0602 10168 20080 39630 40148 333 0E018 58012=
41263 36/// /1104 10158 20064 39569 40143 333 0E017 55300 20000 58012=
41275 36/// /0901 10175 20017 30001 40174 333 0E015 55300 20000 58003=
41288 36/// /1004 10222 20133 30136 40158 333 0E022 58009=
41316 32984 03604 10159 21063 30136 40167 333 58006 55000 55407 55408 55507 55508=
41506 12920 00000 11005 21018 38553 48490 60001 333 58039==
41508 12920 00000 11017 21045 38696 48560 60001 333 58034==
41515 12920 00000 10020 21036 38546 48080 60001 333 59039==
41516 12440 70000 10030 21024 38583 48380 60001 86510 333 56880 58033==
41517 11440 70000 11010 21037 37811 48520 60001 70422 87570 333 56880 58024==
41518 12440 71801 10050 21030 30001 48010 60001 87520 333 56880 58000==
41519 12440 63101 10060 21016 38883 48350 60001 83520 333 56880 58040==
41520 12420 81801 11030 21057 37641 48050 60001 8862/ 333 5688/ 58026==
41523 12940 00000 10010 21003 39109 48010 60001 333 58038==
41535 11440 60000 10030 21009 38719 48820 60011 72161 84520 333 56880 58031==
41560 12940 01301 11020 21049 38282 48180 60001 333 58000==
41571 11900 23102 10070 20037 39585 40190 60002 70500 82030 333 56080 58052==
41577 11940 00000 10050 20039 39550 40192 60001 70400 333 58048==
41598 11920 00000 10085 20063 39876 40158 60001 71000 333 58034==
41600 11/03 90000 10100 20100 39856 40160 60001 74544 89/// 333 58039==
41620 11940 01801 10020 21054 38589 48900 60001 70500 333 58027==
41624 11910 03601 10100 20057 39955 40162 60001 70400 333 58044==
41630 11940 00000 10090 20057 30000 40170 60001 70400 333 58046==
41640 11/00 90000 10120 20120 39904 40160 60001 74544 89000 333 58038==
41641 11/00 93402 10100 20100 39870 40153 60001 74544 89000 333 58028==
41660 12900 01302 11010 21070 38441 48330 60001 333 58018==
41678 11920 00000 10090 20069 30000 40147 60001 71000 333 58043==
41696 12940 00000 11050 21080 38017 48610 60001 333 58001==
41697 12940 00000 10115 20007 39979 40141 60001 333 58027==
41700 11910 00000 10085 20063 30014 40147 60001 71000 333 58046==
41710 12940 02301 10050 21048 39412 40221 60002 333 58025==
41712 12940 00000 10030 21040 39232 48130 60002 333 58019==
41715 11905 00000 10090 20045 30086 40152 60001 70500 333 58040==
41718 11910 00000 10080 20058 30047 40155 60001 71000 333 58041==
41725 11920 00000 10120 20068 30079 40160 60002 70500 333 58052==
41739 12940 00503 10030 21009 39075 48060 60001 333 59002==
41744 12940 00000 10030 21024 38783 48960 60001 333 58016==
41749 11920 00000 10100 20079 30103 40136 60001 70400 333 58019==
41756 11920 03602 10150 20069 30104 40172 60001 70504 333 58019==
41757 12940 00504 10115 21073 30147 40160 60002 333 59003==
41764 12940 03603 10150 20043 30096 40148 60001 333 58040==
41768 12940 03601 10095 20074 30122 40129 60001 333 58025==
41780 11940 00503 10140 21044 30120 40149 60001 70500 333 58035==
41785 12940 00000 10125 20085 30130 40143 60001 333 58034==
41859 01902 00501 10150 20150 30083 40122 74744 89/// 333 59003 70000==
41883 02930 00000 10157 20130 30094 40115 333 59004 70000==
41891 01925 00000 10157 20140 30078 40118 71000 333 59007 70000==
41907 01908 00000 10165 20160 30103 40118 74344 89/// 333 58004 70000==
41923 01/30 30000 10196 20190 30107 40117 70500 83030 333 59002 70000 83360==
41936 01/03 40000 10224 20210 30099 40107 74144 84030 333 58008 70000 84362==
41943 01902 00000 10192 20190 30109 40117 74544 89/// 333 59003 70000==
41950 01320 80000 10210 20210 30115 40117 71022 8562/ 333 58002 70000 82708 84616 88458==
41978 01416 30403 10203 20190 30111 40117 71010 83500 333 59005 70000 83614==
41992 01910 00302 10205 20200 30118 40120 71000 333 59001 70000==
42027 22596 61401 10034 20023 38440 48528 83520 333 58039 6996/=
42071 31/90 99902 10124 20124 40158 74544 333 58032=
42101 31/92 93201 10120 20120 40162 74544 333 58022=
42111 31994 02702 10092 20080 39419 40141 71000 333 58012=
42123 31995 00000 10078 20060 40159 71000 333 58035=
42131 31/92 93402 10110 20110 40160 74344 333 58025=
42165 31995 00000 10120 20070 40150 70500 333 58039=
42182 31993 32703 10134 20130 40141 71140 83030 333 58023 83360=
42189 31993 00000 10122 20118 40128 74640 333 58010=
42309 31594 73402 10144 20140 40125 71022 84530 333 59008=
42314 31594 49902 10142 20138 40123 71022 81530 333 59008 81620 84360=
42328 31995 00503 10136 20089 40133 70500 333 58043=
42339 31995 03405 10150 20057 40143 70500 333 58036=
42348 31594 40205 10164 20112 40135 71011 81530 333 58026 81630 83360=
42361 31994 00000 10136 20129 40133 71000 333 58025=
42369 31994 00000 10142 20120 40127 71000 333 58012=
42379 31993 00000 10118 20110 40113 71240 333 59001=
42410 31593 50000 10136 20132 40128 74142 82530 333 59002 82620 84360=
42415 31594 30000 10156 20135 40129 71011 82530 333 59008 82620=
42452 31995 00000 10156 20123 40130 71000 333 58041=
42492 31993 00000 10164 20135 40118 71000 333 59002=
42559 32996 00000 10136 20097 40119 333 58017=
42571 31995 00000 10154 20133 40121 70500 333 58016=
42591 31994 00000 10142 20129 40131 71000 333 5////=
42623 31495 20000 10092 20080 39244 40143 71000 82500 333 59003 82618=
42634 32996 00000 10144 20061 40133 333 58017=
42647 31995 00502 10146 20091 40128 70500 333 58015=
42667 32996 00000 10136 20062 39534 40140 333 58020=
42675 31995 00000 10160 20142 40126 71000 333 58021=
42701 31994 00000 10168 20145 39377 40115 71000 333 58002=
42724 31993 00000 10170 20167 40116 71000 333 59004=
42737 32996 00000 10148 20122 40136 333 58011=
42754 31995 00000 10134 20105 39480 40134 71000 333 58015=
42779 32996 00000 10182 20153 39408 40110 333 58006=
42798 31994 00000 10204 20182 40107 71000 333 59001=
42809 21593 60000 10226 20217 40116 74442 82530 333 58003 6990/ 82620 85360=
42840 32996 03602 10186 20113 40121 333 58005=
42867 31995 00000 10184 20150 40147 70500 333 58010=
42874 31995 00000 10214 20179 40117 71000 333 58011=
42886 31994 00000 10190 20174 40120 71000 333 58009=
42895 31595 52302 10228 20213 40112 70520 82530 333 58003 82620 84360=
42909 32996 00204 10170 20089 40123 333 58009=
42971 31594 22002 10240 20231 40119 71040 82500 333 58011 82620=
43003 31995 00000 10186 20129 40106 70400 333 58003=
43014 31995 03202 10168 20138 39457 40116 70542 333 58008=
43041 31995 00000 10168 20145 39504 40133 71000 333 58010=
43063 32996 00000 10160 20133 39485 40124 333 58007=
43086 31995 00000 10194 20177 39929 40110 70500 333 58008=
43110 31995 01101 10190 20167 40103 70544 333 58001=
43117 32996 00000 10204 20173 40110 333 58009=
43128 31995 00000 10202 20180 39507 40118 71000 333 58006=
43150 31994 22702 10228 20219 30066 40127 71000 80001 333 58011 82075=
43185 31595 20000 10206 20196 30108 40112 71000 82500 333 58007 82620=
43189 31995 00000 10214 20198 30115 40124 71000 333 58006=
43192 32996 00502 10224 20209 40095 333 58000=
43201 32496 12001 10184 20122 39364 40099 81500 333 59001 81612=
43213 31995 20000 10216 20173 39775 40095 70500 80002 333 58004=
43233 32996 20903 10204 20134 39296 40119 80001 333 58002=
43237 31996 10000 10176 20148 39687 40088 70500 80001 333 58002 81075=
43245 31996 00000 10244 20232 30088 40115 70500 333 58009=
43279 31596 50000 10234 20225 30103 40121 71020 83530 333 58014 83620 83360=
43284 31996 20000 10244 20214 39983 40099 71000 80001 333 58006 82075=
43295 31996 20902 10196 20177 39100 48504 71000 80001 333 58008 82075=
43314 32596 50000 10268 20239 40100 83501 333 58012=
43321 31496 60905 10238 20204 39669 40117 71022 82531 333 58015 82612 85070=
43329 22596 60000 10250 20241 30101 40114 83531 333 58016 6003/=
43333 31495 40000 10212 20206 40110 70510 83401 333 58006 81618 83820=
43344 31495 50503 10246 20234 30015 40115 71022 82531 333 58014 82616 83360=
43369 32596 30000 10262 20256 40096 83500 333 58011 83620=
43371 32996 30000 10252 20240 30027 40100 80001 333 58011 83071=
43413 11970 00902 10250 30101 40106 5/003 60008 70200 333 553// 20000 58005 91004=
43415 01470 10000 10240 20225 30006 40114 60008 701// 81000 333 60008=
43418 01470 30000 10254 20239 30068 40109 57003 60008 70300 83000 333 58012 60008 83818=
43421 11470 50701 10238 20237 30003 40110 5/000 60008 70321 84101 333 553// 20000 58012 84118 83180 91001=
43424 01470 30502 10234 20228 30101 40103 51001 60008 70200 83100 333 58008 60008 83118=
43436 01470 30502 10262 20242 30104 40107 54002 60008 70111 82000 333 58018 60008 82818=
43441 01970 20000 10235 20205 39962 40096 57002 60008 70200 333 58009 60008 82180=
43444 01970 01801 10197 20188 39571 40103 57004 60008 70200 333 58017 60008=
43450 01470 20501 10225 20205 30100 40112 54000 60008 70100 81101 333 58017 60008 81118 82180=
43466 01970 20900 10238 20207 30090 40098 57003 60008 70200 333 553// 20000 58008 60008 82080 91001=
43467 01970 00000 10243 20235 30090 40096 57005 60008 70200 333 58005 60118=
43473 01470 70707 10129 20116 38118 48488 57001 60008 70322 81000 333 553// 20000 58008 60008 81810 87280 91011=
43479 01470 11601 10190 20185 39265 41/// 60008 702// 81100 333 55001 60008 81116=
43486 11/15 /2101 10228 20228 39998 40099 56003 60008 71011 333 553// 20000 58007 91002=
43495 01970 00701 10241 20226 30080 40093 57003 60008 70200 333 58010 69918=
43497 11470 20203 10243 20000 30078 40095 5/004 60008 70200 81000 333 553// 20006 58010 81818 91006=
44212 42/// 60000 11267 21307 39250 40537 54000 86010 333 21296 3/132 47018 55073==
44213 429// 00000 11315 21353 38881 40568 52001 333 21324 3/138 47014==
44214 42970 03304 11216 21271 38316 40493 58002 333 21216 3/125==
44215 419// 01401 11272 21302 38457 40544 52002 77670 333 21276 3/133 46003==
44217 32998 00000 11276 21315 37872 40609 56003 333 21277 47002 91202 555 31323=
44218 429// 00000 11278 21309 38673 40545 52003 333 21286 3/132 43004==
44219 32999 01002 11301 21330 38693 40569 53001 333 21301 43005 91204 555 31311=
44265 429// 30602 11289 21321 38945 40559 57003 80004 333 21291 3/133 43008==
44266 329// 03406 11208 21274 37782 40502 54000 333 21209 45000 91207 555 31245=
44404 42956 00903 10050 20018 38114 48464 80000 333 58010=
44416 42956 00000 10052 20048 39359 40135 80000 333 58009=
44424 42958 00000 11040 21085 37668 47030 80000 333 58002=
44434 42456 13302 10100 20089 39218 48502 81100 333 58002=
44438 41905 01902 10104 20104 39985 40114 740// 80000 333 59003=
44449 41/01 90000 10106 20106 39953 40111 745// 89/// 333 59006=
44454 41456 21002 10046 20034 38649 48485 71000 82100 333 58000=
44462 42458 12703 10076 20016 38230 48461 81100 333 58005=
44474 41910 00000 10054 20046 38235 48490 710// 80000 333 58011=
44477 41330 10000 10084 20077 38798 48503 710// 81100 333 59001=
44478 41408 60901 10118 20115 30030 40112 746// 86600 333 59055=
48020 41910 00000 10125 20117 71044 333 20116==
48025 11110 50000 10152 20108 39980 40125 59007 60002 74044 84840==
48048 41940 00401 10145 20145 30044 40103 71000 333 20135 59005==
48052 32950 01801 10142 20124 333 20140 60002=
48062 41440 20302 10198 20185 30097 40103 71011 82500 333 20138 59008==
48064 42940 01401 10170 20170 30019 40078 333 20150 59003==
48094 41930 20000 10220 20210 30084 40094 74044 80006 333 20207 59005==
48109 41420 20000 10220 20205 30099 40103 71011 82500 333 20165 59009==
51076 14060 00000 11220 21248 39476 40459 57010 60001 333 11109 21221 3/102 4/027 58032 70000 90761 91102==
51087 14060 01002 11210 21231 39322 40457 57009 60001 333 11096 21216 3/105 4/019 58029 70000 90761 91104==
51156 14080 03201 11150 21180 38768 40407 57011 60001 333 11056 21175 3/114 58021 90761 91105==
51243 14/33 /1101 11125 21144 39831 40425 57009 60001 71000 333 11068 21131 3/111 58033 70000 90761 91105==
51334 14031 02002 11126 21143 39981 40417 52002 69901 77000 333 11031 21161 3/109 4/011 58025 90761 91103==
51379 14080 01502 11198 21225 39399 40436 57010 60001 333 11020 21211 3/106 4/023 58021 70000 90761 91104==
51463 14080 01502 11117 21151 39129 40400 57012 60001 333 11045 21126 3/101 4/036 58010 70001 90761 91104==
51573 14/62 /3501 11039 21116 30318 40370 54000 60001 333 10030 21043 3/111 58048 70000 90761 91104==
51644 14/59 /0201 11130 21151 39046 40384 57009 60001 333 10015 21130 3/107 4/004 58049 70000 90761 91102==
51656 14/57 /1202 11115 21132 39261 40383 57007 60001 333 10027 21118 3/114 58049 70000 90761 91103==
51709 14/64 /3003 11090 21185 38713 40363 57005 60001 333 10038 21091 3/111 58058 70000 90761 91104==
51711 14/64 /2602 11138 21190 38066 40334 57003 60001 333 10010 21150 3/121 58045 70000 90761 91104==
51716 14062 00000 11105 21178 39010 40375 54000 60001 333 10039 21107 3/117 58059 70000 90761 91103==
51765 14/66 /1100 11119 21139 39332 40393 52003 60001 333 10050 21123 3/115 58062 70000 90761 91103==
51811 14064 02801 11090 21193 38878 40354 57002 60001 333 10071 21095 3/118 58057 70000 90761 91103==
51818 14/63 /2901 11098 21209 38712 40340 52002 60001 333 10075 21099 3/118 58047 70000 90761 91103==
51886 14/78 /3601 11148 21218 37132 40341 52004 60001 333 11024 21148 3/120 58041 70000 90761 91110==
52203 14069 00602 11085 21121 39450 40390 52006 60001 333 11003 21116 3/116 58048 70003 90761 91104==
52602 14/75 /2804 11129 21196 37293 40351 52012 60001 333 11021 21129 3/116 58045 70000 90761 91118==
52818 14/43 /2602 11107 21132 37274 40353 52016 69941 72200 333 11007 21111 3/116 58066 70004 90761 91109==
52908 14/80 /2805 11218 21273 35731 40336 52003 60001 333 11061 21218 3/126 58024 70000 90761 91108==
55228 04980 /0602 11158 21266 36003 40231 52006 60002 70000 333 11011 21167 3/123 58025 60001 70000 90720 91109=
55299 14/70 /0901 11116 21306 35802 40064 57003 60001 333 10089 21126 3/123 58004 70000 90761 91109==
55578 04980 /0701 11023 21247 36341 49999 52003 60002 70000 333 10173 21078 3/111 54405 58004 60001 70000 90720 91112=
55591 14/69 /1101 11010 21211 36459 49937 52002 60001 333 10189 21013 3/112 58005 70000 90761 91111==
55664 04980 /0301 11118 21270 36003 40139 52002 60002 70000 333 10116 21118 3/117 54415 58009 60001 70000 90720 91112=
55773 04975 /1201 11142 21178 35992 40184 54000 60002 70000 333 10087 21149 3/120 59004 60001 70000 90720 91105=
56004 14/80 /3001 11202 21261 35796 40277 52005 60001 333 11013 21224 3/125 58026 70000 90761 91108==
56018 14/79 /3103 11092 21270 36149 40124 52013 60001 333 10088 21159 3/119 58025 70000 90761 91108==
56312 04980 /1802 10019 21050 37063 40114 54000 60002 70000 333 10115 20007 3/001 54405 58001 60001 70000 90720 91110=
62309 42560 51702 10168 20095 40222 57009 85500==
62332 42960 30506 10168 20114 40232 57004 80004==
62387 42960 03206 10103 20076 40206 57014==
62420 42960 00605 10131 20090 40219 57006==
62435 42960 03402 10162 20043 40184 57010==
62458 42960 00504 10163 20027 40203 57004==
63450 42580 20601 10125 20038 37733 40246 82500 333 59004 82626=
41256 329// 39901 10152 20073 30134 40151 92345 333 59006 55000 55407 55408 55507 55508=
40420 32960 43205 10136 21020 39972 40185 84030 92349 333 59004 84360=
40100 43/60 00905 10137 20077 30235 40251 55001 6///1 333 58///=
