SIPK OPKC 092100=
41504 22695 70000 11020 21094 37879 48548 83510 333 56990 59030 60007 83640 87460 RH53%=
41506 22995 60000 10060 20028 38539 48536 83520 333 56990 59015 60007 83640 84460 80%=
41507 22696 50000 10110 20035 39236 49760 83520 333 56990 59055 60007 83640 82460 60%=
41508 22696 70000 10057 21008 38687 48553 83520 333 56990 58000 60007 83635 84460 64%=
41509 22696 60000 10080 20023 38784 48521 83530 333 56990 59023 60007 83640 84360 RH 67%=
41510 02996 50000 10005 21007 37928 48551 85030 333 56090 59011 60007 84360 91%=
41515 22695 60000 10033 21003 38604 48564 82520 333 56990 58012 60007 82650 84460 76%=
41516 22996 40000 10050 21030 38561 48517 84010 333 56090 59027 60007 84462 RH56%=
41517 21696 60000 10005 21068 37814 48552 70422 83530 333 56990 59028 60007 83635 83360 68%=
41518 22696 71802 10072 21003 38/// 48/// 83520 333 56990 5//// 60007 83640 86462 60%=
41519 22996 33102 10090 21009 38774 48510 83500 333 56900 59022 60007 83640 RH57%=
41520 22695 62702 10015 21072 37640 48288 83570 333 56990 59018 60007 83640 84762 52%=
41523 22996 40000 10090 20023 39085 48496 80001 333 56009 59015 60007 84070 63%=
41524 22696 40502 10150 21022 39357 40222 82520 333 56990 59011 60007 82640 82460 42%=
41525 22696 80000 10040 20005 37678 48403 8352/ 333 5699/ 59017 60007 82640 85460 78%=
41528 21696 40000 10095 20064 39232 48510 70400 82520 333 56990 59006 60007 82640 82460 81%=
41529 22696 73106 10175 20036 39756 40138 82530 333 56990 59020 60007 82640 83360 RH 40%=
41530 219// 73606 10170 20012 39719 40132 70592 81430 333 56990 59022 60007 81840 87360 35%=
41534 22996 50000 10145 20062 39726 40143 85030 333 56090 59012 60007 85362 58%=
41535 22696 60000 10075 20017 38707 48474 83520 333 56990 59013 60007 83635 84460 RH67%=
41536 22996 00000 10090 21006 39059 48520 333 58003 60007 51%=
41536 22996 70000 10140 20007 39036 48508 83520 333 56990 59023 60007 83630 87460 40%=
41560 22996 00000 11005 21032 38293 48528 333 58006 60007 RH82%=
41562 22996 50000 10100 20044 39686 40161 85030 333 56090 59006 60007 85360 RH68%=
41565 22696 63102 10061 21054 38639 48505 83520 333 56990 58005 60007 83640 83460 45%=
41567 21696 60000 10120 20056 39725 40151 70422 83570 333 56990 58000 60007 83640 84360 65%=
41571 219// 70000 10150 21010 39561 40154 70522 83031 333 56099 59020 60007 RH33%=
41573 22697 63602 10040 21072 37972 48507 82520 333 56990 59009 60007 82640 84460 44%=
41574 22697 50000 10040 20029 38347 48529 85500 333 56900 58001 60007 85640 93%=
41576 21996 20000 10110 20068 40174 70400 82070 333 56090 59003 60007 82460 75%=
41577 21696 60000 10115 20041 39526 40150 70421 83510 333 56990 59017 60007 83640 84460 RH 60%=
41593 21996 40000 10130 20068 39922 40142 70410 84070 333 56090 59025 60007 84460 66%=
41597 21996 60000 10150 20092 40157 70422 86070 333 56090 59021 60007 86461 68%=
41598 21996 00000 10130 20080 39855 40131 70400 333 59030 60007 71%=
41599 21996 30000 10125 20085 39852 40149 70400 83030 333 56090 59018 60007 83360 77%=
41620 31696 41302 10080 21021 38563 48466 70500 84500 333 56900 59017 60007 84640 49%=
41625 21696 60000 10140 20080 39916 40120 70400 83520 333 56990 59021 60007 83640 83460 67%=
41630 21996 50000 10110 20068 40141 70410 85030 333 56090 59025 60007 85360 75%=
41633 21996 40000 10110 20079 4//// 70400 84030 333 56090 5//// 60007 84360 81%=
41634 22997 10000 10100 20022 3//// 4//// 80001 333 56009 5//// 60007 81075 50%,=
41635 21996 00000 10130 20101 3//// 4//// 70400 333 5//// 60007 83%=
41636 21996 00000 10115 20062 30022 40213 70400 84020 333 58046 60007 70%=
41638 21996 00000 10130 20091 4//// 70400 333 5//// 60007 77%=
41639 21996 30000 10120 20068 4//// 70410 83030 333 56090 5//// 60007 83460 70%=
41640 21996 10000 10135 20096 39891 40145 70400 81030 333 56090 59014 60007 81360 77%=
41641 21996 20000 10150 20069 39862 40140 70400 82030 333 56090 59018 60007 82360 58%=
41642 21995 33102 10110 20079 4//// 71004 83030 333 56090 5//// 60007 83361 81%=
41644 21995 40000 10130 20111 4//// 70400 84020 333 56090 5//// 60007 84460 88%=
41646 21995 00000 10130 20103 40152 71000 333 59014 60007 83%=
41652 21996 03102 10100 20044 40144 70400 333 59015 60007 68%=
41660 226// 71316 10115 21039 38411 48501 84530 333 56990 59018 60007 84650 84358 RH34%=
41661 22696 40000 10110 20028 38363 48491 82520 333 56990 59025 60007 82635 82460 57%=
41669 21696 60000 10150 20113 3//// 4//// 70422 83530 333 56990 5//// 60007 83640 83360 78%=
41670 21996 50000 10120 20079 4//// 70400 85030 333 56090 5//// 60007 85360 76%=
41674 21995 20000 10110 20068 3//// 4//// 70400 82030 333 56090 5//// 60007 82360 75%=
41675 21995 30000 10130 20091 39987 40134 70400 83030 333 56090 59020 60007 83360 77%=
41676 21995 00000 10120 20079 30000 40163 70400 333 59008 60007 76%=
41677 21996 00000 10090 20069 39962 40135 70400 333 59022 60007 86%=
41678 21996 00000 10150 20069 40153 70400 333 59011 60007 58%=
41679 21996 00000 10125 20096 4//// 70411 333 5//// 60007 82%=
41685 22697 60000 10105 20000 38909 48487 83520 333 56990 59017 60007 83635 83460 RH48%=
41696 22696 80000 10060 20039 37988 48512 85520 333 56990 59005 60007 85640 83460 RH86%=
41697 22996 00000 10125 20062 40146 333 59013 60007 RH65%=
41700 21995 00000 10130 20091 40129 70400 333 59015 60007 77%=
41701 21994 00000 10110 20079 40151 71000 333 59008 60007 87%=
41710 22996 32304 10160 20063 40079 83010 333 56090 59016 60007 83460 RH52%=
41712 22996 02306 10160 20074 39151 48470 333 59022 60007 RH57%=
41715 21994 00000 10135 20085 40140 70400 333 59020 60007 RH72%=
41716 21995 00000 10140 20091 40143 70400 333 59014 60007 72%=
41718 21995 20000 10130 20091 40127 70400 82030 333 56090 59023 60007 82360 77%=
41724 21995 40000 10140 20080 40149 70500 84030 333 56090 59015 60007 84360 RH67%=
41725 21996 30502 10160 20093 40129 70500 83030 333 56090 59014 60007 83360 RH64%=
41726 21995 40000 10130 20068 30090 40164 71000 80001 333 56009 59024 60007 84070 RH 66%=
41738 22996 01804 10170 20070 40146 333 59011 60007 RH52%=
41739 22696 70000 10012 20048 39056 48505 83530 333 56990 59013 60007 83635 84360 RH61%=
41742 22996 61802 10170 20115 40136 82031 333 56099 59014 60007 82360 84070 RH70%=
41743 21996 00000 10140 20080 70400 333 60007 RH 67%=
41744 22696 60000 10110 21008 38795 48493 82520 333 56990 59007 60007 82630 84460 RH 44%=
41745 21995 03102 10140 20080 70400 333 60007 RH67%=
41746 22996 30000 10150 20103 40136 83030 333 56090 59023 60007 83360 RH73%=
41747 21995 00000 10130 20080 40128 70400 333 59012 60007 RH 71%=
41748 21995 03104 10130 20080 40140 70500 333 59017 60007 RH71%=
41749 21996 00000 10150 20103 40125 70400 333 59017 60007 RH73%=
41756 21995 31302 10180 20146 40140 70504 80001 333 56009 59008 60007 83070 RH80%=
41757 22996 30000 10160 20124 30131 40144 80001 333 56009 59023 60007 83070 RH79%=
41759 22996 00000 10120 20056 40141 333 59007 60007 RH65%=
41764 22996 00000 10190 20085 30077 40124 333 59005 60007 RH50%=
41765 21996 20000 10180 20106 30093 40129 70400 80001 333 56009 59010 60007 82070 RH62%=
41766 21994 40000 10150 20113 40128 84030 74000 333 56090 59041 60007 82630 82360 RH78%=
41767 22996 00000 10145 20117 3//// 4//// 333 60007 RH83%=
41768 22996 00000 10155 20098 30114 40121 333 59014 60007 RH69%=
41780 21996 02706 10185 20151 30113 40131 70400 333 58001 60007 RH81%=
41783 22996 00000 10185 20123 30095 40125 333 59012 60007 RH 67%=
41786 22996 00000 10120 20029 30074 40112 333 59017 60007 RH 54%=
41BKI 22696 72304 10160 20081 39715 40135 83520 333 56990 59015 69907 83640 85460 60%=
41SKP 21996 00000 10100 20079 4//// 70400 333 5//// 60007 87%=
43532 21696 50000 10100 20047 39345 40166 70402 82520 333 56990 58002 60007 82640 83460 70%=
43533 22997 00000 10090 20035 39235 48493 333 58001 60007 69%=
43563 22997 00000 10133 20042 40149 333 59024 60007 53%=



41785 Not Received





Data Generated from File : D:/all data handling/Rmc_lhr/2025020921.FSU.txt
09/02/2025   21:52:45
____________________________________________________________________________________________
15020 27/57 /0000 11080 21097 30164 40378 57006 7101/ 333 55300 20000 60007==
15090 27958 02901 11068 21084 30278 40378 57006 7101/ 333 55300 10250 20000 30000 60007 91001 90730 91101==
15108 22984 01103 11068 21237 38146 48566 57009 333 55300 20000 60007 91004 90730 91105==
15150 27957 03301 11074 21088 30149 40381 57004 7101/ 333 55300 20000 60007 91001 90730 91102==
15170 24970 03601 11106 21139 39523 42886 57004 333 55300 20000 60007 91001 90730 91102==
15280 22984 00504 11094 21346 37531 47067 57007 333 55300 20000 60007 91005 90730 91106==
15310 24965 00202 11040 21083 30274 40366 57002 333 55300 10230 20000 30000 60007 91005 90730 91105==
15335 24/62 10102 11044 21076 30352 40360 57004 81030 333 55300 20000 60007 91003 90730 91103==
15350 24967 03502 11034 21094 30245 40373 57003 333 55300 20000 60007 91004 90730 91104==
15360 24563 53509 11026 21046 30323 40341 57008 83230 333 55300 20000 60007 91011 90730 91112==
15420 24964 00601 11079 21101 30247 40368 57002 333 55300 20000 60007 91001 90730 91102==
15460 27/59 /2601 11061 21080 30337 40364 57004 7101/ 333 55300 20000 60007==
15470 24961 02802 11055 21100 30229 40365 57004 333 55300 20000 60007 91002 90730 91103==
15480 24467 83204 11013 21062 30328 40347 57008 886// 333 55300 10040 20000 30000 60007 91009 90730 91109==
15549 42968 01601 11080 21087 39907 40356 57002 333 11058 21080 555 594//=
15552 41560 83406 11014 21049 30286 40338 58006 70272 885// 333 11012 21015 555 57400 69199 92035 92437=
15640 42672 13403 11038 21043 30021 40354 53005 81500 333 11019 21038 555 596//=
15655 42568 83410 11007 21026 30297 40332 58006 885// 333 11006 21007 555 585// 92035 92437=
15730 42970 03604 11041 21082 39924 40346 53005 333 11008 21042 555 573//=
16627 42560 70506 10026 21055 30313 40319 51002 87800 333 82820 86630 90730 91118==
16650 42460 70516 10052 21026 30295 40305 56003 87600 333 82715 87625 90730 91127==
16667 42560 20115 10064 20014 30270 40282 52003 82100 333 90730 91130==
16723 42560 43614 10072 20029 30218 40233 54000 84200 333 90730 91120==
16742 42560 23512 10082 20014 30053 40211 52007 82100 333 90730 91124==
16749 42460 10308 10116 20012 30173 40187 51004 81100 333 90730 91115==
16754 42460 63217 10096 20042 30201 40250 57003 86800 333 82818 86625 90730 91126==
16760 47/// /0106 10055 20029 39823 40251 57002 7414/ 333 90730 91120==
16765 46/// /3217 10114 20019 30184 40205 54000 333 90730 91131==
17022 41559 71401 10015 20015 30108 40281 57005 78382 86270 333 86830 87359 90730 91107==
17024 47/42 /2208 10011 20010 30180 40260 55003 750//==
17026 46/81 /1404 10036 20017 30217 40257 57004==
17031 41470 73107 10048 20023 30246 40253 57004 72588 85250 333 82715 85830 87358 90730 91117==
17034 41670 62102 10053 20028 30211 40258 55003 70282 83250 333 83835 86360 90730 91106==
17038 42670 72101 10060 20017 30198 40247 57001 87200 333 87835 90730 91110==
17042 46/72 /1204 10040 20017 30217 40259 50000==
17050 46/75 /3504 10000 21079 30272 40337 56005==
17056 42670 63310 10010 21036 30310 40315 57009 83530 333 83635 86360 90730 91115==
17060 41558 70215 10038 21001 30254 40296 58002 78022 85270 333 85825 87358 90730 91124==
17070 42565 70901 11006 21049 39363 40264 58003 85520 333 85630 87460 90730 91105==
17074 46/83 /1902 11002 21006 39290 40250 50000==
17084 41670 83501 10007 20001 39314 40246 53001 77022 8452/ 333 84635 88460 90730 91106==
17085 42670 70000 10022 21007 39741 40244 52002 84550 333 84640 87360 90730 91106==
17092 42960 00000 11090 21124 38884 48502 52006 333 90730 91105==
17096 42960 02104 11153 21162 38236 48513 51001 333 90730 91110==
17098 42660 42801 11153 21167 38199 48520 50000 84500 333 84635 90730 91109==
17100 41937 00000 11038 21077 39233 40267 52005 71000 333 90730 91104==
17112 46/80 /0404 10030 21019 30302 40309 53002==
17115 42460 73614 10026 20002 30247 40300 52003 87200 333 84710 86830 90730 91128==
17116 42670 60305 10038 20008 30161 40287 50001 84250 333 84835 86360 90730 91114==
17124 42660 62704 11002 21061 39315 40263 58001 86500 333 86635 90730 91114==
17128 42660 60204 11017 21080 39113 40246 50000 84150 333 84840 86360 90730 91109==
17135 42670 50201 10015 21024 39336 40236 50001 84550 333 84640 85360 90730 91107==
17140 41557 80701 11036 21043 38712 48493 58001 77122 8652/ 333 86630 88457 90730 91106==
17150 41460 70110 10025 20018 30151 40279 51002 78382 87200 333 84715 86835 90730 91120==
17160 42670 53302 11016 21065 39040 48499 58001 82550 333 82636 85359 90730 91108==
17170 42660 10604 11068 21141 38329 48504 52002 81500 333 81640 90730 91111==
17175 42665 50604 10047 21014 30271 40275 52001 83250 333 83840 85360 90730 91109==
17184 42670 43605 10036 21005 30146 40261 57003 84200 333 84840 90730 91112==
17190 42670 63302 11013 21053 39020 48507 50000 86500 333 86635 90730 91106==
17195 41460 70505 11034 21048 38986 48494 58001 77177 87500 333 84710 87625 90730 91107==
17200 42960 02304 11060 21073 39212 40237 51002 333 90730 91107==
17202 42670 42106 11023 21045 39153 40224 52005 81540 333 81635 84360 90730 91109==
17203 42670 50000 11016 21107 38895 48542 52003 83550 333 83640 85360 90730 91104==
17210 46/63 /0000 10030 21025 39159 40205 50000==
17219 42965 03613 10040 21018 30100 40249 50001 333 90730 91121==
17234 42970 00000 10044 21011 30158 40228 51002 333 90730 91109==
17237 42670 70000 10047 21043 39722 40238 52004 83270 333 83837 87359 90730 91102==
17240 42/70 43402 10007 21053 39051 40222 51002 84030 333 84360 90730 91116==
17244 41558 73507 11012 21035 39017 48503 50000 77177 87500 333 87630 90730 91113==
17248 46/63 /3501 11007 21032 38992 40226 50000==
17250 46/66 /0304 11035 21059 38811 40232 50000==
17260 42/60 53303 10028 21058 39337 40164 52003 85030 333 85360 90730 91114==
17270 42670 40803 10053 20023 39549 40205 50003 82240 333 82840 84360 90730 91106==
17275 46/65 /0000 10013 21011 38997 40216 50000==
17280 42660 60603 10039 20017 39408 40208 52006 84530 333 84640 86360 90730 91105==
17290 42970 03607 10093 21055 30179 40211 58001 333 90730 91114==
17292 42970 00503 10032 21068 39428 40198 58001 333 90730 91113==
17300 42960 03308 10088 21037 30131 40203 50004 333 90730 91115==
17310 42670 20703 10104 21017 30172 40179 52003 82200 333 82835 90730 91107==
17330 46/// /2903 10087 21044 30173 40186 51001==
17350 42660 73608 10102 21028 30097 40176 54000 82250 333 82835 87358==
17370 42670 60000 10124 21001 30182 40186 51002 84230 333 84835 86360 90730 91106==
17375 42670 50000 10102 20058 30187 40189 51002 83250 333 83835 85360 90730 91107==
33088 42997 00000 11079 21098 30187 40393 57004 555 1/110=
33135 419// 00000 11104 21112 30246 40407 57011 71040==
33177 42997 00702 11064 21084 30120 40374 57003 555 1/107=
33317 429// 01002 11076 21094 30024 40386 57007==
33393 42960 01302 11049 21097 39947 40363 54000==
33415 42997 00000 11064 21096 39952 40377 57003 555 1/108=
33466 41559 80602 11071 21088 30190 40392 57010 71022 885// 555 1/105=
33506 42960 00403 11082 21101 30168 40379 57010==
33562 42960 00701 11068 21084 30064 40391 57010 555 1/107=
33587 425// 80401 11076 21094 30103 40386 57008 885// 333 88627==
33658 42962 01302 11081 21097 30052 40375 57008==
33663 42960 00000 11078 21096 30273 40376 57006==
33664 42997 00902 11064 21099 30033 40372 57010=
33678 42998 00802 11071 21102 30166 40392 57008=
33679 42997 00501 11063 21094 30180 40384 57004=
33711 42960 03602 11077 21095 30146 40371 57012==
33745 42997 03601 11096 21122 30174 40387 57010=
33748 42997 01102 11049 21094 30066 40396 57005=
33754 42997 00301 11086 21110 30216 40375 58003=
33761 42960 80405 11075 21080 30136 40376 57008 8802/ 555 1/106=
33791 42961 03603 11076 21086 30227 40364 57011==
33815 42598 70802 11061 21081 30146 40368 58004 87500=
33837 42461 80304 11043 21066 30299 40354 57005 886// 333 88711==
33881 42998 00803 11063 21084 30158 40369 57004=
33883 42997 00202 11070 21072 30189 40366 57003=
33885 42997 00704 11059 21088 30229 40374 57003=
33892 41996 00403 11081 21091 30135 40364 57008 71000=
33902 42997 00405 11064 21080 30283 40347 57008 555 1/107=
33924 42570 20603 11032 21079 30309 40322 57007 82500 333 90730 91111==
33946 41458 80608 11040 21048 30077 40311 58011 77772 886// 333 88714 91010 90730 91112==
33983 42560 50608 11032 21056 30229 40293 57008 85500 333 91012 90730 91114==
34300 42960 00504 11093 21121 30198 40390 57010==
34336 42960 00402 11121 21144 30273 40386 57010==
34344 42970 03601 11123 21124 30285 40381 57010==
34356 42/70 70604 11088 21113 30208 40367 57010 87050==
34357 42970 72902 11129 21152 30200 40369 57010 80004==
34398 429// 00903 11097 21114 30352 40366 58002==
34415 42998 00702 11104 21129 30274 40379 58008 555 1/111=
34438 42960 70305 11119 21135 30159 40366 57011 80009==
34445 42/70 32902 11125 21141 30246 40370 56011 83070==
34461 42/60 20603 11078 21110 30301 40360 57011 82030==
34473 429// 00604 11083 21106 30322 40363 52001=
34476 42970 00503 11094 21124 30352 40360 52004==
34504 42964 00504 11066 21099 30175 40361 57008==
34535 42960 02801 11116 21135 30285 40363 57008==
34545 42570 80403 11086 21110 30234 40353 57010 885//==
34555 42560 80405 11057 21076 30260 40356 57009 885//==
34560 42460 40808 11075 21094 30149 40352 57007 84600 333 84711 91011 90730 91111==
34578 42960 00902 11077 21100 30339 40346 52004==
34579 42940 00502 11088 21108 30303 40349 52002==
34644 42960 00504 11080 21103 30260 40342 56006 333 90730 91110==
34646 42570 70604 11047 21063 30252 40338 57008 87500==
34655 41540 80303 11053 21065 30277 40341 57008 77172 8872/==
34662 41970 03602 11075 21092 30332 40344 55003 70271==
34691 42970 00000 11097 21128 30573 40560 52001==
34720 42960 00303 11088 21108 30299 40342 57009==
34727 42460 80704 11058 21077 30303 40337 56011 884// 333 90730 91110==
34743 41940 00602 11076 21090 30243 40338 57006 71000==
34759 41940 00901 11077 21083 30195 40334 57002 71000==
34772 42960 00702 11077 21103 30337 40340 52003==
34785 42960 00701 11115 21131 30366 40341 52003==
34798 42960 00102 11094 21119 30484 40453 58001==
34824 41940 00604 11066 21085 30315 40320 57008 71000==
34838 42960 00502 11069 21093 30216 40319 57008==
34845 42970 00501 11073 21089 30208 40323 57009==
34858 41940 00000 11083 21094 30211 40326 56009 71000==
34861 42960 00504 11080 21118 30071 40330 57004==
34866 42960 00802 11070 21090 30332 40323 58005==
34880 41940 00502 11090 21111 30363 40334 52001 71000==
34887 41940 00902 11075 21088 30351 40327 58002 71000==
34949 42/// /1003 11106 21124 39739 40325 57011==
34954 42970 00000 11099 21116 30138 40325 57010==
34958 42970 00000 11109 21124 30110 40325 57011==
34975 42970 00901 11068 21085 30322 40318 58004==
34984 42460 70902 11050 21075 30358 40326 58003 87600==
35217 429// 00805 11087 21116 30334 40377 58005==
35302 429// 01005 11075 21125 30354 40376 58004==
35315 429// 00506 11093 21134 30312 40372 52002=
35344 429// 00404 11148 21170 30088 40399 56003=
35358 429// 00203 11149 21176 30190 40374 52005==
35368 429// 00000 11112 21147 30101 40384 54000=
35386 415// 40000 11198 21224 39839 40410 52002 71011 84500=
35394 41560 40000 11180 21200 39669 40404 52004 70400 84500==
35404 429// 00904 11080 21098 30350 40359 58003=
35406 429// 00704 11089 21118 30353 40355 58005==
35416 429// 00101 11112 21172 30236 40364 56007==
35426 429// 00504 11114 21151 30063 40373 58003==
35437 419// 20408 11112 21154 30128 40464 58005 73630 80003 333 91115=
35449 429// 00103 11148 21176 30261 40372 52003=
35497 429// 00000 11180 21195 39819 40710 52005==
35498 429// 00000 11225 21242 39453 40421 52005=
35514 42998 00203 11103 21131 30570 40566 58008=
35522 429// 00903 11090 21140 30093 40358 52001=
35542 429// 00505 11142 21167 30212 40371 58002=
35563 42998 00000 11098 21155 39575 40383 52003=
35576 429// 00402 11165 21210 39906 40392 52008==
35582 429// 00000 11174 21216 39751 40401 52008=
35594 429// 00000 11185 21211 39493 40402 52003=
35605 42998 00502 11092 21108 30359 40336 58007=
35633 429// 00405 11151 21175 30119 40349 58003=
35671 42970 00503 11112 21143 39916 40370 58001==
35699 429// 00000 11091 21115 39570 40358 52017==
35700 42970 00602 11101 21114 30361 40336 52009==
35715 42997 01004 11088 21132 30340 40324 58008=
35739 414// 80505 11084 21122 30168 40314 56002 77172 8802/=
35746 425// 80504 11063 21086 30252 40322 52002 885//==
35777 429// 00507 11146 21173 39990 40361 52002=
35796 42960 00403 11139 21162 39895 40359 52009==
35849 425// 80000 11067 21095 30223 40312 52006 885//==
35895 42997 03503 11131 21160 39886 40359 52005=
35907 42598 70304 11056 21090 30364 40332 52002 87500=
35925 429// 30704 11070 21091 30187 40304 57006 80002==
35927 425// 60702 11052 21102 30296 57013 86500=
35953 425// 80000 11052 21085 30172 40306 58008 885//==
35969 429// 00502 11074 21118 30129 40309 57009==
35997 419// 60000 11156 21183 39880 40348 58006 71022 84075=
36259 42584 80202 11194 21224 38154 48450 52012 86902==
36335 419// 80000 11168 21193 39307 40404 52007 74622 8802/=
36358 426// 73102 11114 21139 39297 40361 52009 87500=
36394 419// 81801 11121 21126 39902 40347 52013 77177 8802/=
36397 41/// 80000 11124 21141 39754 40347 52013 77177 8802/==
36403 419// 80000 11147 21155 39961 40345 52020 77177 8807/=
36418 429// 33101 11225 21243 39684 40357 52011 80003=
36421 429// 20000 11286 21303 39745 40379 52018 82030=
36428 416// 83002 11222 21254 39812 40361 52013 70272 8152/==
36439 416// 82401 11154 21160 38980 48480 52016 70272 8351/=
36498 426// 63608 11121 21147 39514 40344 52006 83501=
36501 416// 70000 11120 21143 39559 40349 52011 70282 87300=
36535 416// 70000 11194 21224 39664 40347 52009 70272 82530==
36546 429// 51801 11240 21258 39753 40346 58002 82043=
36619 429// 02701 11190 21212=
36622 415// 83602 11146 21171 39503 40355 52014 72682 8697/=
36639 429// 00701 11196 21225 39681 40335 52011==
36643 415// 83105 11120 21140 39643 40338 52020 77172 8657/=
36665 419// 83201 11161 21183 39550 40321 52003 77172 8807/=
36666 419// 82704 11175 21197 39809 40338 52002 77177 8802/=
36729 42998 02704 11102 21153 39831 40335 53012=
36736 429// 50302 11177 21191 39753 40349 52014 82031=
36744 429// 00503 11172 21191 39861 40346 53006=
36770 429// 00000 11216 21216 39573 40368 54000=
36786 42999 02502 11112 21148 39375 40337 52003=
36796 429// 22501 11158 21183 39081 48507 52004 80001=
36803 42699 81002 11133 21156 39859 40335 52004 8253/=
36806 429// 03201 11195 21257 39808 40316 57006=
36819 419// 82501 11118 21137 39684 40330 53015 71022 8802/=
36821 419// 30301 11168 21174 39824 40352 54000 71011 80002==
36839 42998 00000 11162 21201 39142 40349 58008=
36843 429// 01402 11072 21108 39101 40312 54000=
36846 429// 00705 11108 21185 38630 48515 57008=
36859 429// 00000 11083 21093 39515 40328 53002==
36870 429// 30201 11045 21069 39256 40293 58003 80001==
36874 426// 31801 11127 21148 39641 40475 58007 83500=
36877 429// 50801 11091 21102 39692 40753 58007 82011=
36885 429// 50202 11051 21078 39146 40304 58004 85030=
36889 416// 70000 11080 21093 37042 47057 57003 70272 85510=
36894 429// 32302 11080 21102 39534 40302 54000 80001=
36905 429// 71803 11023 21101 38762 48516 57004 80002=
36911 429// 80701 10000 21009 39282 40267 57008 8805/=
36927 42697 53602 11028 21085 38349 48515 57005 85900=
36934 42597 80901 11006 21040 38270 48400 56003 889//=
36953 428// 70302 11012 21066 38186 48508 57009 87040=
36963 429// 61601 11091 21153 37017 48/// 57004 80001=
36974 429// 70000 11105 21120 37995 48549 54000 80001=
36982 429// 23201 11157 21197 36501 47104 57007 80005=
37018 42/60 60203 10013 21074 30171 40249 57002 86030 333 90730 91110==
37031 42960 00502 11065 21095 30101 40308 57010==
37054 42960 00000 11093 21126 39912 40324 57011==
37061 41940 03401 11082 21101 30143 40324 57011 71000==
37085 42940 31302 11068 21085 30348 40320 58007 80001==
37171 42640 70902 10047 20040 30225 40244 54000 82930==
37228 42460 83301 11058 21091 39425 40302 57010 886//==
37235 42960 01001 11081 21094 39982 40320 57009==
37472 41940 03201 11053 21072 30341 40317 57009 71000==
38149 42570 83301 11054 21105 30223 40304 52009 885//==
38178 429// 00000 11112 21174 39954 40260 57003==
38262 425// 80101 11062 21111 30200 40286 58005 885//==
38264 42970 00000 11101 21145 30186 40287 57010==
38345 41/92 90000 11015 21015 38827 48519 58011 747//=
38353 429// 31802 11006 21021 39358 40277 57011 80001=
38388 42998 00000 11094 21151 30211 40287 52005=
38392 42997 60402 11080 21112 30171 40281 58006 86030=
38396 42960 63402 11079 21130 30145 40278 58010 80001==
38403 42/// 80702 11104 21140 30135 40265 58016 8807/==
38413 42/// 63501 11054 21064 39969 40275 57012 86030==
38457 41420 81001 10031 20007 39616 40211 57018 71022 8852/==
38462 429// 30000 11021 21116 38740 48478 57014 80001==
38507 42996 50702 11067 21104 30188 40298 58007 85030=
38545 42598 73102 11080 21098 30084 40271 58008 87970=
38565 125// 80102 11003 21024 39589 40162 57018 60002 885//==
38579 415// 80602 10003 21005 39800 40229 57015 71022 885//==
38583 12660 83203 10013 21009 39895 40224 57015 60002 885//==
38599 41396 82403 10025 20012 39671 40216 57022 885// 333 84707 84630=
38611 41/20 73301 10014 21008 39642 40215 57008 71022 87040==
38613 429// 93601 10003 21011 40214 57011=
38616 425// 70000 10018 21007 39202 40230 58005 87500=
38618 42/// 80000 10037 20017 39515 40211 57010 8807/==
38647 42697 80000 11042 21061 30232 40277 57004 83507=
38656 42698 80202 11025 21094 30171 40285 58006 885//=
38683 42360 83405 11004 21007 39937 40222 57009 857//==
38687 41496 83404 11027 21027 30004 40249 57005 771// 8802/ 333 88510=
38696 126// 80707 11008 21011 39334 40211 53005 60002 885//==
38713 414// 80901 10004 21007 39043 48500 58016 71042 886//=
38750 42597 81002 10008 21015 30328 40298 58001 885//=
38763 42597 80000 11026 21042 30172 40283 54000 888// 333 88623=
38774 41495 83401 11024 21030 30084 40089 57002 771// 8802/=
38799 41596 83604 11032 21042 30017 40260 54000 77172 8872/=
38806 41496 83402 11018 21026 39954 40224 53004 77072 880//=
38812 41220 82102 11007 21014 39726 40192 58020 78582 889// 333 83704==
38836 415// 60000 10040 20038 39209 40149 53014 71022 86500=
38880 41294 83601 11020 21023 30015 40282 55002 773// 8802/ 333 88504=
38886 41496 83602 11034 21045 30039 40279 58003 771// 8802/=
38895 41496 83002 11020 21026 39964 40267 58008 77072 8802/=
38911 41697 83207 10000 21041 39935 40238 58001 77072 8802/=
38915 41597 82503 10011 21018 39881 40214 53021 72162 885//=
38927 41335 82411 10030 20009 39819 40201 52018 73283 889// 333 86707==
38933 429// 82301 10058 20018 39662 40179 54000 8805/=
38944 426// 80202 10056 20027 39575 40112 52003 885//=
38954 429// 40000 11041 21071 37941 48530 52003 80001=
38974 41498 83202 11012 21021 39920 40269 58001 770// 8872/ 333 88517=
38987 41394 80000 11028 21038 39494 40269 54000 77177 8802/=
40100 43960 41003 10115 20078 30173 40189 58009 333 58///=
40180 01560 71504 10104 20092 30129 40179 52003 70262 82870 333 70000==
40199 02/// /3501 333 70000==
40265 41950 70000 10062 20034 39388 40196 57004 70522 87030 333 87360=
40270 41557 72409 10074 20018 39272 40182 57003 70522 87800 333 84830 84635=
40272 41650 61903 10062 20019 39346 40202 52005 70522 86500 333 86640=
40340 42960 21402 10123 21009 40190 57001 80070 333 82360=
40356 42660 30000 10044 21030 39190 48488 83100 333 59018 83840 555 04410 50183=
40357 42960 01410 10064 21040 39530 40180 333 59010=
40360 42660 43106 10074 21010 39581 40180 84400 333 59024 84640=
40361 42960 00604 10071 21060 39395 40216 333 59019=
40362 42960 00000 10059 21040 39661 40188 333 59001=
40373 42960 00204 10074 21050 39773 40203 333 58014=
40375 42960 03312 10096 21050 39280 40163 333 59014=
40394 42960 00302 10084 21050 39027 48497 333 59014 555 04410 50167=
40400 42960 20204 10164 20080 30129 40157 80001 333 59013 82070=
40405 42960 00906 10110 21060 39424 40183 333 59002=
40417 42960 03003 10103 20030 30176 40193 333 58023=
40420 42960 03304 10114 20050 39976 40191 333 58021=
40430 42960 23202 10161 21040 39406 40158 80002 333 59009 82070=
40437 42960 01002 10111 21040 39476 40187 333 58013=
40439 42960 12804 10182 20110 30116 40134 80001 333 59014 81070=
40582 22960 03206 10116 20022 40197 53002 333 00071 10175 20081 50000 55093 00646 10342 21710 42270 53050=
40703 42960 02202 11079 21119 38945 40269 51001 333 70000 555 11086 29073 31605=
40706 42970 10803 11056 21132 38674 40275 58001 80002 333 70000 81067 555 11073 29055 30809=
40712 42670 12704 11090 21139 38698 40274 57001 81500 333 70000 81635 555 11098 29067 33404=
40713 42964 00802 11070 21125 38670 40248 53001 333 70000 555 11081 29065 30911=
40718 41450 80101 10021 20014 30327 40297 55005 76362 8452/ 333 70258 84615 88557 555 10018 29095 33214=
40723 41430 82803 11051 21075 38979 40264 56003 77072 8552/ 333 79999 82710 84625 88457 555 11056 29083 33012=
40726 42660 50000 11058 21110 38676 40270 54000 85500 333 70004 85635 555 11070 29067 33604=
40727 42660 40000 11066 21087 38494 40274 51001 84100 333 70013 84840 555 11070 29085 33407=
40732 42560 82402 10042 20016 30307 40282 57006 8632/ 333 70031 82920 85625 88458 555 10032 29083 33310=
40736 41560 80000 10038 20025 30306 40280 58009 72162 84670 333 70071 84720 87461 555 10033 29091 30106=
40738 42460 71102 10015 20007 30302 40304 57009 84770 333 70046 81715 83630 86457 555 10012 29094 32710 4////=
40739 42665 10000 11046 21088 38690 40243 56001 81500 333 70006 81635 555 11056 29072 33010=
40741 41440 83502 11013 21021 39917 40266 58002 72272 8672/ 333 70101 86715 88458 555 11015 29095 30305=
40743 41520 83408 11009 21061 39064 40216 51003 70522 8472/ 333 70081 84725 88459 555 11025 29068 30910=
40745 41240 81703 11037 21040 39048 40247 57004 77174 8672/ 333 70107 86706 88556 555 11036 29098 31406=
40747 42660 20403 11040 21100 38650 40249 52005 82400 333 70002 82640 555 11056 29063 33406=
40754 42660 32904 11024 21071 38831 40229 53001 81530 333 70014 81640 83360 555 11037 29070 32706=
40762 41520 80605 11041 21049 38515 40194 54000 77177 8632/ 333 70150 82930 85635 88559 555 11042 29094 30714=
40766 42760 71002 11014 21058 38696 40227 52002 83570 333 70008 83650 86358 555 11028 29072 31906=
40768 42660 11501 11153 21168 38255 40291 54000 81400 333 70060 81635 555 11153 29088 30507=
40769 41657 60000 11097 21109 38284 40234 56003 71021 81576 333 70184 81635 85268 555 11097 29091 30804=
40780 42660 40801 11027 21043 38680 40225 50003 82570 333 70000 82640 84459 555 11031 29089 31204=
40782 42960 01302 11007 21024 38867 40208 51002 333 70018 555 11013 29088 33005=
40785 42660 30000 10009 20009 39122 40257 51003 83500 333 70123 83640 555 10009 29100 31506=
40791 42660 13602 10021 21044 39375 40213 50000 81500 333 79999 81635 555 11002 29062 33010 43517=
40792 42560 42905 11018 21034 38705 40184 51009 83700 333 70010 81725 83630 555 11023 29089 32906 42808=
40798 42960 03102 11089 21135 37930 40206 51001 555 11098 29069 32015 4////=
40800 42970 00000 11018 21088 38450 40193 50006 333 70000 555 11039 29059 32413=
40809 42960 13003 10015 21016 38467 40131 51005 80002 333 70002 81069 555 10003 29080 33210 43115=
40811 42960 03302 10104 20032 30164 40190 51002 333 70000 555 10073 29061 32703=
40812 42960 02901 10066 20015 39793 40176 54000 333 70000 555 10045 29070 32603=
40821 42660 72903 10015 21036 38799 40208 56002 82520 333 70000 82640 87459 555 11004 29069 33308=
40829 42960 03513 10059 20010 39572 40145 51017 333 70000 555 10039 29070 33514 43520=
40831 42960 02702 10085 20044 30190 40199 51006 333 70000 555 10067 29075 33106=
40833 42960 03303 10074 20013 30163 40196 51003 333 70000 555 10050 29065 32906=
40841 42960 03204 10005 21055 38221 40133 52012 333 70000 555 11016 29064 32619=
40848 42960 13002 10042 21092 38501 40151 57002 80001 333 70000 81070 555 11002 29037 32608=
40854 42960 03602 10093 21006 38927 40108 52011 333 70000 555 10052 29050 30107 42611=
40856 42960 02306 10112 20032 38610 40098 52002 333 70011 555 10074 29058 32515 42622=
40859 42960 00000 10008 21060 38684 40157 51004 333 70000 555 11014 29060 32106=
40875 41956 03402 10157 20112 30121 40132 51007 70500 555 10133 29075 32208=
40879 42960 00302 10150 20120 39462 40134 58007 333 70003 555 10133 29082 33107 42812=
40882 41958 33006 10186 20100 30110 40145 51002 70511 83030 333 70000 83360 555 10140 29057 33010=
40883 41958 03006 10190 20112 30093 40120 58011 70500 80000 333 70000 555 10147 29060 32610=
40893 41957 40202 10211 20165 30126 40131 56002 70511 84010 333 70000 84459 555 10183 29075 31406=
40898 41556 21103 10225 20187 30126 40135 56007 70500 82100 333 70000 82825 555 10201 29079 31705 4////=
41024 42960 00105 10215 20140 30113 40139 333 59014=
41036 42960 02105 10141 20030 38566 48516 333 58008 555 04410 50131=
41055 42960 01005 10168 21020 38371 48517 333 58011 555 04410 50119=
41061 42960 01308 10154 21020 39448 40153 333 58018=
41084 41958 00000 10181 21020 38857 48514 70600 333 58015 555 04410 50111=
41112 42960 00000 10112 20050 37952 48519 333 58005 555 04410 50105=
41114 42960 01804 10134 20060 37990 48518 333 58004 555 04410 50091=
41128 41956 00904 10172 20030 38832 48539 70600 333 58026 555 04410 50150=
41140 42560 10203 10255 20210 30116 40122 81100 333 59004 81830=
41150 42970 23209 10156 20047 40186 80001 333 58022 82075=
41176 44/70 /3506 10147 20084 30173 40179 333 58020=
41184 42960 21707 10168 20069 40158 80001 333 58017 82070=
41194 42660 22506 10203 20121 30146 40152 82500 333 58017 82640=
41196 42960 02306 10198 20115 30114 40155 333 58014=
41216 42960 02906 10188 20107 30157 40161 333 58021=
41217 42960 02706 10179 20106 30127 40156 333 58020=
41246 36/// /3204 10220 20017 30135 40138 333 0E021 55300 25022 58013=
41254 36/// /2702 10097 20045 38041 49840 333 0E007 55300 25022 59001=
41256 32960 02703 10221 20185 30120 40137 333 58015 55000 55407 55408 55507 55508=
41263 36/// /0600 10182 20105 39550 40117 333 0E020 55300 20000 59004=
41265 36/// /0000 10202 20115 39548 40116 333 0E023 55300 20000 59010=
41267 36/// /0000 10228 20167 30123 40135 333 0E021 58001=
41268 36/// /2210 10222 20186 30083 40130 333 0E022 55300 25022 58000=
41275 36/// /2404 10202 20161 39983 40153 333 0E020 55300 20000 58000=
41315 36/70 /0000 10161 20145 39320 48033 333 0E022 55300 27865 58010=
41396 42965 00704 10225 20075 39406 40123 333 58016=
41480 42460 40806 10253 20205 30126 40135 84500 333 59002 84618=
41506 22995 60000 10060 20028 38539 48536 83520 333 56990 59015 60007 83640 84460=
41508 22696 70000 10057 21008 38687 48553 83520 333 56990 58000 60007 83635 84460=
41515 22695 60000 10033 21003 38604 48564 82520 333 56990 58012 60007 82650 84460=
41516 22996 40000 10050 21030 38561 48517 84010 333 56090 59027 60007 84462=
41517 21696 60000 10005 21068 37814 48552 70422 83530 333 56990 59028 60007 83635 83360=
41518 22696 71802 10072 21003 38/// 48/// 83520 333 56990 5//// 60007 83640 86462=
41519 22996 33102 10090 21009 38774 48510 83500 333 56900 59022 60007 83640=
41523 22996 40000 10090 20023 39085 48496 80001 333 56009 59015 60007 84070=
41535 22696 60000 10075 20017 38707 48474 83520 333 56990 59013 60007 83635 84460=
41536 22996 00000 10090 21006 39059 48520 333 58003 60007=
41560 22996 00000 11005 21032 38293 48528 333 58006 60007=
41571 219// 70000 10150 21010 39561 40154 70522 83031 333 56099 59020 60007=
41598 21996 00000 10130 20080 39855 40131 70400 333 59030 60007=
41620 31696 41302 10080 21021 38563 48466 70500 84500 333 56900 59017 60007 84640=
41630 21996 50000 10110 20068 40141 70410 85030 333 56090 59025 60007 85360=
41640 21996 10000 10135 20096 39891 40145 70400 81030 333 56090 59014 60007 81360=
41660 226// 71316 10115 21039 38411 48501 84530 333 56990 59018 60007 84650 84358=
41678 21996 00000 10150 20069 40153 70400 333 59011 60007=
41696 22696 80000 10060 20039 37988 48512 85520 333 56990 59005 60007 85640 83460=
41697 22996 00000 10125 20062 40146 333 59013 60007=
41700 21995 00000 10130 20091 40129 70400 333 59015 60007=
41710 22996 32304 10160 20063 40079 83010 333 56090 59016 60007 83460=
41712 22996 02306 10160 20074 39151 48470 333 59022 60007=
41715 21994 00000 10135 20085 40140 70400 333 59020 60007=
41718 21995 20000 10130 20091 40127 70400 82030 333 56090 59023 60007 82360=
41725 21996 30502 10160 20093 40129 70500 83030 333 56090 59014 60007 83360=
41739 22696 70000 10012 20048 39056 48505 83530 333 56990 59013 60007 83635 84360=
41744 22696 60000 10110 21008 38795 48493 82520 333 56990 59007 60007 82630 84460=
41749 21996 00000 10150 20103 40125 70400 333 59017 60007=
41756 21995 31302 10180 20146 40140 70504 80001 333 56009 59008 60007 83070=
41757 22996 30000 10160 20124 30131 40144 80001 333 56009 59023 60007 83070=
41759 22996 00000 10120 20056 40141 333 59007 60007=
41764 22996 00000 10190 20085 30077 40124 333 59005 60007=
41768 22996 00000 10155 20098 30114 40121 333 59014 60007=
41780 21996 02706 10185 20151 30113 40131 70400 333 58001 60007=
42027 32596 80501 10058 21001 38423 48510 8351/ 333 59019=
42071 31995 29901 10104 20079 40142 71011 82030 333 59020 82359=
42111 31694 20000 10118 20095 39411 40127 71011 82100 333 59031 82830=
42123 32996 20000 10122 20082 40133 82030 333 59022 82360=
42131 31995 20000 10106 20094 40146 71000 82030 333 59021=
42165 32996 30000 10180 20047 40124 83030 333 59017 83360=
42182 31995 60000 10114 20106 40136 71021 82530 333 59016 82635 85360=
42189 31995 00000 10124 20097 40130 71000 333 59017=
42328 32996 20000 10172 20009 40101 80001 333 59019 82070=
42339 31995 01401 10134 20063 40125 70500 333 59019=
42348 31995 20000 10156 20061 40138 70500 82030 333 59017 82360=
42369 31994 00000 10128 20101 40130 71000 333 59006=
42379 31995 00000 10130 20111 40126 71000 333 59013=
42492 31994 00000 10160 20146 40129 71000 333 59015=
42591 31994 00000 10122 20103 40140 71000 333 59013=
42701 31995 00000 10142 20068 39391 40136 70500 333 59003=
42724 31994 00000 10134 20130 40131 71000 333 59012=
42798 31995 00000 10160 20120 40127 71000 333 59015=
42809 31995 00000 10172 20133 40129 71000 333 59004=
42886 31995 00000 10154 20092 40139 70500 333 59010=
42895 32996 00000 10206 20184 40128 333 59014=
42971 31994 02301 10228 20213 40132 71000 333 59004=
43086 31996 00000 10202 20179 39934 40115 70500 333 59004=
43128 31996 11403 10238 20183 39517 40123 70511 80001 333 59001 81070=
43150 31595 32702 10238 20226 30069 40130 71010 81501 333 58004 81620 83075=
43185 31596 30000 10238 20219 30113 40117 70500 83500 333 58002 83620=
43189 31995 00000 10236 20217 30123 40132 71000 333 58005=
43201 32996 00000 10220 20138 39380 40107 333 58005=
43213 32596 40000 10246 20209 39788 40105 82502 333 58000=
43233 32996 20908 10228 20204 39309 40126 80001 333 58001=
43237 32996 20000 10240 20168 39700 40093 80001 333 58002 82075=
43245 32996 00000 10256 20229 30094 40120 333 58003=
43284 32996 10904 10247 20212 39993 40109 80001 333 58001 81075=
43295 32996 10903 10204 20173 39107 48512 80001 333 59004 81075=
43314 32996 10000 10266 20225 40108 80001 333 58002=
43321 31996 30503 10230 20165 39672 40123 70510 80001 333 58004 83070=
43329 32596 50000 10252 20225 30104 40118 83531 333 58002=
43333 31495 30502 10258 20229 40104 70510 83400 333 58007 82618=
43344 31494 30203 10232 20220 30019 40120 71000 82501 333 58004 82616 82075=
43369 32596 30000 10244 20229 40106 83500 333 58003 83620=
43371 31996 13601 10238 20191 30035 40108 70500 80001 333 58012 81071=
44212 41/// 83301 11223 21258 39062 40300 54000 77372 8802/==
44213 41/// 80000 11212 21240 38705 40285 57001 77172 8802/==
44214 42670 83605 11122 21217 38176 40230 52013 82570==
44215 42/// 73003 11122 21167 38293 40210 52010 87070==
44217 32998 73206 11162 21234 37734 40285 53003 87020 333 91114 91210=
44218 42/// 63301 11214 21244 38497 40281 53005 86010==
44219 329// 82502 11220 21242 38501 40271 54000 8801/ 333 91204=
44265 429// 60000 11231 21261 38793 40340 57011 80008==
44266 319// 62809 11128 21249 37624 40195 57015 70732 83048 333 91117 91213=
44454 41440 20903 10093 20086 38658 48494 71000 82100 333 58004=
51076 14/35 /1501 11169 21192 39344 40291 54000 69941 710// 333 11113 21250 3/103 4/026 59059 70004 90761 91102==
51087 14/65 /3201 11167 21195 39190 40285 52006 60001 333 11101 21227 3/106 4/018 59057 70000 90761 91103==
51156 14/80 /3406 11127 21181 38651 40249 54000 60001 333 11057 21160 3/115 59055 70000 90761 91112==
51243 14/50 /2700 11178 21216 39715 40311 52009 60001 705// 333 11122 21211 3/116 59048 70000 90761 91103==
51334 04928 /3402 11201 21225 39868 40311 52007 60002 705// 333 11120 21235 3/112 4/012 54405 59050 60001 70000 90720 91105=
51379 14/09 /2402 11185 21207 39285 40300 52008 60001 710// 333 11067 21248 3/107 4/022 59047 70000 90761 91105==
51463 14/44 /1703 11095 21152 39027 40284 52005 60001 705// 333 11053 21172 3/101 4/036 59039 70000 90761 91107==
51573 14/64 /3302 11034 21148 30156 40207 57014 60001 333 10055 21056 3/110 59075 70000 90761 91104==
51644 14/57 /0201 11078 21116 38910 40199 57027 60001 333 10038 21111 3/104 59072 70000 90761 91105==
51656 14/59 /3301 11086 21122 39118 40207 57022 60001 333 10039 21125 3/112 59075 70000 90761 91107==
51709 14/59 /2803 11053 21156 38597 40207 57018 60001 333 10046 21058 3/108 59055 70000 90761 91105==
51711 04971 /2603 11062 21149 37963 40138 57020 60002 700// 333 10017 21135 3/115 54406 59054 60001 70000 90720 91107=
51716 14/49 /0000 11064 21112 38881 40203 57018 60001 705// 333 10058 21090 3/111 59061 70000 90761 91104==
51765 14/60 /2401 11080 21140 39185 40211 57020 60001 333 10043 21119 3/113 59074 70000 90761 91107==
51811 14/59 /2801 11035 21158 38762 40198 57013 60001 333 10072 21077 3/112 59055 70000 90761 91104==
51818 04956 /2901 11073 21172 38608 40201 57012 60002 706// 333 10074 21085 3/114 59054 60001 70000 90720 91105=
51886 14/80 /0802 11099 21239 37069 40168 57011 60001 333 10029 21145 3/119 59035 70000 90761 91115==
52203 14/62 /0702 11097 21164 39293 40208 57018 60001 333 10032 21122 3/115 59069 70000 90761 91104==
52602 14/80 /0500 11149 21264 37224 40229 57014 60001 333 10000 21178 3/121 59034 70000 90761 91106==
52818 14/80 /2201 11106 21241 37192 40172 57015 60001 333 10052 21134 3/117 59036 70000 90761 91106==
52908 04980 /2305 11188 21336 35732 40245 57013 60002 700// 333 11061 21216 3/128 54405 59014 60001 70000 90720 91121=
55299 04980 /1401 11113 21211 35824 40145 57008 60002 700// 333 11012 21148 3/117 54405 59002 60001 70000 90720 91114=
55591 04980 /0901 10003 21195 36480 49986 57001 60002 700// 333 10127 21015 3/109 54415 58010 60001 70000 90720 91109=
56004 14/80 /3101 11214 21344 35797 40261 57009 60001 333 11042 21214 3/128 59010 70000 90761 91116==
56018 04980 /1902 11151 21288 36167 40218 57007 60002 700// 333 11004 21151 3/119 54415 58010 60001 70000 90720 91108=
62306 32560 53106 10131 20058 40218 52001 85800=
62366 35560 52104 10137 20076 40196 54000 85500=
62393 32960 03406 10104 20032 40222 52004=
62405 32960 00000 10144 20019 40184 52007=
62414 32960 03506 10156 21002 40175 52001=
62419 32960 03510 10159 21008 40173 52006=
62465 32960 02804 10172 20014 40169 52002=
41316 32982 03504 10219 20171 30119 40149 92045 333 58007 55000 55407 55408 55507 55508=
41136 41958 00310 10188 20070 39334 40139 70500 92046 333 58022=
