SIPK OPKC 160300=
41504 22997 30000 11020 21104 37849 48518 83030 333 21040 56090 59007 60007 70000 83360 RH53%=
41505 22696 60000 10030 21020 38/// 48/// 82530 333 20005 56990 58/// 60007 70000 83640 85360 76 %=
41506 22697 40000 10030 21006 38492 48490 82520 333 56990 59015 60007 82640 83460 77%=
41507 22697 51802 10070 20037 39230 49762 83520 333 20060 56990 59016 60007 70000 83640 82460 79%=
41508 22696 70000 1014 21011 38650 48515 83520 333 21005 56990 59002 60007 70000 83635 84460 RH 82%=
41509 21696 70000 10060 20026 38739 48477 72052 83520 333 20030 56990 59012 69907 79999 83640 85460 RH 79%=
41510 22997 60000 11020 21049 37893 48514 86030 333 21035 56990 59020 60007 70000 86360 81%=
41515 22697 50000 10010 21032 38604 48562 82520 333 20000 56990 58010 60007 70000 82650 83360 73%=
41516 22696 32302 10030 21058 38518 48476 81530 333 20015 56990 59017 60007 70000 81640 83360 RH52%=
41517 21696 70000 10010 21044 37774 48508 70422 83530 333 21015 56990 59004 60007 70000 83635 85360 67%=
41518 22697 41802 10061 21051 38/// 48/// 82530 333 20025 56990 5//// 60007 70000 82640 82362 45%=
41519 22997 50000 10090 21058 38747 48486 80001 333 20070 56009 59026 60007 70000 85070 39%=
41520 22697 71802 10010 21061 37603 48252 83570 333 21015 56990 59003 60007 70000 83640 86762 59%=
41520 22697 71802 10010 21061 37603 48252 83570 333 21015 56990 59003 60007 70000 83640 86762 59%=
41523 22697 50000 10040 20003 39071 48473 83530 333 20030 56990 58000 60007 70000 83640 82360 77%=
41524 22697 40000 10105 20028 39344 40223 84500 333 20080 56900 58002 60007 70000 84640 59%=
41524 22697 40000 10105 20028 39344 40223 84500 333 20080 56900 58002 60007 70000 84640 59%=
41524 22697 40000 10105 20028 39344 40223 84500 333 20080 56900 58002 60007 70000 84640 59%=
41525 21090 82304 10000 20000 37660 48396 77177 887// 333 21010 48003 569// 59003 60027 70020 88700 100%=
41528 22697 30000 10080 20048 39193 48471 83500 333 20059 56900 59009 60007 70000 83640 80%=
41529 22996 60000 10080 20058 39756 40150 83031 333 20070 56099 58005 60007 70000 83360 RH 86%=
41530 21996 50000 10110 20015 39718 40140 70511 82030 333 20105 56990 58005 60007 70000 82360 83070 52%=
41534 22696 60000 10105 20062 39717 40140 83520 333 20055 56990 58010 60007 70000 83640 83462 75%=
41535 22697 50000 10055 20007 38698 48465 83530 333 20030 56990 58014 60007 70000 83635 83360 RH71%=
41535 22697 50000 10055 20007 38698 48465 83530 333 21030 56990 58014 60007 70000 83635 83360 RH71%=
41536 22997 00000 10080 20010 39021 48548 333 20055 59026 60007 70000 61%=
41560 22997 00000 10030 21020 38307 48538 333 21010 58009 60007 70000 RH70%=
41562 22997 50502 10120 20056 39654 40125 85030 333 20095 59034 60007 70000 RH 65=
41565 22696 53102 10072 21054 38641 48507 82530 333 20055 56990 59007 60007 70000 82640 83360 41%=
41567 21696 60000 10110 20043 39690 40117 70421 82530 333 20090 56990 58004 60007 70000 82640 84360 63%=
41571 21996 40504 10130 21009 39558 40149 70511 80001 333 20095 56009 58016 60007 70000 RH38%=
41573 22697 41302 10060 21041 37958 48488 82520 333 20014 56990 58013 60007 70000 82640 82460 48%=
41574 22697 50000 10005 21007 38352 48536 82570 333 21008 56990 59008 60007 70000 82640 84460 91%=
41576 21996 00000 10090 21057 40158 70400 333 20083 58012 60007 70000 80%=
41577 21996 40000 10095 20029 39523 40153 70411 84030 333 20070 56090 58016 60007 70000 84360 RH 63%=
41593 21696 70000 10140 20102 39909 40128 70422 83520 333 20128 56990 58007 60007 70000 83640 86460 78%=
41597 21996 50000 10130 20080 39854 40151 70411 85030 333 20117 56090 58014 60007 70000 85362 71%=
41598 21995 40000 10110 20079 39855 40132 71000 84030 333 20098 56090 59007 60007 70000 84360 81%=
41599 21695 50000 10115 20085 39844 40144 71022 82470 333 20097 56990 58011 60007 70000 82640 83460 82%=
41600 21996 20000 10100 20079 39835 40138 70411 82030 333 20088 56090 59001 60007 70000 82460 87%=
41620 31696 41802 10085 21030 38569 48472 70500 84500 333 20020 56900 59007 60007 70000 84640 44%=
41624 21995 30000 10130 20068 39916 40120 70400 83020 333 20110 56090 59001 60007 70000 83460 66%=
41625 21996 30000 10120 20079 39937 40115 70400 83030 333 20105 56090 59013 60007 70000 83360 76%=
41630 21695 60502 10140 20112 40138 71021 82470 333 20132 56990 58014 60007 70000 82640 84460 83%=
41633 21696 80000 10130 20091 3//// 4//// 70420 83520 333 20120 56090 5//// 60007 70000 83640 85261 77%=
41634 22697 20000 10100 20022 3//// 4//// 82500 333 20040 56900 5//// 60007 70000 82640 58%=
41635 21695 60000 10120 20090 3//// 4//// 71000 83570 333 20100 56990 5//// 60007 70000 83640 86462 82%=
41636 21996 70000 10145 20107 39947 40134 70422 87070 333 20120 56090 58011 60007 70000 87462 78%=
41638 21996 50000 10140 20112 4//// 70410 85070 333 20127 56090 5//// 60007 70000 85460 83%=
41639 21996 30000 10110 20068 3//// 4//// 70410 83030 333 20085 56090 5//// 60007 70000 83460 75%=
41640 21694 60000 10145 20127 39880 40133 71022 83570 333 20130 56990 58020 60007 70000 83640 85460 89%=
41641 21695 60000 10135 20096 39856 40135 70422 83570 333 20122 56990 58016 60007 70000 83640 84460 77%=
41642 21996 20000 10135 20085 3//// 4//// 70400 80001 333 20103 56099 5//// 60007 70000 82070 72%=
41643 21995 30000 10100 20079 39852 40137 71011 83030 333 20085 56090 60007 70000 83360 87%=
41644 21695 50000 10120 20090 4//// 71000 82520 333 20117 56990 5//// 60007 70000 82640 83460 82%=
41646 21995 30000 10125 20085 39919 40138 70422 83070 333 20115 56090 58003 60007 70000 83460 77%=
41652 21996 00000 10130 20080 39948 40131 70400 333 20115 58008 60007 70000 71%=
41660 22997 52304 10080 21028 38421 48512 85030 333 20049 56090 59022 60007 70000 85357 RH 46%=
41661 22997 50000 10075 21012 38377 48507 83021 333 20055 56099 59013 60007 70000 83460 82070 56%=
41669 21696 70000 10145 20117 3//// 4//// 70400 82530 333 20140 56990 5//// 60007 70000 82640 86362 83%=
41670 21996 50000 10145 20097 3//// 4//// 70400 85030 333 20120 5//// 56090 60007 70000 85360 73%=
41674 21995 60000 10120 20090 3//// 4//// 71010 86070 333 20112 56090 5//// 60007 70000 86460 82%=
41675 21994 50000 10140 20102 39982 40129 70420 85070 333 20130 56090 58013 60007 70000 85460 78%=
41676 21994 50000 10150 20113 39980 40139 70400 85020 333 20138 56090 58004 60007 70000 85460 78%=
41677 21996 40000 10140 20112 39945 40115 70400 84030 333 20120 56090 58007 60007 70000 84362 83%=
41678 21996 20000 10140 20091 40130 70400 82030 333 20125 56090 59010 60007 70000 82460 72%=
41679 21696 80000 10130 20111 4//// 70422 83570 333 20100 56990 5//// 60007 70000 83640 85460 88%=
41680 21995 00000 10120 20090 39915 40118 71000 333 20115 59023 60007 70000 82%=
41685 22697 80502 10120 20035 38899 48485 8352/ 333 20095 5699/ 58000 60007 70000 83635 85460 RH.56%=
41696 22997 00000 10080 20015 38016 48538 333 20060 58012 60007 70000 RH63%=
41697 22997 00000 10190 20096 39968 40125 333 20120 58014 60007 70000 RH55 %=
41700 21995 40000 10135 20096 39984 40115 70400 84030 333 20117 56090 58013 60007 70000 84360 77%=
41701 21994 31304 10105 20074 39995 40142 71000 83030 333 20088 56090 58027 60007 70000 83360 81%=
41710 22997 30000 10135 20028 39338 40116 83030 333 20095 56090 59017 60007 70000 83360 R.H.48%=
41712 22696 81802 10155 20043 39170 48487 83510 333 20100 56990 59023 60007 70000 83640 88460 RH47%=
41715 21995 70502 10180 20127 30054 40119 70400 83530 333 20120 56990 58001 60007 83635 84360 RH71%=
41716 21995 60000 10150 20092 30028 40133 70411 86030 333 20135 56090 58016 60007 70000 86362 68%=
41718 21995 60000 10140 20091 30015 40121 70400 86030 333 20122 56090 58009 60007 70000 86362 72%=
41724 21995 50904 10160 20114 30053 40133 70522 85030 333 20140 56090 58004 60007 70000 85360 RH74%=
41725 21996 00502 10165 20109 30033 40112 70500 84030 333 20160 56090 58006 60007 70000 84360 RH70%=
41726 21995 00000 10160 20104 30062 40134 70500 333 20140 59015 60007 70000 RH69%=
41739 22996 50000 10130 20035 39043 48495 85030 333 20110 56090 59018 60007 70000 85360 RH52%=
41742 22996 00000 10170 20125 30024 40130 333 20125 59018 60007 70000 RH75%=
41743 21996 30502 10175 20140 70400 82031 333 20160 56099 60007 70000 82360 81170 RH 80%=
41744 22996 00000 10140 20007 38780 48503 333 20105 59014 60007 70000 RH 40%=
41745 21996 40000 10170 20135 70400 84030 333 20145 56090 60007 70000 84360 RH 80%=
41746 01995 43104 10160 20093 30063 40117 70500 84030 333 20125 56090 58000 60007 70000 84360 RH64%=
41747 21995 60000 10160 20104 30043 40105 70400 83630 333 20135 56990 58001 60007 70000 83640 83360 RH69%=
41748 21696 60000 10185 20132 30047 40111 83530 333 20160 56990 59012 60007 70000 83635 83360 RH71%=
41749 21994 40000 10160 20133 30075 40110 71000 84030 333 20145 56090 58002 60007 70000 84360 RH84%=
41756 21995 53106 10225 20210 30062 40128 71004 80001 333 20140 56009 59006 60007 70000 85070 RH91%=
41757 21996 60000 10200 20176 30121 40134 71000 86030 333 20160 56090 59019 60007 70000 86360 RH86%=
41759 22995 32702 10185 20142 30119 40125 83030 333 20145 56090 59002 60007 70000 83360 RH76%=
41760 21595 62514 10190 20156 30117 40130 70400 82630 333 20150 56990 59003 60007 70000 82720 84360 RH 81%=
41764 21991 02306 10185 20172 30058 40109 74000 333 20180 59004 60007 70000 RH95%=
41765 21696 62306 10200 20176 30079 40114 71000 84530 333 20190 56990 59001 60007 70000 84635 82360 RH86%=
41766 21994 00000 10170 20144 30089 40115 74000 333 20140 58023 60007 70000 RH85%=
41768 22996 00000 10190 20174 30108 40115 82630 333 20170 56990 59001 60007 70000 82720 82360 RH90%=
41767 22996 00000 10205 20197 3//// 4//// 333 20170 60007 70000 RH95%=
41780 21995 20000 10205 20181 30089 40116 71000 82030 333 20195 56090 59009 60007 70000 82360 RH86%=
41783 22996 02702 10210 20186 30085 40115 333 20200 59008 60007 70000 RH 86%=
41785 22596 42304 10200 20158 30105 40118 84600 333 20162 56900 59012 60007 70000 84720 RH 77%=
41786 22596 52304 10190 20138 30073 40110 85600 333 20165 56500 59010 60007 70000 85720 RH 72%=
41BAG 22696 30000 10015 21038 83500 333 21030 56900 60007 70000 83640 68%=
41BKI 22996 50000 10115 20050 39707 40134 82031 333 20105 56099 58009 60007 70000 82360 83070 RH64%=
41SKP 21996 40000 10110 20100 3//// 4//// 70400 84030 333 20098 56090 5//// 60007 70000 84360 94%=
43532 22697 30000 10090 20035 39338 40161 83500 333 20070 56900 59003 60007 70000 83640 69%=
43533 22697 30000 10090 20035 39212 48472 83500 333 20070 56900 59018 60007 70000 83640 69%=
43563 22997 40000 10083 20030 39446 40157 84030 333 20077 56090 58021 60007 70000 84360 68%=



Data Generated from File : D:/all data handling/Rmc_lhr/2025021603.FSU.txt
16/02/2025   04:05:44
____________________________________________________________________________________________
15020 24/70 /2401 11034 21081 30009 40217 57006 333 55300 20000 60007==
15090 24464 81001 11054 21081 30129 40227 57004 886// 333 55300 10070 20000 30000 60007 91002 90730 91102==
15108 21/00 92811 11146 21161 37991 48428 58010 77174 89/// 333 55300 20000 69987 91015 90730 91115==
15150 24/69 81501 11035 21074 30000 40225 57006 8807/ 333 55300 20000 60007 91001 90730 91101==
15170 24567 72501 11038 21077 39383 42775 57007 87800 333 55300 20000 60007 91006 90730 91106==
15280 21/00 92509 11122 21136 37401 47930 57010 74943 89/// 333 55300 20000 60007 91017 90730 91119==
15310 24/70 /1402 11027 21097 30135 40225 57007 333 55300 10050 20000 30000 60007==
15335 24470 81101 11029 21098 30221 40228 57004 886// 333 55300 20000 60007 91002 90730 91103==
15350 24/70 /0101 11025 21092 30104 40230 57008 333 55300 20000 60007==
15360 25/70 73304 11028 21094 30207 40225 57004 87070 333 55300 20000 60007 91005 90730 91106==
15420 27/58 /0702 11032 21054 30105 40222 58009 7717/ 333 55300 20000 60007==
15460 27/59 /0701 11030 21046 30196 40222 57009 7858/ 333 55300 20000 60007==
15470 21461 80604 11033 21048 30082 40215 57011 77177 8672/ 333 55300 20000 69937 91006 90730 91106==
15480 27465 80701 11015 21058 30202 40221 58006 7717/ 8672/ 333 55300 10070 20000 30000 69927 91003 90730 91104==
15549 41518 80902 11033 21036 39770 40205 57008 71022 886// 333 11028 21037 47001 555 598//=
15552 41430 83401 10000 21015 30156 40207 58007 77176 8802/ 333 10005 21004 555 59000 69999 92033 92434=
15640 41556 80000 10015 20007 39878 40200 58005 77177 8802/ 333 10034 20006 43997 555 59401 69999=
15655 41560 80505 10021 20008 30164 40198 58004 76166 8802/ 333 10035 20019 555 59100 69999 92034 92437=
15730 41556 80000 10021 20013 39780 40186 58001 76165 8552/ 333 10100 20021 555 59500 69999=
16627 41560 80709 10064 20050 30162 40167 54000 70262 8557/ 333 85625 88358 90730 91115==
16650 42360 70000 10108 20096 30136 40146 57007 86630 333 81708 84618 90730 91108==
16723 42560 69902 10090 20069 30147 40160 57009 84870 333 81820 84625 86358 90730 91103==
16742 42460 51403 10110 20082 30003 40159 56008 83840 333 81816 83625 90730 91108==
16749 42460 59903 10094 20069 30142 40156 57008 83860 333 82818 83625 90730 91107==
16754 42560 11611 10122 20086 30099 40147 57012 81100 333 90730 91115==
16760 46/// /1704 10071 20051 39740 40162 57008 333 90730 91109==
17022 41564 80307 10058 20058 30014 40182 55005 76066 8652/ 333 86628 88458 90730 91110==
17024 47/49 ///// 10051 20050 30103 40182 50000 723//==
17026 46/71 /3208 10061 20046 30147 40187 50000==
17031 41256 63305 10092 20081 30174 40180 52002 71022 83130 333 82704 83830 86360 90730 91109==
17034 42/70 42103 10098 20051 30142 40188 53004 84030 333 84360 90730 91107==
17038 42/70 40000 10112 21025 30127 40175 51005 84030 333 84358 90730 91120==
17042 46/77 /1110 10112 21039 30146 40186 53001==
17050 41565 80104 10036 20020 30126 40189 55005 76022 8552/ 333 85630 88458 90730 91108==
17056 41565 70608 10071 20050 30175 40179 57009 78082 84270 333 84829 87358 90730 91111==
17060 41356 70412 10072 20058 30138 40179 57007 78022 87200 333 84709 86825 90730 91116==
17070 42565 71601 10033 20025 39290 40162 57005 85520 333 85630 87460 90730 91104==
17074 46/73 /1500 10034 20024 39223 40161 56005==
17084 42670 70000 10007 20001 39269 40186 55003 84550 333 84640 87360==
17085 42670 51102 10050 20002 39686 40180 55002 82550 333 82640 85360 90730 91104==
17092 42970 00000 11074 21094 38889 48508 55003 333 90730 91105==
17096 41104 91101 11188 21188 38241 48521 57003 74940 333 90730 91104==
17098 42960 00702 11175 21191 38191 48515 53002 333 90730 91105==
17100 41935 00000 11050 21060 39229 40268 53004 71000 333 90730 91103==
17112 47/56 /0904 10085 20080 30155 40162 50000 723//==
17115 42660 70205 10081 20077 30123 40174 56005 84250 333 84835 87360 90730 91114==
17116 41650 62302 10084 20083 30052 40173 55001 71082 84250 333 84835 86359 90730 91105==
17124 41656 30000 11021 21021 39253 40182 57005 71000 83500 333 83640 90730 91104==
17128 42660 53102 10014 21007 39067 40175 56003 83150 333 83840 85360 90730 91104==
17135 42670 50702 10023 21018 39292 40176 57005 82530 333 82640 85360 90730 91105==
17140 42665 70000 11005 21030 38686 48472 57007 84250 333 84840 87360 90730 91103==
17150 42660 50000 10042 20042 30041 40165 56005 83150 333 83835 85360 90730 91104==
17160 42970 50000 11005 21054 39009 48476 55007 80001 333 85070 90730 91102==
17170 42670 30704 11082 21117 38336 48512 56003 81501 333 81640 83068 90730 91106==
17184 42962 03001 10029 20020 30054 40166 57006==
17190 42570 50000 10009 21005 38975 48477 56004 85500 333 85630 90730 91102==
17195 42670 30803 11068 21084 38968 48476 57008 81501 333 81640 83068 90730 91108==
17200 42960 42105 11072 21089 39219 40245 56006 80001 333 84070 90730 91107==
17202 42970 02206 11060 21060 39161 40246 57008 333 90730 91106==
17203 42670 10000 11067 21113 38898 48539 57006 81100 333 81840 90730 91104==
17210 46/82 /0000 10003 21056 39151 40208 57011==
17219 41959 01603 10028 20021 30022 40168 57008 71000 333 90730 91105==
17234 42970 00501 10079 20079 30104 40172 57005 333 90730 91103==
17237 42670 60000 10059 20004 39692 40203 57008 83270 333 83840 86360 90730 91102==
17240 42970 00000 10000 21025 39024 40180 57003 333 90730 91103==
17244 42/70 30202 11027 21061 38981 48476 56007 83030 333 83362 90730 91104==
17248 46/78 /0000 11024 21040 38962 40192 57008==
17250 46/69 /0405 11028 21058 38788 40197 55005==
17260 42660 63304 10032 20007 39335 40162 57009 81130 333 81840 86362 90730 91108==
17270 42670 42701 10042 21005 39542 40199 57012 82240 333 82840 84360 90730 91104==
17275 46/78 ///// 10018 21065 38985 40202 57012==
17280 42/60 52502 11040 21058 39403 40217 57010 83031 333 83360 85070 90730 91106==
17290 42970 00301 10122 20081 30134 40166 56009 333 90730 91104==
17292 42570 10000 10014 20002 39408 40175 56005 81100 333 81830==
17300 42960 43408 10064 20038 30102 40174 58006 80001 333 84070 90730 91110==
17310 42970 00501 10112 20042 30141 40148 57010 333 90730 91104==
17330 46/// /3101 10095 21003 30147 40160 57008==
17350 42960 00209 10077 20004 30077 40155 56013==
17370 42670 30000 10126 20013 30156 40160 57015 83100 333 83835==
17375 42670 23601 10089 20037 30159 40161 55007 82200 333 82834 90730 91103==
33088 42560 83001 11065 21075 39995 40196 53004 885//==
33135 41/// 52903 11108 21116 30023 40181 58001 71082 85030 333 55053==
33177 42560 72702 11053 21070 39961 40210 57001 87500==
33317 41440 63402 11087 21090 39846 40203 57003 78588 83930 333 55021==
33393 41560 80000 11072 21084 39812 40226 58001 78582 889// 333 84923==
33415 41460 83301 11061 21076 39795 40213 57002 70282 886// 333 88715==
33429 41340 82802 11067 21076 39764 40208 57004 78582 883// 333 86707==
33466 42960 22202 11092 21112 39993 40192 57003 80001==
33506 42560 72502 11084 21112 39969 40176 55001 82570 333 55000==
33562 42660 80000 11067 21099 39892 40213 57006 8555/==
33587 429// 00000 11090 21115 39926 40207 57003==
33658 42680 80000 11040 21087 39904 40217 57002 885// 333 55054 88647==
33663 42/60 20000 11051 21080 30112 40213 57004 82030==
33664 42597 60000 11058 21089 39880 40213 57007 86500 333 55048 555 21069 7000/=
33678 42898 72803 11092 21136 30011 40233 52001 87070 555 21100 7992/=
33679 42997 02901 11091 21121 30038 40243 52019 555 21097 7998/=
33711 42660 82801 11084 21112 39973 40195 57003 885// 333 88635==
33745 42597 70000 11068 21097 30026 40226 54000 85930 333 55028 555 21083 7000/=
33748 42597 81102 11060 21083 39919 40218 58004 883// 555 21066 7002/=
33754 42997 22901 11089 21128 30061 40218 54000 82030 333 55025 555 21090 7996/=
33761 42970 23402 11075 21107 39975 40211 57001 80004==
33791 42/82 82502 11102 21130 30069 40206 55001 8805/==
33815 42598 83401 11048 21105 30002 40220 57002 885// 333 55036 555 21068 7001/=
33837 42/84 52901 11071 21111 30161 40216 57004 83031 333 55012==
33881 42598 60000 11044 21098 30016 40222 57005 86500 555 21060 7994/=
33883 42897 71801 11051 21091 30050 40221 57003 87030 555 21075 7997/=
33885 42597 81901 11045 21103 30092 40234 57007 885// 333 55000 555 21047 7990/=
33892 42997 72401 11082 21121 39993 40219 57005 87050 333 55000 555 21119 7002/=
33902 42560 82703 11086 21114 30151 40214 54000 885// 333 55000==
33924 22570 83304 11030 21065 30200 40213 53001 885// 333 21041 60002==
33946 22470 83603 11058 21072 39981 40214 52007 886// 333 21058 55007 69942 88710==
33983 21560 83206 11040 21074 30125 40188 58002 70282 8695/ 333 21043 55017 69902==
34300 42560 62501 11101 21120 39980 40168 58001 83530==
34336 22960 52901 11106 21126 30041 40150 53006 80001 333 21106 47014 60002==
34344 22960 82701 11099 21103 30053 40145 53008 80005 333 21099 43017 69942==
34356 22970 80000 11119 21138 39978 40134 52019 80006 333 21119 47011 55038 60052==
34357 22570 72303 11089 21109 39971 40134 52013 84330 333 21089 47017 60042==
34398 41/// 82207 11005 21020 30048 40061 57012 77173 8802/ 333 46004 55044==
34415 42970 23602 11108 21127 30071 40174 53009 80001==
34438 22/60 72602 11082 21094 39960 40161 52012 87030 333 21084 43016 69952==
34445 22/70 72604 11090 21105 30028 40148 52012 87070 333 21092 43009 69932==
34461 22460 62702 11082 21113 30078 40136 53019 86500 333 21082 47002 60052==
34473 /29// 32908 11087 21107 30060 40100 52037 80003 333 47003 55031 555 21088 60022 7002/=
34476 21970 42808 11075 21094 30100 40108 53043 70271 80004 333 21075 43004 55020 60012 91010 90730 91113==
34504 42964 62903 11089 21109 30006 40191 57001 80004==
34535 21570 82903 11060 21100 30091 40166 52014 78582 889// 333 21060 43008 60022==
34545 21570 82905 11068 21100 30040 40156 52014 70282 883// 333 21068 47003 60022==
34555 22560 82806 11052 21091 30060 40155 53014 885// 333 21053 47997 60042==
34560 42460 72904 11086 21107 39937 40136 52020 87600 333 21088 87712 90730 91110==
34578 21/40 83005 11037 21049 30120 40127 51035 71062 8801/ 333 21037 60012 90730 91112==
34579 21540 82805 11063 21075 30081 40126 53045 71072 885// 333 21063 43003 60022 90730 91112==
34644 21540 83302 11048 21065 30077 40157 53007 71011 8657/ 333 21048 60032==
34646 22470 83103 11044 21077 30071 40156 52014 885// 333 21044 43997 55026 60042==
34655 22560 83003 11039 21070 30088 40150 52013 885// 333 21040 43001 60042 90730 91110==
34662 22970 82802 11061 21097 30130 40142 51024 80001 333 21061 60022 90730 91112==
34691 22/70 81808 11019 21028 30320 40307 57012 8802/ 333 55017 60002==
34720 22570 73201 11055 21089 30133 40174 52011 85610 333 21055 43003 55000 60012==
34727 22460 83106 11046 21076 30151 40182 50005 883// 333 21046 43002 60002==
34743 22460 62902 11045 21066 30066 40158 52014 82530 333 21045 47997 60032==
34759 22560 82803 11018 21050 30019 40153 52014 82461 333 21018 55068 60052==
34772 21460 32908 11026 21049 30134 40137 53027 70161 835// 333 21026 60022 91011 90730 91114==
34785 22460 82103 10017 20004 30147 40124 56002 886// 333 21009 60002==
34798 22/60 81806 10008 21009 30287 40257 58010 8802/ 333 60002==
34824 21560 83203 11037 21078 30183 40188 52006 78682 883// 333 21037 43001 55027 60022==
34838 22/60 83002 11041 21065 30075 40175 52009 8802/ 333 21041 47004 60052==
34845 21440 83002 11017 21048 30052 40162 52010 78582 883// 333 21017 47001 60022==
34858 21440 80000 11008 21023 30047 40157 53012 77172 885// 333 21008 47997 60052==
34861 21540 83303 11015 21037 39898 40146 52010 72782 885// 333 21015 55058 60052 90730 91110==
34866 22/60 83304 10003 21020 30153 40144 53021 8005/ 333 20003 60002==
34880 21440 81904 10023 20013 30161 40134 52001 76076 8672/ 333 21015 55037 69912==
34887 21540 80000 10014 20003 30163 40140 53009 71022 885// 333 21009 60002==
34949 22/// /2503 11020 21034 39608 40167 52007 333 21020 60002==
34954 21560 82502 10002 21002 39986 40163 52009 70282 884// 333 20002 55064 69932==
34958 22570 82903 10004 21020 39956 40158 51011 885// 333 21004 60002==
34975 21540 82002 10000 21007 30144 40140 53009 71021 885// 333 21003 34/// 60002==
34984 21420 83101 10010 20005 30175 40144 53008 71044 886// 333 21006 60002==
35217 115// 81808 11040 21059 30062 40103 57020 60002 73632 885// 333 47014 90730 91116==
35302 41/// 82015 11028 21041 30051 40072 57028 77373 8802/ 333 47002 91019 90730 91120==
35315 /15// 71806 11045 21072 30081 40139 57025 70272 87500 333 47005 555 21046 3/105 69952 7995/=
35344 325// 71805 11080 21098 39918 40216 58005 87500 333 47031 55080 555 21154 7000/=
35358 12/60 52001 11151 21178 30067 40248 57002 60002 85040 333 43022==
35368 32599 80000 11081 21108 39978 40255 53004 885// 333 48042 55000 555 21082 7993/=
35386 /1598 80000 11112 21132 39726 40271 52013 70272 885// 333 47028 555 21168 69902 7990/=
35394 41540 80901 11105 21115 39562 40267 52010 71072 8852/ 333 47032==
35404 /15// 82007 11016 21024 30075 40083 57026 77072 885// 333 47997 555 21050 3/106 69902 7990/=
35406 125// 81908 11034 21048 30116 40118 57015 60002 885// 333 46001 55000==
35416 125// 81405 11057 21083 30036 40159 57014 60002 885// 333 47010 55000==
35426 425// 81504 11042 21080 39889 40186 57013 885// 333 47011==
35437 /15// 81803 11049 21066 39888 40208 57012 77172 8802/ 333 47018 55027 555 21067 69932 7993/=
35449 319// 81701 11181 21193 30141 40252 57002 71011 80007 333 48016 555 21182 7000/=
35497 42570 80000 11075 21084 39726 40572 52018 885// 333 47053==
35498 /2698 80000 11087 21106 39355 40260 52017 885// 333 47051 555 21097 60012 7004/=
35514 32598 81805 11031 21045 30377 40373 57010 885// 333 47004 555 21038 7000/=
35522 325// 81803 11033 21061 39919 40174 57011 885// 333 47004 555 21067 7990/=
35542 329// 01802 11106 21121 30091 40245 54000 333 47008 55079 555 21153 7000/=
35563 31596 80000 11074 21091 39462 40252 53008 71022 885// 333 47026 55070 555 21128 7000/=
35576 12570 83402 11102 21133 39804 40273 52016 60002 885// 333 48030==
35582 /2998 81201 11089 21122 39645 40267 52016 8807/ 333 47020 555 21089 69932 7998/=
35594 /1997 80000 11085 21096 39401 40265 52020 77177 8802/ 333 47031 555 21103 69902 7004/=
35605 32598 81608 11012 21025 30159 40137 57009 885// 333 47001 555 21050 7000/=
35633 315// 81704 11054 21068 30008 40227 57004 71022 885// 333 44004 55060 555 21088 7000/=
35671 11540 60000 11148 21163 39824 40281 52009 60002 71011 86500 333 43011==
35699 42560 30000 11102 21118 39480 40265 52016 83500 333 48020==
35700 42570 82204 11004 21016 30174 40154 57008 885// 333 55000==
35715 32997 01804 11014 21047 30190 40175 57007 555 21032 7000/=
35739 326// 81604 11032 21075 30086 40228 56001 885// 333 48006 555 21045 7994/=
35746 125// 81502 11061 21072 30189 40258 53006 60002 885// 333 46997 55083==
35777 31996 80000 11148 21172 39920 40288 52008 71002 8802/ 333 47011 555 21149 7000/=
35796 42/60 60501 11078 21088 39814 40263 52019 83031 333 47024 55023==
35849 125// 80000 11066 21090 30178 40267 53010 60002 885// 333 41998 55025==
35895 31596 82401 11075 21081 39815 40274 52021 71022 885// 333 47008 555 21083 7002/=
35907 32998 01704 11011 21034 30178 40147 57028 555 21031 7000/=
35925 129// 61808 11012 21018 30103 40216 57002 60002 80002==
35927 325// 31605 11006 21048 30199 53002 83500 555 21008 7000/=
35953 12570 83002 11039 21072 30134 40267 52012 60002 885// 333 41998==
35969 12/84 30000 11170 21212 30100 40288 52015 60002 83070 333 47006==
35997 31696 82701 11040 21062 39814 40257 52016 71022 885// 333 41997 555 21042 7000/=
36259 42984 01501 11292 21325 38253 48549 52009==
36335 /2999 00000 11144 21165 39213 40289 52016 333 48039 555 21152 60012 7001/=
36358 /1699 70000 11109 21132 39203 40254 52007 70272 87500 333 47019 555 21109 60032 7003/=
36394 32597 71102 11084 21107 39817 40252 53007 87300 333 48011 555 21170 7000/=
36397 12684 71606 11081 21137 39672 40250 53024 60002 83570 333 42004 90730 91116==
36403 31995 80000 11132 21148 39881 40260 53009 71022 8807/ 333 44033 55026 555 21151 7000/=
36418 32999 81702 11125 21141 39636 40279 53006 8805/ 333 48073 555 21181 7000/=
36421 32999 71101 11221 21243 39690 40303 58001 83031 333 47102 555 21279 7000/=
36428 12784 72001 11202 21230 39756 40297 58001 60002 82550 333 47052 55070==
36439 31798 51107 11088 21155 38956 48472 58001 73633 82501 333 48038 555 21107 7000/=
36498 32998 01702 11155 21166 39448 40284 52023 333 48065 555 21170 7000/=
36501 32698 80000 11085 21096 39469 40241 53011 885// 333 42003 555 21121 7000/=
36535 12684 70701 11122 21157 39618 40278 53001 60002 84530 333 48078 55092==
36546 31999 82602 11149 21162 39717 40287 53005 71011 8807/ 333 47040 555 21240 7000/=
36619 32999 61601 11122 21149 86030 333 47023 555 21161 7000/=
36622 32598 82003 11115 21135 39442 40278 53022 8397/ 333 48040 555 21145 7000/=
36639 12/84 70000 11136 21171 39657 40294 52018 60002 87070 333 47064==
36643 32594 82001 11132 21141 39582 40276 53005 8657/ 333 47016 555 21215 7000/=
36665 31996 71201 11157 21184 39503 40269 58003 71011 83042 333 47022 55079 555 21174 7000/=
36666 32497 70000 11173 21187 39762 40288 53002 87600 333 47017 55038 555 21248 7000/=
36729 32998 82801 11087 21115 39787 40285 52018 85077 333 43011 555 21117 7000/=
36736 32999 73302 11128 21149 39722 40305 52009 85035 333 48020 55085 555 21143 7000/=
36744 32998 80000 11045 21054 39793 40251 52018 8802/ 333 47003 555 21118 7000/=
36770 32998 70000 11101 21101 39524 40279 52010 87070 333 47025 555 21117 7000/=
36786 31/93 91101 11091 21102 39327 40276 52011 74742 333 43041 555 21097 7000/=
36796 32998 20000 11178 21213 39038 48471 53011 80001 333 47068 555 21181 7000/=
36803 32999 62603 11119 21127 39822 40294 53018 82035 333 43006 555 21128 7000/=
36806 32999 61508 11125 21206 39788 40283 53019 80002 333 91117 555 21155 7000/=
36819 31997 80000 11040 21055 39624 40246 52005 71022 8802/ 333 43002 55085 555 21075 7000/=
36821 11/40 70000 11077 21079 39760 40266 53014 60002 71011 8307/ 333 42001==
36839 32999 81801 11098 21159 39115 40289 53018 83041 333 43012 555 21121 7000/=
36843 32998 72503 11048 21082 39057 40251 53004 80002 333 43029 555 21090 7000/=
36846 32999 80904 11095 21119 38602 48488 52011 80005 333 43060 555 21140 7000/=
36859 12/84 50101 11028 21047 39502 40297 52009 60002 82036 333 41001==
36870 12960 80501 11027 21049 39221 40247 53014 60002 80004 333 43025==
36874 31597 82001 11071 21088 39453 40253 53014 70242 889// 333 47014 555 21105 7000/=
36877 32999 80000 11065 21081 8807/ 333 43017 555 21080 7000/=
36885 31596 81102 11024 21042 39107 40247 53017 71011 886// 333 47034 555 21037 7000/=
36889 32999 80000 11107 21187 36991 47002 53004 8802/ 333 42009 555 21146 7000/=
36894 31995 60000 11035 21052 39500 40252 53021 71011 84044 333 43003 555 21042 7000/=
36905 32999 71501 11041 21087 38738 48496 53011 84082 333 43022 55077 555 21049 7000/=
36911 12998 60000 11040 21050 39257 40253 58002 6//// 80031 333 21041 555 50013 530// 7000/=
36927 12699 73202 11018 21075 38310 48477 53006 6//// 87900 333 21035 555 5//// 52006 530// 7000/=
36934 12597 80601 11007 21059 38231 48361 53003 6//// 889// 333 2//// 555 11004 5//// 530// 7000/=
36953 32699 80000 11136 21149 38182 48508 52011 8694/ 333 47018 55078 555 21154 7000/=
36963 11798 71102 11109 21122 36974 48/// 53006 6//// 770// 85550 333 2//// 4/007 555 11113 5//// 530// 7002/=
36974 12798 70000 11072 21111 37954 48494 53016 6//// 85502 333 2//// 555 11071 5//// 530// 7000/=
36982 12998 80107 11152 21198 36463 47055 57002 6//// 8807/ 333 21191 45998 555 5//// 530// 7////=
37018 21540 81305 10058 20041 30090 40166 52007 78082 889// 333 20053 55044 60142 91011 90730 91116==
37031 21560 82702 11013 21024 39973 40174 52010 78582 889// 333 21013 47001 55068 69912==
37054 21540 80000 10014 21015 39772 40161 51009 71022 885// 333 21027 60002==
37061 21940 83003 10009 21009 39988 40160 52016 71022 80008 333 21021 55077 60002==
37085 21940 03103 11028 21030 30174 40147 53016 71000 333 21041 34/// 60002==
37171 21740 81505 10108 21022 30148 40166 58010 72582 889// 333 20075 69902 88950 91010 90730 91112==
37228 22960 02602 11008 21072 39317 40167 52023 333 21014 55090 60002 90730 91110==
37235 22960 00702 10002 21045 39824 40146 52013 333 21025 60002==
37472 22960 02501 10030 21005 30156 40133 52008 333 21043 34/// 55070 60002==
38149 12570 81101 11023 21053 30179 40258 53003 60002 885//==
38178 11560 80000 11021 21042 39927 40222 53015 60002 71022 885// 333 55000==
38262 12540 80801 11024 21041 30168 40252 54000 60002 885// 333 55000==
38264 12670 70601 11021 21036 30162 40259 52007 60002 875//==
38345 11596 82501 11022 21034 38805 48501 52019 6//// 710// 886// 333 21025 34103 555 5//// 530// 7000/=
38353 12597 82301 11010 21026 39334 40251 53019 6//// 885// 333 21023 34103 555 5//// 530// 7000/=
38388 32598 30000 11023 21065 30180 40254 53003 83500 333 21035 34105 55000 555 7000/=
38392 32697 81202 11012 21019 30144 40250 53005 885// 333 21014 34101 55000 88636 555 7000/=
38396 12260 80901 11011 21023 30132 40261 53009 60002 886// 333 21013 88706==
38403 12/60 80502 11013 21025 30130 40255 52010 60002 8807/==
38413 12/70 80601 11002 21023 39942 40243 52011 60002 8802/ 333 55000==
38457 41/20 80000 10009 20004 39628 40228 52012 77376 8802/ 333 55000==
38462 41540 80000 11016 21053 38744 48478 52011 77077 886// 333 21022==
38507 32996 31507 10016 21019 30110 40215 57001 83030 333 20016 31100 55000 555 7004/=
38545 32598 83501 11001 21010 30074 40255 53007 885// 333 21005 32101 55000 555 7000/=
38565 42660 82204 11008 21029 39621 40196 52015 885// 333 21010 43001==
38579 42560 73101 10010 21004 39804 40231 52016 87500 333 55000==
38583 41560 82502 10008 20000 39908 40238 52017 70277 8872/==
38599 21595 82204 10022 20013 39687 40235 52019 78082 8695/ 333 20019 60012 86930=
38611 11720 80901 10040 20014 39641 40218 52022 60002 71022 8357/ 333 55000==
38613 11594 80201 10016 20000 40229 52029 69922 770// 8802/ 333 20005 4/100 555 10031 5//// 530// 7001/=
38616 11596 70000 10010 21007 39207 40239 52022 6//// 710// 87500 333 2//// 555 10019 5//// 530// 7000/=
38618 12/60 81401 10013 21013 39516 40218 52020 60002 8807/ 333 55045==
38647 11697 81005 10003 21011 30173 40217 52004 69902 76122 8872/ 333 21005 34102 555 7990/=
38656 32998 70000 10004 21007 30134 40247 53002 87080 333 20004 31000 55000 555 7004/=
38683 12560 82502 10000 21027 39976 40261 52013 60002 885// 333 88627==
38687 11396 80000 10002 21001 30024 40264 52012 60042 71022 886// 333 20002 30000 42998 55003 88707 555 7006/=
38696 42660 62503 10000 21021 39363 40241 52013 85580 333 41999 55015==
38713 21494 83201 10004 21007 39028 48490 52024 77372 8802/ 333 21006 43008 55060 60072=
38750 32997 01801 11017 21029 30260 40230 53003 333 21018 30101 55041 555 7990/=
38763 32597 60903 10000 21024 30120 40229 53002 86500 333 21006 34101 55028 86623 555 7002/=
38774 32897 81502 10004 21073 30045 40246 57005 8807/ 333 21006 32100 555 7005/=
38799 32597 81401 11012 21021 30029 40271 53008 885// 333 21014 31000 555 7005/=
38806 12697 71401 10012 21005 39979 40247 52005 60032 87500 333 20002 31001 555 7003/=
38812 41240 82301 10009 20004 39799 40265 52011 71022 883// 333 88906==
38836 21598 82502 10040 20035 39263 40208 52018 72582 889// 333 20038 60112=
38880 12397 81004 10014 20009 39976 40238 51004 60002 886// 333 20005 31100 88707 555 7991/=
38886 31596 81702 10037 20011 30012 40245 54000 885// 333 20026 30002 555 7000/=
38895 32596 81701 10024 20011 39960 40258 53001 885// 333 20014 31002 555 7006/=
38911 12698 81203 10026 21026 39957 40259 58004 60012 885// 333 20022 32001 55034 555 7001/=
38915 12597 70000 10020 21011 39926 40259 52002 60012 87500 333 20012 32001 555 7006/=
38927 41356 82406 10037 20019 39866 40250 52015 71022 889// 333 55053 87708==
38933 22797 61604 10070 20025 39721 40238 52019 86500 333 20068 60022=
38944 21597 61604 10074 20051 39632 40168 52011 70282 84930 333 20072 60012=
38954 21696 80000 11035 21035 37904 48490 58030 77071 8802/ 333 21059=
38974 32998 81401 10042 20022 39893 40233 57005 8802/ 333 20037 30005 55000 555 7993/=
38987 31/93 /0202 10022 20017 39485 40245 53004 74742 333 20021 32003 55000 555 7005/=
40100 43/82 89904 10165 20022 30132 40148 53009 333 58///=
40180 02960 00802 10120 20047 30068 40118 52008 333 70000==
40199 02/// /0301 10124 20014 30102 40128 52009 333 70000==
40265 41556 30804 10074 20045 39351 40142 57010 71061 83200 333 83830=
40270 41650 50503 10065 20004 39241 40139 57004 70511 84400 333 84640=
40272 41935 30000 10064 20005 39304 40136 54000 70500 83030 333 83360=
40340 41956 00103 10124 20016 30066 40130 52006 70500=
40356 41560 70716 10050 21020 39163 48470 76000 87500 333 59050 87630 555 04410 50144=
40357 41558 60610 10054 20050 39508 40152 76162 86500 333 59053 86630=
40360 42560 50910 10108 21050 39536 40123 85500 333 59060 85630=
40361 41450 80705 10096 20090 39356 40164 71096 88600 333 59059 85710 83640=
40362 42660 61210 10120 20030 39630 40145 86500 333 59057 86635=
40373 41658 71305 10105 20100 39745 40170 76164 87500 333 59034 87635=
40375 42960 02404 10087 21100 39237 40107 333 59034=
40394 41557 82104 10092 20090 38997 48469 71000 886// 333 59041 88720 555 04410 50139=
40400 42960 00504 10138 20070 30092 40120 333 58015=
40417 41640 82805 10126 20120 30154 40170 76366 8242/ 333 59007 82640 86460=
40420 41656 70106 10124 20120 39953 40166 71022 83410 333 59013 83640 87460=
40430 42660 22904 10190 20120 39378 40117 82500 333 59009 82640=
40437 41510 80906 10113 20110 39453 40167 71000 886// 333 59022 88720=
40439 42960 12604 10140 20090 30087 40105 81031 333 58011 81360=
40582 32960 42404 10096 20081 40174 53002 84030 333 55300 00000 10164 20000 30000 41093 51258 60000 55407 40000 84360 90401 91003 91105 91205 91301=
40703 42960 00000 11058 21077 38928 40234 58002 333 10034 21060 70000 555 11061 29087 66666 01026 11026 20010 30022 50052 90084=
40706 42565 10303 11064 21105 38660 40249 55003 81402 333 10004 21064 70000 81067 555 11073 29073 66666 01045 11011 20027 30041 50052 90071=
40712 42970 02804 11094 21145 38684 40255 57005 333 11011 21094 70000 555 11102 29067 66666 00006 10010 20017 30020 50036 90053=
40713 42960 00703 11047 21113 38653 40217 58004 333 10016 21059 70000 555 11063 29060 66666 00006 10031 20043 30051 50066 90093=
40718 41950 02001 10048 20045 30223 40194 55001 72840 222// 0//// 20301 333 10097 20047 70002 555 10047 29098 66666 00054 10086 20090 30094 50100 90112=
40723 41556 59901 11022 21034 38964 40234 53007 71022 81570 333 10012 21034 70016 85360 555 11025 29092 66666 01010 10004 20024 30032 50046 90066=
40726 42960 00000 11062 21085 38661 40239 55002 333 10018 21064 70000 555 11066 29084 66666 00008 10014 20032 30034 50046 90080=
40727 42960 00000 11086 21102 38484 40248 55003 333 10008 21086 70000 555 11087 29088 66666 01010 10008 20019 30027 50037 90070=
40732 42960 02401 10036 20010 30212 40187 56005 333 10094 20032 70000 555 10026 29083 66666 00050 10056 20086 30092 50104 90124=
40736 42960 00000 10041 20035 30235 40209 52004 333 10102 20041 70018 555 10039 29096 66666 00073 10078 20080 30084 50090 90116=
40738 41905 00000 10002 21004 30228 40230 53007 74244 333 10097 21003 70005 555 10000 29095 66666 00042 10050 20076 30088 50094 90122=
40739 42965 00102 11008 21064 38690 40217 52010 333 11008 21008 70000 555 11026 29066 66666 00006 10004 20032 30040 50056 90081=
40741 41508 81304 10042 20022 39892 40234 56003 74442 886// 333 10044 20035 70005 88730 555 10034 29087 66666 00051 10058 20066 30075 50087 90111=
40743 42965 00706 10016 21031 39062 40198 53007 333 10065 20016 70000 555 11002 29071 66666 00032 10045 20072 30090 50104 90125=
40745 41215 81003 10017 20011 39052 40223 53007 71022 886// 333 10049 20014 70012 88706 555 10015 29096 66666 00026 10042 20050 30056 50063 90100=
40747 42960 10000 11059 21093 38645 40232 53002 80001 333 10062 21063 70000 81070 555 11066 29077 66666 01015 10020 20043 30056 50063 90089=
40754 42960 03102 10006 21084 38824 40196 53007 333 10072 21004 70000 555 11022 29051=
40762 42960 00000 11042 21054 38548 40220 53006 333 10018 21043 70002 555 11044 29091 66666 00006 10010 20022 30042 50056 90084=
40766 42982 00000 11036 21077 38696 40209 53001 333 10119 21045 70000 555 11047 29073 66666 00008 10033 20053 30062 50072 90097=
40768 42965 61601 11112 21125 38260 40281 52004 80005 333 11041 21128 70000 86267 555 11112 29090 66666 01002 10002 20010 30021 50026 90050=
40769 41658 10000 11051 21075 38290 40226 52003 71000 81500 333 10010 21051 70000 555 11056 29083 66666 00006 10014 20034 30040 50060 90096=
40780 42960 01103 10001 21099 38675 40206 58002 333 10036 21015 70000 555 11029 29047 66666 00030 10040 20050 30060 50080 90090=
40782 42960 01202 11017 21047 38871 40206 53003 333 10088 21018 70000 555 11026 29080 66666 00030 10034 20070 30064 50096 90114=
40785 42960 00000 10021 21022 39110 40227 52008 333 10085 20018 70000 555 10005 29073 66666 00036 10058 20074 30080 50090 90152=
40791 42960 01202 10038 21105 39365 40200 53014 333 10134 20035 70000 555 11007 29034=
40792 42962 00402 10005 21099 38719 40198 53006 333 10077 21005 70000 555 11027 29045 66666 00038 10054 20074 30084 50112 90124=
40798 42960 00000 11115 21159 37965 40266 52006 333 10037 21122 70000 555 11121 29070 66666 01028 11003 20038 30058 50066 90079=
40800 42965 03001 11031 21131 38460 40202 52007 333 10110 21038 70000 555 11057 29046 66666 01014 10056 20064 30070 50092 90120=
40809 42960 01103 11005 21049 38501 40197 53011 333 10127 21012 70000 555 11020 29072 66666 00000 10014 20059 30090 50106 90129=
40811 42960 00000 10055 20012 30140 40167 53002 333 10179 20055 70000 555 10038 29074 66666 00104 10136 20166 30186 50194 90208=
40812 42660 23201 10073 20056 39775 40155 53001 82100 333 10147 20073 70000 82840 555 10065 29089 66666 00106 10118 20146 30164 50178 90196=
40821 42962 01202 10034 21037 38795 40199 52010 333 10115 20009 70000 555 10008 29060 66666 00050 10073 20109 30117 50118 90135=
40829 42660 43506 10106 20003 39607 40180 52018 81570 333 10151 20106 70000 81640 83359 555 10063 29049 66666 00112 10126 20146 30144 50158 90178=
40831 41956 03102 10083 20023 30162 40171 58007 70500 333 10174 20072 70000 555 10058 29066 66666 00102 10130 20186 30192 50204 90226=
40833 42960 01402 10070 20023 30140 40173 58002 333 10184 20070 70000 555 10051 29072 66666 00114 10138 20164 30180 50196 90216=
40841 42965 11502 10025 20001 38245 40166 52016 80002 333 10111 20022 70000 81070 555 10015 29084 66666 00076 10078 20080 30088 50118 90144=
40845 42660 63403 10150 20093 30160 40165 50000 83506 333 10150 20150 70000 83640 86268 555 10121 29069 66666 00126 10136 20158 30168 50186 90202=
40848 42660 60000 10018 20003 38525 40180 52008 81406 333 10112 20016 70000 81640 86270 555 10012 29090 66666 00046 10054 20084 30096 50100 90110=
40854 42960 32802 10100 20021 38951 40145 52015 83070 333 10166 20090 70000 83360 555 10065 29058 66666 00108 10140 20164 30174 50184 90200=
40856 42960 60205 10075 20026 38646 40161 53021 81076 333 10144 20075 70000 81360 86270 555 10053 29071 66666 00098 10106 20132 30136 50138 90144=
40859 41950 70000 10056 20052 38706 40170 53002 71021 80006 333 10120 20048 70000 87270 555 10054 29097 66666 00056 10088 20110 30124 50132 90149=
40875 42570 73103 10184 20125 30128 40139 53007 82570 333 10222 20179 79999 82630 86359 555 10151 29068 66666 00188 10218 20232 30230 50245 90252=
40879 42560 80403 10162 20134 39478 40145 55001 70122 81770 333 10232 20162 79999 81725 87359 555 10146 29084 66666 00200 10212 20226 30230 50234 90242=
40882 42560 73003 10194 20148 30119 40154 53013 83570 333 10208 20186 70001 83630 86358 555 10167 29075 66666 00184 10198 20224 30232 50234 90246=
40883 41558 72902 10191 20135 30124 40151 51014 70522 83520 333 10232 20188 70005 83630 87458 555 10159 29070 66666 00200 10212 20224 30234 50242 90248=
40893 42560 73104 10228 20155 30124 40130 53009 81510 333 10280 20227 70000 81630 87459 555 10184 29063 66666 00255 10257 20265 30267 50267 90269=
40898 41958 00000 10213 20202 30116 40125 51009 71000 222// 00230 20900 333 10245 20204 70000 555 10206 29094 66666 00198 10222 20254 30260 50268 90270=
41024 42660 20000 10224 20180 30077 40103 82500 333 59004 82640=
41036 41/00 90000 10136 20140 38540 48490 74700 333 59012 8//// 555 04410 50112=
41055 42560 31406 10180 20100 38346 48491 83400 333 59008 83630 555 04410 50095=
41061 42960 31114 10167 20080 39417 40116 83030 333 59008 83358=
41084 42960 00000 10183 20080 38832 48493 333 59010 555 04410 50073=
41112 42560 22007 10164 20050 37940 48504 82400 333 59004 82620 555 04410 50085=
41114 42560 21606 10170 21040 37978 48508 82400 333 59001 82622 555 04410 50085=
41128 42560 30000 10162 20070 38811 48520 83500 333 58006 83630 555 04410 50122=
41136 42960 00000 10150 21030 39307 40106 333 59010=
41140 42560 31105 10258 20220 30097 40102 83400 333 59017 83630=
41150 41966 83308 10167 20131 40169 76162 8807/ 333 58001 88460=
41176 44/67 /3307 10175 20149 30164 40170 333 59003=
41184 42656 62603 10197 20173 40156 70500 8252/ 333 59002 82640 85460=
41194 41956 79902 10222 20176 30142 40148 70522 8703/ 333 59007 87364=
41196 41950 72504 10210 20174 30113 40154 70522 8703/ 333 59006 87363=
41216 42960 50205 10210 20190 30136 40140 85030 333 59019 85365=
41217 41958 60305 10192 20176 30111 40141 70511 8607/ 333 59016 83365 85368=
41242 36/// /1603 10212 20172 30125 40150 333 0E020 55300 25022 59003=
41246 36/// /2004 10206 20169 30138 40140 333 0E022 55300 25022 58002=
41253 36/// /1501 10177 20143 39779 40145 333 0E018 55300 25022 59002=
41263 36/// /0304 10180 20053 39562 40131 333 0E018 55300 20000 59009=
41265 36/// /0000 10169 20063 39566 40141 333 0E021 55300 20000 59005=
41267 36/// /2000 10226 20167 30133 40146 333 0E021 59005=
41268 36/// /2408 10232 20117 30091 40138 333 0E023 55300 25022 59010=
41275 36/// /2012 10172 20154 39983 40155 333 0E018 55300 20000 59015=
41288 31240 40104 10212 20212 30132 40154 71000 84600 333 5//// 84705=
41316 32582 43606 10202 20087 30125 40155 84500 333 58001 55000 55407 55408 55507 55508 84625=
41396 42965 02701 10102 21006 39407 40158 333 59012=
41480 41556 40614 10240 20190 30128 40136 70544 84500 333 59012 84630=
41506 12460 40000 10030 21006 38492 48900 60001 83520 333 56880 59015==
41508 12440 70000 10014 21011 38650 48150 60001 84520 333 21006 56880 59002 70000==
41515 12460 50000 10010 21032 38604 48620 60001 83520 333 20000 56880 58010 70000==
41516 12440 32301 10030 21058 38518 48760 60001 83530 333 20014 56880 59017 70000==
41517 11440 70000 10010 21044 37774 48080 60001 70422 85530 333 21016 56880 59004 70000==
41518 12460 41801 10061 21051 30001 48010 60001 82530 333 20024 56880 58000 70000==
41519 12960 50000 10090 21058 38747 48860 60001 80001 333 20070 56008 59026 70000==
41523 12460 50000 10040 20003 39071 48730 60001 82530 333 20030 56880 58000 70000==
41535 12460 50000 10055 20007 38698 48650 60001 83530 333 20030 56880 58014 70000==
41536 12960 00000 10080 20010 39021 48480 60001 333 20054 59026 70000==
41560 12960 00000 10030 21020 38307 48380 60001 333 21010 58009 70000==
41571 11940 40502 10130 21009 39558 40149 60001 70511 80001 333 20094 56008 58016 70000==
41598 11920 40000 10110 20079 39855 40132 60001 71000 84030 333 20098 56080 59007 70000==
41600 11940 20000 10100 20079 39835 40138 60001 70411 82030 333 20088 56080 59001 70000==
41620 11440 41801 10085 21030 38569 48720 60001 70500 84500 333 20020 56800 59007 70000==
41624 11920 30000 10130 20068 39916 40120 60001 70400 83020 333 20110 56080 59001 70000==
41630 11420 60501 10140 20112 30000 40138 60001 71021 84470 333 20132 56880 58014 70000==
41640 11410 60000 10145 20127 39880 40133 60001 71022 85570 333 20130 56880 58020 70000==
41660 12960 52302 10080 21028 38421 48120 60001 85030 333 20048 56080 59022 70000==
41678 11940 20000 10140 20091 30000 40130 60001 70400 82030 333 20124 56080 59010 70000==
41696 12960 00000 10080 20015 38016 48380 60001 333 20060 58012 70000==
41697 12960 00000 10190 20096 39968 40125 60001 333 20120 58014 70000==
41700 11920 40000 10135 20096 39984 40115 60001 70400 84030 333 20116 56080 58013 70000==
41710 12960 30000 10135 20028 39338 40116 60001 83030 333 20094 56080 59017 70000==
41712 12440 81801 10155 20043 39170 48870 60001 88510 333 20100 56880 59023 70000==
41715 11420 70501 10180 20127 30054 40119 60001 70400 84530 333 20120 56880 58001==
41718 11920 60000 10140 20091 30015 40121 60001 70400 86030 333 20122 56080 58009 70000==
41725 11940 00501 10165 20109 30033 40112 60001 70500 84030 333 20160 56080 58006 70000==
41739 12940 50000 10130 20035 39043 48950 60001 85030 333 20110 56080 59018 70000==
41744 12940 00000 10140 20007 38780 48030 60001 333 20104 59014 70000==
41749 11910 40000 10160 20133 30075 40110 60001 71000 84030 333 20144 56080 58002 70000==
41756 11920 53103 10225 20210 30062 40128 60001 71004 80001 333 20140 56008 59006 70000==
41757 11940 60000 10200 20176 30121 40134 60001 71000 86030 333 20160 56080 59019 70000==
41759 12920 32701 10185 20142 30119 40125 60001 83030 333 20144 56080 59002 70000==
41764 11900 02303 10185 20172 30058 40109 60001 74000 333 20180 59004 70000==
41768 12340 00000 10190 20174 30108 40115 60001 82630 333 20170 56880 59001 70000==
41780 11920 20000 10205 20181 30089 40116 60001 71000 82030 333 20194 56080 59009 70000==
41785 12340 42302 10200 20158 30105 40118 60001 84600 333 20162 56800 59012 70000==
41859 01940 00501 10190 20140 30101 40139 70510 333 20140 59010 70000==
41883 02950 00000 10202 20130 30115 40136 333 20144 59007 70000==
41891 01945 00904 10185 20110 30105 40145 70500 333 20142 59006 70000==
41907 01940 00000 10212 20130 30118 40134 70500 333 20120 59009 70000==
41923 01940 00000 10240 20180 30130 40140 70500 333 20165 59007 70000==
41936 01905 02203 10184 20170 30125 40132 74442 333 20146 59003 70000==
41943 01935 00000 10232 20150 30133 40141 70500 333 20135 59005 70000==
41950 01945 00000 10230 20200 30138 40140 70500 333 20162 59005 70000==
41978 01940 01402 10238 20120 30129 40135 70500 333 20170 59006 70000==
41992 01925 00602 10253 20090 30134 40136 70500 333 20180 59005 70000==
42027 31595 40000 10014 21019 38409 48499 71021 81501 333 20004 58008 555 10031=
42071 31994 40000 10112 20096 40137 71011 84030 333 10242 20096 58015 84360 555 10008=
42101 21995 10000 10116 20108 40147 71000 80001 333 10261 20088 58013 6990/ 81070 555 10012=
42111 21995 20000 10114 20095 39419 40136 71011 81031 333 10236 20086 58024 6996/ 81360 82070 555 00006 10008=
42123 32996 31401 10136 20110 40134 83030 333 10282 20118 58014 83360 555 10013=
42131 32996 30000 10129 20110 40143 80001 333 10256 20090 58017 555 10013=
42165 32996 01802 10170 20080 40120 333 10309 20152 58019=
42182 31993 00000 10118 20118 40138 71240 333 10286 20099 58012 555 10007=
42189 31995 00000 10134 20115 40138 71000 333 10260 20103 58012 555 10013=
42309 31496 70901 10176 20148 40152 71022 84570 333 20105 59011=
42314 31596 50204 10184 20131 40151 70522 83530 333 20118 59007 83620 85360 555 10087=
42328 31995 52002 10184 20119 40101 70500 85030 333 10312 20157 58009 85360 555 10002=
42339 31995 00000 10178 20076 40126 70500 333 10326 20143 58011 555 10001=
42348 31995 00904 10204 20076 40127 70500 333 10314 20168 58013 555 10013=
42361 31995 00000 10160 20120 40134 70500 333 20133 58005 555 10003=
42369 31995 02302 10160 20120 40133 71000 333 10291 20121 58002=
42379 31995 02702 10170 20119 40132 70500 333 10246 20108 59002 555 10000=
42398 31595 69901 10188 20144 40137 71011 83530 333 20158 59009 555 10000=
42410 31595 40000 10168 20136 40153 71011 82530 333 20120 59008 82620 83360 555 10004=
42415 31595 70000 10184 20123 40156 70522 85530 333 20147 590012 85620 86360 555 10020=
42452 31996 00000 10204 20118 40130 70500 333 10329 20162 58005 555 10014=
42492 31994 00000 10175 20142 40134 71000 333 20146 59002 555 10001=
42559 32996 02302 10164 20108 40125 333 20136 58000 555 10000=
42571 31996 00000 10174 20116 40125 70500 333 20140 59013 555 10002=
42591 31995 01402 10178 20094 40143 70500 333 20116 59003 555 10000=
42623 31496 20901 10134 20058 39268 40156 70500 82500 333 20074 58002 82618 555 10005=
42634 31995 00000 10200 20174 40129 70500 333 20188 59006 555 10000=
42647 31995 00000 10222 20163 40126 70500 333 20192 59010 555 10000=
42667 32996 02503 10184 20090 39541 40136 333 20144 59008 555 10000=
42675 31996 01801 10186 20113 40134 70500 333 20130 59009 555 10000=
42701 31996 00000 10208 20084 39392 40121 70500 333 20128 59002 555 10000=
42724 31995 01401 10212 20155 40138 70500 333 20138 59006 555 10000=
42737 32996 02503 10206 20187 40141 333 20186 59003 555 10000=
42754 31995 02503 10194 20101 39494 40135 70500 333 20165 59003 555 10000=
42779 32996 00000 10202 20085 39432 40133 333 20142 59010 555 10000=
42798 31995 03202 10186 20100 40134 70500 333 20130 59012=
42809 31994 02002 10240 20210 40136 71000 333 20190 59007 555 10000=
42840 31994 00000 10196 20173 40135 71000 333 20181 59004 555 10000=
42867 31996 00902 10224 20109 40136 70500 333 20148 59009 555 10001=
42874 31996 00000 10212 20144 40141 70500 333 20166 59004 555 10000=
42886 31995 02302 10208 20096 40145 70500 333 20118 59006 555 10000=
42895 31995 02303 10250 20204 40137 70500 333 20189 59007 555 10000=
42909 32996 09902 10218 20190 40137 222// 20000 333 20201 58000 555 10000=
42971 31995 02502 10234 20169 40147 70500 333 20174 58000 555 10000=
43003 31995 03603 10230 20125 40132 70400 333 20174 59001 555 10000=
43014 31995 00202 10200 20083 39482 40137 70542 333 20160 59009 555 10000=
43041 31995 00000 10210 20096 39523 40145 70500 333 20131 59003 555 10000=
43063 31996 00000 10190 20121 39517 40152 70500 333 10128 59002 555 00000 10000=
43086 31996 00000 10216 20200 39952 40132 70500 333 10346 20156 59004 555 10000=
43110 31995 01401 10241 20141 40128 70544 333 20191 59004 555 10000=
43117 32997 00502 10210 20176 40147 333 20180 58003 555 10000=
43128 31996 00000 10232 20140 39527 40133 70500 333 10350 20174 59007 555 10000=
43150 31996 22702 10254 20224 30083 40144 70500 80001 222// 20000 333 10321 20245 58004 82075 555 10000=
43185 31996 00000 10248 20233 30130 40134 70500 333 10344 20221 58005 555 10000=
43189 31996 00000 10260 20224 30136 40145 70500 333 10324 20226 58005 555 10000=
43192 31995 00501 10230 20221 40121 70500 333 20216 59006 555 10000=
43198 32996 21803 10210 20101 39307 40136 80001 333 10334 20166 59005 82075 555 10000=
43201 32997 02002 10244 20107 39390 40112 333 10351 20162 59005 555 10000=
43213 31996 00000 10230 20175 39803 40123 70500 333 10371 20199 59003 555 10000=
43233 32997 20000 10226 20176 39326 40145 80001 333 10334 20165 58000 555 10000=
43237 31996 11102 10236 20149 39712 40106 70500 80001 333 10368 20183 59001 81075 555 10000=
43245 32997 02003 10264 20225 30106 40133 333 10350 20230 59001 555 10005=
43279 31996 03401 10250 20217 30124 40147 71000 333 10331 20221 58005 555 10056=
43284 31194 20904 10260 20231 30004 40120 71000 82600 333 10330 20248 59008 82703 555 10036=
43295 32997 10000 10220 20173 39122 48528 80001 333 10328 20182 59002 81075 555 10005=
43310 32596 43202 10254 20233 40130 82211 333 20232 58012=
43314 32997 00000 10274 20239 40126 333 10354 20256 59004 555 10000=
43321 31996 30205 10238 20159 39691 40141 70500 80001 333 10350 20204 58001 83070 555 10001=
43329 32996 10000 10240 20216 30120 40134 71000 80001 333 10314 20206 59004 555 10005=
43333 31495 30504 10274 20224 40136 70511 82501 333 20214 58002 82618 555 10074=
43344 31995 19902 10238 20211 30036 40137 71000 80001 333 10336 20210 59006 81075 555 10015=
43353 31495 10704 10272 20238 40124 71021 81500 333 10320 20254 56700 59009 81620 555 10002=
43369 32597 20000 10250 20241 40123 82500 333 10324 20235 59007 82620 555 10073=
43371 31996 10000 10236 20212 30048 40121 71000 80001 333 10352 20224 59011 81071 555 10049=
44212 42984 21801 11251 21288 39190 40460 52007 80004==
44213 42984 40000 11223 21254 38826 40436 52011 80004==
44214 42960 00000 11136 21231 38270 40363 53008==
44215 42970 50201 11183 21228 38410 40405 52006 80009==
44217 32998 00000 11192 21246 37828 40447 53006 333 91200=
44218 41940 51908 11148 21195 38618 40376 51007 70421 80006==
44219 32999 01402 11191 21242 38634 40408 51008 333 91207=
44265 42984 00000 11175 21214 38867 40390 52008==
44266 32999 01801 11083 21209 37742 40301 53008 333 91206=
44404 22956 00904 10101 20039 38122 48458 80000 333 20042 58019 69924=
44416 22957 01602 10119 20096 39363 40139 80000 333 20065 58028 69904=
44424 22960 01802 10017 21047 37668 47046 80000 333 21040 58027 60004=
44434 21315 10000 10124 20103 39231 48509 71044 81100 333 20089 58000 60004=
44438 21920 00402 10154 20124 30008 40137 71044 80000 333 20112 58000 60004=
44449 22956 00503 10174 20124 39978 40136 80000 333 20115 59006 60004=
44454 21420 21702 10104 20087 38656 48491 71044 82100 333 20071 58000 60004=
44462 21/20 60902 10084 20070 38236 48461 7104/ 86800 333 20060 59004 69904=
44474 21010 80000 10080 20069 38247 48497 71044 888// 333 20072 58001 69914=
44477 21440 11801 10137 20100 38812 48516 7104/ 81100 333 20080 58000 60004=
44478 21918 01104 10172 20139 30054 40136 7104/ 80000 333 20103 59004 60004=
48020 42957 00000 10170 20135==
48025 41110 52202 10182 20129 31003 40140 59004 74044 85800==
48048 41950 03201 10217 20173 30070 40127 70500 333 58006==
48052 32957 00000 10218 20173 333=
48062 42556 23605 10230 20181 30126 40132 82500 333 58007==
48064 42956 01401 10218 20173 30036 40049 333 58000==
48094 42958 03202 10265 20215 30116 40126 333 59007==
48109 42960 00401 10280 20220 30131 40135 333 59008==
51076 14/80 /1600 11088 21176 39362 40298 52004 60001 333 11059 21157 3/103 4/025 59041 70000 90761 91104==
51087 14/68 /0900 11114 21186 39214 40309 52003 60001 333 11059 21177 3/106 4/018 59038 70000 90761 91104==
51156 14/77 /0902 11071 21148 38679 40278 52006 60001 333 11043 21123 3/115 59028 70000 90761 91106==
51243 14/56 /1300 11125 21170 39715 40307 52006 60001 70500 333 11077 21158 3/115 59037 70000 90761 91102==
51334 14/27 /2401 11140 21161 39874 40314 52011 60001 70500 333 11084 21191 3/111 4/012 59031 70000 90761 91103==
51379 14/27 /0701 11169 21193 39279 40305 57007 60001 71000 333 11010 21188 3/106 4/022 59041 70000 90761 91104==
51463 14/46 /0300 11103 21119 39021 40285 52002 60001 71000 333 11034 21153 3/101 4/036 59034 70000 90761 91103==
51573 14/64 /0601 10014 21165 30214 40265 52006 60001 333 10084 21029 3/110 59027 70000 90761 91103==
51644 14/37 /3001 11032 21117 38967 40269 52010 60001 70500 333 10050 21063 3/106 59025 70000 90761 91103==
51656 14/57 /0000 11054 21109 39177 40280 52011 60001 333 10060 21101 3/112 59024 70000 90761 91104==
51709 14/50 /2803 11036 21135 38638 40265 52013 60001 70600 333 10043 21053 3/108 59018 70000 90761 91105==
51711 14/50 /2803 11068 21160 38004 40225 52006 60001 70600 333 10005 21103 3/115 59020 70000 90761 91106==
51716 14/29 /2600 11032 21146 38928 40265 52010 60001 70600 333 10056 21054 3/110 59025 70000 90761 91102==
51765 14/58 /2301 11040 21142 39239 40280 52001 60001 333 10076 21108 3/115 59028 70000 90761 91103==
51811 14041 03101 11035 21143 38802 40259 52019 60001 70600 333 10056 21054 3/110 59026 70000 90761 91103==
51818 14/24 /2301 11039 21171 38640 40247 52005 60001 70600 333 10051 21072 3/113 59031 70000 90761 91102==
51886 14/76 /2901 11111 21308 37120 40318 52012 60001 333 11018 21175 3/124 58004 70000 90761 91103==
52203 14/65 /1202 11012 21154 39362 40279 52011 60001 333 10057 21102 3/115 59024 70000 90761 91103==
52602 14/58 /3201 11124 21288 37281 40386 52010 60001 333 11031 21202 3/126 58006 70000 90761 91102==
52818 14/76 /3301 11083 21228 37241 40294 52013 60001 333 10003 21164 3/121 59008 70000 90761 91103==
52908 14/80 /2800 11164 21289 35733 40344 52011 60001 333 11082 21230 3/128 58004 70000 90761 91103==
55228 14/80 /1101 11088 21248 36013 40213 52016 60001 333 11001 21138 3/119 58024 70000 90761 91109==
55299 14/49 /2707 11085 21130 35810 40116 52027 69981 77000 333 11011 21107 3/114 59009 70008 90761 91114==
55578 14/80 /3105 10021 21264 36363 40057 52042 60001 333 10136 21008 3/106 58045 70000 90761 91111==
55591 14/79 /3101 10012 21048 36490 40053 52034 69961 72150 333 10085 21019 3/101 58000 70012 90761 91107==
55664 14/80 /2604 11024 21271 36009 40141 52021 60001 333 10097 21089 3/115 58040 70000 90761 91115==
55773 14/65 /3008 11017 21257 35987 40125 52024 60001 333 10044 21111 3/113 58004 70000 90761 91118==
56004 14/17 /1501 11121 21151 35786 40255 52015 69961 77000 333 11056 21180 3/123 59009 70006 90761 91106==
56018 14/67 /2101 11069 21185 36140 40171 52007 60001 333 11013 21125 3/115 59033 70000 90761 91103==
56312 14/77 /1902 10006 21039 37075 40167 52023 60001 76075 333 10098 21005 3/000 59008 70004 90761 91105==
62306 42560 31603 10086 20059 40167 57002 83200==
62332 42960 00105 10147 20117 40128 57004==
62366 44530 22803 10123 20099 40144 52001 71000 82200==
62387 32960 03204 10073 20037 40149 52004=
62393 42960 02505 10078 21050 40163 54000==
62405 42960 00000 10082 21046 40144 52008==
62414 42960 00000 10109 21102 40141 52001==
62419 42960 00000 10080 21077 40151 52008==
62420 32960 00000 10086 20056 40159 52002=
62455 42960 02507 10161 20069 40129 52006==
62458 32960 00000 10069 20003 40139 52006=
63333 43580 50000 10161 20110 38168 40181 85800 333 59006 82827 83628=
63340 43580 63602 10170 20103 37944 40166 82530 333 59007 82625 85358=
63403 41850 20000 10170 20154 710// 82030 333 82358=
63450 42580 30702 10157 20058 37742 40256 83100 333 59007 83825=
63453 41970 00902 10204 20138 39069 40296 705// 333 59019=
63471 41957 01602 10170 20142 38862 40149 70500 333 59010=
63474 43980 00000 10108 20041 37615 4//// 333 58000=
63500 43880 10000 10190 20111 81030 333 81358=
41256 32/60 19902 10191 20134 30127 40144 81500 90245 333 59003 55004 55407 55408 55507 55508 81630=
40405 41630 51203 10115 20110 39388 40140 71000 85500 90249 333 59036 85640=
