SMPK OPKC 150000=
41519 02696 32702 10090 21040 38765 48502 60002 83500 333 56900 59020 60007 83640 RH39%=
41504 02995 01804 11035 21096 37857 48531 60002 333 59002 60007 RH59%=
41505 22595 40000 10000 21026 38/// 48/// 60001 80030 333 56090 58/// 84360 76%=
41506 02995 03608 10060 21079 38499 48499 60002 333 59004 60007 36%=
41507 02696 32302 10080 20048 39242 49772 60002 83500 333 56900 59007 60007 83640 80%=
41508 02996 00000 10018 21020 38662 48527 60002 333 59015 60007 74%=
41509 02996 00000 10040 21011 38762 48496 60002 333 59026 60007 RH 69%=
41510 02996 00000 11040 21055 37921 48533 60002 333 58010 60007 89%=
41515 02995 30000 10022 21054 38588 48548 60002 83020 333 56090 58011 60007 83460 58%=
41516 02996 30000 11010 21040 38536 48493 60002 83030 333 56090 59021 60007 83363 RH80%=
41518 22696 71802 10061 21051 38/// 48/// 60002 82520 333 56990 5//// 60007 83640 85462 45%=
41519 02696 32702 10090 21040 38765 48502 60002 83500 333 56900 59020 60007 83640 RH39%=
41520 02695 61802 10000 21095 37611 48263 60002 83570 333 56990 59016 60007 83640 83762 49%=
41523 02996 30000 10045 20009 39078 48482 60002 80001 333 56009 59023 60007 83070 77%=
41524 02996 00000 10090 20023 39340 40222 60002 333 59022 60007 63%=
41525 12996 01304 11015 21054 37661 48404 60002 333 59006 72%=
41528 01696 50000 10060 20038 39210 48481 60002 70422 82520 333 56990 59014 60007 82640 83460 86%=
41529 02996 20000 10090 20057 39739 40131 60002 82030 333 56090 59039 60007 82360 80%=
41530 019// 42704 10120 21002 39708 40121 60002 70511 80001 333 56009 59036 60007 84070 43%=
41534 02696 50000 10075 20053 39701 40127 60002 82520 333 56990 59042 60007 82640 83460 86%=
41534 02696 50000 10075 20053 39701 40129 60002 82520 333 56990 59042 60007 82640 83460 86%Cor.=
41535 02996 70000 10050 20001 38706 48472 60002 87020 333 56090 59020 60007 87460 70%=
41536 02996 70000 10070 20024 39042 48500 60002 87030 333 56090 59004 60007 87460 RH73%=
41560 02996 00000 11020 21065 38283 48519 60002 333 59005 60007 RH71%=
41562 02996 43602 10090 20032 39683 40160 60002 84030 333 56090 59005 60007 84360 RH 67%=
41565 02696 53104 10056 21040 38643 48508 60002 82530 333 56990 59003 60007 82640 83360 50%=
41567 01996 20000 10100 20044 39669 40095 60002 70400 82030 333 56090 59047 60007 82360 68%=
41571 119// 60000 10110 20007 39533 40127 60002 70522 82031 333 56099 59035 60007 RH49%=
41571 119// 60000 10110 20007 39533 40127 60002 70522 82031 333 56099 59035 60007 RH49%=
41572 01696 52306 10100 21024 39468 40105 60002 70522 82530 333 56990 59038 60007 82640 85360 RH42%=
41573 02997 41304 10020 21048 37960 48496 60002 84020 333 56900 59008 60007 84460 61% =
41574 02997 00000 11010 21023 38362 48546 60002 333 59011 60007 91%=
41576 01696 50000 10130 20028 40130 60002 70500 83530 333 56990 59041 60007 83640 85460 50%=
41577 01696 50000 10085 20053 39499 40130 60002 70422 82530 333 56990 59034 60007 82640 84360 RH 81%=
41593 01696 72302 10155 20128 39887 40105 60012 72996 83520 333 56990 59034 60017 83640 86460 84%=
41597 01996 50000 10120 20068 39825 40125 60002 70422 85030 333 56090 59042 60007 85362 70%=
41598 01696 50000 10095 20051 39848 40128 60002 70400 82530 333 56990 59025 60007 82640 83360 74%=
41599 01696 70000 10115 20074 39817 40112 60002 70422 83470 333 56990 59032 60007 83640 84460 76%=
41600 01696 60000 10100 20063 39830 40133 60002 70422 83570 333 56990 59014 60007 83640 83460 81% =
41620 31696 20902 10050 21030 38575 48477 60002 70500 82500 333 56900 58005 60007 82640 56%=
41624 01694 50902 10125 20074 39914 40118 60002 70420 82520 333 56990 59030 60007 82637 83460 71%=
41625 01696 40502 10130 20091 39916 40120 60002 70411 82530 333 56990 59030 60007 82640 83360 77%=
41630 01596 73104 10170 20105 40122 69902 79596 85970 333 56990 59022 69907 81930 84640 86460 65%=
41633 01696 60000 10140 20102 4//// 60002 70400 83530 333 56990 5//// 60007 83640 83360 78%=
41634 02997 40000 10080 20023 3//// 4//// 60002 84500 333 56900 5//// 60007 84640 67%=
41635 01696 80000 10155 20098 3//// 4//// 60002 70400 8452/ 333 5699/ 5//// 60007 84640 88460 69%=
41636 01696 60000 10165 20120 39928 40113 69902 70422 82570 333 56990 59038 69907 82640 84460 75%=
41638 01696 70000 10155 20128 4//// 69902 75052 83570 333 56990 5//// 69907 83640 85460 84%=
41639 01996 30000 10120 20068 3//// 4//// 60002 70410 83030 333 56090 5//// 60007 82460 70%=
41640 01695 80000 10180 20071 39854 40103 60002 70520 85620 333 56990 59035 60007 85640 88460 49%=
41641 01696 72905 10150 20092 39832 40110 60002 70422 83470 333 56990 59033 60007 84640 86460 68%=
41642 01695 70000 10110 20068 3//// 4//// 60002 70420 83570 333 56990 5//// 60007 83640 85460 75%=
41643 01695 70000 10100 20068 39835 40120 60002 71022 83470 333 56990 59027 60007 83640 84460 81%=
41644 01696 60000 10120 20101 3//// 4//// 60002 70400 83520 333 56990 5//// 60007 83640 83460 88%=
41646 01995 60000 10140 20091 39911 40130 60002 70422 86070 333 56090 59044 60007 86460 72%=
41652 01996 23602 10140 20056 39920 40102 60002 70400 82030 333 56090 59050 60007 82460 57%=
41660 026// 42304 10055 20034 38429 48520 69902 81530 333 56990 59015 60007 81640 83358 RH86%=
41660 026// 42304 10055 20034 38429 48520 69902 81530 333 56990 59015 60007 81640 83358 RH86%=
41661 02696 20000 10085 20055 38378 48507 60002 82500 333 56900 59020 60007 82635 82%=
41669 01696 70000 10170 20115 3//// 4//// 60002 70400 83530 333 56990 5//// 60007 83640 85362 70%=
41670 01996 30000 10150 20113 3//// 4//// 60002 70400 83030 333 5//// 56090 60007 83360 78%=
41674 01696 73604 10180 20106 3//// 4//// 60002 70422 83520 333 56990 5//// 60007 83640 87460 62%=
41675 01996 70000 10160 20104 39959 40104 69902 70452 87570 333 56990 59029 69907 83640 85460 69%=
41677 01696 60000 10140 20102 39931 40101 60002 70400 83530 333 56990 59038 60007 83640 83362 78%=
41678 01996 40502 10125 20074 40138 60002 70422 84070 333 56090 59012 60007 84460 71%=
41679 01696 53104 10155 20108 4//// 60002 70400 82530 333 56990 5//// 60007 82640 83360 74%=
41680 01995 40000 10115 20085 39930 40135 60002 71000 84030 333 56090 59009 60007 84362 82%=
41685 02697 50000 10145 21001 38882 48467 60002 82520 333 56990 59036 60007 82635 83460 RH37%=
41696 02696 80000 10090 20027 38000 48519 60002 85520 333 56990 59014 60007 85640 83460 RH65%=
41696 02696 80000 10090 20027 38000 48519 60002 85520 333 56990 59014 60007 85640 83460 RH65%=
41697 02996 00000 10150 20012 39939 40099 60002 333 59013 60007 RH39%=
41700 01695 60000 10145 20117 39953 40083 60002 70422 82530 333 56990 59042 60007 82640 84360 83%=
41701 01995 33608 10140 20122 39956 40101 60002 71000 83030 333 56090 59031 60007 83360 89%=
41710 12996 00000 10145 21038 39351 40126 60002 333 59025 RH28%=
41712 12696 30000 10140 20007 39194 48505 60002 83500 333 56900 59017 83640 RH40%=
41712 12696 30000 10140 20007 39194 48505 60002 83500 333 56900 59017 83640 RH40%=
41715 01994 00000 10110 20068 30033 40100 60002 70400 333 59036 60007 RH75%=
41715 21994 00000 10150 20092 40115 70400 333 59037 60007 RH68%=
41716 01995 30508 10160 20114 39985 40090 60002 70400 83030 333 56090 59049 60007 83362 75%=
41718 01995 30000 10160 20124 39979 40084 60002 70410 83030 333 56090 59037 60007 83362 79%=
41724 01995 30000 10170 20125 30034 40113 60002 70500 83030 333 56090 59042 60007 83360 RH75%=
41725 01996 00506 10175 20121 30013 40092 60002 70500 333 59044 RH71%=
41726 01994 00000 10135 20106 30076 40150 60002 71000 333 59021 60007 RH83%=
41738 02996 00000 10150 20028 39960 40145 60002 333 59039 60007 RH44%=
41739 02996 40000 10140 20048 39057 48510 60002 84030 333 56090 59015 60007 84360 RH54%=
41742 12996 20000 10165 20129 30036 40142 60002 82030 333 56090 59027 82360 RH79%=
41743 01996 00502 10160 20104 60002 70400 333 60007 RH69%=
41744 12996 30000 10115 21001 38776 48497 60002 83020 333 56090 59032 83460 RH45%=
41745 01995 30000 10170 20125 60003 70400 83030 333 56090 60007 83360 RH75%=
41745 01995 30000 10170 20125 60003 70400 83030 333 56090 60007 83360 RH75%=
41746 21996 33602 10160 20133 30033 40090 70400 80001 333 56009 59037 60007 83070 RH84%=
41746 21996 33602 10160 20133 30033 40090 70400 80001 333 56009 59037 60007 83070 RH84%=
41747 01995 00000 10115 20085 30025 40087 60002 70400 333 59041 60007 RH82%=
41748 01994 00000 10170 20135 30031 40096 60002 70500 333 59044 60007 RH80%=
41749 01996 61806 10190 20128 30048 40082 60002 70422 86030 333 56090 59070 60007 86360 RH67%=
41756 01995 02706 10180 20163 30067 40134 60002 70104 333 59028 60007 RH90%=
41757 11996 30000 10150 20132 30131 40144 60003 71000 80007 333 56009 59016 83270 RH89%=
41764 02996 62112 10190 20138 30053 40103 60002 86010 333 56090 59019 60007 86360 RH72%=
41765 02996 32304 10220 20163 30060 40095 60002 83010 333 56090 59033 60007 83360 RH70%=
41766 01994 41804 10155 20118 30061 40092 84030 60002 74000 333 56090 59040 60007 84360 RH79%=
41767 22996 22304 10205 20189 3//// 4//// 60002 80001 333 56009 60007 82070 RH91%=
41768 02996 02702 10195 20162 30085 40092 60002 333 59040 60007 RH81%=
41780 01996 02710 10230 20177 30088 40115 333 59037 60007 RH74%=
41780 02996 02710 10225 20177 30088 40115 60002 333 59037 60007 RH74%=
41785 02996 32302 10150 20113 30111 40124 60002 83030 333 56090 59023 60007 83360 RH78%=
41786 12996 32302 10190 20165 30070 40107 60002 70400 83030 333 56090 59025 60007 83360 RH86%=
41BAG 02696 40502 10010 21044 60002 84500 333 56900 60007 84640 67%=
41BKI 02996 40000 10115 20062 39704 40129 60002 84020 333 56090 59024 60007 84460 RH70%=
41SKP 01996 30000 10125 20096 3//// 4//// 60002 70400 83030 333 56090 5//// 60007 83360 82%=
43532 01996 00000 10070 20037 39330 40158 60002 70400 333 59017 60007 79%=
43533 02997 00000 10070 20037 39230 48483 60002 333 59010 60007 79%=
43563 02997 40506 10122 20007 39423 40123 60002 84030 333 56090 59030 60007 84360 46%=
41517 01696 60000 11005 21042 37773 48512 60002 70422 83530 333 56990 59027 60007 83640 84360 74%= 
====

UPPK OPKC 150000=
PPAA 6500/ 41517 MISDA DUE TO SMOKE HAZE=
PPAA 6500/ 41516 MISDA DUE TO TECHNICAL FAULT=
PPAA 6500/ 41715 NO ASCENT DUE TO BALLOONS OUT OF STOCK=
PPAA 6500/ 41739 no acent due to security risk=
PPAA 6500/ 41764 NO ASSENT DUE TO OUT OF STOCK IN 30 GM BALLOON=
PPAA 65231 41780 MISDA No Ascent due to PAF Flights=
PPAA 6500/ 41640 MISDA DUE TO CLOUDY WEATHER =
PPBB 65001 41598 90/12 00000 02502 05003 903// 07003=
PPAA 65001 41598 55185 10003 77999=
PPBB 65001 41600 90/12 00000 31505 32506 903// 31505=
PPAA 65001 41600 55185 02507 77999=
PPBB 65001 41624 90/12 09002 08503 11004 9037/ 12505 06506 =
PPAA 65001 41624 55185 14506 77999=
PPAA 6500/ 41646 MISDA DUE TO TECHNICAL FAULT=
PPBB 65001 41678 90/12 0000 10003 11005 903// 12007=
PPAA 65001 41678 55185 16505 77999=
PPAA 65001 41718 55185 36014 77999=
PPBB 65001 41718 90/12 00000 01012 36013 903// 35516=
PPBB 65001 41675 90/12 05004 05005 03007 903// 03007=
PPAA 65001 41675 55185 02506 77999=



Data Generated from File : D:/all data handling/Rmc_lhr/2025021500.FSU.txt
15/02/2025   01:11:23
____________________________________________________________________________________________
15020 07/25 /3104 10002 21008 39975 40180 52008 60001 7716/ 333 55054 20836 55300 20000 60007==
15090 01458 83102 10019 20005 30076 40171 52012 69901 72376 8652/ 333 55060 00289 20760 30630 55300 10050 20000 30000 69907 91004 90760 91105==
15108 06/// /2604 11052 21055 38009 48429 57007 60011 333 4/082 55037 20770 55300 20000 69967==
15150 01564 83404 10024 21002 39952 40170 52010 69901 70262 8557/ 333 55064 20980 55300 20000 69907 91007 90760 91109==
15170 01560 82002 10013 21008 39343 42743 57002 69911 70282 883// 333 55073 20992 55300 20000 60007 91003 90760 91103==
15280 01/70 33104 11065 21073 37433 47973 57003 60001 70242 83070 333 49076 55064 21210 55300 20000 60007 91007 90760 91107==
15310 07/58 73002 10027 21009 30053 40141 53008 60001 7101/ 81038 333 55054 00323 20944 30391 55300 10090 20000 30000 60007 91004 90760 91106==
15335 07468 82602 10072 20021 30125 40132 55006 69911 7238/ 886// 333 55046 20842 55300 20000 69917 91004 90760 91105==
15350 04/61 51003 10049 21004 30025 40147 53009 60001 85070 333 55070 20813 55300 20000 60007 91005 90760 91106==
15360 07957 02006 10054 20049 30115 40132 57013 60001 7101/ 333 55052 60007 91007 90760 91107==
15420 02960 02102 10000 21013 30025 40140 57005 60001 333 55074 21058 55300 20000 60007 91002 90760 91103==
15460 07/48 /2801 10012 21012 30115 40141 57002 60001 7101/ 333 55069 21145 55300 20000 60007==
15470 07/50 62603 11016 21031 30016 40148 57002 60001 7101/ 86070 333 55064 20995 55300 20000 60007 91003 90760 91103==
15480 04/66 31901 10043 20017 30120 40138 57007 60001 83030 333 55053 00198 20906 30519 55300 10140 20000 30000 60007 91002 90760 91103==
15549 12970 21602 10062 20016 39718 40135 58003 60001 80001 333 10076 20059 555 572//=
15552 12960 82902 10071 20051 30097 40146 58009 60001 80007 222// 00063 314// 40402 333 10073 20048 555 587// 92033 92437=
15640 12670 20000 10045 20025 39844 40161 58009 60001 82500 333 10071 20040 555 587//=
15655 12568 72504 10056 20044 30118 40151 58007 60001 83530 222// 00064 10000 333 10083 20056 555 592// 92023 92427=
15730 12970 80000 10054 20033 39756 40156 58003 60001 80007 333 10078 20053 555 586//=
16627 12360 70000 10088 20080 30156 40162 57009 60001 86670 333 83708 85625 86357 90730 91104==
16650 11460 69902 10082 20073 30151 40160 57008 60001 70191 84841 333 82816 83620 90730 91105==
16723 12560 62704 10104 20066 30186 40199 57001 60001 85870 333 82820 84625 86359 90730 91108==
16742 12460 61305 10122 20099 30034 40190 58009 60001 83848 333 81812 83618 86268 90730 91108==
16749 12560 69903 10128 20105 30179 40194 57007 60001 84546 333 84620 83358 86068 90730 91107==
16754 12560 61510 10124 20097 30137 40186 56006 60001 82262 333 82820 83358 85068 90730 91118==
16760 17/// /2005 10102 20077 39774 40192 57011 69901 7414/ 333 90730 91110==
17022 12670 71303 10072 20002 30013 40180 57008 60001 84250 333 84834 87360 90760 91109==
17024 16/81 /2112 10069 20017 30096 40175 57013 69941==
17026 16/66 /1402 10085 20048 30157 40196 56006 69911==
17031 12960 01808 10082 21020 30195 40201 57011 60001 333 90760 91113==
17034 12970 00901 10060 21026 30181 40228 57010 60001 333 90760 91104==
17038 12970 00000 10042 21015 30180 40229 57009 60001 333 90760 91113==
17042 16/75 /1008 10042 21006 30202 40242 57011 60001==
17050 12965 50000 10082 20053 30098 40160 57009 60001 80001 333 85070 90760 91108==
17056 12/70 42303 10085 20052 30164 40168 57009 60001 84030 333 84360 90760 91110==
17060 12660 62104 10094 20047 30135 40175 57009 60001 83150 333 83840 85357 90760 91111==
17070 12665 61201 10022 21017 39315 40195 56002 60001 86500 333 86634 90760 91104==
17074 17/56 /2302 11001 21006 39255 40207 58002 60001 704//==
17084 12670 30000 11003 21010 39306 40234 57005 60001 83500 333 83635 90760 91106==
17085 12670 50000 10029 21013 39732 40233 58004 60001 83550 333 83640 85360 90760 91105==
17092 12660 32602 11054 21079 38901 48522 54000 60001 83500 333 83645 90760 91112==
17096 11960 02701 11114 21114 38242 48516 50000 69901 70172 333 90760 91108==
17098 12660 22705 11131 21143 38186 48505 58003 60001 82500 333 82635 90760 91108==
17100 11603 70000 11013 21015 39217 40247 51005 60001 74642 84530 333 84635 87358 90760 91104==
17112 16/80 /2204 10110 20087 30161 40167 57008 60001==
17115 12660 61405 10088 20038 30129 40180 57008 60001 84250 333 84835 86360 90760 91110==
17116 12/60 60301 10047 20020 30064 40187 57006 60001 83034 333 83360 85070 90760 91104==
17124 12660 50000 10014 21050 39280 40210 57004 60001 85500 333 85640 90760 91107==
17128 12670 52702 11030 21086 39102 40229 57005 60001 84250 333 84840 84358 90760 91110==
17135 12970 00701 10008 21019 39335 40229 58004 60001 333 90760 91108==
17140 12/65 10000 11066 21079 38718 48499 57008 60001 81030 333 81360 90760 91103==
17150 12660 62402 10060 20043 30061 40186 57009 60001 83130 333 83835 85360 90760 91104==
17160 12670 20402 11036 21082 39047 48505 57009 60001 82500 333 82640 90760 91103==
17170 12660 52103 11022 21079 38339 48512 58003 60001 83550 333 83640 85358 90760 91110==
17175 12665 71501 10096 20050 30170 40174 57012 60001 84270 333 84838 87360 90760 91103==
17184 12/60 50000 10072 20043 30080 40192 57009 60001 85050 333 85360 90760 91103==
17190 12670 70000 10033 21014 39003 48501 57007 60001 84550 333 84635 87360 90760 91105==
17195 12/70 50704 11081 21095 39008 48511 56005 60001 85050 333 85362 90760 91110==
17200 12960 02206 11073 21086 39247 40273 58001 60001 333 90760 91108==
17202 12970 02703 11039 21059 39185 40262 50000 60001 333 90760 91113==
17203 12670 20000 11047 21096 38915 48557 56001 60001 82100 333 82840 90760 91103==
17210 16/73 /1901 10020 21014 39183 40240 58002 60001==
17219 12665 71602 10065 20028 30052 40199 57009 60001 83250 333 83835 87360 90760 91105==
17234 12/70 50703 10089 20025 30137 40206 57008 60001 85030 333 85360 90760 91107==
17237 12670 60000 10062 20000 39700 40209 57009 60001 83270 333 83840 86360 90760 91103==
17240 12570 23501 10012 21025 39054 40214 58003 60001 82100 333 82830 90760 91108==
17244 12670 52602 11032 21058 39021 48508 57008 60001 82530 333 82640 85360 90760 91108==
17248 17/58 /3301 11060 21087 39004 40255 57008 60001 704//==
17250 16/62 /0405 11065 21090 38828 40259 57006 60001==
17260 12960 03304 10005 21023 39370 40201 57004 60001 333 90760 91108==
17270 12670 32401 10029 20006 39583 40242 51001 60001 83200 333 83840 90760 91104==
17275 16/69 /0000 10000 21025 39025 40249 56002 60001==
17280 12670 42304 11015 21031 39438 40251 55000 60001 82530 333 82640 84360 90760 91108==
17290 12970 00903 10143 20074 30165 40197 57009 60001 333 90760 91108==
17292 12/70 30000 10045 21008 39438 40199 58006 60001 83030 333 83360==
17300 12560 43602 10076 20038 30148 40220 57007 60001 83101 333 83830 84070 90760 91110==
17310 12970 00702 10109 21012 30196 40203 57005 60001 333 90760 91105==
17330 16/// /3204 10079 21002 30202 40213 57007 60001==
17350 12960 00105 10042 20004 30133 40212 57011 60001==
17370 12970 00000 10082 20009 30218 40222 57008 60001==
17375 12970 03601 10096 20040 30203 40205 58007 60001 333 90760 91105==
33088 32597 83201 11061 21069 39996 40197 52005 885// 555 1/104=
33135 /14// 83307 11058 21065 39997 40151 52020 73683 886// 333 88715 555 1/106 69951=
33177 /1597 82702 11064 21085 39974 40224 52006 70282 885// 555 1/107 69931=
33317 /1496 83503 11071 21085 39842 40197 52015 77177 8872/ 333 88713 555 1/104 69941=
33393 /1960 33202 11056 21106 39822 40234 52010 70271 83030 555 69921=
33415 /1397 83203 11047 21063 39794 40209 52018 77177 8772/ 333 86707 555 1/105 69951=
33429 /1497 83409 11056 21073 39753 40195 52019 78588 8695/ 333 84913 555 1/104 69961=
33466 /1557 83204 11006 21015 39940 40132 52006 78582 889// 555 1/101 60021=
33506 /1494 82302 10002 21001 39906 40105 57008 78485 889// 555 1/000 60051=
33562 /1460 83605 11012 21031 39857 40170 52011 72682 8695/ 555 1/101 60011=
33587 /15// 83303 10011 20000 39868 40135 58003 78382 883// 333 88920 555 1/000 60041=
33658 /1456 83105 11010 21020 39883 40191 52013 78582 889// 333 86712 555 1/100 69951=
33663 /1597 83203 10013 21016 30064 40162 52009 70282 885// 555 1/000 60011=
33664 41596 83204 11008 21022 39849 40174 52011 71088 885//=
33678 41596 82805 11006 21007 39959 40173 52005 78582 889//=
33679 41496 83202 10006 21002 39960 40155 54000 78582 889//=
33711 /1241 82803 10020 20009 39906 40118 57007 78085 883// 333 88706 555 1/001 60011=
33745 41497 83304 11005 21006 39981 40172 52016 78582 889// 555 11000=
33748 41597 83403 10007 20002 39866 40157 52008 78381 889//=
33754 42597 83302 10012 21011 39995 40144 51003 8435/=
33761 /1430 83302 10004 20001 39910 40137 52002 77172 8872/ 555 1/100 60011=
33791 /1244 82005 10042 20037 39997 40125 57016 76162 8772/ 333 87705 555 1/003 69941=
33815 42598 82509 10022 20000 39927 40137 52006 885// 555 10002=
33837 31250 82302 10058 20043 30076 40128 57011 71022 886// 333 88705 555 1/003=
33881 42597 83405 10017 21001 39949 40149 52012 883//=
33883 42597 83205 10024 20001 39970 40135 52001 883// 555 11100=
33885 42597 83504 10016 21020 30016 40151 52017 82340=
33892 41596 83102 10008 20008 39921 40135 57001 71011 883//=
33902 32597 82004 10062 20043 30078 40137 57014 883// 555 1/003=
33924 42970 62004 10062 20039 30138 40151 57019 80006 333 90760 91110==
33946 42583 31904 10017 21015 39944 40169 57018 83500 333 83630==
33983 42/60 21905 10021 20002 30118 40180 57017 82030==
34300 /1496 82208 10002 21011 39920 40100 57018 78387 889// 555 1/101 60021=
34336 42960 02304 11060 21098 30046 40154 57018==
34344 42970 82004 11068 21095 30062 40154 58021 80005 333 91010 90760 91110==
34356 42970 51802 11094 21113 30028 40184 57015 80006==
34357 42970 52003 11075 21109 30010 40172 56017 80004 333 90760 91110==
34398 429// 02301 11097 21109 30195 40208 58010==
34415 32497 82304 11008 21046 30032 40131 58023 886// 555 1/101=
34438 42960 41702 11098 21116 39978 40180 57019 80001==
34445 42970 71202 11105 21117 30064 40185 57014 80001==
34461 42960 81902 11091 21111 30134 40192 57015 80006==
34473 429// 61904 11101 21120 30159 40200 57011 80001 555 1/113=
34476 42970 01603 11098 21117 30198 40206 58010==
34504 31430 82007 10011 20008 39951 40128 57021 78082 889//=
34535 42960 61401 11086 21105 30113 40189 57017 80005==
34545 41410 81902 11078 21086 30084 40201 57013 72822 886//==
34555 42560 72104 11072 21085 30115 40211 57015 8553/==
34560 41/06 92405 11078 21081 39998 40198 57016 74941 89///==
34578 41940 02102 11099 21100 30209 40217 57008 71000==
34579 41940 01802 11097 21109 30169 40214 57009 71011==
34644 41520 81902 11065 21071 30122 40203 57017 71022 8657/==
34646 42460 82102 11068 21072 30120 40206 57017 886//==
34655 42560 81903 11070 21078 30152 40215 58013 885//==
34662 42970 82302 11067 21078 30203 40215 57008 80001==
34691 42/70 80000 11040 21069 30449 40436 57006 8807/==
34720 41/05 91402 11070 21079 30153 40195 58020 74942 89///==
34727 41940 01704 11082 21092 30161 40193 57018 71044==
34743 41420 81902 11072 21077 30122 40216 57013 71022 885//==
34759 41420 81902 11060 21064 30087 40225 57012 71022 885//==
34772 42560 82102 11048 21065 30224 40227 57011 885//==
34785 42560 82701 11040 21064 30254 40230 57009 885//==
34798 42/60 82402 11029 21063 30388 40358 57006 8805/==
34824 41540 31401 11055 21067 30192 40197 57018 71000 83100==
34838 42960 01601 11063 21080 30112 40213 56011==
34845 41/05 91401 11084 21093 30105 40219 57013 74942 89///==
34858 41/05 90000 11056 21056 30112 40225 57010 74944 89///==
34861 41/05 92304 11057 21057 39966 40219 57014 74942 89///==
34866 42560 82502 11029 21052 30233 40224 57013 885//==
34880 41/40 82701 11032 21043 30257 40230 57010 71022 8802/==
34887 41570 82902 11021 21039 30258 40235 57009 70372 885//==
34949 42/// /2403 11020 21041 39661 40223 57008==
34954 41340 80000 11094 21097 30043 40228 57012 71022 886//==
34958 42970 80000 11087 21092 30021 40232 57009 88000==
34975 41440 81301 11014 21026 30232 40227 57011 71022 885// 333 88619==
34984 42560 81401 11017 21035 30264 40233 57011 8657/==
35217 425// 82404 11060 21075 30175 40217 57005 885//==
35302 42/// 32705 11062 21089 30191 40213 57006 83030==
35315 425// 80202 11077 21103 30162 40222 57005 885// 555 1/108=
35344 429// 80000 11125 21144 39937 40241 58005 80007 555 1/115=
35358 42/// 12503 11143 21170 30059 40240 57002 83040==
35368 429// 80000 11051 21083 39960 40233 57009 80007 555 1/106=
35386 425// 60000 11086 21114 39722 40261 57008 86500 555 1/109=
35394 42570 81402 11067 21095 39568 40264 57010 885//==
35404 425// 82302 11050 21078 30210 40218 57005 885// 555 1/105=
35406 42/// 62402 11065 21081 30224 40226 57002 86030==
35416 41/// 81902 11065 21093 30105 40229 57006 72272 8802/==
35426 425// 80000 11125 21157 39938 40246 57005 885//==
35437 415// 80000 11153 21173 39924 40259 57006 77172 8802/ 555 1/118=
35449 419// 50000 11151 21169 30133 40243 57006 71011 80003 555 1/118=
35497 42/// 20000 11127 21140 39726 40589 57011 82030==
35498 429// 02001 11127 21140 39364 40285 57010 555 1/117=
35514 42598 82501 11034 21045 30457 40453 57004 885// 555 1/104=
35522 419// 80000 11104 21121 39976 40239 57004 72844 8807/ 555 1/111=
35542 429// 72501 11168 21191 30087 40245 57008 80003 555 1/118=
35563 41996 30000 11144 21161 39444 40256 57014 71011 80001 555 1/117=
35576 429// 00703 11133 21163 39776 40249 57014==
35582 429// 02303 11156 21189 39637 40275 57013 555 1/118=
35594 419// 21002 11142 21159 39400 40284 57014 70241 80001 555 1/117=
35605 42598 80000 11040 21062 30249 40227 58005 885// 555 1/105=
35633 429// 00000 11148 21170 30024 40252 57005 555 1/116=
35671 41970 00502 11122 21135 39788 40238 57012 71000==
35699 429// 43605 11102 21125 39488 40274 57015 80001==
35700 41470 83302 11034 21045 30255 40231 58004 77177 887//==
35715 42597 73002 11040 21073 30252 40237 54000 87500 555 14105=
35739 426// 80000 11077 21108 30098 40243 58008 885// 555 1/107=
35746 415// 83504 11060 21075 30165 40234 57006 77072 885//==
35777 419// 00000 11138 21151 39876 40241 57012 71000 555 1/116=
35796 42960 00403 11153 21167 39819 40282 57014==
35849 425// 83404 11023 21055 30140 40226 57005 885//==
35895 42997 03603 11139 21144 39805 40275 57012 555 1/115=
35907 42598 73602 11026 21042 30261 40230 57008 87500=
35925 415// 81602 11029 21036 30121 40234 57005 71072 887//==
35927 425// 80000 11017 21029 30227 57004 885//=
35953 429// 03502 11038 21060 30085 40217 54000==
35969 41/// 80000 11025 21059 30029 40205 53001 77172 8802/==
35997 416// 60502 11105 21133 39788 40240 57016 71011 84570 333 91104 555 1/111=
36259 12984 60000 11269 21297 38240 48536 52008 60002 80001 333 21285 48011 55066==
36335 429// 00000 11149 21174 39233 40313 57010 555 1/120=
36358 429// 00000 11112 21126 39240 40286 57010 555 1/113=
36394 426// 71505 11093 21113 39860 40299 57010 87500=
36397 426// 81612 11106 21143 39710 40296 57011 885//==
36403 427// 80902 11066 21103 39923 40294 57010 8557/ 555 1/109=
36418 429// 82102 11120 21134 39681 40326 57008 8805/ 555 1/112=
36421 419// 80000 11178 21193 39741 40347 58014 70272 8802/ 555 1/118=
36428 427// 73502 11185 21211 39804 40344 57011 82544==
36439 417// 60903 11138 21150 39005 48506 57006 70232 81541 555 1/116=
36498 429// 00302 11161 21172 39470 40310 57016 555 1/120=
36501 429// 00000 11120 21142 39505 40291 57013 555 1/118=
36535 426// 70000 11130 21162 39666 40332 57012 86530==
36546 419// 80301 11175 21187 39770 40349 57007 71022 8807/ 555 1/119=
36619 429// 00201 11202 21214 555 1/123=
36622 429// 20000 11194 21209 39459 40324 57012 82040 555 1/122=
36639 429// 00801 11204 21227 39641 40295 57020==
36643 429// 02801 11192 21207 39628 40342 57015 555 1/126=
36665 419// 50000 11148 21178 39553 40321 57012 71022 80002 555 1/117=
36666 429// 02701 11235 21248 39809 40351 57008=
36729 42998 00801 11150 21161 39769 40279 57019 333 91109 555 1/116=
36736 429// 03602 11208 21214 39731 40333 57003 555 1/125=
36744 429// 60402 11123 21133 39801 40273 57007 86040 333 91103 555 1/116=
36770 429// 00901 11170 21170 39494 40268 57015 333 91105 555 1/123=
36786 42999 00000 11115 21124 39299 40255 57014 333 91103=
36796 42998 00000 11214 21232 39024 48436 57010 333 91100=
36803 42999 02902 11156 21184 39855 40335 58008 333 91105=
36806 429// 01612 11154 21216 39811 40310 57011 333 91015 91120 555 91120=
36819 41/// 90000 11094 21106 39604 40239 57008 74740 333 91104=
36821 41/// 60000 11129 21134 39738 40253 57012 71011 82032 333 90760 91106==
36839 42998 21601 11144 21180 39079 40269 57020 80001 333 91104=
36843 429// 01701 11008 21115 39035 40208 57007 333 91108=
36846 429// 00508 11075 21149 38587 48480 57007 333 91113=
36859 429// 50101 11082 21092 39493 40304 57012 80006 333 90760 91106==
36870 41/// 90000 11058 21065 39185 40220 57015 74344 89/// 333 90760 91102==
36874 41/// 93601 11061 21069 39420 40214 57013 74544 333 91103=
36877 419// 80000 11091 21102 70242 8802/ 333 91104=
36885 429// 20000 11084 21129 39067 40230 57014 82030 333 91104=
36889 429// 62002 11087 21194 36994 47002 57009 80003 333 91104=
36894 419// 00904 11055 21076 39460 40215 57019 71000 333 91106=
36905 429// 01302 11050 21130 38727 48486 57011 333 91107=
36911 429// 00000 11020 21023 39248 40237 57009 555 14103=
36927 42697 60000 11036 21076 38327 48496 57008 86900=
36934 42597 80000 11020 21110 38272 48400 58007 83932=
36953 429// 00000 11173 21175 38188 48508 57008 333 91103 555 1/126=
36963 429// 01103 11149 21192 36984 48/// 57003 555 17120=
36974 429// 00000 11130 21157 37972 48526 56002 555 14119=
36982 429// 63604 11185 21264 36477 47090 57005 8////=
37018 42660 31204 10060 20011 30145 40221 57008 82501 333 90760 91110==
37031 42960 01401 11033 21046 30016 40219 57010==
37054 41940 00000 11054 21062 39835 40238 57008 71011==
37061 41/02 92001 11064 21073 30056 40233 57011 74940 89///==
37085 42540 80901 11022 21026 30261 40234 57010 880/9==
37171 42940 00904 10028 20015 30212 40231 57008==
37228 42960 01701 11019 21075 39367 40225 57009==
37235 41340 82301 11030 21036 39904 40233 57010 71022 886//==
37472 41/40 72101 11020 21031 30257 40234 57007 71022 85031==
38149 42570 83401 11023 21032 30166 40245 57005 885//==
38262 425// 80202 11024 21036 30154 40238 57002 885//==
38264 42670 70202 11019 21047 30142 40239 57005 875//==
38345 42998 00901 11059 21094 38781 48470 57005 555 14108=
38353 429// 31201 11031 21062 39286 40207 57014 80004=
38388 42598 70201 11025 21062 30158 40232 57008 87500 555 14103=
38392 42597 73602 11030 21040 30127 40234 57003 87500 333 87632 555 14104=
38396 42560 73001 11028 21045 30108 40238 57001 875// 333 87633==
38403 426// 83202 11009 21021 30101 40225 57011 885//==
38413 42/// 82802 11032 21049 39938 40240 53006 8802/==
38457 41520 82702 10020 21008 39620 40217 52006 78776 883//==
38462 427// 80000 11007 21060 38738 48478 57003 8692/==
38507 41596 80000 10026 20005 30116 40221 52007 76162 885// 333 91004 555 11002=
38545 42998 00501 11038 21046 30047 40231 57009 555 14105=
38565 125// 80000 11022 21045 39600 40173 57006 60002 885//==
38579 125// 83501 10016 21012 39798 40225 52006 60002 885//==
38583 12660 83202 10031 21014 39894 40220 52004 60002 885//==
38599 41296 82405 10018 20006 39675 40333 52007 71011 886// 333 88706=
38611 41/20 63302 10013 21013 39643 40225 52003 71022 86040==
38613 429// 41101 11001 21022 39304 40225 53003 80002 555 14101=
38616 425// 73601 11008 21043 39198 40236 53006 87500=
38618 429// 61101 11005 21033 39509 40216 54000 80001==
38647 42997 80604 10006 21040 30165 40209 52001 8807/ 555 10001=
38656 42698 80904 11004 21025 30100 40213 57005 885// 555 10102=
38683 42660 80202 10000 21034 39937 40221 57011 885// 333 88644==
38687 42697 00504 10012 20001 39977 40219 57012 85500 555 10001=
38696 126// 80201 10021 20008 39344 40212 57002 60002 885//==
38713 429// 81801 11034 21077 39023 48470 54000 80004=
38750 42597 80202 10062 20033 30246 40217 52016 885// 555 10006=
38763 42597 80000 11004 21028 30106 40214 52006 885// 333 88623 555 10000=
38774 42895 83103 10022 21018 30010 40210 57003 8807/ 555 10003=
38799 42597 80703 10015 21005 39976 40214 57011 885// 555 11002=
38812 41540 30103 10020 21005 39742 40203 57010 71010 83300 333 83929==
38836 426// 40901 10024 20005 39266 40219 52008 86502=
38880 42597 80903 10057 20006 39935 40192 54000 889// 333 88633 555 10006=
38886 41996 80501 10016 21003 39962 40196 57020 71022 84038 555 10000=
38895 42996 00803 10020 20001 39904 40200 57021 555 11000=
38911 42997 50201 10050 21022 39907 40205 57007 82072 555 10003=
38915 42997 40000 10036 21024 39881 40211 54000 80001 555 11001=
38927 11/45 61201 10050 20036 39816 40195 56007 60002 71022 86050==
38933 427// 61401 10042 21000 39696 40216 57018 82532=
38944 426// 83403 10052 20025 39599 40137 57007 885//=
38954 429// 40000 11059 21059 37955 48570 520005 82901=
38974 41/93 90000 11003 21009 39860 40205 58010 74740 89/00 555 11001=
38987 41/92 /2102 10043 20041 39439 40190 57020 74544 555 11004=
40100 43/70 00805 10108 20029 30199 40215 58014 6///1 333 58///=
40180 12960 01102 10078 20049 30128 40178 57020 60001 333 70000==
40199 12/// /0304 10123 20038 30137 40162 57015 60001 333 70000==
40270 31950 00000 10040 20021 39295 40206 57012 71000=
40272 31956 01204 10030 20004 39360 40207 57010 70500=
40340 31956 03610 10112 20029 30100 40165 57023 70500=
40356 32960 00906 10024 21090 39218 48514 333 58001 555 04410 50211=
40357 32960 00203 10058 21060 39562 40208 333 58008=
40360 32960 02404 10028 21090 39602 40203 333 59017=
40361 32960 01005 10082 21020 39418 40238 333 59006=
40362 32960 00609 10101 21010 39683 40200 333 58002=
40373 11660 41204 10135 20120 39778 40197 69922 76110 84500 333 59008 84635==
40375 32960 40000 10083 21040 39282 40160 84030 333 59032 84360=
40394 32660 21308 10114 20010 39045 48523 82200 333 59014 82845 555 04410 50167=
40400 32960 03603 10162 20030 30082 40110 333 59048=
40405 11658 50707 10113 20090 39430 40185 69932 76000 85500 333 59018 85640=
40417 21656 53212 10159 20130 30170 40185 71000 82420 333 59001 60005 82640 85460==
40420 31658 43411 10164 20110 39975 40186 70521 81470 333 58005 81640 83360=
40430 22660 20212 10184 20140 39393 40134 82500 333 59037 60005 82640==
40437 31650 60706 10142 20120 39471 40176 71000 86500 333 59005 86640=
40439 32660 21004 10210 20110 30081 40099 81530 333 59036 81640=
40582 31656 53608 10156 20091 40191 58010 70511 83430 333 00015 55300 00000 10089 20000 30000 41164 51254 60000 55407 40000 83640 85358 90467 91013 91113 91209 91303=
40703 12960 00000 11044 21053 38928 40227 51002 60001 333 70038 555 11045 29093=
40706 12565 20602 11060 21074 38662 40247 50003 60001 81401 333 70020 81630 555 11062 29090=
40712 12970 01502 11050 21123 38683 40219 51001 60001 333 70021 555 11066 29057=
40713 12962 00804 11045 21079 38661 40217 50002 60001 333 70042 555 11053 29077=
40718 11450 83207 10079 20060 30258 40229 52015 60001 71022 8582/ 333 70018 82815 85620 88457 555 10071 29088=
40723 12860 49901 10004 21041 38930 40170 57005 60001 82058 333 70000 82357 84269 555 11012 29072=
40726 12960 00000 11014 21067 38669 40231 52003 60001 333 70035 555 11031 29067=
40727 12960 01302 11062 21088 38493 40250 51002 60001 333 70076 555 11067 29082=
40732 12560 63301 10078 20051 30236 40211 52007 60001 86300 333 70002 82920 84626 555 10066 29083=
40736 11560 80000 10097 20066 30228 40202 52004 69911 70252 886// 333 70001 88725 555 10083 29081=
40738 11560 70000 10076 20054 30211 40213 55007 60021 70262 82520 333 70016 82630 87458 555 10066 29086=
40739 12660 53501 10003 21018 38667 40176 57005 60001 83508 333 70000 83635 85269 555 11005 29086=
40741 11/02 90000 11003 21028 39838 40176 57016 60001 74300 333 70000 89/03 555 11012 29083=
40743 12965 20703 10046 21004 39035 40154 57012 60001 80002 333 70000 82070 555 10026 29070=
40745 11957 20000 10003 21013 39008 40165 57016 60001 71000 80001 333 70000 82069 555 11003 29089=
40747 12660 20000 11054 21090 38655 40239 52003 60001 82500 333 70000 82640 555 11062 29076=
40754 11658 42705 10013 21016 38827 40199 51005 69901 70371 84300 333 70002 81935 83640 555 10002 29081=
40762 12662 60000 10005 21013 38525 40157 58007 60001 81406 333 70000 81635 86269 555 11002 29087=
40766 12960 02703 11013 21050 38716 40226 58005 60001 333 70000 555 11025 29076=
40768 12960 01004 11082 21118 38261 40252 52007 60001 333 70000 555 11089 29075=
40769 12960 10000 11011 21045 38291 40207 51001 60001 80001 333 70000 81069 555 11022 29078=
40780 12960 01102 11009 21077 38699 40231 58008 60001 333 70000 555 11030 29060=
40782 12960 01203 10004 21018 38885 40206 58003 60001 333 70000 555 11004 29085=
40785 11658 80000 10016 20016 39107 40224 52009 60001 71022 8352/ 333 70000 83640 88460 555 10016 29100=
40791 12660 60301 10091 20002 39329 40144 55002 60001 82370 333 70000 82935 85360 555 10054 29054=
40792 12660 41304 10077 20044 38688 40124 56013 60001 82530 333 70000 82635 555 10062 29080=
40798 12960 33201 11003 21163 37955 40168 53001 60001 80002 333 70000 83070 555 11046 29029=
40800 12965 32802 10050 21116 38458 40154 53009 60001 80002 333 70000 83070 555 11005 29029=
40809 11560 60804 10037 20037 38481 40150 58003 60031 70198 84372 333 70095 81720 81930 83630 85459 555 10037 29100=
40811 12960 51902 10118 20036 30170 40196 53002 60001 80006 333 70000 85270 555 10082 29057=
40812 12660 43301 10106 20082 39797 40173 57012 60001 84500 333 70000 84640 555 10094 29085=
40821 12960 13002 10040 20022 38791 40179 53009 60001 80001 333 70000 81070 555 10032 29088=
40829 12960 00000 10031 20013 39602 40183 58016 60001 333 70006 555 10024 29088=
40831 11958 00000 10130 20050 30194 40203 54000 60001 70500 333 70000 555 10093 29058=
40833 11957 03201 10101 20055 30163 40195 57005 60001 70500 333 70000 555 10080 29073=
40841 12960 01403 10037 20015 38238 40138 57007 60001 333 70014 555 10027 29086=
40848 11658 63102 10044 20031 38530 40160 56007 60001 71010 83530 333 70024 83640 84360 555 10038 29091=
40854 12960 02602 10097 20043 38923 40112 57012 60001 333 70000 555 10072 29069=
40856 12960 00000 10042 20003 38629 40149 57020 60001 333 70000 555 10026 29076=
40859 11957 50000 10064 20056 38713 40162 56004 60001 71000 80002 333 70000 85070 555 10060 29094=
40875 12960 13103 10167 20141 30127 40138 57009 60001 80001 333 70000 81070 555 10152 29084=
40879 12962 10000 10155 20050 39478 40144 56005 60001 80002 333 70000 81070 555 10104 29050=
40882 12970 02906 10200 20176 30105 40140 57015 60001 333 70000 555 10185 29086=
40883 11956 23005 10198 20174 30115 40142 56005 60001 71000 82030 333 70000 82360 555 10183 29086=
40893 11957 03303 10221 20150 30122 40128 57017 60001 70500 333 70000 555 10179 29064=
40898 11956 00000 10214 20192 30116 40125 57011 60001 71000 333 70000 555 10200 29087=
41024 22660 33306 10239 20190 30086 40112 83500 333 59027 60005 83640==
41036 21915 00000 10150 20140 38550 48550 71000 333 59016 60005==
41055 22960 00000 10157 20060 38357 48502 333 59020 60005==
41061 22/60 31216 10217 20080 39415 40106 83030 333 59047 60005 83358==
41084 22960 03603 10176 20060 38838 48499 333 59037 60005==
41112 22560 21812 10159 20120 37941 48499 82400 333 59034 60005 82620==
41114 22960 01812 10190 21010 37976 48499 333 59036 60005==
41128 21930 00000 10175 20030 38809 48519 70633 333 59023 60005==
41136 21957 02606 10162 20010 39311 40110 70600 333 59013 60005==
41140 22560 11604 10271 20230 30107 40112 81400 333 59017 60005 81630==
41150 11557 63116 10181 20155 40178 69902 76061 8257/ 333 59008 70001 82620 86460=
41170 31957 53209 10185 20154 30150 40164 70521 85030 333 59018 70000 85364=
41176 34/55 /3607 10177 20153 30155 40161 333 59022=
41184 32560 20000 10170 20129 40155 82500 333 59003 82630=
41194 12460 43608 10219 20189 30140 40146 60001 84600 333 59007 70000 84711=
41216 32960 23404 10203 20188 30149 40153 80001 333 59010 82075=
41217 32360 23205 10202 20184 30119 40149 82600 333 59008 82708=
41246 36/// /0400 10226 20124 30136 40139 333 0E022 55300 25022 59012=
41254 36/// /3104 10116 21054 38064 49859 333 0E006 55300 25022 59010=
41258 36/// /0301 10242 20176 30133 40137 333 0E/// 55300 20000 59002=
41263 36/// /0205 10188 20042 39560 40128 333 0E019 55300 20000 59020=
41265 36/// /0000 10176 20083 39563 40137 333 0E022 55300 20000 59010=
41267 36/// /0000 10222 20108 30126 40139 333 0E020 59011=
41268 36/// /2311 10210 20132 30086 40134 333 0E021 55300 25022 59014=
41275 36/// /0400 10178 20029 39989 40161 333 0E018 55300 20000 59015=
41288 26/// /2601 10207 20207 30126 40148 333 0E022 59014 70002=
41315 36/70 /0000 10180 20105 39317 48001 333 0E020 55300 27865 59013=
41316 32960 03504 10210 20169 30115 40145 333 59015 55000 55407 55408 55507 55508=
41396 12962 02802 10152 20095 39412 40148 60002 333 59008=
41480 11450 30811 10248 20211 30133 40141 60002 70644 83500 333 59008 83618=
41508 02996 00000 10018 21020 38662 48527 60002 333 59015 60007=
41515 02995 30000 10022 21054 38588 48548 60002 83020 333 56090 58011 60007 83460=
41516 02996 30000 11010 21040 38536 48493 60002 83030 333 56090 59021 60007 83363=
41517 01696 60000 11005 21042 37773 48512 60002 70422 83530 333 56990 59027 60007 83640 84360=
41518 22696 71802 10061 21051 38/// 48/// 60002 82520 333 56990 5//// 60007 83640 85462=
41519 02696 32702 10090 21040 38765 48502 60002 83500 333 56900 59020 60007 83640=
41523 02996 30000 10045 20009 39078 48482 60002 80001 333 56009 59023 60007 83070=
41535 02996 70000 10050 20001 38706 48472 60002 87020 333 56090 59020 60007 87460=
41536 02996 70000 10070 20024 39042 48500 60002 87030 333 56090 59004 60007 87460=
41560 02996 00000 11020 21065 38283 48519 60002 333 59005 60007=
41571 119// 60000 10110 20007 39533 40127 60002 70522 82031 333 56099 59035 60007=
41598 01696 50000 10095 20051 39848 40128 60002 70400 82530 333 56990 59025 60007 82640 83360=
41600 01696 60000 10100 20063 39830 40133 60002 70422 83570 333 56990 59014 60007 83640 83460=
41620 31696 20902 10050 21030 38575 48477 60002 70500 82500 333 56900 58005 60007 82640=
41624 01694 50902 10125 20074 39914 40118 60002 70420 82520 333 56990 59030 60007 82637 83460=
41630 01596 73104 10170 20105 40122 69902 79596 85970 333 56990 59022 69907 81930 84640 86460=
41640 01695 80000 10180 20071 39854 40103 60002 70520 85620 333 56990 59035 60007 85640 88460=
41660 026// 42304 10055 20034 38429 48520 69902 81530 333 56990 59015 60007 81640 83358=
41678 01996 40502 10125 20074 40138 60002 70422 84070 333 56090 59012 60007 84460=
41696 02696 80000 10090 20027 38000 48519 60002 85520 333 56990 59014 60007 85640 83460=
41697 02996 00000 10150 20012 39939 40099 60002 333 59013 60007=
41700 01695 60000 10145 20117 39953 40083 60002 70422 82530 333 56990 59042 60007 82640 84360=
41710 12996 00000 10145 21038 39351 40126 60002 333 59025=
41712 12696 30000 10140 20007 39194 48505 60002 83500 333 56900 59017 83640=
41715 21994 00000 10150 20092 40115 70400 333 59037 60007=
41718 01995 30000 10160 20124 39979 40084 60002 70410 83030 333 56090 59037 60007 83362=
41725 01996 00506 10175 20121 30013 40092 60002 70500 333 59044=
41739 02996 40000 10140 20048 39057 48510 60002 84030 333 56090 59015 60007 84360=
41744 12996 30000 10115 21001 38776 48497 60002 83020 333 56090 59032 83460=
41749 01996 61806 10190 20128 30048 40082 60002 70422 86030 333 56090 59070 60007 86360=
41756 01995 02706 10180 20163 30067 40134 60002 70104 333 59028 60007=
41757 11996 30000 10150 20132 30131 40144 60003 71000 80007 333 56009 59016 83270=
41764 02996 62112 10190 20138 30053 40103 60002 86010 333 56090 59019 60007 86360=
41768 02996 02702 10195 20162 30085 40092 60002 333 59040 60007=
41780 02996 02710 10225 20177 30088 40115 60002 333 59037 60007=
41785 02996 32302 10150 20113 30111 40124 60002 83030 333 56090 59023 60007 83360=
41859 01930 00000 10127 20120 30075 40114 70500 333 59001 70000==
41883 02930 00000 10140 20120 30102 40123 333 58003 70000==
41891 01930 00904 10142 20100 30088 40129 70500 333 58017 70000==
41907 01930 00000 10120 20110 30107 40123 70500 333 59002 70000==
41923 01935 00000 10166 20120 30115 40125 70500 333 58004 70000==
41936 01904 00000 10138 20140 30113 40121 74644 333 58006 70000==
41943 01930 00000 10148 20140 30112 40120 70500 333 58004 70000==
41950 01940 00000 10152 20150 30121 40123 70500 333 58004 70000==
41978 01422 30304 10200 20190 30113 40120 71011 83500 333 58002 70000 83616==
41992 01420 63302 10220 20210 30116 40118 70510 84530 333 59002 70000 84616 86362==
42027 32596 82301 10028 20005 38389 48479 8352/ 333 59035=
42071 31995 42303 10130 20082 40108 70510 84030 333 59036 84359=
42101 31595 23201 10124 20079 40108 71000 82500 333 59037 82630=
42111 31994 72702 10118 20083 39373 40087 71022 83031 333 59017 83360 87070=
42123 32996 30000 10158 20092 40086 83030 333 59055 83360=
42131 31696 50000 10124 20092 40112 81501 333 59036=
42165 32996 30000 10184 20079 40080 80001 333 59048 83070=
42182 31996 20000 10110 20086 40104 71000 82030 333 59032 82360=
42189 31595 20000 10110 20090 40102 71000 81501 333 59010 81630=
42309 31394 81104 10152 20149 40139 71021 8562/ 333 58015=
42314 21495 80000 10150 20132 40136 71062 8363/ 333 58013 6002/ 83618 88360=
42328 32996 52305 10212 20159 40064 83031 333 59039 83360 83070=
42339 31995 02001 10176 20092 40092 70500 333 59047=
42348 31995 00000 10152 20071 40110 70500 333 59039=
42361 31995 00000 10126 20099 40112 70500 333 59028=
42369 31995 00000 10110 20079 40110 71000 333 59009=
42379 31994 00000 10112 20100 40107 71000 333 58004=
42415 31495 80000 10172 20141 40143 71022 85520 333 58018 85618 85459=
42452 31995 00000 10166 20110 40129 70500 333 59018=
42492 31995 00000 10146 20096 40114 70500 333 59001=
42559 32996 00000 10142 20078 40113 333 59029=
42571 31996 00000 10132 20086 40118 70500 333 59022=
42591 31995 00000 10126 20066 40128 70500 333 59005=
42623 31494 30000 10138 20127 39243 40129 71000 83600 333 58008 83710=
42634 32996 03401 10196 20152 40110 333 59035=
42647 31996 00000 10174 20111 40113 70500 333 59026=
42667 31996 01805 10164 20060 39527 40125 70500 333 59024=
42675 31995 00000 10144 20110 40128 70500 333 59021=
42701 31996 00000 10128 20045 39383 40131 70500 333 58007=
42724 31994 00000 10128 20121 40123 71000 333 58006=
42737 32996 00000 10196 20125 40122 333 59023=
42754 31995 02002 10162 20096 39477 40123 70500 333 59021=
42779 32996 00000 10142 20068 39420 40134 333 59010=
42798 31995 03203 10144 20089 40125 70500 333 58007=
42809 31995 00000 10184 20127 40125 70500 333 58000=
42840 32996 00000 10196 20156 40120 333 59016=
42867 31995 00000 10138 20091 40132 70500 333 59016=
42874 31995 00000 10174 20116 40127 70500 333 59012=
42886 31995 00000 10122 20082 40140 70500 333 58002=
42895 32996 00000 10186 20156 40122 333 58001=
42909 32996 09902 10210 20059 40120 333 59012=
42971 31995 03402 10184 20167 40127 71000 333 58005=
43003 31995 00000 10208 20151 40107 70400 333 59007=
43014 31995 03202 10164 20103 39466 40125 70544 333 59013=
43041 31995 00000 10136 20091 39503 40139 71000 333 59007=
43063 32996 00000 10140 20115 39501 40146 333 59004=
43086 31995 00000 10156 20138 39935 40119 70500 333 58005=
43110 31996 00902 10204 20178 40108 70544 333 59004=
43117 32996 00000 10190 20136 40126 333 59006=
43128 31996 10000 10190 20132 39514 40131 70511 80001 333 58004 81070=
43150 31996 23202 10240 20228 30054 40115 70500 80001 333 59001 82075=
43185 31995 03203 10226 20216 30101 40105 71000 333 59007=
43189 31996 00000 10220 20194 30106 40115 70500 333 59001=
43192 31995 00502 10252 20246 40104 74242 333 59003=
43201 32996 02701 10208 20119 39373 40103 333 58001=
43213 31995 00000 10226 20170 39780 40099 70500 333 59004=
43233 32996 20703 10198 20173 39302 40127 80001 333 59004=
43237 32996 00000 10194 20142 39688 40086 333 59004=
43245 31996 00000 10242 20227 30080 40107 70500 333 59006=
43279 31595 30000 10222 20210 30099 40117 71000 82501 333 59004 82620=
43284 31395 30503 10250 20226 39989 40105 71000 82601 333 59005 82708=
43295 32996 10000 10188 20152 39100 48502 80001 333 59006 81075=
43314 32996 20000 10262 20239 40105 80001 333 59005=
43329 31996 10000 10206 20197 30096 40110 71000 80001 333 59006=
43333 31495 10000 10220 20205 40115 71000 81500 333 59008 81618=
43344 31495 49902 10204 20198 30015 40116 71011 82501 333 59004 82616 83075=
43353 31495 00704 10256 20230 40107 71021 80000 333 56000 59007=
43369 32596 30000 10260 20231 40105 83500 333 59005 83620=
43371 31994 10000 10238 20229 30035 40108 71000 80001 333 59008 81071=
43404 11970 23200 10185 20185 30098 40102 5/000 60008 702// 333 55002 553// 20000 59010 82080 91001=
43413 11470 31001 10222 20222 30104 40109 5/002 60008 70200 82100 333 553// 20000 59011 82118 91002=
43418 01470 10000 10225 20217 30067 40108 57/// 60008 70300 81100 333 59011 60008 81118=
43421 11470 10501 10223 20222 30002 40109 52001 60008 70200 81000 333 553// 20000 59011 81818 91002=
43422 01/65 10000 10198 20193 39974 40111 60008 702// 333 55002 59008 60008 81080=
43424 01970 00701 10220 20211 30101 40103 57001 60008 70200 333 59009 60008=
43436 01470 30000 10240 20225 30107 40110 51002 60008 70200 81000 333 59004 60008 81818 83080=
43441 01970 31801 10220 20205 39963 40097 57001 60008 70300 333 59012 60008 83280=
43444 01970 00901 10194 20183 39572 40102 51001 60008 70200 333 59008 60008=
43450 01950 00501 10212 20209 30098 40110 53001 60008 71000 333 59006 60008=
43466 01970 00900 10240 20207 30096 40104 54000 60008 70200 333 553// 20000 59009 60008 91001=
43467 01958 00000 10244 20221 30099 40105 51001 60008 70210 333 59005 60008=
43473 01970 01401 10124 20124 38119 48490 53002 60008 70000 333 553// 20000 59008 60008 91003=
43475 01470 13201 10233 20210 30102 40107 52002 60008 701// 81100 333 553// 20000 59012 60008 81118 91003=
43476 01968 10000 10150 20140 38771 48511 60008 70110 333 55002 59007 60008 81012=
43486 11465 41000 10224 20224 30006 40107 51003 60008 70510 84000 333 55002 553// 20000 59008 84816 91001=
43495 01970 10102 10250 20227 30087 40101 5/000 60008 70300 81000 333 59120 60008 81360=
43497 01470 10102 10237 30084 40101 54000 60008 70100 81100 333 553// 20000 59013 60008 81118 91003=
44212 42/// 21801 11300 21343 39168 40463 52007 82040 333 21304 3/135 47019==
44213 429// 01401 11269 21304 38806 40440 52006 333 21276 3/134 47015==
44214 42970 23205 11166 21249 38266 40382 52005 80001 333 21168 3/120==
44215 42/// 11101 11206 21245 38398 40411 52007 81040 333 21217 3/127 46001==
44217 32998 00000 11246 21283 37825 40507 53002 333 21247 42001 91200 555 31297=
44218 429// 11402 11172 21214 38603 40377 52005 80001 333 21182 3/123 46003==
44219 32999 01203 11255 21282 38628 40451 52010 333 21255 42004 91204 555 31269=
44265 429// 03601 11249 21278 38874 40447 52004 333 21249 3/129 43007==
44266 329// 03505 11177 21232 37739 40407 52006 333 21180 91206 555 31198=
44404 42956 00903 10062 21001 38085 48432 80000 333 59001=
44416 42656 13603 10076 20070 39322 40090 81100 333 58003=
44424 42457 10000 11006 21061 37631 47997 81100 333 59006=
44434 41330 70402 10139 20120 39203 48490 710// 83550 58016=
44438 42/0/ ///// 11//// 2//// 3//// 4////=
44449 41930 00202 10098 20098 39995 40112 710// 80000 333 58009=
44454 41450 21703 10074 20067 38630 48466 71044 82100 333 58007=
44462 42458 10902 10060 20049 38223 48450 81100 333 58010=
44474 41010 70000 10076 20067 38230 48479 710// 87800 333 58012=
44477 41440 12601 10088 20070 38798 48504 710// 81100 333 58015=
44478 41920 01701 10102 20098 30031 40113 710// 80000 333 58014=
48010 42505 40000 10150 20134 39955 40112 83730 333 20145 58024==
48020 41920 00000 10138 20131 71044 333 20130==
48025 11110 60000 10162 20125 39984 40128 58027 60002 74044 85840==
48048 41940 00000 10183 20180 30042 40101 70500 333 20178 58012==
48052 32950 00000 10200 20185 333 20195=
48062 41430 33602 10216 20205 30101 40107 74144 83500 333 20163 59009==
48064 42950 00401 10214 20175 30016 40074 333 20193 59007==
48094 41950 00000 10215 20205 30103 40113 71000 333 20203 58002==
48109 41920 00000 10210 20100 30111 40114 71011 333 20160 59018==
51076 14066 03301 11193 21213 39398 40354 57002 60001 333 11091 21200 3/103 4/025 59020 70000 90761 91102==
51087 14069 01201 11183 21215 39251 40362 57001 60001 333 11063 21207 3/106 4/018 59012 70000 90761 91104==
51156 14079 00102 11146 21176 38707 40330 57004 60001 333 11045 21153 3/117 59014 70000 90761 91104==
51243 14/56 /0301 11166 21195 39749 40344 57003 60001 70500 333 11072 21173 3/115 59023 70000 90761 91102==
51334 14033 01401 11191 21214 39901 40343 57003 60001 70500 333 11093 21206 3/112 4/012 59021 90761 91103==
51379 14063 01501 11190 21215 39323 40346 57010 60001 333 11049 21193 3/107 4/022 59021 70000 90761 91103==
51463 14/73 /1501 11094 21148 39055 40314 57012 60001 333 11034 21111 3/101 4/036 59031 70000 90761 91104==
51573 14/65 /3401 11030 21178 30229 40280 52002 60001 333 10069 21034 3/110 59017 70000 90761 91103==
51644 14/42 /0101 11079 21119 38987 40292 52002 60001 70500 333 10046 21087 3/107 59007 70000 90761 91103==
51656 14/50 /0501 11089 21117 39197 40302 54000 60001 70500 333 10048 21109 3/113 59003 70000 90761 91103==
51709 14/50 /3002 11049 21150 38650 40273 57003 60001 70600 333 10029 21053 3/108 59018 70000 90761 91104==
51711 14/59 /1001 11095 21152 38018 40241 57003 60001 333 10026 21106 3/113 59011 70000 90761 91105==
51716 14042 00000 11061 21110 38945 40281 57001 60001 70600 333 10056 21072 3/111 59016 70000 90761 91103==
51765 14/58 /2302 11077 21115 39261 40301 52001 60001 333 10052 21097 3/114 59002 70000 90761 91103==
51811 14050 02501 11057 21135 38815 40273 57002 60001 70600 333 10053 21066 3/113 59018 70000 90761 91103==
51818 14/50 /3001 11065 21176 38660 40273 57003 60001 70600 333 10054 21086 3/114 59015 70000 90761 91103==
51886 14/80 /0701 11155 21272 37106 40308 52006 60001 333 11027 21155 3/123 59005 70000 90761 91107==
52203 14/71 /0902 11078 21174 39372 40300 52009 60001 333 10023 21104 3/116 59008 70000 90761 91106==
52602 14/66 /0401 11161 21237 37260 40332 52011 60001 333 11034 21190 3/121 59008 70000 90761 91107==
52818 14/80 /2702 11125 21233 37231 40296 52018 60001 333 11013 21132 3/119 59005 70000 90761 91105==
52908 14/80 /2904 11224 21275 35722 40355 52003 60001 333 11095 21232 3/125 58009 70000 90761 91111==
55228 14/80 /2102 11066 21199 35982 40088 57002 60001 333 10008 21159 3/111 59016 70000 90761 91111==
55299 14/80 /0301 11165 21316 35803 40206 54000 60001 333 11027 21165 3/120 59001 70000 90761 91104==
55578 14/71 /0101 11048 21223 36309 40037 52003 60001 333 10097 21051 3/111 59006 70000 90761 91105==
55591 14/80 /1202 11034 21174 36475 40064 52008 60001 333 10070 21034 3/110 58021 70000 90761 91105==
55664 14/80 /0203 11064 21281 35962 40042 54000 60001 333 10076 21115 3/114 59001 70000 90761 91120==
55773 14/65 /1701 11101 21113 35970 40162 52001 60001 333 10021 21120 3/108 58010 70000 90761 91107==
56004 14/79 /1600 11217 21272 35788 40334 52002 60001 333 11096 21229 3/128 58011 70000 90761 91111==
56018 14/80 /1601 11178 21247 36162 40287 52003 60001 333 11031 21178 3/122 58029 70000 90761 91109==
56312 14/80 /1301 11009 21057 37067 40170 52001 60001 333 10083 21010 3/101 58025 70005 90761 91105==
62306 42960 00000 10103 20079 40189 57017==
62309 42960 00704 10126 20080 40185 57005==
62332 42960 00612 10148 20080 40184 57016==
62366 45960 00606 10111 20050 40170 57014==
62387 42960 03307 10070 20031 40155 57011==
62393 42960 03202 10078 20014 40166 57014==
62405 42960 00000 10094 21061 40135 57015==
62414 42960 00000 10137 21073 40133 57013==
62419 42960 03006 10098 21025 40138 57006==
62420 42960 03501 10103 20037 40170 57007==
62435 42960 03503 10104 21008 40148 57006==
62458 42960 00000 10106 21039 40145 57013==
41256 32960 02502 10207 20095 30123 40140 92345 333 59003 55000 55407 55408 55507 55508=
