SIPK OPKC 150900=
41504 22697 22702 10110 21092 37804 48438 82200 333 56900 59024 60007 82845 23%=
41505 22696 53106 10095 21038 38/// 48/// 82130 333 56990 58/// 82840 84360 40%=
41506 22697 41804 10155 21059 38479 48476 82520 333 56990 59039 60007 82640 83460 22%=
41507 22997 03602 10200 20056 39251 49760 333 59015 60007 39%=
41508 22697 22302 10189 21026 38630 48505 82200 333 56900 59024 60007 82835 23%=
41509 22997 32302 10165 21018 38725 48472 80001 333 56009 59024 60007 83070 28%=
41510 22997 40000 10105 21022 37881 48486 84030 333 56090 59012 60007 84360 41%=
41515 22997 00502 10116 21079 38562 48524 333 58012 60007 25%=
41516 92996 11304 10170 21049 38504 48463 81030 333 56090 59033 60007 81360 22%=
41517 22697 50000 10090 21088 37758 48469 83530 333 56990 59032 60007 83640 83360 27%=
41518 22697 33602 10172 21102 38/// 48/// 82230 333 56990 5//// 60007 82840 81362 15%=
41519 22997 00000 10170 21102 38749 48494 333 59067 60007 15%=
41520 22697 31806 10100 21090 37600 48219 83400 333 56900 59027 60007 83840 25%=
41523 22997 02302 10200 20010 39055 48488 333 59025 60007 28%=
41524 22997 00502 10215 20023 39327 40170 333 59022 60007 28%=
41525 22997 00000 10070 21062 37649 48363 333 59022 60007 39%=
41528 22997 00000 10215 20038 39187 48496 333 59047 60007 31%=
41529 22996 22302 10245 20047 39734 40106 80001 333 56009 59034 60007 82070 28%=
41534 22997 20000 10240 20002 39701 40105 82030 333 56090 59030 60007 82362 21%=
41535 22997 01302 10195 21059 38684 48460 333 59023 60007 19%=
41536 22997 00000 10220 21022 39011 48499 333 59015 60007 20%=
41560 22997 00000 10120 21049 38329 48555 333 59003 60007 30%=
41562 22997 00902 10235 21058 39670 40124 333 59012 60007 14=
41565 22997 03104 10156 21001 38665 48534 333 59001 60007 34%=
41567 21996 00000 10245 20030 39679 40084 70500 333 59030 60007 25%=
41571 21996 23112 10230 21042 39536 40106 70500 80001 333 56009 59023 60007 16%=
41573 22997 01304 10140 20017 37951 48466 333 59017 60007 43%=
41574 22997 02304 10160 20004 38319 48494 333 59025 60007 35%=
41576 22997 01806 10265 21003 40114 333 59026 60007 17%=
41577 21696 22304 10235 21008 39496 40096 70501 82500 333 56900 59030 60007 82640 20%=
41593 21996 02302 10270 20075 39890 40097 70500 333 59024 60007 29%=
41597 22997 01802 10275 20054 40114 333 59027 60007 24%=
41598 21996 02304 10265 20052 39835 40099 70500 333 59033 60007 25%=
41599 21996 02706 10230 20019 39827 40112 70501 333 59025 60007 25%=
41600 21996 03102 10240 20068 39816 40104 70500 333 59040 60007 33%=
41620 32996 03104 10175 20000 38567 48472 333 59005 60007 31%=
41624 22997 00000 10275 20104 40098 333 59029 60007 33%=
41625 22997 03102 10265 20081 40084 333 59036 60007 31%=
41630 21996 03104 10260 20073 40108 70500 333 59027 60007 30%=
41633 22997 00000 10260 20086 4//// 333 5//// 60007 33%=
41634 22997 00000 10225 21011 3//// 4//// 333 5//// 60007 21%=
41635 22997 02704 10270 20089 3//// 4//// 333 5//// 60007 32%=
41636 21996 02302 10275 20109 39939 40117 70500 333 59025 60007 36%=
41638 21996 03102 10270 20101 4//// 70500 333 5//// 60007 35%=
41639 22997 03104 10240 20068 4//// 333 5//// 60007 33%=
41640 21996 03102 10250 20084 40106 70500 333 59023 60007 35%=
41641 22997 032006 10245 20089 39836 40104 333 59025 60007 37%=
41642 22997 00000 10250 20096 4//// 333 5//// 60007 38%=
41643 21996 03102 10240 20094 39842 40113 70501 333 59020 60007 39%=
41644 21996 00000 10240 20094 4//// 70400 333 5//// 60007 39%=
41646 21996 00000 10265 20081 39911 40122 70500 333 59038 60007 31%=
41652 21996 01304 10265 20094 39928 40102 70500 333 59032 60007 34%=
41660 22697 43116 10150 20018 38433 48522 81530 333 56990 59018 60007 81650 83360 41%=
41661 22697 23102 10150 20031 38383 48509 82500 333 56900 59036 60007 82635 45%=
41669 22997 02304 10280 20116 3//// 4//// 333 5//// 60007 36%=
41670 21996 00000 10260 2099 3//// 4//// 70500 333 5//// 60007 36%=
41674 21996 00904 10255 20091 3//// 4//// 70500 333 5//// 60007 35%=
41675 21996 02304 10260 20058 39963 40104 70500 333 59018 60007 27%=
41676 21996 00504 10270 20101 39979 40131 70500 333 59017 60007 35%=
41677 21996 00902 10260 20099 39937 40100 70500 333 59016 60007 36%=
41678 21996 00504 10265 20081 40114 70500 333 59036 60007 31%=
41679 21996 03102 10240 20106 4//// 70511 333 5//// 60007 43%=
41680 21995 03604 10260 20086 40112 70500 333 59029 60007 33%=
41685 22997 03102 10215 21084 38887 48482 333 59019 60007 13%=
41696 22997 02304 10155 21021 38007 48514 333 59004 60007 30%=
41697 22997 00000 10315 20034 40092 333 59019 60007 17%=
41700 21996 03604 10270 20075 40095 70500 333 59022 60007 29%=
41701 21996 00506 10295 20127 40109 70500 333 59015 60007 36%=
41710 22997 21302 10235 20010 40094 80001 333 56009 59017 60007 82070 23%=
41712 22997 31304 10215 20038 39192 48520 80008 333 56009 59005 60007 83270 31%=
41715 21996 00000 10280 20149 40097 70500 333 59026 60007 45%=
41716 21995 00506 10280 20078 40108 70500 333 59025 60007 28%=
41718 21995 00502 10290 20108 40085 70500 333 59036 60007 32%=
41724 21996 00904 10295 20127 40115 70500 333 59023 60007 36%=
41725 22996 00504 10285 20124 40087 333 59039 60007 37%=
41726 22996 00000 10305 20130 30062 40132 333 59028 60007 34%=
41738 22996 32716 10305 20079 40122 80001 333 56009 59031 60007 83072 24%=
41739 22996 02706 10260 20057 39039 48516 333 59020 60007 26%=
41742 22997 40000 10325 20100 40102 80001 333 56009 59032 60007 84070 25%=
41743 21996 01302 10295 20149 70500 333 60007 41%=
41744 22996 03104 10235 20000 38785 48517 333 59021 60007 22%=
41745 21996 03102 10305 20141 70400 333 60007 37%=
41746 01996 07004 10300 20134 30056 40108 70500 333 59014 60007 36%=
41747 21996 01306 10290 20119 40097 70400 333 59017 60007 35%=
41748 22996 01302 10280 20188 40116 333 59007 60007 57%=
41749 21995 02304 10310 20159 40102 70400 333 59020 60007 40%=
41756 22996 02708 10295 20115 40126 333 59038 60007 33%=
41757 22996 02312 10315 20145 30124 40136 333 59021 60007 36%=
41759 22996 02304 10315 20166 40123 333 59028 60007 41%=
41760 01996 22316 10260 20199 40113 70500 80001 333 56009 59025 60007 82080 69%=
41764 22996 00000 10320 20091 30048 40097 333 59020 60007 24%=
41765 22996 03602 10330 20121 30066 40100 333 59023 60007 28%=
41766 21996 03104 10315 20134 40112 333 59053 60007 70000 33%=
41767 22996 02706 10325 20179 3//// 4//// 333 60007 42%=
41768 22996 02306 10330 20185 30092 40099 333 59033 60007 42%=
41780 21996 22506 10310 20188 30083 40110 70400 80001 333 56009 59019 60007 82070 48%=
41783 02996 02704 10320 20162 30080 40109 60002 333 59027 60007 39%=
41785 22996 22302 10325 20159 30106 40119 80001 333 56009 59020 60007 82070 37%=
41786 22996 02706 10340 20125 30062 40099 333 59034 60007 27%=
41BAG 22697 30000 10055 21088 60002 83500 333 56900 60007 83640 35%=
41BKI 22996 41304 10235 20010 39693 40101 84030 333 56090 59032 60007 84360 23%=
41SKP 22997 03602 10235 20111 4//// 333 5//// 60007 45%=
43532 22997 00000 10230 20018 39282 40060 333 59041 60007 25%=
43533 22997 00000 10230 20034 39192 48486 333 59024 60007 28%=
43563 22997 02302 10250 20023 40088 333 59029 60007 23%=
41530 21696 41306 10240 21009 39697 40101 70511 81431 333 56999 59031 60007 81840 19%=







Data Generated from File : D:/all data handling/Rmc_lhr/2025021509.FSU.txt
15/02/2025   10:05:11
____________________________________________________________________________________________
15020 24570 53203 11026 21096 30028 40235 51008 83270 333 55307 20925 60007 91009 90730 91110==
15090 21470 53203 11025 21086 30136 40233 51013 70273 82870 333 55306 10270 21056 30951 69907 91008 90730 91110==
15108 21/00 93005 11146 21160 38009 48445 51007 74543 89/// 333 55300 20385 60007 91006 90730 91107==
15150 21570 73406 11028 21107 30012 40236 51020 70372 84570 333 55302 20614 69907 91011 90730 91113==
15170 21/18 82902 11024 21033 39380 42773 52024 77177 8802/ 333 55300 20129 60027 91004 90730 91105==
15280 21/00 92706 11065 21074 37428 47968 52003 77173 89/// 333 55302 20680 60037 91009 90730 91110==
15310 21570 83505 11015 21076 30120 40210 51031 70372 8587/ 333 55300 00240 20438 30427 69907 91012 90730 91116==
15335 27570 83406 11005 21054 30193 40201 52031 7858/ 889// 333 55300 20308 69907 91012 90730 91114==
15350 22570 80308 11011 21050 30078 40203 51029 885// 333 55300 20248 60007 91012 90730 91117==
15360 25563 43512 10016 21002 30157 40175 51024 84500 333 55304 20831 60007 91015 90730 91118==
15420 21565 80705 10017 21017 30081 40196 51027 77176 885// 333 55300 20119 69907 91011 90730 91111==
15460 24568 80306 10028 21034 30171 40197 52027 8457/ 333 55300 20283 60007 91010 90730 91112==
15470 21538 81102 10016 20005 30057 40187 51025 72162 8457/ 333 55300 20117 69917 91004 90730 91104==
15480 24466 51001 10041 20001 30164 40182 52024 85600 333 55308 00650 21319 30699 60007 91007 90730 91107==
15549 41558 60703 10019 21011 39759 40185 52028 71022 86500 333 10020 20003 555 580//=
15552 42460 63602 10075 20016 30122 40171 52024 82515 333 10079 20051 555 566// 92035 92437=
15640 42776 30000 10087 20059 39849 40161 53020 81231 333 10089 20023 555 582//=
15655 42960 82502 10098 20044 30132 40165 52014 80007 333 10098 20045 555 569// 92022 92427=
15730 41670 22001 10091 20034 39759 40154 52002 70240 81231 333 10094 20019 555 568//=
16627 42465 50000 10136 20097 30151 40156 51002 83650 333 81710 83625 90730 91104==
16650 42560 60000 10122 20099 30154 40163 51007 84541 333 84625 83360 85068 90730 91105==
16667 42460 71513 10134 20087 30170 40180 54000 85870 333 82818 84625 87358 90730 91117==
16706 41460 51404 10152 20100 30168 40174 51015 76062 85800 333 82818 85625==
16723 41460 82905 10106 20086 30180 40194 53007 76162 8682/ 333 82818 84625 88458 90730 91112==
16742 42460 71312 10132 20105 30034 40190 51005 85648 333 81710 84620 87268 90730 91120==
16749 41460 89902 10136 20125 30176 40191 52006 76062 8567/ 333 81710 85620 88358 90730 91115==
16754 42560 71809 10152 20107 30130 40180 51002 81136 333 81820 83358 86068 90730 91116==
16760 42460 71810 10108 20087 40186 51003 84852 333 82818 83620 85068 90730 91116==
16765 42460 51607 10168 20102 40188 50002 84101 333 84818 84068 90730 91112==
17022 41567 73005 10109 20052 30009 40175 52006 76022 85570 333 85633 87360 90730 91111==
17024 42670 62306 10146 20030 30075 40153 58006 82530 333 82635 86359 90730 91120==
17026 42/70 43101 10170 20032 30131 40170 57011 82035 333 82359 84270 90730 91110==
17031 42/70 41909 10142 21027 30178 40184 57011 84030 333 84360 90730 91115==
17034 42/70 30704 10094 20029 30155 40202 57011 83030 333 83360 90730 91106==
17038 42/70 30908 10089 20021 30155 40204 57012 83030 333 83362 90730 91111==
17042 42970 00902 10108 20010 30176 40216 57015 333 90730 91116==
17050 41/56 40000 10087 20074 30105 40168 50005 72844 84030 333 84360 90730 91103==
17056 42670 70302 10107 20075 30159 40163 50002 84230 333 84835 87360 90730 91104==
17060 41660 72506 10109 20070 30133 40173 51006 72582 84150 333 84840 86357 90730 91115==
17070 42565 72301 10080 21002 39305 40180 58003 85520 333 85630 87460 90730 91102==
17074 42570 70402 10043 20036 39242 40192 57006 84550 333 84633 87359 90730 91106==
17084 42670 62103 10040 21023 39299 40225 58006 82540 333 82640 86360 90730 91104==
17085 42/70 21902 10097 21039 39715 40211 57016 82030 333 82360 90730 91108==
17092 42960 00000 11008 21064 38905 48525 57009 333 90730 91103==
17096 42960 02802 11080 21080 38252 48525 50000 333 90730 91106==
17098 42960 02306 11035 21102 38195 48515 58001 333 90730 91112==
17100 41650 40000 10005 21017 39232 40263 58001 71011 82530 333 82640 84358 90730 91104==
17112 41665 61913 10129 20100 30157 40159 52002 70182 83270 333 83835 86360 90730 91118==
17115 41660 71605 10105 20080 30126 40178 50003 72582 84250 333 84835 87360 90730 91108==
17116 42662 70000 10109 20034 30057 40180 51002 84250 333 84835 86360 90730 91105==
17124 42660 50511 10078 21002 39272 40200 58006 85500 333 85640 90730 91114==
17128 42560 70000 10038 21049 39098 40222 58002 84250 333 84830 86358 90730 91106==
17135 42670 62103 10061 21033 39325 40218 58007 84250 333 84840 86360 90730 91107==
17140 42965 22603 10036 21078 38713 48495 57003 80001 333 82070 90730 91108==
17150 41660 50202 10127 20072 30053 40177 58002 70182 83130 333 83835 84360 90730 91107==
17160 42670 41801 10033 21070 39042 48501 58003 84500 333 84640 90730 91103==
17170 42660 23006 10000 21084 38348 48521 58002 82500 333 82640 90730 91114==
17175 42665 61804 10135 20077 30164 40168 50003 83250 333 83840 85360 90730 91110==
17184 42670 62901 10110 20040 30074 40186 58002 83240 333 83840 86360 90730 91102==
17190 42670 71301 10065 21009 38999 48500 58003 84550 333 84635 87360 90730 91104==
17195 42670 50409 11020 21072 39003 48506 58005 83550 333 83640 85358 90730 91112==
17200 42960 03203 10023 21061 39254 40281 58004 333 90730 91106==
17202 42670 30905 10023 21038 39195 40276 58003 83500 333 83635 90730 91107==
17203 42970 01302 10010 21071 38923 48564 58004 333 90730 91104==
17210 42670 12202 10060 21030 39189 40244 58004 81100 333 81840 90730 91106==
17219 42560 61605 10117 20069 30047 40193 50001 83250 333 83830 86360 90730 91111==
17234 42670 50803 10125 20042 30131 40199 50000 83230 333 83840 85360 90730 91109==
17237 42670 60000 10114 20007 39691 40199 58005 83270 333 83835 86360 90730 91102==
17240 42570 52001 10090 21011 39044 40193 58010 82101 333 82830 85070 90730 91106==
17244 42670 31704 10057 21034 39015 48505 58004 82530 333 82640 83360 90730 91108==
17248 42970 32903 10035 21046 39000 48497 58003 80004 333 83070 90730 91105==
17250 42/70 40405 10027 21060 38821 48505 58002 84050 333 84360 90730 91112==
17260 42/60 10407 10075 20010 39378 40214 58001 81030 333 81360 90730 91111==
17270 42670 41204 10086 20025 39591 40252 58002 82240 333 82840 84360 90730 91107==
17275 42670 30000 10043 21040 39033 48541 50000 83100 333 83840 90730 91110==
17280 42960 03104 10068 21010 39445 40254 58005 333 90730 91107==
17290 42670 71105 10149 20082 30163 40195 51004 84270 333 84835 87360 90730 91112==
17292 41570 70701 10086 20026 39434 40197 58001 70282 83250 333 83830 86358 90730 91103==
17300 42560 63604 10132 20046 30140 40212 58005 84101 333 84830 86070 90730 91109==
17310 42970 82103 10160 20046 30186 40193 57006 80007 333 88270 90730 91105==
17330 42970 60000 10152 20001 30191 40209 58013 80001 333 86070 90730 91104==
17350 42960 00410 10150 21006 30127 40206 58003==
17370 42970 30000 10148 20044 30209 40213 57007 80001 333 83070==
17375 42670 60000 10152 20048 30196 40198 58001 84230 333 84835 86360 90730 91104==
33088 42/60 63002 11048 21070 30014 40214 52001 86070==
33135 41660 53305 11062 21102 30024 40179 52011 72683 82530==
33177 42570 32603 11037 21078 39986 40234 52001 82501==
33317 42/70 63203 11049 21088 39865 40218 52005 86030==
33393 42/60 33303 11033 21104 39830 40238 54000 83030==
33415 41460 60000 11077 21095 39813 40234 52002 72682 86300 333 86916==
33429 42660 63305 11053 21085 39779 40221 52005 84531 333 84640==
33466 41565 63205 11059 21107 39987 40184 52013 72682 86300==
33506 41560 83206 11057 21075 39926 40130 52016 73683 883//==
33562 41556 83604 11052 21069 39896 40215 52008 78582 8695/==
33587 41560 83511 11055 21093 39915 40190 52013 70282 883// 333 88920==
33658 41584 43105 11036 21085 39923 40236 52001 70281 84500 333 84621==
33663 42570 53202 11023 21131 30114 40214 52008 82330==
33664 42598 63305 11036 21100 39891 40221 52006 86200=
33678 41598 52807 11056 21084 30005 40226 52006 70282 85900 333 91112=
33679 42497 63403 11031 21081 30012 40211 52009 86900 333 93704=
33711 41560 83407 11044 21060 39942 40160 52019 72682 883// 333 88921==
33745 41597 63406 11046 21105 30031 40227 52009 70282 83930=
33748 41597 63304 11038 21078 39919 40216 52011 70282 86300=
33754 42998 73104 11034 21094 30047 40199 52021 87030=
33761 41563 73307 11061 21082 39958 40192 52022 78587 87360==
33791 41466 83306 11034 21052 30021 40154 52029 72272 886// 333 88715==
33815 41598 73405 11038 21107 39989 40206 52020 70282 86930 333 91116=
33837 41330 83404 11008 21016 30122 40175 52025 77387 8872/==
33881 41598 73406 11036 21072 30011 40216 52017 70282 87300 333 91114=
33883 41598 83407 11033 21085 30034 40208 52022 72682 883// 333 91113=
33885 41597 73609 11040 21096 30079 40219 52028 70282 87300 333 91116=
33892 41596 83506 11048 21072 39976 40195 52028 72682 883// 333 91112=
33902 41510 83106 10000 21003 30090 40151 52023 78488 889//==
33924 41440 83506 10036 20024 30133 40146 52022 72162 8672/ 333 91011 90730 91110==
33946 42580 82310 10088 20040 39908 40127 57008 885// 333 88627 91014 90730 91114==
33983 42460 81908 10097 20044 30070 40130 57022 8255/ 333 91013 90730 91114==
34300 41460 83204 11023 21043 39920 40102 52007 72272 889//==
34336 41520 82402 11012 21018 39975 40080 57024 78582 873//==
34344 41/40 81906 11017 21017 39992 40082 56019 77172 8802/ 333 91011 90730 91113==
34356 42/70 71805 11027 21069 39970 40121 57024 85056==
34357 42/70 71806 11030 21056 39948 40107 56028 87030 333 91011 90730 91117==
34398 42570 62106 11017 21066 30171 40184 57013 86900==
34415 41417 83202 10005 21003 39988 40086 53001 77377 8772/==
34438 41420 81805 11018 21028 39905 40100 57027 78682 883// 333 90730 91110==
34445 42/70 71707 11010 21029 39992 40108 57028 87070 333 91011 90730 91111==
34461 42960 61805 11032 21076 30080 40137 58023 80006 333 90730 91112==
34473 42997 81908 11050 21071 30127 40167 57014 80007=
34476 41440 81809 11050 21062 30168 40176 57015 71022 886// 333 91011 90730 91111==
34504 41214 83306 11020 21032 39942 40121 52014 78683 889//==
34535 42570 81903 10017 21016 30042 40115 57028 8557/ 333 90730 91110==
34545 42570 71705 11003 21015 30018 40131 58029 81331==
34555 41540 71906 11039 21048 30063 40157 58023 71022 87500 333 91010 90730 91111==
34560 42/60 71909 11006 21056 39952 40146 57027 83031 333 91012==
34578 41240 81804 11042 21049 30180 40187 58017 71022 886//==
34579 41520 81706 11039 21044 30142 40186 57015 71022 885//==
34644 41520 81805 10003 20001 30059 40137 58030 71042 885//==
34646 42570 61903 11002 21002 30065 40148 57030 84530==
34655 42560 81505 11003 21010 30105 40166 58024 885//==
34662 42970 81804 10006 21059 30161 40173 57025 80001==
34691 42/70 6//04 11032 21064 30432 40419 57011 86030==
34720 42570 72104 10004 21005 30082 40122 56028 87600 333 90730 91111==
34727 42560 82111 10041 20015 30095 40125 56023 884// 333 91014 90730 91114==
34743 42/60 61804 10037 21014 30073 40163 57025 82031==
34759 42560 61803 10046 21009 30050 40181 57022 82501==
34772 42570 61906 10008 21038 30195 40198 57021 865//==
34785 42470 82104 11001 21055 30233 40210 58017 886//==
34798 42/60 82005 11012 21051 30377 40347 58014 8805/==
34824 42560 82204 10083 20017 30136 40141 57022 8353/==
34838 42960 61905 10092 21026 30060 40156 57025 80009 333 91011 90730 91113==
34845 42970 71903 10074 20000 30061 40168 58026 80001==
34858 42960 00000 10067 21016 30079 40186 57019==
34861 41/40 22204 10027 20011 39940 40185 57019 71041 81031==
34866 41970 01804 10037 21022 30204 40195 57023 70141==
34880 41560 72003 10010 21039 30239 40213 57016 70272 87900==
34887 42570 73204 10033 21027 30235 40212 57016 875//==
34949 42/// /1206 10068 21018 39628 40170 57022==
34954 42970 01403 10076 21013 30008 40181 58029==
34958 41940 80000 11008 21008 39993 40197 58021 71022 80008==
34975 41570 52004 10015 21001 30211 40207 58018 72842 83530==
34984 42570 71705 10033 21024 30247 40217 58015 85531==
35217 42560 7//06 11050 21078 30164 40206 58012 87500==
35302 42570 5//10 11025 21082 30172 40193 57013 83260==
35315 42598 71803 11040 21077 30157 40216 57009 87500=
35344 42999 02002 11085 21133 39936 40235 58006=
35358 42/60 52502 11082 21124 30059 40238 53007 85040==
35368 41999 81801 11038 21083 39959 40231 58001 70272 8802/=
35386 42998 01801 11068 21100 39698 40232 57009=
35394 42970 2//04 11050 21121 39544 40233 57013 80001==
35404 42998 02105 11012 21071 30187 40195 57019=
35406 41560 8//04 11042 21080 30213 40215 58011 70272 885//==
35416 41570 6//01 11028 21058 30101 40224 58006 70272 87500==
35426 42584 8//01 11069 21111 39938 40238 58004 885//==
35437 42598 82001 11075 21105 39926 40251 58004 885//=
35449 42998 71402 11087 21120 30129 40238 53004 80003=
35497 42/70 6//02 11060 21099 39699 40537 57012 83042==
35498 42998 00000 11071 21121 39335 40233 57013=
35514 42598 72003 11021 21056 30455 40451 58008 87500=
35522 42998 61402 11047 21079 39975 40233 58004 80001=
35542 42998 02703 11083 21130 30095 40248 58001=
35563 42998 00000 11060 21094 39440 40224 53003=
35576 42570 80704 11076 21120 39760 40222 57009 8652/==
35582 42998 70905 11071 21122 39613 40228 57010 80003=
35594 41997 80903 11076 21119 39372 40230 57013 77172 8802/=
35605 42598 82103 11032 21067 30243 40221 58010 885//=
35633 42998 22302 11054 21083 30027 40247 58006 80003=
35671 42570 4//03 11072 21106 39785 40227 53005 84500==
35699 42960 80204 11071 21104 39453 40226 57023 80007==
35700 41570 8//01 11025 21047 30249 40225 58009 70272 885//==
35715 42599 71504 10005 21057 30247 40232 58007 87500=
35739 41598 80000 11042 21084 30104 40428 58004 70277 8802/=
35746 42970 7//03 11050 21108 30181 40250 58001 80001==
35777 42997 50000 11052 21106 39866 40218 53003 80004=
35796 42/60 8//02 11071 21100 39788 40235 57013 82017==
35849 42570 7//03 11026 21074 30161 40248 52001 87500==
35895 41595 80605 11097 21109 39773 40233 57023 77373 8802/=
35907 42598 81303 10001 21052 30264 40233 58009 885//=
35925 42560 7//04 11006 21024 30127 40239 58004 86780==
35927 42698 61802 10014 21052 30234 58003 83530=
35953 41440 6//00 11017 21028 30109 40240 58001 71042 85630==
35969 42584 6//00 11032 21103 30067 40243 52014 86500==
35997 42698 61401 11049 21102 39772 40215 57013 82570=
36259 42984 02002 11176 21225 38240 48527 57007==
36335 42999 00902 11057 21096 39208 40246 57009=
36358 42999 00000 11051 21078 39213 40241 57011=
36394 42697 51705 11057 21113 39832 40264 57015 83540=
36397 42/84 3//02 11068 21134 39689 40265 57011 83040==
36403 42798 70804 11018 21087 39888 40251 57018 82530=
36418 42999 21201 11064 21118 39648 40277 57021 80003=
36421 42999 51101 11103 21142 39703 40289 57021 82031=
36428 42/84 7//02 11082 21162 39768 40285 57020 82049==
36439 42798 21304 11070 21138 38970 48484 57022 81541=
36498 42998 00103 11072 21105 39433 40240 57013=
36501 42999 00000 11064 21112 39477 40243 57013=
36535 42/84 1//00 11092 21152 39635 40289 57018 81030==
36546 42999 21702 11110 21139 39728 40290 57021 80001=
36619 42999 00801 11072 21124=
36622 42998 00401 11057 21111 39420 40235 57018=
36639 42984 0//01 11049 21173 39605 40217 57023==
36643 42899 60102 11120 21140 39597 40288 57019 82041=
36665 41996 03401 11129 21156 39519 40278 57022 71040=
36666 42498 32701 11131 21160 39772 40289 57024 83600=
36729 42998 01402 11040 21097 39717 40203 57021=
36736 42999 00903 10021 21096 39658 40204 57027=
36744 42998 70403 11056 21102 39759 40217 57009 87080=
36770 42998 52704 11006 21071 39463 40186 57001 83082=
36786 42999 50000 10017 21099 39260 40164 57014 85070=
36796 42998 00000 11069 21127 38982 48439 57021=
36803 42999 02604 11066 21107 39748 40206 57023=
36806 42999 01514 11078 21190 39764 40246 57025 333 91018 91124=
36819 42998 80000 11022 21071 39581 40197 57010 80004=
36821 42/84 5//02 11004 21067 39715 40205 57004 82032==
36839 42999 82802 10022 21063 39048 40158 57009 80001=
36843 42998 50701 10065 21055 39003 40140 57008 80002=
36846 42699 40905 11002 21055 38555 48454 56015 84550=
36859 42984 0//01 10056 21080 39446 40212 57026==
36870 42660 1//01 10057 21054 39185 40174 53016 81100==
36874 42999 02704 10004 21048 39405 40178 57001=
36877 42999 02403 10035 21044=
36885 42999 30000 10017 21040 39064 40181 53012 82031=
36889 42999 51603 11048 21218 36986 47002 57006 82031=
36894 42999 30000 10068 21059 39440 40158 57007 80001=
36905 42999 11301 10020 21088 38690 48456 57022 80002=
36911 42999 50000 10049 21007 39234 40176 58010 80031=
36927 42699 61402 10048 21100 38300 48460 57021 82952=
36934 42599 81102 10021 21032 38228 48361 57014 8793/=
36953 42899 30901 11014 21108 38153 48508 57018 83030=
36963 42999 42002 11074 21210 36974 48/// 57007 82051=
36974 42998 21402 10005 21092 37948 48479 57015 80001=
36982 42998 72110 11070 21242 38455 47014 57020 84057=
37018 42670 71408 10084 20042 30117 40192 57012 85901 333 91014 90730 91114==
37031 42960 01303 10071 21012 39974 40168 57028==
37054 42970 00903 10082 21027 39803 40184 57022==
37061 41940 00000 10031 20029 30030 40201 57019 71040==
37085 42570 51403 10048 21002 30239 40213 58020 85500==
37171 42560 61405 10087 20036 30193 40211 57010 82130 333 82820 91011 90730 91112==
37228 42970 00601 10067 21073 39342 40170 57021==
37235 41970 03301 10039 20002 39882 40201 57018 70141==
37472 41940 02404 10034 20005 30234 40211 57019 71011==
38149 42570 80201 10000 21061 30190 40269 52004 885//==
38178 41/40 80000 11007 21028 39914 40207 52003 71044 8802/==
38262 42570 80102 11001 21053 30167 40251 54000 885//==
38264 42570 70202 11004 21045 30154 40251 57004 875// 333 87630==
38345 42998 62704 10038 21028 38775 48480 53001 82032=
38353 42597 62602 10058 21036 39310 40202 52002 83530=
38388 42598 83601 10003 21052 30188 40261 52015 885//=
38392 42497 83202 10014 21015 30138 40243 58003 886// 333 88618=
38396 42560 7//01 10006 21020 30117 40245 58004 875// 333 87626==
38403 42/60 83202 10008 21028 30113 40237 58007 8802/==
38413 42/70 80602 10003 21034 39932 40229 58012 8802/==
38457 42660 72602 10053 21012 39622 40211 57006 87500==
38462 42684 60501 10040 21029 38745 48487 58005 83950==
38507 41397 81604 10042 20037 30138 40243 54000 75152 886// 333 88707=
38545 42998 80202 11001 21032 30056 40237 58007 8802/=
38565 12970 03402 10060 21026 39586 40159 58016 60002==
38579 12560 81901 10038 20009 39791 40213 58010 60002 885//==
38583 12660 83602 10061 21014 39893 40215 58013 60002 83541==
38599 41596 62601 10063 20002 39671 40209 57014 71022 85530 333 85626=
38611 41720 83501 10083 20009 39629 40206 57014 71022 8357/==
38613 42997 61802 10074 21007 40193 55014 80002=
38616 42597 72701 10057 20006 39199 40212 53002 87500=
38618 42/60 83501 10081 21014 39508 40193 57013 85061==
38647 42698 70303 10036 21057 30195 40239 57007 87500=
38656 41596 80202 10002 21007 30134 40247 52008 77177 8802/=
38683 42960 53405 10063 21008 39926 40204 58014 80001==
38687 42697 70505 10067 21016 39979 40216 58003 87900=
38696 12660 60502 10077 20013 39328 40177 58016 60002 86500==
38713 42997 80202 10062 21013 39020 48490 58008 82034=
38750 41597 80205 10098 20084 30272 40243 52002 76166 8872/=
38763 42598 70000 10021 20002 30144 40252 54000 86701 333 86724=
38774 41897 83202 10000 21015 30055 40258 52011 70277 8807/=
38799 42597 80704 10060 20009 39969 40202 58011 885//=
38806 42697 63603 10092 21014 39922 40181 58007 86500=
38812 42760 43603 10112 20058 39723 40169 58018 82330==
38836 41699 42502 10082 20023 39230 40159 58018 70282 83202=
38880 41297 83206 10014 20009 39979 40241 51008 77187 8802/ 333 88505=
38886 41596 83603 10036 21013 39991 40224 52007 78182 889//=
38895 42596 80000 10052 20020 39918 40211 58001 885//=
38911 42998 61501 10124 21007 39894 40184 58006 84072=
38915 42997 53302 10136 20034 39869 40185 57013 85030=
38927 12760 60406 10141 20062 39791 40157 58026 60002 86930==
38933 42997 50204 10109 20046 39683 40190 58026 82082=
38944 42998 23401 10137 20036 39582 40102 58027 82030=
38954 42899 60000 10033 21105 37922 48510 57010 85901=
38974 41598 83402 10044 20024 39873 40212 52005 70262 8571/ 333 85723=
38987 41495 83501 10061 20052 39450 40196 52010 78082 889//=
40100 43/70 09903 10161 20079 30182 40198 58005 333 58///=
40180 02/// /1207 10201 20008 30103 40151 57013 333 70000==
40199 02/// /0305 10216 20020 30110 40135 57016 333 70000==
40265 41956 01212 10131 21009 39401 40204 57009 70500=
40270 41956 20906 10122 21009 39282 40190 57008 70500 82030 333 82360=
40272 41950 01218 10130 20006 39347 40189 57007 70500=
40340 41956 00108 10188 20015 30080 40145 57016 70500=
40356 42960 00912 10124 21050 39210 48510 333 59027 555 04410 50198=
40357 42960 01614 10128 21080 39562 40210 333 59020=
40360 42960 01208 10138 21040 39589 40189 333 59046=
40361 41958 00712 10144 21020 39409 40209 70600 333 59042=
40362 42960 40811 10146 21030 39695 40215 84040 333 59007 84359=
40373 42660 60706 10105 20090 39789 40213 86500 333 59010 86635=
40375 42960 40805 10142 20000 39264 40145 84020 333 59053 84460=
40394 42560 60912 10086 20070 39042 48513 86600 333 59023 86725 555 04410 50183=
40400 42960 31907 10234 20120 30091 40119 80002 333 59039 83070=
40405 42660 50715 10108 20090 39429 40187 85500 333 59026 85640=
40417 42660 73509 10168 20110 30174 40189 83530 333 59013 83640 86360=
40420 42660 80212 10178 20080 39970 40180 8352/ 333 59017 83640 88460=
40430 42960 31006 10225 20140 39395 40126 83020 333 59031 83460=
40437 41650 81006 10129 20080 39488 40199 70500 885// 333 59006 88640=
40439 42660 31506 10280 20130 30092 40110 81530 333 59024 81640=
40582 32860 53608 10155 20020 40200 58017 85030 333 55300 00261 10000 20599 30152 41100 51224 60751 55407 40448 85458 90401 91013 91115 91211 91309=
40703 42960 00603 10040 21043 38931 40226 58007 333 70000 555 10010 29054 66666 00000 10008 20012 30024 50052 90084=
40706 41558 52503 10029 21055 38664 40236 57005 70510 83302 333 70000 83830 81932 555 11002 29054 66666 00041 10002 20020 30038 50052 90071=
40712 42970 00802 10000 21080 38689 40238 57007 333 70000 555 11024 29055 66666 00006 10011 20017 30020 50036 90053=
40713 42665 41702 10043 21033 38668 40221 58005 84100 333 70000 84835 555 10014 29058 66666 01002 10018 20039 30051 50067 90094=
40718 42460 20302 10102 20063 30258 40229 57016 82100 333 70022 82815 555 10084 29077 66666 00130 10092 20088 30090 50098 90110=
40723 41240 72703 10019 20006 38964 40230 50001 77172 86520 333 70028 83706 84620 87556 555 10014 29091 66666 00030 10024 20022 30030 50046 90068=
40726 42960 02803 10032 21048 38669 40226 58005 333 70000 555 10004 29056 66666 00008 10010 20034 30034 50046 90078=
40727 42965 01802 10011 21048 38493 40240 57006 333 70000 555 11010 29065 66666 01010 10008 20020 30028 50039 90071=
40732 42560 40106 10116 20055 30245 40220 58006 84300 333 70002 81922 83625 555 10088 29066 66666 00100 10098 20094 30096 50104 90124=
40736 41560 53002 10134 20076 30256 40230 58005 70182 85600 333 70020 83720 555 10106 29068 66666 00090 10086 20080 30082 50090 90116=
40738 41560 42707 10126 20079 30239 40241 58014 70162 84100 333 70038 84825 555 10103 29073 66666 00086 10078 20082 30084 50094 90122=
40739 41665 52102 10062 21035 38686 40197 58005 72200 85500 333 79999 85635 555 10025 29050 66666 00066 10070 20036 30042 50052 90082=
40741 41540 83008 10043 20033 39871 40214 53003 71062 8672/ 333 70005 86720 88458 555 10039 29093 66666 00061 10060 20064 30075 50087 90111=
40743 41557 73306 10062 20017 39070 40202 52002 72582 85306 333 79999 81930 84635 87270 555 10043 29073 66666 00080 10072 20074 30086 50102 90126=
40745 42660 53207 10056 20033 39025 40191 53001 81300 333 70009 81930 84735 555 10046 29085 66666 0090 10064 20042 30048 50062 90100=
40747 42970 02104 10066 21085 38648 40223 57017 333 70000 555 10014 29033 66666 00068 10018 20033 30051 50063 90089=
40754 42660 12506 10081 21076 38828 40193 57016 81100 333 70002 81840 555 10026 29032=
40762 41558 62404 10064 21017 38535 40172 58005 70522 85302 333 70034 81930 84635 555 10031 29056 66666 00080 10051 20030 30036 50054 90086=
40766 42965 00000 10078 21088 38711 40215 58014 333 70000 555 10021 29030 66666 00070 10040 20042 30056 50070 90096=
40768 42965 03302 11015 21083 38267 40252 57006 333 70000 555 11036 29060 66666 01002 10000 20008 30019 50028 90051=
40769 42962 00502 10034 21050 38299 40206 58010 333 70000 555 10003 29054 66666 00038 10022 20028 30034 50056 90096=
40780 42960 01103 10110 21155 38700 40224 58005 333 70000 555 10029 29014 66666 00060 10040 20052 30056 50080 90094=
40782 42970 02301 10113 21066 38884 40202 57013 333 70000 555 10046 29028 66666 00096 10072 20070 30066 50096 90112=
40785 42960 00000 10105 21019 39102 40207 57015 333 70000 555 10055=
40791 42962 03004 10153 21040 39366 40185 58007 333 70000 555 10075 29026 66666 00160 10148 20128 30132 50140 90158=
40792 42562 32806 10103 21051 38722 40177 58005 81702 333 70007 81730 555 10044 29034 66666 00130 10118 20096 30090 50116 90124=
40798 42960 32406 10104 21243 37956 40159 57013 80002 333 70000 83070 555 10012 29007 66666 00118 10070 20039 30053 50065 90079=
40800 42965 01002 10143 21112 38463 40155 57015 333 70000 555 10051 29016 66666 00154 10088 20064 30068 50092 90120=
40809 42560 62906 10116 20023 38489 40152 57010 84342 333 70082 81930 84835 555 10073 29053 66666 00130 10101 20076 30087 50108 90129=
40811 42960 52903 10202 20011 30161 40187 58011 80002 333 70000 85068 555 10116 29028 66666 00184 10166 20172 30182 50192 90208=
40812 42960 31501 10199 20077 39797 40172 57009 80001 333 70000 83070 555 10135 29045 66666 00174 10158 20152 30162 50176 90196=
40821 41640 63102 10102 20012 38804 40201 58014 70522 81572 333 70000 81640 83360 555 10062 29054 66666 00142 10119 20105 30111 50120 90136=
40829 42660 70502 10172 20078 39596 40170 58027 81520 333 70000 81640 87459 555 10123 29054 66666 00186 10144 20134 30132 50158 90178=
40831 42960 63006 10186 21012 30195 40204 58010 82032 333 70000 82360 86070 555 10102 29026 66666 00200 10176 20172 30174 50200 90204=
40833 42960 43303 10218 20031 30161 40193 58010 80006 333 70000 84270 555 10129 29029 66666 00234 10204 20186 30192 50196 90216=
40841 42980 72602 10130 20025 38242 40142 57019 87020 333 70000 87460 555 10079 29049 66666 00092 10092 20086 30106 50120 90142=
40845 41558 83409 10176 20109 30174 40179 58017 70522 8432/ 333 70000 81930 83640 88460 555 10140 29065 66666 00166 10168 20172 30180 50188 90202=
40848 41658 70802 10128 20028 38526 40157 57017 70522 83576 333 70000 83640 84359 87268 555 10080 29051 66666 00116 10100 20086 30094 50102 90114 77777 00/// 10/// 20/// 30/// 50/// 70/// 99///=
40851 42660 81904 10125 20026 38269 40149 57012 8241/ 333 70000 82640 88460 555 10077 29051 66666 00128 10102 20096 30104 50120 90152=
40854 42662 70303 10207 21006 38936 40119 57009 81106 333 70000 81840 87268 555 10108 29024 66666 00200 10168 20154 30160 50178 90204=
40856 42660 62303 10206 20015 38622 40121 57022 81106 333 70000 81840 86270 555 10112 29028 66666 00202 10150 20116 30122 50136 90144=
40859 41456 71303 10132 20066 38711 40166 58016 70522 85770 333 70000 81715 84635 86459 555 10098 29064 66666 00132 10118 20110 30122 50134 90149=
40875 42960 71904 10228 20182 30140 40151 58008 87070 333 70000 87359 555 10199 29075 66666 00284 10248 20234 30228 50245 90250=
40879 42962 32505 10252 20074 39471 40135 57023 80006 333 70000 83269 555 10155 29032 66666 00276 10252 20222 30226 50232 90242=
40882 42960 83008 10238 20148 30120 40155 57006 8802/ 333 70003 88459 555 10184 29057 66666 00246 10230 20222 30232 50234 90244=
40883 41557 72204 10245 20166 30127 40154 58010 70522 83520 333 70003 83630 87458 555 10196 29061 66666 00268 10236 20226 30234 50242 90244=
40893 42960 03205 10276 20161 30123 40129 58018 333 70000 555 10205 29050 66666 00278 10263 20256 30257 50265 90260=
40898 42960 11106 10259 20214 30102 40111 58023 80001 222// 00242 20900 333 70000 81069 555 10229 29076 66666 00374 10320 20252 30258 50264 90270=
41024 42660 62006 10285 20190 30088 40113 86500 333 59018 86640=
41036 42560 53513 10205 20140 38557 48507 85800 333 59009 85830 555 04410 50122=
41055 42560 21808 10255 20050 38355 48500 82400 333 59014 82630 555 04410 50095=
41061 42960 31215 10221 20110 39436 40131 83030 333 59024 83360=
41084 42960 03604 10256 20070 38841 48501 333 59016 555 04410 50086=
41112 42560 22020 10203 20040 37944 48503 82100 333 59026 82820 555 04410 50066=
41114 42560 42112 10216 20030 37986 48511 84400 333 59021 84622 555 04410 50073=
41128 41540 60504 10268 20010 38802 48513 70633 82430 333 59049 82630 85359 555 04410 50104=
41136 41950 02607 10310 20030 39315 40110 70600 333 59033=
41140 41558 72806 10294 20220 30118 40122 70542 83130 333 59008 83830 84360=
41150 42964 83611 10184 20120 40181 8807/ 333 59014 88460=
41170 41558 83414 10209 20137 30158 40171 76162 8257/ 333 59020 82630 83359 86360=
41176 44/60 /3609 10216 20154 30166 40172 333 59024=
41194 42960 33009 10255 20157 30154 40160 83030 333 59007 83365=
41196 42960 32707 10254 20159 30124 40165 83030 333 59004 83365=
41216 42560 23508 10240 20178 30159 40163 82500 333 59012 82620=
41217 42960 13411 10243 20162 30128 40157 81030 333 59012 81365=
41246 36/// /0312 10265 20201 30134 40136 333 0E021 55300 25022 59035=
41254 36/// /2407 10191 21060 38066 49816 333 0E006 55300 25022 59019=
41265 31959 50902 10297 20053 39557 41108 70511 80001 333 59016 85070=
41267 36/// /3202 10283 20124 30120 40133 333 0E019 59027=
41268 36/// /1607 10330 20092 30075 40121 333 0E020 55300 25022 59021=
41275 36/// /1904 10309 20081 39988 40153 333 0E016 55300 23159 59025=
41288 26/// /2704 10274 20187 30130 40151 333 0E021 59017 70002=
41315 36/70 /1509 10269 20052 39329 48141 333 0E019 55300 27865 59013=
41316 32980 01809 10267 20195 30122 40152 333 59016 55407 55408 55507 55508=
41396 42962 00606 10290 21044 39408 40111 333 59028=
41480 41456 40812 10273 20201 30140 40148 70544 84500 333 59015 84618=
41506 12460 41802 10155 21059 38479 48760 60001 83520 333 56880 59039==
41508 12460 22301 10189 21026 38630 48050 60001 82200 333 56800 59024==
41515 12960 00501 10116 21079 38562 48240 60001 333 58012==
41516 12940 11302 10170 21049 38504 48630 60001 81030 333 56080 59033==
41517 12460 50000 10090 21088 37758 48690 60001 83530 333 56880 59032==
41518 12460 33601 10172 21102 30001 48010 60001 81230 333 56880 58000==
41519 12960 00000 10170 21102 38749 48940 60001 333 59067==
41523 12960 02301 10200 20010 39055 48880 60001 333 59025==
41535 12960 01301 10195 21059 38684 48600 60001 333 59023==
41536 12960 00000 10220 21022 39011 48990 60001 333 59015==
41560 12960 00000 10120 21049 38329 48550 60001 333 59003==
41571 11940 23106 10230 21042 39536 40106 60001 70500 80001 333 56008 59023==
41598 11940 02302 10265 20052 39835 40099 60001 70500 333 59033==
41600 11940 03101 10240 20068 39816 40104 60001 70500 333 59040==
41620 12940 03102 10175 20000 38567 48720 60001 333 59005==
41624 12960 00000 10275 20104 30000 40098 60001 333 59029==
41630 11940 03102 10260 20073 30000 40108 60001 70500 333 59027==
41640 11940 03101 10250 20084 30000 40106 60001 70500 333 59023==
41660 12460 43108 10150 20018 38433 48220 60001 83530 333 56880 59018==
41678 11940 00502 10265 20081 30000 40114 60001 70500 333 59036==
41696 12960 02302 10155 21021 38007 48140 60001 333 59004==
41697 12960 00000 10315 20034 30000 40092 60001 333 59019==
41700 11940 03602 10270 20075 30000 40095 60001 70500 333 59022==
41710 12960 21301 10235 20010 30000 40094 60001 80001 333 56008 59017==
41712 12960 31302 10215 20038 39192 48200 60001 80008 333 56008 59005==
41715 11940 00000 10280 20149 30000 40097 60001 70500 333 59026==
41718 11920 00501 10290 20108 30000 40085 60001 70500 333 59036==
41725 12940 00502 10285 20124 30000 40087 60001 333 59039==
41739 12940 02703 10260 20057 39039 48160 60001 333 59020==
41744 12940 03102 10235 20000 38785 48170 60001 333 59021==
41749 11920 02302 10310 20159 30000 40102 60001 70400 333 59020==
41756 12940 02704 10295 20115 30000 40126 60001 333 59038==
41757 12940 02306 10315 20145 30124 40136 60001 333 59021==
41759 12940 02302 10315 20166 30000 40123 60001 333 59028==
41764 12940 00000 10320 20091 30048 40097 60001 333 59020==
41768 12940 02303 10330 20185 30092 40099 60001 333 59033==
41780 11940 22503 10310 20188 30083 40110 60001 70400 80001 333 56008 59019==
41785 12940 22301 10325 20159 30106 40119 60001 80001 333 56008 59020==
41859 02950 02202 10260 20070 30067 40104 333 58014 70000==
41883 02930 02702 10275 20050 30079 40099 333 59001 70000==
41891 02956 02506 10270 20050 30060 40098 333 58001 70000==
41907 01950 03102 10280 20060 30083 40098 70500 333 58000 70000==
41923 02950 00000 10289 20030 30091 40101 333 59002 70000==
41936 42920 03003 10294 20090 30090 40097 59002==
41943 01940 02504 10303 20080 30087 40094 70500 333 59006 70000==
41950 02950 00000 10290 20090 30094 40096 333 59006 70000==
41978 01950 02508 10291 20070 30091 40098 70500 333 59003 70000==
41992 01940 01803 10300 20110 30098 40100 70500 333 59003 70000==
42027 32596 22301 10167 21051 38374 48458 82100 333 59032=
42071 32996 02906 10236 20097 40107 333 59023=
42101 22996 00703 10248 20104 40103 333 59022 6990/=
42111 21596 50902 10218 20111 39395 40086 70162 83830 333 58012 6996/ 82620 83360=
42123 32996 00502 10268 20084 40097 333 59026=
42131 32996 00504 10252 20101 40108 333 59030=
42165 32996 00502 10302 20049 40070 333 59032=
42182 32996 00704 10268 20089 40090 333 59020=
42189 31595 70000 10252 20101 40100 70521 81531 333 58013 81625 83360 85070=
42309 31596 50503 10238 20139 40119 70522 82530 333 58010=
42314 31596 60000 10224 20130 40110 70522 83530 333 58007 83620 85360=
42328 32996 03202 10302 20153 40071 333 59020=
42339 31995 03401 10310 20127 40078 70500 333 59033=
42348 32996 02308 10302 20086 40077 333 59036=
42361 31996 00000 10310 20124 40084 70500 333 59029=
42369 31596 12302 10280 20076 40102 70511 81500 333 58000 81620=
42379 31995 00000 10242 20132 40106 70500 333 58018=
42410 31595 20205 10250 20126 40109 70500 82500 333 58011 82620=
42415 32996 20000 10242 20119 40114 82030 333 58014 82360=
42452 31996 00903 10318 20127 40069 70500 333 59036=
42559 32996 03202 10310 20089 40079 333 59022=
42571 31996 02503 10302 20091 40086 70500 333 59022=
42591 32996 13204 10272 20085 40112 81030 333 58002 81360=
42623 31496 13204 10238 20022 39224 40077 70500 81500 333 58003 81618=
42634 32996 13203 10344 20087 40112 80001 333 59022 81070=
42647 31996 03604 10336 20121 40106 70400 333 59022=
42667 32996 02907 10304 20108 39522 40093 333 59025=
42675 32996 13203 10304 20089 40095 80001 333 59016 81070=
42701 32996 02908 10264 20062 39372 40084 333 58001=
42724 31996 02501 10284 20132 40098 70500 333 59001=
42737 32996 12708 10348 20116 40113 80001 333 59020 81070=
42754 32996 12706 10302 20164 39471 40087 81030 333 59023 81360=
42779 32996 00504 10302 20072 39409 40083 333 59013=
42798 31996 03403 10320 20038 40088 70500 333 59003=
42809 31995 02902 10298 20106 40098 70500 333 59006=
42840 32996 00204 10338 20069 40116 333 59010=
42867 31996 03202 10342 20089 40089 70500 333 59019=
42874 32996 00000 10316 20147 40097 333 59014=
42886 32996 03203 10326 20022 40096 333 59007=
42895 32996 00503 10300 20109 40097 333 59004=
42909 32996 02906 10280 20211 40117 222// 20000 333 59014=
42971 31996 03602 10332 20110 40103 70500 333 58000=
43003 31995 03204 10360 20110 40100 70400 333 59006=
43041 31996 00000 10324 20071 39485 40079 70500 333 59010=
43063 32997 00903 10340 20054 39483 40083 333 59011=
43086 32997 00000 10344 20047 39918 40090 333 59011=
43110 31996 03206 10332 20214 40099 70544 333 59011=
43117 32997 00502 10354 20204 40078 333 59012=
43128 32997 00504 10336 20087 39495 40079 333 59011=
43150 31596 21404 10310 20232 30040 40101 70500 81501 333 59006 81620=
43185 32597 11606 10332 20234 30083 40086 81500 333 59013 81620=
43189 32597 10000 10310 20234 30090 40099 81500 333 59005=
43192 32996 02302 10325 20232 40089 333 59018=
43198 32996 20712 10328 20035 39271 40068 80001 333 59014 82075=
43201 32997 00503 10342 20064 39360 40056 333 59013=
43213 32997 00000 10364 20088 39760 40064 333 59011=
43233 32997 20708 10332 20091 39285 40072 80001 333 59012=
43237 32997 20702 10358 20116 39671 40048 80001 333 59012 82075=
43245 32997 00902 10338 20177 30067 40093 333 59013=
43279 32997 11604 10326 20185 30079 40096 80001 333 59011=
43284 31496 22310 10330 20225 39964 40076 70500 81501 333 59021 81615=
43295 32997 00902 10320 20126 39085 48533 333 59011=
43314 32997 02305 10348 20246 40083 333 59023=
43321 31996 20910 10340 20073 39640 40072 70500 80001 333 59012 82070=
43329 32997 10502 10304 20218 30085 40098 80001 333 59014=
43333 31495 60502 10304 20225 40091 70521 84401 333 59006 82618 83820=
43344 31996 10906 10328 20164 39989 40086 70500 80001 333 59027 81075=
43369 32597 23203 10316 20245 40091 82500 333 59023 82620=
43371 31996 12302 10320 20224 30014 40085 70500 80001 333 59021 81071=
44212 42984 03501 11176 21226 39173 40402 57001==
44213 42984 00000 11176 21219 38810 40385 54000==
44214 42970 02905 11057 21217 38251 40270 56011==
44215 42970 00904 11071 21178 38393 40292 57008==
44217 32998 00000 11099 21202 37815 40322 57012 333 91200=
44218 42984 03503 11071 21141 38603 40303 55005==
44219 32999 00905 11105 21178 38631 40341 57003 333 91206=
44265 42984 00902 11093 21156 38866 40338 57012==
44266 32999 00804 11071 21197 37739 40282 57004 333 91205=
44404 41356 80913 10108 20021 38109 48446 75052 86250 333 58025=
44416 42558 61804 10233 20115 39334 40102 83452 333 58029=
44424 42460 72109 10132 21067 37620 47019 84430 58012=
44434 41456 63209 10182 20105 39204 48488 70342 83430 333 58028=
44438 41550 31406 10238 20116 39985 40114 70544 81130 333 58017=
44449 42957 01506 10240 20157 39947 40103 80000 333 58018=
44454 41450 60605 10158 20091 38629 48465 70544 84870 333 58027=
44462 41240 80902 10106 20063 38231 48453 70544 88600 333 58026=
44474 41010 80201 10110 20071 38225 48476 71044 887// 333 58022=
44477 41330 72508 10160 20100 38788 48494 70544 87400 333 58009=
44478 42556 31506 10244 20154 30019 40101 81130 333 58013=
48010 42957 01801 10295 20124 39924 40074 333 58016==
48020 42960 00000 10286 20140==
48025 41430 30902 10300 20166 39943 40080 58010 70511 83800==
48048 42959 03602 10334 20244 30018 40073 333 58010==
48052 32958 01802 10358 20195 333=
48062 42558 52705 10290 20248 30098 40105 85800 333 58000==
48064 42958 01401 10336 20206 39998 40053 333 58010==
48094 42960 03202 10325 20225 30084 40094 333 59007==
48109 42960 00402 10295 20239 30103 40106 333 59008==
51076 14/78 /2102 11075 21152 39378 40324 57016 60001 333 11059 21200 3/103 4/025 59033 70000 90761 91103==
51087 14/69 /0501 11068 21137 39229 40325 57015 60001 333 11059 21207 3/106 4/018 59030 70000 90761 91104==
51156 14/80 /1004 11047 21131 38686 40290 57013 60001 333 11043 21153 3/117 59033 70000 90761 91106==
51243 14/58 /1202 11082 21156 39723 40313 57019 60001 333 11073 21169 3/116 59040 70000 90761 91104==
51334 14/35 /3601 11089 21137 39874 40313 57020 60001 70500 333 11089 21206 3/112 4/012 59042 70000 90761 91104==
51379 14/70 /0703 11021 21102 39288 40289 57017 60001 333 11010 21199 3/107 4/022 59049 70000 90761 91104==
51463 14/11 /3002 11093 21123 39030 40285 57013 60001 71000 333 11034 21103 3/101 4/035 59049 70000 90761 91104==
51573 14/63 /0401 10078 21165 30199 40250 57029 60001 333 10081 21045 3/111 59022 70000 90761 91104==
51644 14/50 /2402 10044 21130 38960 40252 57025 60001 70600 333 10046 21088 3/108 59019 70000 90761 91105==
51656 14/56 /2705 10057 21144 39166 40257 57026 60001 70700 333 10058 21095 3/113 59022 70000 90761 91108==
51709 14/50 /1402 10038 21149 38627 40238 57024 60001 70600 333 10043 21057 3/108 59025 70000 90761 91104==
51711 14/58 /0703 10004 21152 37995 40192 57020 60001 333 10005 21108 3/115 59015 70000 90761 91108==
51716 14/49 /1202 10051 21180 38924 40246 57023 60001 70600 333 10056 21071 3/112 59018 70000 90761 91104==
51765 14/61 /2802 10070 21138 39232 40257 57021 60001 333 10076 21099 3/114 59022 70000 90761 91105==
51811 14/56 /3502 10054 21171 38793 40236 57023 60001 70600 333 10056 21066 3/113 59022 70000 90761 91107==
51818 14/48 /0402 10048 21182 38636 40236 57023 60001 70600 333 10054 21080 3/114 59019 70000 90761 91105==
51886 14/80 /2302 11020 21296 37086 40253 57016 60001 333 11019 21161 3/123 58002 70000 90761 91104==
52203 14/68 /1902 10054 21152 39358 40272 57016 60001 333 10056 21104 3/116 59001 70000 90761 91106==
52602 14/80 /2403 11034 21318 37255 40275 57009 60001 333 11032 21173 3/122 58004 70000 90761 91109==
52818 14/80 /0702 11004 21247 37224 40256 57013 60001 333 10003 21132 3/119 58000 70000 90761 91107==
52908 14/61 /3012 11099 21324 35709 40266 57008 60001 333 11082 21228 3/125 58005 70000 90761 91122==
55228 14/80 /2407 11016 21161 35959 40043 57020 60001 333 10008 21076 3/113 59018 70000 90761 91114==
55299 14/80 /2906 11019 21285 35792 40122 57019 60001 333 11011 21167 3/120 59001 70000 90761 91118==
55578 14/80 /2304 10112 21182 36259 49877 57032 60001 333 10136 21067 3/111 59028 70000 90761 91114==
55591 14/80 /1002 10082 21216 36427 49945 57035 60001 333 10083 21039 3/110 59013 70000 90761 91107==
55664 14/46 /2712 10074 21223 35926 49953 57017 60001 333 10097 21072 3/114 59012 70000 90761 91126==
55773 14/80 /2110 10034 21106 35957 40038 57016 60001 333 10044 21105 3/108 58013 70000 90761 91115==
56004 14/80 /2807 11068 21299 35770 40245 57013 60001 333 11056 21229 3/128 58000 70000 90761 91118==
56018 14/77 /0903 11030 21223 36123 40165 57025 60001 333 11030 21178 3/122 58004 70000 90761 91107==
56312 14/80 /1504 10080 21085 37024 40061 57031 60001 333 10098 21010 3/101 59001 70003 90761 91109==
41256 32660 20209 10298 20121 30118 40135 82500 90845 333 59035 55407 55408 55507 55508 82640=
41184 42660 42907 10267 20162 40152 82501 333 59010 82635=
