SIPK OPKC 080300=
41504 22997 02302 11040 21103 37918 48592 333 21060 58041 60007 70000 58%=
41505 22696 30000 11015 21025 38/// 48/// 80030 333 21035 55090 58/// 60007 70000 83360 91%=
41506 22997 03604 10050 21039 38560 48557 333 20028 59012 60007 70000 52%=
41507 22997 00906 10060 20026 39289 49823 333 20035 58005 60007 70000 79%=
41508 22997 00000 10000 21044 38690 48551 333 21015 59017 60007 70000 72%=
41509 22997 20000 10020 21006 38812 48540 82020 333 20010 56090 58003 60007 70000 82460 83%=
41510 22997 30000 11020 21020 37934 48555 83030 333 21047 56090 59012 60007 70000 83360 100%=
41515 22997 00000 10012 21068 38591 48549 333 20000 58010 60007 70000 56%=
41516 22696 40000 10010 21049 38607 48560 81530 333 21030 56990 59018 60007 70000 81640 83362 65%=
41517 21696 50000 11055 21085 37862 48613 70410 82531 333 21062 56999 59007 60007 70000 82640 77%=
41518 22697 40000 10028 21024 38/// 48/// 82230 333 20015 56990 5//// 60007 70000 82840 82362 68%=
41519 22997 10000 10065 21043 38834 48565 80030 333 20060 56090 58017 60007 70000 81362 46%=
41520 22697 41802 11045 21110 37674 48345 82530 333 21060 56990 59011 60007 70000 82640 82362 57%=
41523 22997 00000 10030 21009 39110 48505 333 20015 59023 60007 70000 76%=
41524 22997 30906 10125 21057 39392 40270 83020 333 20080 56090 59022 60007 70000 83460 28%=
41525 22997 31806 10030 21051 37685 48413 80001 333 21005 56009 58000 60007 70000 82070 55%=
41528 22697 60000 10060 20038 39258 48524 83520 333 20049 59010 60007 70000 83640 83460 86%=
41529 22996 32302 10065 20001 39793 40190 83030 333 20050 56090 59027 60007 70000 83360 63%=
41530 21996 32304 10100 21056 39755 40181 70500 80001 333 20079 56009 59031 83070 60007 70000 33%=
41534 22697 30000 10060 20036 39759 40192 83500 333 20045 56900 59031 60007 70000 83640 85%=
41535 22997 00000 10010 21017 38740 48500 333 21017 58000 60007 70000 82%=
41536 22997 00000 10040 20016 39059 48513 333 20035 59002 60007 70000 84%=
41560 22697 50000 10020 21018 38307 48539 82520 333 21020 56990 58004 60007 70000 82630 83460 76%=
41562 22997 43102 10095 20010 39707 40185 84030 333 20070 56090 59022 60007 70000 84360 55%=
41562 22997 43102 10095 20010 39707 40185 84030 333 20070 56090 59022 60007 70000 84360 55%=
41565 22996 23106 10056 21040 38642 48507 82020 333 20035 56090 59015 60007 70000 82460 50%=
41567 21996 00000 10060 20023 39717 40152 70400 333 20050 58003 60007 70000 77%=
41571 21996 43604 10090 21006 39583 40185 70500 82031 333 20072 56099 59020 60007 70000 51%=
41571 21996 43604 10090 21006 39583 40185 70500 82031 333 20072 56099 59020 60007 70000 51%=
41572 21996 22308 10100 21042 39525 40166 70500 80001 333 20065 59025 60007 70000 82070 36%=
41573 22997 00000 10070 21027 37977 48506 333 20005 59005 60007 70000 50%=
41574 22997 00000 10010 21002 38374 48558 333 21010 58007 60007 70000 92600 92%=
41576 21996 10000 10080 20005 40190 70400 81030 333 20069 56090 59018 60007 70000 81360 59%=
41577 21696 30000 10060 20013 39550 40189 70400 82530 333 20035 56990 59020 60007 70000 82640 81360 72%=
41593 21996 42302 10095 20024 39946 40170 70422 84070 333 20088 56090 59021 60007 70000 84460 61%=
41597 21996 30000 10090 20045 39878 40181 70411 83030 333 20085 56090 59023 60007 70000 83362 73%=
41598 21995 00000 10080 20020 39891 40173 70400 333 20072 59010 60007 70000 66%=
41599 21696 30000 10070 20035 39872 40174 70410 83400 333 20062 56900 59015 60007 70000 83640 78%=
41600 21996 20000 10080 20058 39868 40175 70411 82020 333 20073 56090 59007 60007 70000 82460 86%=
41620 31696 43602 10050 21067 38598 48499 70500 84500 333 20005 56900 59011 60007 70000 84640 42%=
41624 21995 00000 10115 20050 39965 40171 70400 333 20080 58030 60007 70000 64%=
41625 21996 50000 10105 20035 39949 40155 70400 85030 333 20083 56090 59012 60007 70000 85360 63%=
41630 21696 50000 10095 20038 40174 70410 82570 333 20068 56990 59021 60007 70000 82640 83460 68%=
41634 22997 03102 10080 20023 3//// 4/// 333 20045 5//// 60007 70000 67%=
41635 21996 20000 10085 20026 3//// 4//// 70400 83030 333 20070 56090 5//// 60007 70000 82362 66%=
41636 21996 50000 10090 20045 39992 40182 70400 85070 333 20062 56090 59019 60007 70000 85070 73%=
41638 21996 30000 10095 20063 4//// 70400 83030 333 20082 56090 5//// 60007 70000 83360 80%=
41639 21996 00000 10090 20032 3//// 4//// 70400 333 20070 5//// 60007 70000 67%=
41640 21996 20000 10130 20043 39913 40167 70400 82070 333 20098 56090 59016 60007 70000 82460 55%=
41641 21996 30000 10110 20056 39891 40174 70400 83070 333 20088 56090 59008 60007 70000 83460 69%=
41643 21994 00000 10070 20047 39872 40160 71000 333 20060 59031 60007 70000 85%=
41644 21995 40000 10075 20053 4//// 71000 84020 333 20070 56090 5//// 60007 70000 84460 86%=
41646 21995 00000 10100 20057 39966 40189 70400 333 20080 59020 60007 70000 74%=
41652 21996 20000 10085 20039 39991 40177 70400 82030 333 20073 56090 59034 60007 70000 82360 72%=
41661 22697 20000 10010 21044 38392 48524 82500 333 21020 56900 59019 60007 70000 82635 67%=
41669 21996 30000 10110 20068 3//// 4//// 70400 83030 333 20065 5//// 60007 70000 83360 75%=
41670 21996 20000 10090 20057 3//// 4//// 70400 82030 333 20065 56090 5//// 60007 70000 82360 80%=
41674 21695 61304 10110 20068 3//// 4//// 70422 82470 333 20067 56990 5//// 60007 70000 82840 84460 75%=
41675 21696 51508 10145 20062 30018 40164 70422 82570 333 20077 56990 59033 60007 70000 82640 84460 58%=
41676 21995 30000 10100 20057 30024 40189 70400 83030 333 20098 56090 59030 60007 70000 83360 74%=
41677 21995 40000 10090 20057 39986 40159 71000 84030 333 20057 56090 59031 60007 70000 84362 80%=
41678 21996 00000 10120 20068 40184 70400 333 20095 59010 60007 70000 70%=
41679 21696 72302 10120 20056 4//// 70422 83570 333 20090 56990 5//// 60007 70000 83640 84460 65%=
41680 21995 20000 10100 20057 39970 40178 70410 82030 333 20095 56090 59019 60007 70000 82362 74%=
41685 22697 43602 10075 21090 38933 48506 84020 333 20058 56090 59025 60007 70000 84460 30%=
41696 22697 80000 10035 21014 37998 48526 84520 333 21005 56990 59006 60007 70000 84640 84460 70%=
41697 22697 40000 10075 20040 30015 40180 84500 333 20065 56900 59013 60007 70000 84640 79%=
41700 21694 60904 10125 20074 30026 40157 70422 82530 333 20078 56990 59031 60007 70000 82640 84360 71%=
41701 21995 50000 10110 20068 30034 40181 70410 85030 333 20072 56090 59023 60007 70000 85360 75%=
41712 22696 70000 10090 21006 39192 48492 83530 333 20080 56990 59011 60007 70000 83640 84360 51%=
41716 21994 50000 10100 20057 30068 40176 70410 85030 333 20089 56090 59064 60007 70000 85360 74%=
41718 21995 40000 10100 20057 30055 40162 70400 84030 333 20068 56090 59039 60007 70000 84360 74%=
41724 21694 60000 10120 20079 30102 40183 71022 83530 333 20093 56990 59034 60007 70000 83635 83030 76%=
41725 21696 60000 10130 20068 30077 40157 70500 83530 333 20110 56900 59038 60007 70000 83640 83360 66%=
41726 21994 60000 10010 20079 30140 40214 71000 80001 333 20080 56009 59001 60007 70000 86070 87%=
41738 22996 30000 10135 21013 39987 40172 83040 333 20128 56090 59022 60007 70000 83460 36%=
41739 22696 70000 10085 20016 39092 48532 83530 333 20075 56990 58006 60007 70000 83635 84360 62%=
41742 22996 20000 10130 20028 30075 40183 82030 333 20070 56090 59012 60007 70000 82360 50%=
41743 21995 30000 10095 20074 71000 80001 333 20090 56009 60007 70000 83170 87%=
41744 22696 80000 10060 21001 38808 48523 8352/ 333 20030 5699/ 59001 60007 70000 83630 85460 65%=
41745 21996 20000 10115 20074 70400 82030 333 20090 56090 60007 70000 82360 76%=
41746 21994 40000 10090 20080 30125 40182 71000 84030 333 20085 56090 59016 60007 70000 84360 93%=
41747 21994 52702 10105 20085 30103 40165 71000 85030 333 20070 56090 59016 60007 70000 85360 87%=
41748 21994 20000 10120 20079 30109 40175 70500 82030 333 20100 56090 59008 60007 70000 82360 76%=
41749 21995 03104 10110 20090 30151 40184 70400 333 20095 59020 60007 70000 87%=
41756 21996 40904 10175 20121 30096 40163 70504 80001 333 20115 59018 56009 60007 70000 84070 71%=
41757 22996 30000 10120 20090 30161 40174 83010 333 20105 56090 59017 60007 70000 83462 82%=
41759 22996 40000 10105 20050 30155 40161 84010 333 20075 56090 59019 60007 70000 84460 69%=
41760 21996 60000 10150 20092 30149 40162 70500 80001 333 20100 56009 58030 60007 70000 86080 68%=
41764 21995 40204 10155 20063 30108 40160 70400 80001 333 20150 56009 59025 60007 70000 84070 54%=
41765 22996 23606 10145 20086 30129 40166 80001 333 20135 56009 59025 60007 70000 82070 68%=
41766 21994 23104 10110 20090 30143 40174 82500 74000 333 20090 56090 59008 60007 70000 82630 87%=
41767 22996 23602 10110 20079 3//// 4//// 80001 333 20080 56009 60007 70000 82070 81%=
41768 22996 03602 10085 20052 30157 40164 333 20070 59014 60007 70000 79%=
41780 22996 60202 10150 20028 30130 40159 80001 333 20129 56009 59002 60007 70000 86070 30%=
41783 22996 00502 10150 20056 30122 40152 333 20135 59023 60007 70000 53%=
41785 22996 43602 10105 20085 30158 40171 80001 333 20090 56009 59008 60007 70000 84070 87%=
41786 22996 20000 10065 20001 30121 40159 82030 333 20045 56090 59006 60007 70000 82362 63%=
41BAG 22696 40502 10000 21057 84500 333 21030 56900 60007 70000 84640 65%=
41BKI 22996 20000 10110 21059 39747 40176 82030 333 20070 59090 59029 60007 70000 82360 30%=
41SKP 21996 00000 10070 20047 3//// 4//// 70400 333 20064 5//// 60007 70000 85%=
43532 22697 20000 10065 20043 39367 40201 82500 333 20045 56900 59012 60007 70000 82640 86%=
43533 22997 00000 10085 20030 39239 48495 333 20060 59006 60007 70000 68%=
43563 22997 00502 10089 20023 39467 40178 333 20078 59017 60007 70000 63%=
41660 22997 51306 10080 21028 38436 48527 85030 333 20059 56090 59022 60007 70000 85360 47%=
41710 22997 40000 10120 21068 39354 40137 84030 333 20095 56090 59001 60007 70000 84360 26%=
41715 21993 80000 10140 20091 30103 40170 70400 8353/ 333 20090 56990 59028 60007 70000 83635 85360 72%=








Data Generated from File : D:/all data handling/Rmc_lhr/2025020803.FSU.txt
08/02/2025   04:10:29
____________________________________________________________________________________________
15020 24/70 /0802 11021 21065 30230 40441 57002 333 55300 20000 60007==
15090 24466 80902 11027 21069 30346 40446 52005 885// 333 55300 10060 20000 30000 60007 91004 90730 91105==
15108 21970 01008 11086 21206 38187 48607 54000 73630 333 55300 20000 60007 91011 90730 91114==
15150 24568 83503 11018 21064 30209 40437 54001 8556/ 333 55300 20000 60007 91005 90730 91105==
15170 22960 01201 11117 21134 39584 42933 57002 333 55300 20000 60007 91001 90730 91102==
15280 22984 00903 11102 21214 37569 47104 54001 333 55300 20000 60007 91005 90730 91106==
15310 24/70 /0303 11036 21075 30335 40427 51004 333 55300 10050 20000 30000 60007==
15335 24460 83604 11036 21064 30412 40419 54001 886// 333 55300 20000 60007 91007 90730 91108==
15350 24/70 /0504 11017 21058 30298 40426 57002 333 55300 20000 60007==
15360 25463 80114 11009 21029 30378 40396 56008 886// 333 55300 20000 60007 91016 90730 91118==
15420 27/50 /3501 11079 21086 30301 40422 54001 7101/ 333 55300 20000 60007==
15460 24/68 /0204 11013 21055 30386 40412 57002 333 55300 20000 60007==
15470 24962 03602 11061 21078 30284 40421 57002 333 55300 20000 60007 91003 90730 91103==
15480 27460 82101 11016 21040 30379 40397 55000 7101/ 886// 333 55300 10040 20000 30000 60007 91005 90730 91105==
15549 42570 70503 11038 21056 39954 40398 57001 87500 333 11024 21039 555 585//=
15552 42460 83405 11010 21032 30327 40379 57007 885// 333 11005 21013 555 583// 92035 92437=
15640 42670 23405 11025 21055 30060 40393 57001 82500 333 11002 21035 555 580//=
15655 42968 73412 11001 21001 30342 40377 57009 87030 333 10016 21009 91116 555 500// 92037 92437=
15730 42965 30000 11042 21079 39968 40392 54000 82031 333 11007 21043 555 575//=
16627 42560 10213 10000 21071 30350 40356 56008 81100 333 90730 91120==
16650 42560 10416 10036 21041 30335 40345 57008 81100 333 90730 91127==
16723 42560 20211 10064 21004 30260 40275 57013 82200 333 90730 91122==
16742 42460 13611 10056 20004 30087 40249 57007 81100 333 90730 91116==
16749 42960 03606 10104 21006 30219 40234 57004 333 90730 91112==
16754 42460 63317 10100 20056 30226 40275 57008 86800 333 82818 86625 90730 91127==
16760 47/// /0111 10068 20018 39846 40273 57008 7414/ 333 90730 91120==
16765 46/// /3311 10095 20013 30218 40239 57010 333 90730 91119==
17022 41570 71705 10024 20021 30151 40324 55007 70282 85270 333 85833 87360 90730 91108==
17024 47/60 /2012 10016 20007 30233 40315 50000 750//==
17026 47/62 /3105 10045 20024 30269 40309 50000 723//==
17031 42570 63118 10059 21006 30291 40298 55000 84260 333 84830 86360 90730 91126==
17034 41670 72609 10057 20026 30252 40300 52006 70282 83250 333 83835 87360 90730 91116==
17038 42670 71705 10065 20002 30235 40284 55000 87200 333 87835 90730 91114==
17042 46/75 /1203 10060 20026 30252 40294 53001==
17050 46/78 /3503 11001 21062 30317 40382 55004==
17056 42/70 42905 10002 21035 30354 40359 55003 84030 333 84360 90730 91112==
17060 41460 70212 10043 20018 30295 40331 57007 78088 87200 333 84711 86822 90730 91117==
17070 42562 80000 11014 21030 39407 40315 55005 8452/ 333 84630 88459 90730 91103==
17074 46/// /2003 11006 21006 39339 40309 55003==
17084 42670 83602 11004 21027 39358 40297 52002 8452/ 333 84635 88460 90730 91109==
17085 42670 70601 10025 21044 39787 40295 52004 85570 333 85640 87360 90730 91120==
17092 42670 70000 11063 21069 38889 48508 53002 84550 333 84640 87358 90730 91105==
17096 42660 61010 11053 21073 38235 48507 55003 84550 333 84635 86357 90730 91115==
17098 41660 30407 11059 21077 38207 48522 55000 77122 83500 333 83635 90730 91114==
17100 41650 60000 11013 21035 39236 40263 53001 71022 84530 333 84637 86357 90730 91102==
17112 46/80 /0308 10021 21037 30344 40350 55005==
17115 41360 70115 10036 20027 30283 40336 55009 78322 87200 333 84709 87830 90730 91124==
17116 42570 60403 10033 20006 30203 40329 57006 84250 333 84833 86359 90730 91108==
17124 42560 40301 11015 21058 39360 40316 55005 84500 333 84630 90730 91114==
17128 42/60 30103 11086 21112 39158 40315 55002 83030 333 83360 90730 91107==
17135 42670 60502 11011 21054 39383 40292 53001 84550 333 84635 86360 90730 91105==
17140 42665 70605 11046 21070 38752 48528 53001 84250 333 84840 87360 90730 91114==
17150 41460 60108 10020 20020 30194 40323 57007 78388 86200 333 83715 86835 90730 91118==
17160 42670 73605 11018 21078 39079 48531 55000 84550 333 84636 87360 90730 91114==
17170 42560 40707 11031 21113 38314 48489 58001 82502 333 82630 84068 90730 91121==
17175 42664 60604 10037 21022 30309 40313 57008 83250 333 83835 85360 90730 91111==
17184 42970 03504 10025 21018 30184 40300 57010 333 90730 91109==
17190 42670 43303 11027 21061 39063 48543 56005 84500 333 84635 90730 91106==
17195 41570 80000 11023 21034 39017 48521 55001 72277 8652/ 333 86630 88458 90730 91103==
17200 41456 82204 11011 21011 39212 40234 53002 72272 8552/ 333 84712 85630 88458 90730 91106==
17202 41458 82204 10000 20000 39145 40220 53001 71072 8652/ 333 82716 85635 88459 90730 91107==
17203 42/70 32301 10012 21065 38878 48529 56001 83030 333 83360 90730 91106==
17210 47/46 /0401 10024 20017 39117 40166 56007 704//==
17219 42965 00111 10027 21022 30143 40293 56007 333 90730 91124==
17234 42970 00000 10023 21027 30202 40272 57008 333 90730 91103==
17237 42970 20000 10008 21056 39767 40289 57005 80001 333 82070 90730 91105==
17240 42970 01101 11004 21071 39083 40265 57010 333 90730 91115==
17244 42670 63410 11016 21071 39057 48538 55001 86200 333 86840 90730 91117==
17248 46/82 /0403 11026 21040 39028 40282 50000==
17250 47/80 /0307 11022 21048 38842 40270 50000 724//==
17260 41560 73002 10025 20014 39325 40159 52009 72162 84550 333 84630 87359 90730 91112==
17270 41670 70305 10052 20014 39521 40181 53001 72161 85520 333 85640 87460 90730 91112==
17275 47/77 /0309 10022 20007 38957 40170 58003 720//==
17280 41660 73005 10043 20021 39377 40177 56004 72166 84520 333 84640 87460 90730 91109==
17290 42970 00108 10067 21067 30218 40251 56014 333 90730 91115==
17292 42970 03601 10019 21085 39465 40243 57008 333 90730 91107==
17300 42960 03206 10056 21048 30168 40241 55002 333 90730 91114==
17310 42970 00702 10093 21047 30198 40205 56001 333 90730 91106==
17330 46/// /2905 10084 21051 30192 40203 53004==
17350 42960 00305 11006 21046 30114 40195 52007==
17370 42670 20000 10081 21005 30196 40200 52005 82200 333 82835 90730 91102==
17375 42970 03402 10086 21069 30218 40220 57012 333 90730 91108==
33088 42560 81304 11034 21070 30258 40462 58002 885//==
33135 425// 80902 11055 21085 30328 40487 58005 885// 333 55000 88620==
33177 42560 81105 11023 21046 30183 40435 57003 885//==
33317 424// 80904 11057 21084 30097 40459 58003 8555/ 333 55034 85618==
33393 42960 31204 11043 21074 30006 40423 57001 80001==
33415 42460 80701 11033 21072 30019 40442 57001 885// 333 88618==
33429 42460 80903 11056 21076 39998 40451 58003 885// 333 88613==
33466 42563 80903 11053 21078 30264 40466 58002 885//==
33506 42560 80804 11057 21071 30257 40468 53002 885// 333 55062==
33562 42560 81204 11056 21074 30142 40470 55000 885//==
33587 425// 80803 11054 21083 30174 40456 58001 889// 333 88921==
33658 42581 81204 11027 21060 30120 40438 57002 885// 333 55011 88621==
33663 42560 80702 11040 21077 30350 40453 52003 885//==
33664 42997 60903 11047 21073 30107 40446 58001 86030 333 55048 555 21048 7000/=
33678 42898 80804 11060 21097 30240 40468 57002 8805/ 555 21060 7000/=
33679 42497 80503 11050 21091 30253 40459 52005 885// 333 88615 555 21052 7000/=
33711 42460 80604 11050 21079 30222 40447 58001 886// 333 88713==
33745 42597 80302 11045 21065 30260 40468 52005 8693/ 333 55037 555 21046 7000/=
33748 42597 81002 11052 21077 30135 40440 52005 883// 555 21052 7000/=
33754 42597 80303 11052 21085 30285 40443 54000 885// 333 55000 88630 555 21053 7000/=
33761 42470 80605 11053 21074 30207 40446 52001 886//==
33791 42473 80606 11045 21073 30306 40443 50001 886// 333 88713==
33815 42598 80702 11049 21093 30214 40437 52002 885// 333 55000 555 21049 7000/=
33837 42462 80507 11023 21053 30362 40417 58004 885// 333 55000 88714==
33881 42598 80504 11045 21076 30227 40438 52003 883// 555 21046 7000/=
33883 42597 80203 11049 21083 30256 40430 57001 885// 555 21049 7000/=
33885 42597 80404 11052 21088 30296 40440 52004 885// 333 55066 555 21052 7000/=
33892 42997 80504 11051 21077 30219 40447 58002 8801/ 555 21052 7000/=
33902 42560 80403 11042 21077 30359 40423 52001 885// 333 55017==
33924 22560 80409 11018 21036 30373 40386 54000 889// 333 21027 60002 91013 90730 91115==
33946 21471 80612 11025 21038 30128 40361 58001 77773 886// 333 21046 55000 69982 88712 91016 90730 91117==
33983 22460 70613 11026 21063 30288 40352 53007 87500 333 21032 55000 60002 91018 90730 91120==
34300 42560 80603 11058 21082 30290 40481 53001 885//==
34336 22/60 80703 11070 21096 30375 40487 52002 8802/ 333 21070 47010 60002==
34344 22570 80602 11071 21083 30387 40482 52002 885// 333 21071 47013 60002==
34356 22970 00302 11113 21128 30315 40476 57001 333 21113 43008 55000 60002==
34357 22570 80103 11082 21098 30305 40473 54000 885// 333 21090 47017 60002==
34398 229// 00502 11102 21115 30426 40440 57007 333 55087 60002==
34415 42460 80703 11060 21087 30366 40470 52003 886//==
34438 22460 80305 11085 21098 30264 40471 52003 885// 333 21088 47011 60002==
34445 22570 70403 11087 21097 30350 40474 54001 87500 333 21089 43007 60002==
34461 22960 00303 11090 21113 30406 40466 54000 333 21090 43003 60002==
34473 329// 20204 11099 21116 30412 40454 57003 80003 333 47003 55063 555 21100 7000/=
34476 22970 00204 11098 21119 30441 40449 58002 333 21098 43003 55063 60002==
34504 42461 80605 11060 21079 30263 40450 52001 886//==
34535 22970 00302 11097 21112 30382 40460 55000 333 21097 47011 60002==
34545 22970 00405 11097 21113 30333 40454 52003 333 21097 43003 60002==
34555 22570 30407 11072 21094 30360 40458 52002 83500 333 21072 46997 60002 91010 90730 91111==
34560 42960 00606 11087 21105 30249 40455 52001 333 21088==
34578 22960 00403 11090 21111 30429 40436 52001 333 21091 60002==
34579 22970 00103 11106 21142 30390 40436 52001 333 21106 43003 60002==
34644 22960 00405 11082 21100 30350 40433 54001 333 21082 60002 90730 91110==
34646 22970 00505 11059 21088 30346 40434 52001 333 21059 55027 60002 90730 91111==
34655 22960 00303 11093 21115 30374 40439 53002 333 21093 60002==
34662 22970 03603 11098 21118 30431 40443 52003 333 21098 60002==
34691 22970 00504 11105 21133 30642 40629 58001 333 55089 60002==
34720 22970 00304 11065 21087 30377 40420 57003 333 21065 43004 55000 60002 90730 91112==
34727 22460 20707 11048 21072 30376 40408 54001 82500 333 21048 43001 60002 91011 90730 91114==
34743 22960 00402 11085 21101 30331 40427 52002 333 21085 60002==
34759 21940 00405 11084 21096 30275 40416 53002 71000 333 21084 55041 60002==
34772 22960 00305 11095 21121 30418 40421 52004 333 21095 60002==
34785 22960 00204 11109 21129 30435 40410 52005 333 21109 60002==
34798 22960 00204 11108 21128 30538 40506 53002 333 60002==
34824 22960 00605 11057 21080 30383 40388 54000 333 21057 43001 55000 60002 90730 91110==
34838 22960 00504 11061 21089 30286 40389 52002 333 21061 60002==
34845 22970 00803 11069 21090 30288 40403 53007 333 21069 47997 60002==
34858 21940 00701 11066 21092 30291 40406 53006 71000 333 21066 60002==
34861 22960 00607 11092 21117 30150 40412 52005 333 21092 55038 60002 90730 91110==
34866 22960 00304 11079 21106 30417 40407 52006 333 21079 60002==
34880 22960 00202 11097 21127 30424 40396 52003 333 21097 55075 60002==
34887 22970 00502 11084 21117 30415 40391 53003 333 21085 60002==
34949 22470 40504 11093 21103 39804 40391 52004 84600 333 21099 47003 55000 60002==
34954 22970 00701 11081 21100 30213 40400 53005 333 21085 55000 60002==
34958 22970 00000 11106 21124 30185 40401 53004 333 21113 47002 60002==
34975 22970 00503 11076 21102 30394 40390 52003 333 21077 34/// 60002==
34984 22970 00104 11091 21123 30422 40389 52005 333 21091 60002==
35217 129// 00202 11142 21162 30389 40433 57006 60002 333 47014==
35302 129// 00505 11110 21123 30416 40439 57007 60002 333 42001==
35315 329// 20205 11135 21196 30357 40419 57008 80002 333 47005 555 21136 3/115 7000/=
35344 329// 00411 11141 21177 30069 40379 56004 333 47031 55092 91116 555 21143 7000/=
35358 119// 00207 11156 21175 30148 40331 57002 60002 73633 333 43022==
35368 31999 00205 11175 21217 30042 40332 53011 70230 333 48042 55097 555 21177 7000/=
35386 31998 00802 11192 21221 39813 40381 52004 70232 333 47028 555 21192 7000/=
35394 12970 00704 11203 21233 39649 40390 52003 60002 333 43031==
35404 329// 00405 11097 21123 30423 40432 57004 555 21097 34111 7000/=
35406 129// 00302 11118 21138 30420 40422 57003 60002 333 46003 55092==
35416 129// 03503 11132 21173 30270 40400 56006 60002 333 47009 55093==
35426 119// 00204 11125 21155 30065 40376 53002 60002 70230 333 47011==
35437 319// 00212 11155 21185 30125 40467 58004 73630 333 47016 55095 91016 91116 555 21156 7000/=
35449 319// 00307 11152 21179 30210 40321 53006 73633 333 48016 555 21154 7000/=
35497 12970 00502 11141 21206 39773 40646 52007 60002 333 47049==
35498 32998 00000 11260 21278 39417 40396 52003 333 47049 555 21260 7000/=
35514 32998 00204 11124 21151 30622 40618 57007 333 42003 555 21129 7000/=
35522 329// 00805 11130 21170 30106 40376 57002 333 47004 555 21133 7000/=
35542 319// 00505 11144 21171 30170 40328 53005 70231 333 47008 55089 555 21145 7000/=
35563 32998 01602 11180 21218 39513 40342 52008 333 47026 55085 555 21192 7000/=
35576 12970 00402 11196 21234 39844 40333 52008 60002 333 47028==
35582 32998 00505 11191 21246 39694 40345 52006 333 47020 555 21192 7000/=
35594 32999 01401 11227 21252 39455 40376 52004 333 47030 555 21252 7000/=
35605 32998 00105 11115 21128 30416 40393 57001 555 21116 7000/=
35633 325// 60208 11142 21166 30095 40324 54000 84570 333 44004 55056 555 21158 7000/=
35671 12970 00605 11124 21158 39847 40301 52010 60002 333 47012==
35699 12960 00507 11116 21191 39534 40328 52008 60002 333 48019==
35700 12970 00503 11117 21123 30406 40381 57002 60002 333 55094==
35715 32997 00405 11130 21165 30377 40361 57003 555 21133 7000/=
35739 329// 00203 11154 21205 30152 40302 58008 333 48004 555 21156 7000/=
35746 129// 23504 11170 21196 30210 40282 54000 60002 80002 333 42997 55095==
35777 32997 00503 11194 21220 39910 40283 53016 333 47011 555 21201 7000/=
35796 12960 00405 11165 21209 39860 40328 52004 60002 333 47025 55087==
35849 129// 00000 11166 21192 30175 40267 53001 60002 333 41/// 55093==
35895 32998 03604 11179 21204 39859 40339 53012 333 47007 555 21180 7000/=
35907 32598 50309 11057 21091 30390 40358 58001 85500 555 21060 7000/=
35925 129// 00204 11140 21153 30207 40327 53001 60002==
35927 329// 03602 11120 21147 30326 53002 555 21123 7000/=
35953 12970 03203 11164 21206 30116 40255 53005 60002 333 41998==
35969 12984 00502 11129 21172 30059 40242 53004 60002==
35997 31996 20501 11167 21201 39847 40315 53015 71000 80006 333 47002 555 21167 7000/=
36259 42684 23301 11348 21383 38294 48589 52008 82502==
36335 32999 00601 11159 21211 39298 40390 52007 333 48042 555 21212 7000/=
36358 32999 00000 11220 21242 39305 40418 53007 333 47018 555 21233 7000/=
36394 32997 21502 11285 21302 39957 40435 52010 80001 333 48016 555 21303 7000/=
36397 12984 00000 11274 21297 39798 40432 52008 60002 333 47008==
36403 /1995 50000 11266 21284 30016 40421 52012 71072 82031 333 48041 55066 555 21274 69902 7990/=
36418 32999 00000 11256 21275 39731 40416 52010 333 48075 555 21310 7000/=
36421 32999 00000 11326 21346 39791 40439 52009 333 47102 555 21343 7000/=
36428 12984 02001 11315 21355 39856 40429 53008 60002 333 47054 55089==
36439 32998 01403 11149 21190 39036 48530 53005 333 48038 555 21168 7000/=
36498 31998 00608 11097 21193 39505 40327 53011 70230 333 48050 91116 555 21165 7000/=
36501 31996 00000 11206 21227 39585 40405 53008 71000 333 47006 555 21261 7000/=
36535 12984 00000 11325 21354 39714 40439 53011 60002 333 48083 55081==
36546 32999 00000 11326 21349 39814 40433 52007 333 47040 555 21334 7000/=
36619 32999 00502 11190 21236 333 47023 555 21197 7000/=
36622 32998 03603 11232 21260 39507 40390 53007 333 48039 555 21238 7000/=
36639 12984 01201 11179 21248 39676 40325 52010 60002 333 47065==
36643 31996 02401 11251 21270 39675 40410 51003 71000 333 47016 555 21270 7000/=
36665 31996 01601 11211 21230 39601 40393 52006 71000 333 47022 55083 555 21238 7000/=
36666 32999 02301 11285 21307 39868 40424 52008 333 47016 55073 555 21328 7000/=
36729 32998 02502 11182 21198 39802 40320 52009 333 43013 555 21192 7000/=
36736 32999 33402 11151 21192 39739 40328 53013 82031 333 48020 55086 555 21177 7000/=
36744 32998 00502 11192 21211 39830 40317 53017 333 47004 555 21201 7000/=
36770 32999 00000 11170 21170 39534 40311 52012 333 47026 555 21185 7000/=
36786 32999 00000 11108 21144 39332 40289 52008 333 43056 555 21113 7000/=
36796 32998 00000 11231 21264 39060 48477 53010 333 47071 555 21236 7000/=
36803 32999 02701 11156 21169 39836 40315 53013 333 43005 555 21164 7000/=
36806 31999 01512 11186 21264 39819 40336 53015 70500 333 91015 91123 555 21247 7000/=
36819 31997 60000 11167 21180 39649 40306 52010 71022 80004 333 43004 55085 555 21167 7000/=
36821 11940 20000 11174 21184 39782 40309 52009 60002 71000 80002 333 42002==
36839 32999 01801 11132 21193 39119 40309 52008 333 43013 555 21147 7000/=
36843 32998 02503 11004 21090 39072 40248 52006 333 47036 555 21032 7000/=
36846 32999 43606 11095 21169 38622 48506 52008 80005 333 43063 555 21105 7000/=
36859 12984 00000 11084 21111 39511 40325 52011 60002 333 42003==
36870 12/60 60000 11058 21069 39223 40261 52012 60002 82071 333 43029==
36874 32699 51802 11172 21195 39601 40447 53012 82508 333 47013 555 21193 7000/=
36877 32999 20000 11127 21135 39654 40726 52014 80001 333 47018 555 21131 7000/=
36885 32999 21402 11059 21109 39112 40269 52008 80001 333 47035 555 21075 7000/=
36889 32999 01803 11093 21221 37036 47057 52007 333 47013 555 21108 7000/=
36894 32999 20000 11110 21138 39514 40289 52009 80001 333 43009 555 21111 7000/=
36905 32999 71301 11032 21116 38756 48516 52010 80002 333 43024 55089 555 21044 7000/=
36911 12999 30000 10008 21057 39240 40218 58016 6//// 80001 333 21057 555 51011 530// 7000/=
36927 12699 60902 11038 21095 38363 48525 52011 6//// 86900 333 21038 555 51008 530// 7000/=
36934 12598 80902 11008 21068 38298 48429 53006 6//// 86932 333 2//// 555 11012 5//// 530// 7000/=
36953 32899 72602 11132 21165 38212 48508 52011 84041 333 47020 55081 555 21176 7000/=
36963 11799 61403 11122 21174 37026 48/// 52007 6//// 702// 82551 333 2//// 4/007 555 11126 5//// 530// 7992/=
36974 12798 60000 11115 21143 38014 48553 52006 6//// 82502 333 2//// 4/004 555 11118 5//// 530// 7000/=
36982 11998 80000 11165 21199 36512 47117 52008 69902 702// 8807/ 333 21222 47001 555 5//// 530// 7////=
37018 22660 30405 10011 21047 30211 40288 52003 82531 333 20011 55059 60002 91011 90730 91112==
37031 22460 20402 11059 21094 30165 40373 52005 82600 333 21066 55000 60002==
37054 22460 80803 11055 21075 39976 40385 54001 885// 333 21056 46004 60002==
37061 21940 00502 11075 21095 30216 40397 53004 71000 333 21075 46001 55000 69902==
37085 22940 03602 11070 21079 30411 40383 53001 333 21071 34/// 60002==
37171 22640 80801 10063 20013 30261 40280 52003 885// 333 20061 60002 88640==
37228 21/10 83401 11041 21049 39482 40358 52001 71022 8802/ 333 21041 43003 55000 69912==
37235 21440 80902 11047 21060 30042 40378 52002 71022 886// 333 21049 46002 60002==
37472 21540 83003 11025 21060 30399 40375 52005 71022 8257/ 333 21034 34/// 55000 60002==
38149 12970 03404 11165 21191 30202 40286 52004 60002==
38178 12970 03103 11140 21175 39915 40224 58003 60002 333 55076==
38262 12/20 33303 11154 21178 30184 40273 52001 60002 83030 333 55078==
38264 12970 23306 11145 21172 30164 40265 52008 60002 80003==
38345 12999 80901 11008 21061 38798 48493 52006 6//// 8802/ 333 21023 34104 555 5//// 530// 7000/=
38353 12998 62201 11023 21087 39316 40238 53011 6//// 82031 333 21033 3/107 42005 555 5//// 530// 7000/=
38388 32598 73602 11062 21111 30156 40203 52014 87500 333 21064 38107 55000 555 7000/=
38392 32997 60107 11102 21130 30130 40240 52008 86030 333 21102 34108 55024 555 7000/=
38396 12/60 70207 11087 21141 30105 40238 52010 60002 8707/ 333 21087==
38403 12/60 83406 11078 21151 30087 40214 52004 60002 8807/==
38413 12/70 80802 11040 21110 39904 40206 58010 60002 8802/ 333 55029==
38457 41560 80303 10100 20004 39590 40168 52014 72122 8655/ 333 55032==
38462 41540 80000 11002 21008 38756 48496 54000 77177 887// 333 21003==
38507 32696 73607 11012 21083 30160 40267 52013 82530 333 21012 30102 55000 555 7000/=
38545 12598 83305 11021 21107 30010 40191 53016 69902 885// 333 21026 30101 55023 555 7990/=
38565 12670 80000 10017 21014 39556 40127 53002 60002 8397/ 333 20030==
38579 12560 80000 10056 21014 39752 40171 53012 60002 8597/ 333 55012==
38583 12660 82703 10056 20005 39855 40178 53011 60002 885//==
38599 31996 60705 10066 21048 39649 40186 51011 70422 82031 333 20051=
38611 11/40 70201 10038 21021 39630 40206 57002 60002 71022 87040 333 55074==
38613 12999 60201 11004 21028 40223 52009 6//// 80001 333 21004 30101 555 10026 5//// 530// 7000/=
38616 12597 61801 10008 21031 39196 40228 53006 6//// 84501 333 2//// 555 10022 5//// 530// 7000/=
38618 12984 81201 10012 21040 39501 40203 57004 60002 8253/ 333 55061==
38647 11495 80804 11026 21029 30203 40247 52015 60072 77372 8872/ 333 21028 3/103 47004 555 7008/=
38656 11698 82902 11027 21061 30119 40233 52011 60072 72277 885// 333 21028 3/100 43001 55000 555 7007/=
38683 12760 83602 10079 20000 39870 40144 53008 60002 8433/ 333 84950==
38687 11797 83204 10061 20024 39921 40156 52007 69902 78082 889// 333 20060 31006 55082 555 7990/=
38696 12684 20901 10084 20017 39298 40143 53003 60002 81150 333 55015==
38713 32998 81401 10030 21062 39009 48480 53007 83034 333 20025 55006=
38750 12597 83104 10043 20020 30289 40260 58012 60031 885// 333 20042 31004 55000 555 7003/=
38763 11496 80403 11026 21042 30145 40255 52012 60002 71022 885// 333 21026 30/100 55000 47003 88617 555 7006/=
38774 11495 83002 11006 21015 30052 40255 53008 60022 71022 8802/ 333 21008 32001 555 7010/=
38799 32597 82905 10032 21009 39960 40196 52022 885// 333 20030 30003 555 7000/=
38806 32697 72503 10050 21029 39886 40147 52012 87500 333 20048 30005 555 7000/=
38812 11/40 22006 10056 20007 39685 40139 53003 60002 71011 82030==
38836 32697 60000 10097 20081 39225 40146 58003 86500 333 20086=
38880 11295 83206 10002 20002 39972 40235 53013 69944 71022 886// 333 20002 31101 88705 555 7990/=
38886 11594 83206 10012 20001 39985 40220 52015 60052 77176 8802/ 333 20011 32001 555 7005/=
38895 11496 82904 10028 20015 39916 40212 53030 60032 76162 8802/ 333 20027 32003 555 7003/=
38911 32998 72902 10048 21029 39873 40170 52016 85072 333 20046 30004 55025 555 7000/=
38915 32997 52503 10084 21019 39834 40157 53015 85040 333 20071 30004 555 7000/=
38927 12960 60603 10093 20019 39774 40146 51004 60002 86430 333 55069 83666==
38933 32998 50502 10103 20048 39655 40162 54000 82032 333 20074=
38944 32998 43606 10080 20004 39571 40102 58005 82031 333 20075=
38954 32899 60000 11043 21049 37976 48570 53014 85901 333 21065 55014 47004=
38974 11498 83403 10032 20019 39869 40209 52007 60022 72162 8872/ 333 20031 32005 55016 88520 555 7002/=
38987 11395 82902 10016 20005 39473 40233 52022 60022 76162 8802/ 333 20016 31001 55025 555 7002/=
40100 43982 40903 10092 20014 30199 40215 53001 333 58///=
40180 02660 51802 10088 20066 30154 40205 52001 85800 333 70000==
40199 02/// /3502 333 70000==
40265 41960 02803 10024 21002 39396 40211 54000 70500=
40270 41557 13108 10037 21013 39280 40200 57002 70500 81100 333 81830=
40272 41540 62808 10040 20005 39354 40209 52003 70552 86800 333 81825 85640=
40356 42560 42718 10020 21020 39178 48474 84500 333 58010 84630 555 04410 50176=
40357 42960 31908 10064 20010 39513 40160 83030 333 58008 83360=
40360 42560 62908 10060 20010 39587 40189 86500 333 58017 86630=
40361 42960 02505 10012 21010 39399 40239 333 58012=
40362 42960 02304 10044 21050 39649 40190 333 58005=
40373 42960 02706 10058 21040 39753 40180 333 58015=
40375 42960 00000 10026 21040 39293 40189 333 58008=
40394 42960 01802 10034 21030 39029 48495 333 58000 555 04410 50180=
40400 42960 20303 10132 20040 30130 40158 80001 333 59002 82070=
40405 42960 02702 10057 21010 39425 40199 333 58008=
40417 41958 03108 10088 20040 30149 40165 70544 333 58058=
40430 41920 00603 10140 21030 39408 40166 70600 333 58005=
40437 42960 02702 10081 21020 39466 40180 333 58030=
40439 42960 03002 10122 20070 30120 40138 333 58002=
40582 32960 01904 10055 21020 40173 53007 333 55300 00000 10197 20000 30000 40848 51044 60000 55407 40000 90401 91005 91105 91205 91303=
40703 42660 60000 11066 21078 38945 40262 54000 86570 333 10006 21068 70000 83635 86459 555 11067 29091 66666 01044 11040 21006 30018 50060 90092=
40706 42565 10706 11032 21077 38673 40261 54000 81401 333 11009 21034 70000 81630 555 11045 29071 66666 01017 10010 20042 30053 50061 90076=
40712 41557 80105 11026 21070 38690 40238 55002 77072 8632/ 333 11005 21026 70032 82930 83635 88458 555 11038 29072 66666 00008 10011 20018 30021 50036 90054=
40713 42660 41006 11026 21092 38660 40221 55003 81402 333 10004 21028 70000 81635 83068 555 11044 29061 66666 00017 10040 20054 30062 50075 90097=
40718 41450 83305 10063 20036 30331 40301 52006 76166 8532/ 222// 0//// 20202 333 10073 20062 70416 83912 85615 88556 555 10052 29083 66666 00062 10076 20078 30086 50102 90122=
40723 41440 81902 11003 21020 38967 40233 53012 77172 8752/ 333 10018 21004 70011 83715 85625 88556 555 11009 29088 66666 00012 10020 20036 30040 50050 90070=
40726 41640 80503 11038 21067 38660 40238 56006 71022 8452/ 333 11008 21040 70000 84635 88457 555 11046 29080 66666 00014 10016 20040 30040 50052 90082=
40727 42660 11408 11039 21093 38472 40226 57005 81500 333 11006 21056 70002 81640 555 11053 29066 66666 01004 10018 20032 30039 50045 90074=
40732 41456 83204 10058 20034 30307 40282 51007 71062 8632/ 333 10064 20052 70057 82918 85623 88458 555 10048 29084 66666 00064 10070 20078 30088 50104 90124=
40736 41458 82905 10078 20042 30298 40272 52015 70152 8562/ 333 10084 20058 70147 85717 88458 555 10063 29078 66666 00074 10076 20084 30092 50098 90120=
40738 41560 82415 10064 20035 30269 40271 52020 71082 8532/ 333 10086 20061 70011 81930 84640 88458 555 10052 29082 66666 00074 10078 20080 30092 50100 90124=
40739 42665 42501 11011 21075 38687 40222 52014 81502 333 10027 21013 70056 81635 84069 555 11031 29062 66666 00002 10012 20038 30052 50070 90090=
40741 41540 83106 10032 20010 39876 40216 52018 76166 8672/ 333 10080 20032 70028 86720 88557 555 10024 29086 66666 00069 10081 20093 30100 50103 90118=
40743 41540 83506 10031 21015 39058 40179 52021 72582 8472/ 333 10130 20019 70076 84725 88460 555 10014 29072 66666 00061 10083 20110 30121 50124 90134=
40745 41356 82903 10021 20000 39032 40189 52018 76866 8572/ 333 10094 20013 70061 85708 88556 555 10012 29086 66666 00038 10054 20074 30082 50083 90105=
40747 42660 23305 11030 21097 38631 40220 56005 82500 333 10019 21031 70002 82640 555 11048 29060 66666 01002 10021 20042 30058 50069 90094=
40754 42965 13104 11012 21065 38827 40211 52010 80001 333 10045 21014 70000 81070 555 11028 29067=
40762 41550 80202 10017 21002 38520 40138 53014 72587 8532/ 333 10116 20013 70045 81930 84635 88459 555 10009 29087 66666 00036 10054 20064 30068 50070 90090=
40766 42960 31204 10000 21067 38668 40179 56006 83070 333 10041 21003 70000 83459 555 11022 29061 66666 00012 10030 20044 30060 50076 90102=
40768 42660 10000 11103 21126 38246 40251 57004 81400 333 11019 21112 70000 81645 555 11106 29083 66666 00003 10010 20021 30034 50040 90058=
40769 42660 11301 11066 21092 38281 40221 53002 81500 333 10006 21066 70016 555 11071 29082 66666 00000 10016 20034 30042 50066 90104=
40780 41958 00902 11011 21030 38648 40186 55004 71000 333 10026 21013 70000 555 11017 29087 66666 00020 10026 20050 30058 50080 90100=
40782 41956 21002 10012 21024 38836 40162 56005 70600 82030 333 10072 20001 70000 82359 555 11002 29077 66666 00034 10042 20070 30066 50096 90116=
40785 42960 01202 10006 21054 39118 40240 52011 333 10077 20006 70066 555 11014 29064 66666 00036 10052 20068 30086 50110 90162=
40791 41550 73004 10070 20021 39356 40178 52020 70522 83770 333 10170 20069 70035 83725 83640 555 10049 29071 66666 00098 10106 20132 30141 50146 90164=
40792 41540 82903 10036 20027 38703 40150 52019 71062 8677/ 333 10143 20031 70075 86720 88357 555 10032 29094 66666 00060 10082 20100 30094 50118 90122=
40798 42660 43004 11032 21061 37926 40172 53011 84500 333 10036 21033 70008 84640 555 11040 29081 66666 00002 10014 20039 30052 50062 90080=
40800 42670 40901 10033 21044 38445 40173 53008 84500 333 10076 20033 70000 84635 555 10005 29057 66666 00028 10048 20070 30080 50090 90120=
40809 41558 70203 10047 20032 38450 40101 53003 72162 85370 333 10125 20046 70038 81720 81925 83630 85458 555 10040 29090 66666 00072 10084 20105 30106 50106 90128=
40811 41958 00000 10077 20020 30128 40155 53003 70500 333 10157 20077 79999 555 10054 29067 66666 00108 10138 20166 30176 50190 90208=
40812 41908 01301 10085 20064 39759 40139 55000 70644 333 10127 20085 70000 555 10075 29086 66666 00096 10112 20118 30118 50172 90194=
40821 41430 83004 10024 20019 38797 40212 52015 71022 8361/ 333 10078 20023 70031 82715 83635 88459 555 10022 29096 66666 00069 10085 20113 30119 50115 90134=
40829 42960 30502 10095 21059 39562 40131 52019 83070 333 10176 20094 70000 83359 555 10040 29033 66666 00100 10120 20120 30120 50142 90174=
40831 42960 02803 10067 20017 30156 40164 54000 333 10150 20067 70000 555 10047 29071 66666 00094 10130 20186 30192 50206 90226=
40833 41940 00102 10072 20012 30131 40164 53005 70600 333 10170 20070 70000 555 10048 29066 66666 00118 10148 20184 30186 50196 90216=
40841 42660 71003 10067 20015 38223 40122 53013 83420 333 10114 20065 70000 83640 86459 555 10044 29069 66666 00066 10062 20062 30086 50110 90144=
40845 41930 03308 10155 20057 30156 40161 53008 70600 333 10180 20150 70000 555 10108 29052 66666 00154 10164 20176 30184 50188 90202=
40848 41650 30000 10072 20043 38495 40129 53008 71000 83500 333 10104 20056 70020 83635 555 10058 29081 66666 00068 10078 20096 30102 50108 90122=
40854 42660 22703 10156 20024 38922 40098 52022 82500 333 10188 20150 70000 82635 555 10093 29041 66666 00140 10136 20158 30166 50174 90198=
40856 42660 22412 10116 20054 38615 40110 53001 81470 333 10150 20114 79999 81640 555 10085 29066 66666 00094 10100 20110 30112 50116 90134=
40859 41640 51102 10094 20083 38690 40140 53008 71021 85300 333 10118 20094 70017 82935 84640 555 10088 29093 66666 00086 10106 20114 30120 50128 90149=
40875 41556 71003 10205 20166 30127 40139 53008 70521 83370 333 10219 20186 70003 81925 83630 86360 555 10181 29078 66666 00214 10216 20224 30220 50235 90246=
40879 42662 30202 10123 21003 39490 40166 52018 81570 333 10226 20122 70000 81640 83360 555 10070 29042 66666 00166 10178 20202 30208 50208 90234=
40882 41550 83502 10204 20164 30099 40134 53017 70522 8252/ 333 10206 20196 70000 82630 88458 555 10180 29078 66666 00184 10198 20210 30220 50222 90242=
40883 41550 40905 10204 20166 30103 40130 53013 70500 84600 333 10217 20196 70000 84720 555 10181 29079 66666 00202 10206 20210 30224 50230 90244=
40893 41956 41109 10215 20159 30137 40143 52006 70522 84010 333 10236 20212 70000 84459 555 10181 29071 66666 00228 10231 20241 30243 50247 90245=
40898 42960 00504 10191 20144 30158 40167 53020 222// 00228 20900 333 10222 20190 70000 555 10164 29074 66666 00170 10192 20230 30234 50250 90270=
41024 42960 03603 10185 20130 30118 40145 333 58005=
41036 42960 00000 10105 20060 38549 48498 333 59004 555 04410 50130=
41055 42960 01803 10130 20000 38356 48503 333 58005 555 04410 50125=
41061 41956 01114 10138 21030 39440 40139 70700 333 58032=
41084 42960 01904 10127 20030 38844 48499 333 58002 555 04410 50104=
41112 42960 02007 10138 21160 37945 48516 333 58005 555 04410 50108=
41114 42960 01506 10075 21090 37984 48523 333 58005 555 04410 50127=
41128 42960 00602 10149 20000 38820 48528 333 58028 555 04410 50135=
41136 41920 00304 10157 21030 39325 40130 70600 333 58028=
41140 41559 30000 10239 20210 30121 40133 71000 83100 333 58005 83830=
41150 42964 03214 10165 20055 40161 333 58055=
41176 44/30 /3608 10156 20103 30145 40151 333 58044=
41184 42960 41212 10225 20159 40135 82031 333 59013 82360=
41194 42960 51608 10219 20126 30129 40135 85030 333 59012 85360=
41196 42960 71610 10215 20138 30098 40139 8703/ 333 59013 87362=
41216 42960 21508 10211 20134 30128 40132 82030 333 59005 82368=
41217 42960 21906 10198 20129 30103 40133 82030 333 59004 82368=
41240 26/// /1111 10229 20182 30121 40151 333 0E/// 55300 25106 59012 70000=
41262 36/// /1208 10157 20139 39949 40150 333 0E017 55300 20000 59008=
41265 36/// /0501 10135 20126 39563 40144 333 0E017 55300 20000 59013=
41267 36/// /3102 10198 20142 30132 40145 333 0E019 59018=
41268 36/// /2009 10202 20155 30094 40142 333 0E020 55300 25022 59020=
41275 36/// /1004 10134 20116 39995 40170 333 0E013 55300 20000 59011=
41288 36/// /1502 10229 20146 30132 40154 333 0E022 59012=
41315 36/70 /1703 10159 20136 39314 47968 333 0E021 55300 27865 59008=
41396 42965 02502 10128 20103 39406 40148 333 58002=
41480 42560 60103 10240 20193 30129 40138 86500 333 58000 86620=
41506 12960 03602 10050 21039 38560 48570 60001 333 20028 59012 70000==
41508 12960 00000 10000 21044 38690 48510 60001 333 21016 59017 70000==
41515 12960 00000 10012 21068 38591 48490 60001 333 20000 58010 70000==
41516 12440 40000 10010 21049 38607 48600 60001 83530 333 21030 56880 59018 70000==
41517 11440 50000 11055 21085 37862 48130 60001 70410 82531 333 21062 56888 59007 70000==
41518 12460 40000 10028 21024 30001 48010 60001 82230 333 20014 56880 58000 70000==
41519 12960 10000 10065 21043 38834 48650 60001 81030 333 20060 56080 58017 70000==
41523 12960 00000 10030 21009 39110 48050 60001 333 20014 59023 70000==
41535 12960 00000 10010 21017 38740 48000 60001 333 21018 58000 70000==
41536 12960 00000 10040 20016 39059 48130 60001 333 20034 59002 70000==
41560 12460 50000 10020 21018 38307 48390 60001 83520 333 21020 56880 58004 70000==
41571 11940 43602 10090 21006 39583 40185 60001 70500 82031 333 20072 56088 59020 70000==
41598 11920 00000 10080 20020 39891 40173 60001 70400 333 20072 59010 70000==
41600 11940 20000 10080 20058 39868 40175 60001 70411 82020 333 20072 56080 59007 70000==
41620 11440 43601 10050 21067 38598 48990 60001 70500 84500 333 20004 56800 59011 70000==
41624 11920 00000 10115 20050 39965 40171 60001 70400 333 20080 58030 70000==
41630 11440 50000 10095 20038 30000 40174 60001 70410 83570 333 20068 56880 59021 70000==
41640 11940 20000 10130 20043 39913 40167 60001 70400 82070 333 20098 56080 59016 70000==
41660 22997 51306 10080 21028 38436 48527 85030 333 20059 56090 59022 60007 70000 85360=
41678 11940 00000 10120 20068 30000 40184 60001 70400 333 20094 59010 70000==
41696 12460 80000 10035 21014 37998 48260 60001 84520 333 21006 56880 59006 70000==
41697 12460 40000 10075 20040 30015 40180 60001 84500 333 20064 56800 59013 70000==
41700 11410 60902 10125 20074 30026 40157 60001 70422 84530 333 20078 56880 59031 70000==
41710 22997 40000 10120 21068 39354 40137 84030 333 20095 56090 59001 60007 70000 84360=
41712 12440 70000 10090 21006 39192 48920 60001 84530 333 20080 56880 59011 70000==
41715 21993 80000 10140 20091 30103 40170 70400 8353/ 333 20090 56990 59028 60007 70000 83635 85360=
41718 11920 40000 10100 20057 30055 40162 60001 70400 84030 333 20068 56080 59039 70000==
41725 11440 60000 10130 20068 30077 40157 60001 70500 83530 333 20110 56800 59038 70000==
41739 12440 70000 10085 20016 39092 48320 60001 84530 333 20074 56880 58006 70000==
41744 12440 80000 10060 21001 38808 48230 60001 8552/ 333 20030 5688/ 59001 70000==
41749 11920 03102 10110 20090 30151 40184 60001 70400 333 20094 59020 70000==
41756 11940 40902 10175 20121 30096 40163 60001 70504 80001 333 20114 56008 59018 70000==
41757 12940 30000 10120 20090 30161 40174 60001 83010 333 20104 56080 59017 70000==
41759 12940 40000 10105 20050 30155 40161 60001 84010 333 20074 56080 59019 70000==
41764 11920 40202 10155 20063 30108 40160 60001 70400 80001 333 20150 56008 59025 70000==
41768 12940 03601 10085 20052 30157 40164 60001 333 20070 59014 70000==
41780 12940 60201 10150 20028 30130 40159 60001 80001 333 20128 56008 59002 70000==
41785 12940 43601 10105 20085 30158 40171 60001 80001 333 20090 56008 59008 70000==
41859 01940 03102 10164 20140 30128 40167 70500 333 20115 58014 70000==
41883 02950 02702 10176 20100 30147 40168 333 20110 58015 70000==
41891 01940 00000 10200 20100 30128 40168 70500 333 20129 58016 70000==
41907 01930 00000 10142 20130 30151 40167 70500 333 20095 58006 70000==
41923 01940 00000 10216 20070 30159 40169 70500 333 20156 58008 70000==
41936 01909 00403 10154 20120 30157 40164 74244 333 20120 58009 70000==
41943 01930 00000 10180 20120 30152 40159 70500 333 20103 58002 70000==
41950 01940 00000 10200 20110 30164 40166 70500 333 20120 58003 70000==
41978 01928 00104 10204 20100 30150 40157 72800 333 20144 58004 70000==
41992 01930 00305 10237 20080 30149 40151 70500 333 20170 58000 70000==
42027 31695 50501 11005 21028 38462 48549 71020 81530 333 21029 59017 555 10026=
42071 31895 59902 10084 20043 40172 70500 85030 333 10208 20067 59018 85358 555 10008=
42101 31595 63201 10110 20073 40174 71000 82530 333 10225 20095 59013 82630 84360 555 10012=
42111 31995 22701 10098 20070 39424 40146 71000 82030 333 10258 20076 59007 82360 555 10007=
42123 31995 30000 10108 20070 40178 70500 83030 333 10247 20098 59017 83360 555 10013=
42131 31995 02702 10094 20059 40180 71000 333 10223 20084 59013 555 10013=
42165 32996 30000 10126 20048 40169 83030 333 10248 20104 59025 83360 555 10001=
42182 31995 02703 10118 20063 40168 70500 333 10233 20098 59011 555 10007=
42189 31994 00000 10102 20073 40157 71000 333 10220 20077 59003 555 10013=
42309 21995 43202 10160 20153 40174 71042 84030 333 20084 58026 6998/ 555 00008 10080=
42314 31994 30000 10164 20150 40172 71022 83030 333 20109 58029 83360 555 10045=
42328 31995 40000 10140 20075 40148 70522 80001 333 10265 20075 59022 84070 555 10002=
42339 31995 30000 10146 20013 40174 70500 80001 333 10273 20133 59023 83070 555 10001=
42348 31995 49902 10148 20006 40175 70510 82031 333 10247 20106 59022 82360 83070 555 10013=
42361 31995 40000 10120 20088 40173 70500 80001 333 20083 59019 84070 555 10003=
42369 31995 02306 10124 20051 40166 70500 333 10243 20082 59004 555 10001=
42379 31995 02702 10134 20077 40162 70500 333 10238 20099 58015 555 10000=
42398 31994 99902 10180 20153 40151 71040 80000 333 20140 58024 555 10000=
42410 31594 20000 10168 20144 40176 71000 82500 333 20119 58028 82620 555 10004=
42415 31995 00000 10178 20143 40179 71000 333 20151 58025 555 10019=
42452 31996 30000 10140 20075 40170 70500 80001 333 10240 20098 59022 555 10014=
42492 31995 02706 10140 20080 40169 70500 333 20125 58008 555 10001=
42559 32996 20000 10102 20059 40178 80002 333 20086 59017 82075 555 10000=
42571 31996 22301 10116 20075 40178 70500 80001 333 20086 59014 82075 555 10002=
42591 31995 02302 10154 20064 40182 70500 333 20098 58003 555 10000=
42623 31495 30000 10138 20072 39285 40174 70500 83500 333 20058 58004 83618 555 10002=
42634 32996 50000 10156 20045 40153 80001 333 20138 59021 85070 555 10000=
42647 31995 30707 10188 20047 40156 70400 80001 333 20161 59014 83070 555 10000=
42667 31996 00204 10150 20068 39578 40184 70500 333 20094 59002 555 10000=
42675 31995 00000 10130 20077 40182 70500 333 20086 59013 555 10000=
42701 31996 03202 10158 20034 39419 40162 70500 333 20118 58005 555 10000=
42724 31995 00000 10176 20134 40162 71000 333 20102 555 10000=
42737 32996 30702 10186 20071 40150 80001 333 20134 59015 83070 555 10000=
42754 31996 10906 10174 20086 39519 40166 70500 80001 333 20139 59013 81075 555 10000=
42779 32996 00000 10146 20059 39461 40178 333 20104 59006 555 10000=
42798 31995 03402 10174 20075 40166 70500 333 20122 58002=
42809 31995 00202 10200 20100 40168 70500 333 20160 58003 555 10000=
42840 31995 20000 10184 20135 40138 70500 80001 333 20173 59007 82075 555 10000=
42867 31996 00203 10214 20070 40165 70500 333 20163 59008 555 00000 10001=
42874 31995 00502 10206 20103 40168 70500 333 20183 59003 555 10000=
42886 31995 03603 10204 20055 40173 70500 333 20116 59006 555 10000=
42895 32996 03602 10204 20130 40170 333 20159 58002 555 10000=
42909 32996 00000 10200 20130 40135 222// 20000 333 20184 59008 555 10000=
42971 31995 03602 10230 20182 40167 70500 333 20185 58001 555 10000=
43003 31995 00000 10226 20181 40129 70500 333 20205 58003 555 10000=
43014 31995 02002 10200 20151 39492 40147 70542 333 20180 59007 555 10000=
43041 31995 00000 10210 20137 39537 40160 70500 333 20167 59003 555 10000=
43063 31996 00000 10194 20165 39520 40153 70500 333 20164 59002 555 00000 10000=
43086 31996 00000 10220 20198 39966 40146 70500 333 10334 20182 59004 555 10000=
43110 31995 00702 10230 20161 40131 70544 333 20198 59003 555 10000=
43117 32997 01402 10240 20195 40141 333 20219 59003 555 10000=
43128 31996 20000 10238 20183 39540 40147 70511 80001 333 10327 20196 59003 82070 555 10000=
43150 31595 33602 10258 20238 30094 40155 70500 81501 222// 20000 333 10318 20229 58002 81620 83075 555 10000=
43185 31594 40000 10254 20236 30138 40142 74444 82530 333 10346 20230 58000 82620 84360 555 10000=
43189 31596 30000 10264 20243 30143 40152 70500 81532 333 10340 20238 59001 555 10000=
43192 31995 00000 10230 20209 40124 70500 333 20215 59006 555 10000=
43198 32496 31103 10226 20091 39309 40133 82501 333 10330 20164 56209 59003 82612 555 10000=
43201 32997 02301 10236 20095 39392 40116 333 10341 20174 59002 555 10000=
43213 31996 00000 10226 20188 39811 40131 70500 333 10363 20206 59003 555 10000=
43233 32997 00903 10232 20202 39329 40147 333 10330 20171 58000 555 10000=
43237 31996 19901 10204 20134 39720 40118 70500 80001 333 10355 20173 58000 81075 555 10000=
43245 32997 01401 10258 20222 30118 40145 333 10332 20240 59002 555 10005=
43279 31993 03402 10240 20228 30132 40150 74400 333 10324 20220 58000 555 10056=
43284 31996 00903 10230 20192 30010 40127 71000 333 10339 20206 59002 555 10036=
43295 32997 10903 10214 20196 39128 48534 80001 333 10314 20169 59002 81075 555 10005=
43310 32596 42702 10268 20224 40106 82211 333 20236 59014=
43314 32997 10000 10258 20210 40127 80001 333 10354 20238 58000 555 10000=
43321 31996 39902 10238 20131 39693 40143 70500 80001 333 10332 20178 59004 83070 555 10001=
43329 31595 30000 10234 20228 30128 40141 71000 82501 333 10306 20208 59005 555 10005=
43333 31495 10502 10282 20220 40128 70500 81500 333 20222 59001 81618 555 10074=
43344 31494 70202 10236 20221 30044 40145 71042 83530 333 10325 20204 59004 83616 85360 555 10015=
43353 31496 10304 10256 20196 40129 70521 81500 333 10318 20234 56700 59003 81620=
43369 32597 20902 10260 20234 40120 82500 333 10323 20230 59005 82620 555 10073=
43371 31996 20000 10228 20177 30053 40127 70500 80002 333 10348 20216 59001 82071 555 10049=
43404 22970 60502 10267 20266 30129 40132 5/026 333 10307 20202 3/019 553// 20180 59002 60008 70000 91003==
43410 21468 10706 10275 20231 30132 40135 705// 81100 333 10278 20261 3/024 59002 60008 70000==
43413 22470 10603 10271 20246 30134 40139 52026 81100 333 10308 20254 553// 20201 59001 60008 70000 91004==
43415 22470 30401 10240 20225 30026 40124 52/// 83000 333 10278 20210 3/019 58002 60008 70000==
43418 22470 10501 10274 20224 30092 40133 52021 81100 333 10274 20226 58000 60008 70000 81/18==
43421 22/70 20201 10257 20256 30030 40136 5/025 333 10321 20208 553// 20189 59001 60008 70000 91003==
43422 22/70 10502 10238 20229 39998 40133 51023 333 10281 20201 59002 60008 70000==
43424 22970 00503 10238 20226 30126 40128 53023 333 20211 59001 60008 70000==
43436 22470 60000 10256 20233 30133 40136 50025 86000 333 10278 20237 58004 60008 79999==
43441 22/70 30902 10260 20199 39986 40119 53024 333 10297 20209 3/019 58000 60008 70000==
43444 22/70 20902 10224 20183 39587 40122 52018 333 20181 59002 60008 70000==
43450 21/67 30104 10252 20203 30114 40126 52021 70500 333 10311 20209 3/016 59001 60008 70000==
43466 21/68 50303 10257 20155 30116 40124 5/028 70521 333 10324 20232 3/019 553// 20220 59002 60008 70000 91005==
43467 21456 70202 10258 20170 30117 40123 52027 70510 81101 333 20233 58003 60008 70000==
43473 22470 10807 10162 20044 38131 48505 52016 81000 333 10201 20101 3/005 553// 20313 59007 60008 70000 91012==
43475 21468 73503 10273 20219 30125 40130 52023 70520 82108 333 10319 20231 553// 20235 58002 60008 70000 91005==
43476 21430 52701 10164 20133 38800 48540 52028 71021 82000 333 10200 20118 58006 60008 70000 91002==
43479 22470 11401 10172 20159 39292 81100 333 10230 20142 58005 60008 70000==
43486 21458 11401 10266 20207 30022 40122 51026 70510 81000 333 10356 20213 553// 20230 59004 60008 70000 91002==
43495 22/70 50701 10264 20171 30104 40117 52/// 82000 333 20237 58000 60008 70000==
43497 22470 20204 10270 20000 30104 40121 5/023 81000 333 10330 20228 553// 20273 58002 60008 70000 91007==
44212 42584 71601 11232 21267 39218 40482 52001 87500==
44213 42684 70000 11205 21246 38851 40453 57001 87500==
44214 42960 13602 11177 21257 38308 40445 53004 80001==
44215 42/70 20000 11226 21272 38441 40482 52002 81044==
44217 32998 10000 11265 21314 37861 40580 53004 80001 333 91202=
44218 41940 02501 11210 21252 38653 40467 51003 70400==
44219 32999 21402 11263 21291 38674 40514 53001 80004 333 91203=
44265 42984 00602 11164 21231 38896 40416 52009==
44266 32999 31301 11185 21256 37762 40447 57001 80008 333 91204=
44404 22958 00901 10132 20022 38117 48453 80000 333 20073 59016 60004=
44416 22959 01503 10107 20076 39367 40146 80000 333 20051 58000 60004=
44424 22960 01702 10020 21070 37671 47046 80000 333 21050 59022 60004=
44434 21210 21203 10106 20101 39241 48522 71044 82100 333 20072 58009 60004=
44438 21910 00000 10118 20100 30031 40157 71044 80000 333 20088 58018 60004=
44449 21925 00703 10136 20129 30002 40161 71044 80000 333 20080 58014 60004=
44454 21450 21502 10108 20043 38668 48502 70540 82100 333 20045 58008 60004=
44462 22462 10903 10090 20049 38241 48464 81100 333 20063 58000 60004=
44474 21910 00000 10094 20060 38260 48507 71044 80000 333 20046 58012 60004=
44477 21330 51801 10110 20093 38831 48536 7104/ 85400 333 20070 58023 60004=
44478 21908 00000 10120 20113 30082 40164 744// 80000 333 20093 58032 60004=
48010 41956 01801 10155 20144 39936 40144 70244 333 58004==
48020 42957 00000 10160 20144==
48025 41110 52202 10172 20135 31003 40156 58006 74044 85700==
48048 42956 03201 10190 20139 39999 40118 333 58022==
48052 32957 00000 10218 20173 333=
48062 42556 23603 10210 20195 30123 40130 82500 333 58000==
48064 42950 01401 10210 20175 30050 40108 333 58000==
48094 42958 00000 10255 20220 30119 40129 333 58002==
48109 42960 00000 10273 20226 30130 40134 333 59006==
51076 14/80 /2201 11163 21213 39420 40379 52012 60001 333 11051 21197 3/103 4/025 59037 70000 90761 91103==
51087 14/76 /1101 11143 21208 39264 40377 52005 60001 333 11053 21174 3/106 4/018 59041 70000 90761 91103==
51156 14/80 /0103 11095 21187 38728 40349 52009 60001 333 11022 21151 3/117 59034 70000 90761 91105==
51243 14/24 /2501 11203 21229 39788 40400 52015 60001 71000 333 11143 21208 3/116 59030 70000 90761 91103==
51334 14/42 /1601 11198 21221 39941 40392 52011 60001 70500 333 11124 21241 3/112 4/012 59036 70000 90761 91103==
51379 14/58 /1501 11173 21205 39348 40393 52006 60001 333 11093 21240 3/107 4/023 59026 70000 90761 91103==
51463 14/71 /1602 11108 21177 39083 40362 52008 60001 333 11091 21147 3/101 4/036 59028 70000 90761 91103==
51573 14/69 /0401 11024 21158 30277 40329 52013 60001 333 10040 21049 3/111 59045 70000 90761 91104==
51644 14/20 /0000 11082 21103 39017 40345 52012 60001 70500 333 10006 21119 3/107 4/002 59033 70000 90761 91103==
51656 14/50 /0000 11091 21118 39228 40351 52008 60001 70500 333 10016 21117 3/114 59035 70000 90761 91104==
51709 14/58 /2802 11060 21152 38677 40331 52011 60001 333 10018 21079 3/110 59029 70000 90761 91104==
51711 14/61 /2601 11123 21163 38035 40317 52012 60001 333 11036 21156 3/120 59027 70000 90761 91106==
51716 14050 01702 11065 21118 38974 40336 52008 60001 333 10041 21099 3/115 59032 70000 90761 91103==
51765 14/59 /2701 11063 21134 39293 40350 52012 60001 333 10031 21106 3/115 59031 70000 90761 91103==
51811 14/56 /2701 11070 21167 38845 40333 52009 60001 70600 333 10045 21095 3/116 59031 70000 90761 91102==
51818 14/38 /2600 11065 21173 38686 40318 52004 60001 70600 333 10043 21097 3/116 59034 70000 90761 91102==
51886 14/80 /2301 11104 21220 37125 40321 52015 60001 333 11006 21154 3/120 59003 70000 90761 91104==
52203 14/69 /1202 11045 21173 39405 40338 52015 60001 333 10021 21125 3/117 59043 70000 90761 91103==
52602 14/77 /0501 11112 21216 37284 40369 52008 60001 333 11023 21180 3/122 58006 70000 90761 91103==
52818 14/80 /1201 11025 21203 37246 40261 52006 60001 333 11018 21130 3/120 4/001 59010 70000 90761 91103==
52908 14/80 /2509 11149 21324 35769 40361 52013 60001 333 11086 21235 3/127 58033 70000 90761 91113==
55228 14/80 /0802 11118 21279 36047 40318 52011 60001 333 11015 21158 3/122 58003 70000 90761 91104==
55299 14/63 /3601 11108 21347 35872 40260 52012 60001 333 10009 21194 3/125 58038 70000 90761 91106==
55578 14/80 /2304 10047 21255 36388 40081 52022 60001 333 10115 21041 3/111 58020 70000 90761 91109==
55591 14/73 /1003 10017 21238 36540 40110 52027 60001 72000 333 10132 21020 3/109 58054 70000 90761 91106==
55664 14/80 /2401 11047 21237 36033 40190 52015 60001 333 10077 21125 3/117 58014 70000 90761 91109==
55773 14/80 /2102 11052 21167 36023 40211 52018 60001 333 10066 21138 3/119 58011 70000 90761 91104==
56004 14/80 /3202 11153 21323 35840 40394 52014 60001 333 11074 21239 3/130 58040 70000 90761 91107==
56018 14/67 /1701 11067 21314 36208 40251 52009 69911 333 10031 21130 3/118 58061 70001 90761 91105==
56312 14/80 /1902 10061 21035 37104 40146 52025 60001 333 10125 20017 3/000 58033 70000 90761 91107==
62306 42560 30209 10130 20017 40246 57005 82100==
62332 42560 63508 10130 20048 40216 54000 86800==
62366 44/58 63604 10111 20070 40219 52001 70522 86050==
62387 32960 03505 10086 20036 40219 57007=
62393 42960 03408 10061 20027 40234 54000==
62405 42960 00103 10113 20018 40196 52004==
62414 42960 00105 10096 20010 40190 52002==
62419 42960 03511 10111 20013 40196 54000==
62420 32960 03502 10082 20030 40236 57004=
62458 32960 03604 10118 20022 40205 52002=
41256 31959 20903 10179 20141 30128 40145 70500 80001 90245 333 59010 55000 55407 55408 55507 55508 82070=
41316 32588 79904 10228 20157 30115 40145 87500 90245 333 59012 55000 55407 55408 55507 55508 87630=
40420 42960 03307 10091 21020 39952 40168 90247 333 58060=
