SIPK OPKC 041500=
41506 22695 50000 10060 20003 38507 48506 82520 333 56990 59074 60007 82640 83460 67%=
41507 22996 00906 10150 20022 39260 49778 333 58020 60007 42%=
41508 22696 22702 10072 21019 38654 48522 82500 333 56900 58024 60007 82635 53%=
41509 22696 70000 10080 20010 38759 48497 82520 333 56990 58002 60007 82640 85460 RH 61%=
41510 22696 52702 10020 20008 37891 48505 83520 333 56990 58000 60007 83640 82460 92%=
41515 22695 60000 10046 20009 38553 48515 83520 333 56990 59012 60007 83650 83458 77%=
41516 22996 60000 10060 21051 38512 48471 86010 333 56090 59029 60007 86460 RH45%=
41517 21696 70000 10040 21054 37753 48478 70422 83570 333 56990 59054 60007 83635 87460 50%=
41518 22696 71802 10072 21030 38/// 48/// 83520 333 56990 5//// 60007 83640 87461 60%=
41519 22696 60000 10120 21026 38744 48485 83520 333 56990 59050 60007 83640 83462 RH36%=
41520 22695 71802 10020 21065 37592 48236 83570 333 56990 59033 60007 83840 85762 53%=
41523 22996 00000 10110 20035 39072 48487 333 58019 60007 60%=
41524 22696 30904 10150 20007 39339 40202 83500 333 56900 60007 83640 38%=
41525 22696 60000 10005 21051 37668 48401 82520 333 56999 58007 60007 82640 84460 61%=
41528 21696 30000 10130 20060 39201 48489 70400 83500 333 56900 58007 60007 83640 62%=
41529 22996 03602 10140 20056 39769 40155 333 58034 60007 RH 57%=
41534 22996 01302 10150 20043 39725 40142 333 58023 60007 49%=
41535 22696 50000 10090 20009 38702 48470 82520 333 56990 59014 60007 82635 83460 57%=
41536 22996 70000 10130 20048 39026 48497 87030 333 56090 58015 60007 87460 57% =
41560 22996 00000 10080 21028 38315 48543 333 59010 60007 RH46%=
41562 22996 43104 10150 20012 39684 40152 84030 333 56090 58038 60007 84362 RH39%=
41565 22995 03104 10078 21005 38658 48525 333 58012 60007 RH 55% =
41567 21996 00000 10150 20043 39699 40120 70500 333 58025 60007 49%=
41571 219// 03104 10140 20007 39556 40145 70500 333 58008 60007 RH40%=
41572 21996 02704 10110 20007 39506 40143 70500 333 59012 60007 RH49%=
41573 22697 41302 10045 21030 37950 48484 84400 333 56900 58013 60007 84640 58%=
41574 22697 40000 10075 20021 38334 48514 84500 333 56900 58013 60007 84640 69%=
41576 21996 02304 10140 20056 40163 70400 333 58007 60007 57%=
41577 21996 00000 10140 20048 39528 40148 70400 333 56000 58006 60007 RH 54%=
41593 21996 00000 10150 20081 39928 40147 70400 333 58016 60007 63%=
41597 21996 00000 10150 20081 40161 70400 333 58010 60007 63%=
41598 21996 00000 10150 20081 39859 40133 70400 333 58009 60007 63%=
41599 21995 01304 10155 20098 39855 40149 70400 333 58008 60007 69%=
41600 21996 00000 10155 20087 40143 70400 333 58007 60007 64%=
41624 21995 00000 10160 20081 40151 70400 333 58032 60007 60%=
41625 21996 00000 10160 20093 40135 70400 333 58025 60007 64%=
41630 21996 00000 10145 20074 40154 70400 333 58010 60007 63%=
41633 21996 00000 10145 20107 4//// 70400 333 5//// 60007 78%=
41634 22996 00000 10140 20048 3//// 4//// 333 5//// 60007 54%=
41635 21996 00000 10145 20074 3//// 4//// 70400 333 5//// 60007 63%=
41636 21996 00000 10155 20087 39976 40165 70400 333 58010 60007 64%=
41638 21996 00000 10160 20093 4//// 70400 333 5//// 60007 64%=
41639 21996 03102 10155 20087 4//// 70400 333 5//// 60007 64%=
41640 21996 00000 10155 20098 39896 40148 70400 333 58004 60007 69%=
41641 21996 03105 10170 20070 39871 40147 70400 333 58002 60007 52%=
41642 21996 00000 10140 20091 3//// 4//// 70400 333 5//// 60007 72%=
41643 21995 00000 10145 20097 39867 40147 70400 333 58020 60007 73%=
41644 21996 00000 10155 20118 4//// 70400 333 5//// 60007 79%=
41646 21995 00000 10170 20115 39952 40169 70400 333 58012 60007 70%=
41652 21996 00502 10140 20043 39983 40165 70400 333 58033 60007 52%=
41660 029// 23110 10060 21102 38440 48535 82030 333 56090 58020 60007 823560 RH: 30%=
41661 22996 00000 10050 21057 38386 48516 333 58015 60007 46%=
41669 21996 00000 10155 20098 3//// 4//// 70200 333 5//// 60007 69%=
41670 21996 00000 10160 20081 4//// 70400 333 5//// 60007 60%=
41674 21996 03104 10155 20098 3//// 4//// 70400 333 5//// 60007 69% =
41675 21995 00000 10160 20081 30003 40149 70400 333 58023 60007 60%=
41676 21996 00000 10145 20068 30008 40170 70400 333 58012 60007 62%=
41677 21996 00000 10130 20068 39965 40136 70400 333 58017 60007 66%=
41678 21996 00000 10220 20064 40150 70500 333 58013 60007 36%=
41679 21996 00000 10150 20092 4//// 70411 333 5//// 60007 68%=
41680 21996 00000 10160 20093 40138 70400 333 58000 60007 64%=
41685 22997 23102 10095 21032 38908 48486 82020 333 56090 58016 60007 82460 RH.41%=
41696 22996 00000 10035 21061 38003 48531 333 58005 60007 RH49% 
41504 22995 00902 10020 21133 37819 48477 333 59046 60007 RH31%=
41696 22996 00000 10035 21061 38003 48531 333 58005 60007 RH49%=
41697 22996 00000 10190 20013 40138 333 58014 60007 RH31%=
41700 21995 20000 10160 20104 40139 70400 82030 333 56090 58017 60007 82360 69%=
41701 21996 00000 10155 20087 40151 70400 333 58015 60007 64%=
41710 22996 00000 10155 21155 40153 333 58032 60007 R.H.10%=
41710 22996 00000 10155 21155 40153 333 58032 60007 R.H.10%=
41712 22996 00000 10130 21047 39213 48521 333 58034 60007 RH29%=
41715 21995 00000 10200 20109 40151 70500 333 58019 60007 RH56% 
41724 21996 00000 10170 20070 40167 70500 333 58022 60007 RH52%=
41716 21996 00000 10170 20043 40155 70500 333 58013 60007 43%=
41718 21995 30000 10160 20093 40144 70400 83030 333 56090 58011 60007 83360 64%=
41725 21996 00000 10190 20096 40146 70500 333 58019 RH55%=
41726 21995 00000 10155 20063 30090 40162 70500 333 59015 60007 RH54%=
41738 22996 00000 10210 21024 40169 333 58026 60007 Rh,21%=
41739 22996 03604 10145 20029 39063 48518 333 58003 60007 RH46%=
41742 22996 00502 10200 20046 40149 333 58012 60007 RH36%=
41743 21996 00000 10180 20083 70400 333 60007 RH 53%=
41743 21996 00000 10180 20083 70400 333 60007 RH53%=
41744 22996 00000 10130 21009 38786 48508 333 58013 60007 RH 38%=
41745 21996 03604 10190 20085 70400 333 60007 RH50%=
41746 22996 00000 10180 20095 40158 333 58026 60007 RH58%=
41747 21995 00000 10145 20074 40145 70400 333 58022 60007 RH63%=
41748 21995 00000 10185 20090 40161 70500 333 58024 60007 RH54%=
41749 21996 01306 10180 20095 40139 70400 333 59019 60007 RH58%=
41756 21996 02704 10210 20075 40169 70500 333 58022 60007 RH42%=
41757 22996 02304 10210 20100 30138 40151 333 59004 60007 RH49%=
41759 22996 02304 10220 20090 40173 333 58029 60007 RH43%=
41765 22996 00502 10210 20100 30116 40151 333 58004 60007 RH49%=
41765 22996 00502 10210 20100 30116 40151 333 58004 60007 RH49%=
41766 21995 03102 10180 20106 40157 70400 333 58010 60007 RH62% 
41764 22996 03606 10200 20086 30102 40153 333 58013 60007 RH48%=
41766 21995 03102 10180 20106 40157 70400 333 58010 60007 RH62%=
41767 22996 03604 10190 20108 3//// 4//// 333 60007 RH59%=
41768 22996 03102 10190 20114 30143 40150 333 58010 60007 RH59%=
41780 22996 02002 10220 20064 30126 40153 333 58014 60007 RH36%=
41783 22996 02704 10210 20122 30116 40146 333 58015 60007 RH 57%=
41785 22996 00000 10195 20124 30145 40158 333 58019 60007 RH 64%=
41786 22996 03104 10220 20049 30096 40132 333 58012 60007 RH 33%=
41BKI 22996 20000 10150 20043 39729 40151 82030 333 56090 58037 60007 82360 RH 60%=
41SKP 21996 00000 10150 20103 4//// 70400 333 5//// 60007 73%=
43532 21696 50000 10150 20036 39302 40104 70400 83520 333 56990 58012 60007 83640 8260 46%=
43533 22997 40000 10135 20042 39231 48500 84020 333 56090 58022 60007 84460 53%=
43563 22997 00000 10139 20061 40138 333 58004 60007 59%=
41620 32996 03104 10080 21080 38561 48461 333 58028 60007 31%=
41530 219// 22704 10150 20012 39731 40147 70500 81031 333 56099 58027 60007 81360 39%=





Data Generated from File : D:/all data handling/Rmc_lhr/2025020415.FSU.txt
04/02/2025   15:59:23
____________________________________________________________________________________________
15020 24570 73002 10011 21048 30103 40309 57003 84570 333 55300 20159 60007 91004 90730 91104==
15090 24570 83002 10011 21051 30215 40312 54001 8557/ 333 55300 10010 20082 30081 60007 91004 90730 91106==
15108 21/02 93007 11115 21126 38095 48523 55001 74742 89/// 333 55300 20297 60007 91009 90730 91109==
15150 24570 73403 10012 21060 30092 40315 55000 84570 333 55300 20138 60007 91004 90730 91105==
15170 24570 73102 11014 21065 39484 42861 55004 81270 333 55301 20319 60007 91003 90730 91103==
15280 22/84 13209 11144 21229 37485 47010 57004 81070 333 55309 20883 60007 91015 90730 91115==
15310 24570 73602 10019 21051 30218 40308 55001 85570 333 55300 00060 20238 30227 60007 91004 90730 91106==
15335 24570 73403 10021 21041 30300 40307 53004 83570 333 55300 20164 60007 91005 90730 91107==
15350 24570 81302 10021 21039 30191 40316 55003 885// 333 55300 20070 60007 91003 90730 91103==
15360 24/70 73308 10024 21040 30279 40297 53002 87070 333 55300 20236 60007 91010 90730 91110==
15420 24570 32001 10039 21052 30191 40306 55007 83200 333 55308 20600 60007 91003 90730 91104==
15460 24570 73602 10029 21042 30285 40311 55005 84570 333 55300 20374 60007 91003 90730 91104==
15470 24570 22301 10060 21048 30172 40301 55005 81240 333 55310 20809 60007 91003 90730 91104==
15480 24470 63203 10036 21048 30283 40301 55000 86600 333 55301 00080 20279 30243 60007 91005 90730 91107==
15549 42570 50701 10005 21029 39868 40301 57002 83202 333 10027 21041 555 575//=
15552 42570 53602 10028 21054 30248 40299 53002 82539 333 10055 21004 555 555// 92025 92428=
15640 42674 13607 10032 20006 39974 40297 54000 81500 333 10048 21005 555 583//=
15655 42568 63406 10044 21039 30263 40297 57001 86500 333 10058 20013 555 555// 92035 92437=
15730 42670 63606 10039 21064 39880 40288 56003 85331 333 10050 20005 555 547//=
16627 42560 40414 10070 21044 30263 40270 56006 83150 333 90730 91122==
16650 42560 50420 10076 20000 30245 40254 53003 83160 333 83820 83358 90730 91135==
16667 42560 40110 10096 20031 30205 40215 53002 82141 333 82825 83068 90730 91121==
16706 41460 70121 10104 20061 30187 40194 52001 70162 85870 333 81818 84625 87358==
16723 41460 80407 10108 20092 30165 40178 51003 76065 8587/ 333 81818 85625 88359 90730 91112==
16742 42460 43511 10128 20084 30000 40156 57003 84550 333 90730 91116==
16749 42460 52609 10164 20116 30129 40143 57009 84850 333 82816 84620 90730 91113==
16754 42460 53315 10154 20105 30132 40180 52003 85850 333 82818 84620 85358 90730 91120==
16757 42460 63116 10148 20141 30030 40163 52001 85850 333 81816 84625 85358 90730 91128==
16760 42560 63608 10124 20088 40182 52003 86500 333 90730 91116==
16765 42560 43113 10164 20100 40156 57004 84240 333 90730 91122==
17022 42670 70104 10050 21014 30099 40270 50000 84250 333 84834 87360 90730 91111==
17024 41562 71903 10029 20020 30184 40264 53007 76062 85570 333 85626 87359 90730 91115==
17026 41570 72704 10047 20015 30231 40271 52009 70262 85570 333 85630 87458 90730 91115==
17031 41456 82104 10039 20028 30260 40267 52007 78088 8522/ 333 84710 85827 88457 90730 91116==
17034 41670 72106 10056 20009 30224 40271 52004 70282 84250 333 84835 87360 90730 91114==
17038 41470 73012 10053 20033 30214 40263 52024 78088 87200 333 84712 87828 90730 91127==
17042 41560 81801 10048 20032 30231 40271 52024 76166 8552/ 333 85630 88458 90730 91109==
17050 42670 40502 10062 21046 30230 40294 53001 82230 333 82835 84360 90730 91113==
17056 42670 60208 10051 20001 30275 40280 53004 83230 333 83835 86360 90730 91121==
17060 42560 70318 10061 21021 30230 40271 53001 87200 333 87832 90730 91128==
17070 42565 71303 10017 21018 39349 40242 55000 84520 333 84630 86460 90730 91107==
17074 42570 70204 10017 21002 39287 40244 53007 84250 333 84830 87360 90730 91115==
17084 41558 80606 10009 20003 39312 40246 52006 77077 8552/ 333 85630 88460 90730 91114==
17085 42670 70205 10040 21007 39741 40244 51007 85570 333 85640 87360 90730 91112==
17092 42670 60000 10028 21048 38849 48476 57005 83530 333 83645 86357 90730 91106==
17096 41537 70503 11062 21086 38218 48500 56002 71011 85550 333 85625 87357 90730 91105==
17098 42660 31006 11055 21098 38175 48499 52005 83500 333 83640 90730 91114==
17100 41641 20000 10044 21078 39181 40208 55004 70500 82500 333 82640 90730 91102==
17112 42570 60506 10075 21006 30247 40249 53003 86200 333 86830 90730 91122==
17115 42660 50419 10068 21017 30205 40257 53002 83230 333 83835 84360 91029 90730 91136==
17116 42670 70510 10069 21005 30121 40245 53002 84250 333 84835 86360 90730 91119==
17124 42560 73609 10039 21033 39289 40222 56002 85570 333 85625 85360 90730 91118==
17128 42670 50512 10032 21091 39098 40221 53003 83550 333 83640 85360 90730 91117==
17135 42670 60306 10056 21048 39318 40209 55001 83550 333 83635 86360 90730 91112==
17140 41430 80603 11013 21022 38710 48493 52005 77122 8672/ 333 82710 85638 88458 90730 91111==
17150 42560 50216 10064 20001 30108 40234 53002 85100 333 83720 84835 90730 91127==
17160 41670 80110 10022 21026 39025 48490 51002 70262 8452/ 333 84638 88460 90730 91114==
17170 42560 41504 11005 21083 38322 48498 55001 82508 333 82630 84268 90730 91111==
17175 42665 30610 10086 21004 30209 40213 53004 83100 333 83840 90730 91124==
17184 41570 73507 10070 20013 30093 40206 51001 72588 85270 333 85830 86360 90730 91121==
17190 41558 83603 10020 20014 38995 48491 57001 76166 885// 333 88630 90730 91106==
17195 41460 80201 10041 20020 38967 48480 52007 76122 8652/ 333 83715 85625 88458 90730 91115==
17200 42660 73603 10079 21032 39175 40184 57007 84250 333 84840 87360 90730 91108==
17202 42670 60604 10079 21041 39120 40186 56005 82141 333 82835 84360 86070 90730 91108==
17203 42670 31802 10076 21079 38867 48517 53001 83200 333 83840 90730 91109==
17210 42670 52901 10092 21084 39138 40180 50000 82101 333 82840 85070==
17219 41565 73517 10082 20043 30043 40190 51005 70282 83250 333 83830 87360 90730 91122==
17234 41670 72001 10110 20110 30105 40174 57003 78088 84270 333 84835 87358 90730 91104==
17237 41660 80000 10087 20068 39671 40179 53001 76022 8452/ 333 84637 88459 90730 91108==
17240 42570 70109 10095 20026 39009 40159 55000 85250 333 85830 87360 90730 91121==
17244 42670 73613 10047 20008 38993 48489 56002 84550 333 84640 87359 90730 91121==
17248 42/70 43505 10074 21005 38965 48471 55002 84030 333 84360 90730 91112==
17250 42670 70407 10059 20008 38792 48482 53003 84570 333 84640 87360 90730 91115==
17260 42960 21404 10109 21032 39315 40140 57005 80001 333 82068 90730 91110==
17270 42970 01202 10130 21036 39521 40170 57003 333 90730 91107==
17275 42970 30000 10078 21069 38983 48502 56001 80001 333 83068 90730 91109==
17280 42960 20603 10105 21050 39378 40182 56004 80001 333 82070 90730 91106==
17290 42/70 43403 10151 20090 30126 40158 55002 84050 333 84360 90730 91109==
17292 41530 72801 10084 20066 39395 40161 56005 78022 85270 333 85830 87358 90730 91103==
17300 41460 70906 10151 20106 30081 40152 57011 78022 87900 333 86825 81915 90730 91114==
17310 42670 62003 10181 20112 30131 40138 57012 83250 333 83835 86360 90730 91107==
17330 42670 40000 10160 20106 30136 40154 57005 82130 333 82840 84360 90730 91107==
17350 42960 02304 10167 20057 30065 40143 58004==
17370 42670 30000 10166 20040 30151 40155 57007 83100 333 83835 90730 91103==
17375 42670 42404 10170 20092 30132 40134 57013 84200 333 84834 90730 91112==
33088 42560 83301 10003 21041 30098 40296 52009 885//==
33135 414// 83304 11008 21021 30119 40272 52014 77172 8872/ 333 88714==
33177 41540 82901 10005 21008 30064 40310 52005 71022 889//==
33317 42560 83303 11012 21056 39948 40299 53005 8497/ 333 84920==
33393 41360 82802 10002 21023 39908 40314 53003 72272 886// 333 88709==
33415 42560 83202 10004 21030 39893 40304 53003 8695/ 333 86920==
33429 41660 83104 11011 21046 39859 40298 53002 70272 8795/ 333 86635==
33466 41559 83402 11008 21027 30074 40269 53007 72682 8732/==
33506 41560 73003 11008 21024 30041 40244 52009 70282 86930==
33562 41560 83204 10001 21038 39981 40296 52005 70282 8655/==
33587 42560 83302 10001 21059 30006 40278 53007 885// 333 88628==
33658 42684 82903 10009 21056 39998 40308 52001 885// 333 88645==
33663 42560 83002 10012 21040 30196 40295 53004 8495/==
33664 42598 82901 11002 21041 39972 40301 53002 885//=
33678 42598 82806 11002 21061 30094 40310 52003 885//=
33679 42497 83202 10004 21043 30101 40299 53003 885// 333 88618=
33711 41122 83103 11006 21024 30042 40259 53007 78582 883// 333 88703==
33745 42597 83003 11007 21043 30113 40312 52003 8693/=
33748 42597 83003 11007 21049 30005 40301 53003 883//=
33754 42598 83002 10010 21046 30136 40288 54000 885// 333 88627=
33761 42570 83002 11003 21036 30050 40281 52005 885//==
33791 41586 63201 11002 21023 30127 40259 52008 70182 82330==
33815 42598 83004 10001 21054 30076 40292 53002 889//=
33837 41684 83203 10018 21047 30227 40281 53006 70282 885// 333 88635==
33881 42598 73202 10002 21041 30101 40305 53003 87300=
33883 42598 83003 10002 21042 30129 40298 52003 885//=
33885 42997 83402 10005 21029 30172 40319 53003 8805/=
33892 42998 73103 11009 21048 30068 40288 52004 87050=
33902 42560 83302 10008 21039 30208 40270 53009 885//==
33924 22570 73304 10031 21052 30259 40272 52006 87900 333 60002==
33946 21584 83402 10005 21020 30043 40272 53006 72372 885// 333 69902 88630==
33983 22560 52803 10001 21016 30190 40253 52011 85500 333 60042==
34300 41560 63602 11008 21040 30048 40231 53007 72682 86900==
34336 21420 83205 11015 21026 30034 40139 52007 78582 8632/ 333 11009 60102 91010 90730 91113==
34344 21/40 82703 11011 21011 30035 40124 52014 77072 8802/ 333 10003 60162==
34356 21440 81504 10004 21002 30016 40166 53014 75055 886// 333 10013 60102==
34357 21470 61604 11002 21022 39987 40144 52021 70282 86300 333 10011 60192 90730 91117==
34398 415// 81306 11004 21022 30239 40252 53007 70272 885// 333 10004==
34415 41660 53403 11006 21037 30116 40215 53007 70282 82530==
34438 21360 82704 11018 21028 39975 40171 52021 78583 883// 333 11011 60142 90730 91113==
34445 22570 82206 11006 21017 30027 40143 51032 885// 333 10011 60072 91010 90730 91111==
34461 21460 81703 10010 21007 30119 40175 52016 78082 883// 333 10017 60102==
34473 325// 81406 10011 21009 30176 40215 52003 885// 333 10022 91116=
34476 22570 81107 10014 21005 30205 40213 53003 8293/ 333 10029 60002 91010 90730 91111==
34504 41581 83204 11008 21033 30064 40244 52010 72782 863//==
34535 21420 82704 11010 21018 30120 40194 51023 78688 889// 333 11002 60062 90730 91111==
34545 22570 82407 11006 21025 30068 40182 53030 883// 333 10023 60032 91010 90730 91111==
34555 22570 82307 10002 21025 30097 40190 52026 885// 333 10022 60052 91010 90730 91111==
34560 41460 81906 10011 20011 39993 40186 52019 76162 8872/ 333 10023 88713 90730 91111==
34578 21/40 81204 10023 20019 30200 40207 53009 71022 8805/ 333 10037 60002==
34579 21540 80903 10020 20007 30172 40216 53009 71022 885// 333 10023 60002==
34644 21540 82503 11010 21020 30124 40203 52025 71022 8657/ 333 10043 60002==
34646 22670 82605 10002 21020 30113 40196 52027 885// 333 10042 60012 90730 91110==
34655 22560 82204 10008 21010 30141 40202 53028 885// 333 10042 60042 90730 91110==
34662 21/40 81902 10016 20003 30189 40200 53023 76166 8802/ 333 10034 60022 88516==
34691 22570 60000 10015 21010 30448 40435 52011 83550 333 10026 60002==
34720 22570 72602 11001 21024 30183 40224 52017 82570 333 10014 69902 90730 91110==
34727 22560 52806 10009 21021 30207 40237 52014 85400 333 10017 69902==
34743 22560 82603 10005 21017 30116 40207 52026 8695/ 333 10045 60022==
34759 21440 82302 10008 20004 30082 40216 52022 71082 889// 333 10038 60012==
34772 21/40 80902 10028 20012 30207 40210 53010 76066 8802/ 333 10037 69932==
34785 22560 80905 10039 20004 30237 40214 53006 885// 333 10061 60002==
34798 22960 50706 11009 21041 30360 40330 53018 80005 333 10060 60002==
34824 22560 72903 10015 21014 30241 40246 52014 87400 333 10028 60002==
34838 21/60 22601 11008 21039 30139 40238 52020 70181 81065 333 10020 69932==
34845 22570 83004 10005 21027 30113 40223 53026 885// 333 10050 69902 90730 91110==
34858 21540 82401 10017 21015 30109 40218 52022 71022 885// 333 10054 69992==
34861 21440 82704 11001 21017 39966 40214 52024 78582 889// 333 10029 60012==
34866 21440 82001 10038 20037 30216 40207 52013 75152 886// 333 10041 69902==
34880 22560 71003 10057 21001 30236 40210 52011 87900 333 10085 60002==
34887 22570 80904 10056 20027 30223 40200 52010 885// 333 10084 60002==
34949 21570 82704 11009 21025 39671 40232 52022 72272 885// 333 10033 60012 90730 91111==
34954 21460 82302 10006 21013 30053 40231 52015 78382 889// 333 10051 69982==
34958 21560 82802 10001 20001 30025 40229 51027 78582 889// 333 10057 60012==
34975 21440 83603 10038 20032 30201 40197 53015 78082 889// 333 10062 69932 88911==
34984 22560 80603 10049 20022 30230 40200 52011 8697/ 333 10082 60002==
35217 125// 81004 11038 21064 30250 40292 52007 60002 885// 333 11028==
35302 125// 81207 11033 21065 30256 40277 53004 60002 885// 333 11021==
35315 329// 00906 11060 21091 30234 40293 52010 333 11030=
35344 329// 30405 11106 21140 30056 40361 51007 80001 333 11065=
35358 12/// 20503 11107 21143 30170 40350 53004 60002 82040 333 11062==
35368 319// 00908 11097 21138 30089 40371 57003 73630 333 11036=
35386 319// 00803 11076 21106 39874 40420 52012 73633 333 11054=
35394 12970 00606 11082 21118 39719 40430 52011 60002 333 11055==
35404 325// 81204 11007 21028 30247 40255 53007 885// 333 11004=
35406 125// 61002 11018 21049 30266 40268 52003 60002 86500 333 11007==
35416 12/// 20602 11070 21128 30171 40297 53008 60002 82030 333 11027==
35426 129// 60402 11088 21126 30015 40320 52006 60002 80001 333 11044==
35437 319// 70911 11077 21112 30072 40402 53002 73632 80003 333 11072 91015 91115=
35449 329// 70405 11054 21096 30215 40322 57007 80001 333 11032=
35497 129// 00502 11057 21118 39843 40693 52015 60002 333 11022==
35498 329// 03401 11103 21140 39489 40413 52012 333 11033=
35514 32998 00905 11038 21060 30480 40476 52001 333 10001=
35522 329// 31103 11073 21122 30027 40289 57002 83030 333 11047=
35542 329// 00505 11089 21113 30174 40328 53001 333 11047=
35563 32998 01702 11098 21149 39573 40381 52010 333 11081=
35576 129// 20505 11102 21148 39909 40383 53009 60002 80001 333 11075==
35582 329// 00505 11104 21159 39766 40399 53010 333 11059=
35594 329// 00903 11130 21159 39523 40414 52009 333 11057=
35605 32998 30902 10003 21027 30267 40245 53003 83070 333 10039=
35633 329// 30406 11074 21104 30078 40300 53005 80001 333 11044=
35671 11970 00706 11062 21102 39900 40345 53006 60002 73633 333 11032==
35699 119// 00509 11071 21108 39591 40375 52004 60002 73633 333 11030==
35700 12970 31204 10012 21030 30268 40244 53004 60002 80005 333 10058==
35715 32997 01106 11018 21071 30273 40258 53008 333 10020=
35739 329// 20705 11068 21115 30123 40268 53002 82040 333 11038=
35746 129// 30605 11039 21080 30206 40275 53008 60002 80001 333 10004==
35777 329// 50509 11062 21111 39977 40335 52009 80004 333 11038=
35796 11960 00306 11057 21091 39902 40351 52010 60002 70230 333 11034==
35849 129// 20705 11046 21098 30170 40259 52004 60002 80001 333 11018==
35895 32997 00305 11070 21099 39895 40357 52012 333 11045=
35907 32998 00804 10035 20009 30233 40203 53007 333 10084=
35925 12/// 30706 11044 21074 30137 40251 53003 60002 81044 333 10000==
35927 329// 00905 11015 21037 30235 53001 333 10025=
35953 129// 00704 11042 21092 30134 40267 52009 60002 333 11005==
35969 12/// 50904 11066 21138 30119 40298 52006 60002 85050 333 11027==
35997 329// 20502 11079 21135 39876 40328 52009 82030 333 11033=
36259 42984 00000 11342 21374 38391 48670 52006==
36335 329// 20502 11101 21118 39380 40456 52007 82100 333 11043=
36358 326// 83607 11109 21137 39384 40456 52006 885// 333 11059=
36394 329// 01601 11241 21252 30019 40491 52011 333 11116=
36397 129// 01802 11159 21193 39858 40469 52006 60002 333 11110==
36403 319// 72301 11194 21205 30068 40464 52005 71011 87030 333 11102=
36418 329// 02301 11220 21236 39810 40490 52004 333 11147=
36421 329// 00000 11268 21287 39864 40501 52005 333 11179=
36428 129// 00000 11244 21274 39936 40497 51005 60002 333 11165==
36439 319// 01207 11115 21175 39112 48595 53008 73630 333 11082=
36498 319// 00209 11105 21153 39571 40402 52009 73630 333 11065 91015 91115=
36501 329// 00000 11122 21131 39656 40455 52007 333 11097=
36535 129// 00000 11278 21307 39798 40514 53007 60002 333 11154==
36546 319// 03201 11256 21263 39893 40499 52004 71000 333 11144=
36619 329// 00504 11098 21129 333 11049=
36622 319// 00405 11129 21147 39571 40423 52012 73633 333 11082=
36639 119// 00705 11055 21180 39736 40358 52008 60002 73633 333 11006==
36643 329// 02502 11221 21241 39759 40492 51004 333 11157=
36665 329// 41601 11223 21244 39683 40485 52003 80001 333 11130=
36666 /24// 22703 11258 21278 39946 40501 52006 82600 333 11174 555 69902=
36729 31998 00906 11096 21131 39821 40323 52005 70230 333 11058 91115=
36736 319// 00707 11051 21146 39808 40378 52010 73633 333 11001=
36744 329// 00403 11106 21147 39857 40329 52008 333 11024=
36770 329// 00000 11196 21196 39558 40346 52008 333 11072=
36786 32999 02701 11133 21151 39350 40319 52014 333 11005=
36796 329// 00000 11190 21226 39059 48485 52012 333 11138=
36803 31998 03216 11092 21112 39844 40310 52009 73633 333 11075 91020 91123=
36806 329// 01620 11123 39877 40373 52008 333 11084 91024 91129=
36819 319// 62702 11130 21148 39661 40309 58019 71022 80004 333 11104=
36821 119// 22202 11126 21136 39812 40330 52008 60002 71000 80002 333 11035==
36839 32998 01901 11135 21183 39136 40330 52011 333 11025=
36843 329// 02701 11108 21133 39084 40311 52007 333 10053=
36846 329// 10604 11069 21195 38631 48516 52005 80002 333 10041=
36859 129// 00000 11072 21093 39518 40329 52014 60002 333 10044==
36870 129// 82701 11076 21105 39249 40298 52005 60002 80001 333 11004==
36874 329// 61802 11182 21202 39633 40486 52011 80006 333 11077=
36877 329// 00000 11125 21141 39677 40751 52016 333 11025=
36885 329// 21402 11090 21114 39140 40315 52008 82030 333 11042=
36889 329// 31801 11092 21235 37040 47057 52004 83030 333 11015=
36894 329// 00000 11092 21121 39547 40320 52011 333 11042=
36905 329// 01202 11066 21131 38767 48526 52009 333 10030=
36911 129// 00000 11038 21045 39288 40289 52007 6//// 333 10011 555 530//=
36927 12697 53202 11022 21113 38364 48525 52009 6//// 85900 333 10027 555 530//=
36934 12597 80000 11006 21059 38300 48429 51002 6//// 889// 333 1//// 555 530//=
36953 328// 30000 11132 21177 38202 48508 52004 83040 333 11020=
36963 129// 31403 11114 21223 37024 48/// 52008 6//// 82051 333 11050 555 530//=
36974 129// 00501 11144 21195 38016 48576 52008 6//// 333 11040 555 530//=
36982 129// 50201 11144 21263 36507 47090 52007 6//// 85030 333 11074 555 530//=
37018 22660 62601 10044 21018 30165 40242 52014 86900 333 10093 60002==
37031 22560 82804 10013 21021 30038 40238 52022 885// 333 10049 60012==
37054 21460 82601 10000 21013 39844 40238 51027 78588 889// 333 10059 69902==
37061 22560 83006 10020 21009 30053 40225 53028 8355/ 333 10055 69902 90730 91110==
37085 22540 80804 10062 20050 30214 40187 52017 885// 333 10090 60002==
37171 22540 30102 10047 21026 30227 40246 52020 82970 333 10081 60182==
37228 21420 82701 10014 20002 39367 40213 52018 75152 886// 333 10046 69912==
37235 22560 82904 10035 20016 39886 40207 52020 885// 333 10065 60002 90730 91110==
37472 21/40 80504 10077 20025 30210 40187 52038 71011 8007/ 333 10086 60002==
38149 12970 00401 11008 21062 30156 40235 53002 60002 333 10040==
38178 129// 21202 10051 21035 39930 40216 52006 60002 80001 333 10080==
38262 129// 00101 10004 21058 30145 40229 53005 60002 333 10063==
38264 12970 00000 10002 21057 30137 40232 52008 60002 333 10052==
38345 12998 80000 11024 21060 38833 48519 52004 6//// 8802/ 333 10055 555 530//=
38353 129// 53601 11053 21078 39363 40300 52005 6//// 83031 333 10000 555 530//=
38388 12998 00201 10010 21058 30136 40208 54000 6//// 333 10068 555 530//=
38392 12997 00602 10036 21030 30120 40225 53007 6//// 333 10085 555 530//=
38396 12960 00000 10020 21056 30104 40232 52004 60002 333 10083==
38403 12970 21602 10020 21045 39959 40232 53004 60002 80001 333 10094==
38413 129// 00903 10050 21022 39913 40205 58012 60002 333 10098==
38457 11920 20101 10032 21012 39658 40254 52009 60002 71011 80002 333 10084==
38462 126// 60000 11026 21131 38785 48523 52018 60002 86551 333 10070==
38507 12996 01502 10050 21006 30094 40198 57002 6//// 333 10099 555 530//=
38545 12998 20901 10026 21044 30052 40230 53007 6//// 80003 333 10104 555 530//=
38565 129// 00000 11004 21049 39630 40205 52009 60002 333 10105==
38579 12/// 70000 10050 20025 39819 40241 52010 60002 86078 333 10105==
38583 12/60 80901 10049 20011 39921 40245 53007 60002 83041 333 10095==
38599 31995 82302 10029 21012 39710 40256 52006 71022 85032 333 10067=
38611 11/20 63502 10021 21013 39686 40270 52012 60002 71022 86040 333 10091==
38613 129// 00101 10000 21030 40268 52008 6//// 333 10064 555 530//=
38616 125// 21801 11010 21029 39234 40277 53009 6//// 82500 333 10055 555 530//=
38618 129// 01201 10004 21013 39553 40260 52006 60002 333 10070==
38647 12997 00903 10064 21027 30142 40185 52002 6//// 333 10116 555 530//=
38656 12998 00502 10067 21058 30110 40220 53007 6//// 333 10110 555 530//=
38683 12960 50000 10044 21034 39955 40235 58001 60002 80001 333 10113==
38687 12997 01403 10065 21065 39998 40235 53004 6//// 333 10115 555 530//=
38696 129// 60000 10040 20012 39377 40243 52003 60002 80007 333 10075==
38713 329// 81401 10008 21045 39066 48520 51004 8807/ 333 10053=
38750 12997 00502 10094 20017 30237 40209 54000 6//// 333 10145 555 530//=
38763 12997 01003 10080 21014 30084 40189 57003 6//// 333 10110 555 530//=
38774 12995 01501 10082 21002 30012 40208 53005 6//// 333 10124 555 530//=
38799 32997 01103 10066 21021 30001 40234 54000 333 10126=
38806 32997 00902 10070 21009 39957 40219 53001 333 10116=
38812 12960 00601 10057 21013 39776 40234 57005 60002 333 10110==
38836 316// 50000 10058 20044 29263 40202 53003 71022 85500 333 10078=
38880 12997 00803 10070 21029 39945 40201 52005 60002 333 10120 555 530//=
38886 12997 00902 10074 20002 39975 40204 57001 6//// 333 10142 555 530//=
38895 32996 00702 10080 21022 39926 40216 57001 333 10136=
38911 32997 01403 10066 21004 39957 40255 53004 333 10120=
38915 32997 51101 10081 20006 39915 40239 53006 80004 333 10118=
38927 11/43 40602 10051 20010 39854 40235 55003 60002 71012 84030 333 10105==
38933 329// 00000 10060 20006 39730 40249 54000 333 10100=
38944 319// 50000 10061 20019 39633 40171 53006 71022 85030 333 10098=
38954 328// 30000 11019 21124 37934 48520 53005 82901 333 10010=
38974 12998 00902 10098 21017 39849 40177 57010 6//// 333 10155 555 530//=
38987 32996 20101 10060 20036 39464 40211 53008 80002 333 10120=
40100 43/80 03507 10175 20085 30145 40161 57004 333 58///=
40180 02960 03304 10177 20100 30101 40149 52001 333 70000==
40199 02/// /0104 10239 20027 30099 40123 54000 333 70000==
40265 41950 03007 10165 21037 39361 40158 57002 70500=
40270 41930 02408 10166 21006 39248 40140 57002 70500=
40272 41950 22711 10164 21043 39318 40156 52001 70500 80001 333 82070=
40340 41958 33514 10236 20021 30067 40131 57003 70500 83001 333 83070=
40356 42960 02806 10186 21130 39156 48469 333 59032 555 04410 50125=
40357 42960 01606 10206 21090 39482 40116 333 59054=
40360 42960 03604 10200 21160 39534 40124 333 59025=
40361 42960 22803 10226 21150 39356 40130 82010 333 59042 82460=
40362 42960 00000 10228 21060 39616 40128 333 59047=
40373 42960 01508 10202 21060 39742 40160 333 59033=
40375 42960 42009 10250 21140 39243 40109 80002 333 59028 84070=
40394 42960 01810 10224 21090 39012 48941 333 59032 555 04410 50131=
40400 42960 53111 10236 20150 30092 40120 85030 333 59017 85360=
40405 42960 01802 10229 21030 39402 40128 333 59039=
40417 42960 00808 10192 20010 30169 40185 333 59007=
40420 42960 01604 10207 21090 39976 40184 333 59009=
40430 42960 21203 10283 20010 39387 40105 80001 333 59028 82070=
40437 42960 01304 10212 21100 39465 40174 333 59027=
40439 41958 11908 10266 20190 30091 40109 70540 80001 333 59009 81070=
40582 32960 11311 10186 20027 40175 53001 81030 333 55301 00000 10314 20019 30008 41025 51350 60026 55407 40011 81360 90400 91013 91117 91213 91311=
40703 42960 00000 10066 21086 38896 40190 52004 333 10108 21066 70000 555 10015 29033 66666 00066 10062 20038 30036 50062 90092=
40706 42960 42601 10044 21109 38632 40200 58002 80002 333 10085 21046 70000 84068 555 11006 29032 66666 00075 10069 20042 30043 50056 90075=
40712 41658 50402 10028 21089 38658 40199 53004 70511 82502 333 10092 21062 70000 82640 85067 555 11011 29042 66666 01001 10008 20015 30019 50036 90055=
40713 42962 40902 10043 21127 38632 40175 56005 81038 333 10111 21025 70000 84268 555 11010 29028 66666 00071 10051 20051 30059 50073 90098=
40718 41458 41203 10108 20078 30201 40172 52004 71010 84600 222// 0//// 20300 333 10139 20043 70000 84715 555 10094 29082 66666 00118 10108 20102 30096 50110 90128=
40723 42960 09901 10016 21082 38944 40231 53003 333 10108 21086 70000 555 11016 29048 66666 00028 10036 20026 30032 50048 90072=
40726 42960 42102 10060 21109 38640 40194 53005 80002 333 10120 21046 70000 84067 555 10006 29029 66666 00032 10032 20038 30036 50052 90084=
40727 42960 12203 10047 21091 38466 40221 52002 81030 333 10101 21105 70000 81360 555 10001 29036 66666 00027 10032 20025 30031 50042 90075=
40732 41958 00000 10092 20057 30188 40163 51001 70500 333 10125 20042 70000 555 10076 29079 66666 00102 10104 20094 30096 50110 90128=
40736 42960 20802 10100 20061 30201 40175 53001 80001 333 10136 20034 70000 82070 555 10082 29077 66666 00088 10088 20082 30086 50096 90120=
40738 42960 00000 10084 20020 30187 40189 53003 333 10154 21014 70000 555 10058 29064 66666 00106 10106 20088 30086 50100 90124=
40739 42965 02501 10042 21118 38675 40202 52008 333 10091 21018 70000 555 11009 29030=
40741 42960 00403 10106 21028 39854 40194 53003 333 10159 21014 70000 555 10055 29039 66666 00110 10110 20093 30085 50093 90117=
40743 42962 13503 10061 21098 39053 40193 52001 80002 333 10132 20001 70000 81070 555 10010 29031 66666 00120 10123 20106 30102 50118 90134=
40745 42960 22003 10071 21023 39032 40208 53005 80002 333 10118 21038 70000 82069 555 10034 29051 66666 00088 10090 20072 30060 50072 90105=
40747 42965 32503 10090 21116 38618 40193 52003 80001 333 10132 21070 70000 83070 555 10022 29022 66666 00085 10081 20061 30055 50067 90094=
40754 42960 32705 10093 21168 38807 40167 55000 81032 333 10127 20024 70000 81360 555 10018 29014=
40762 42960 02802 10027 21124 38548 40221 53003 333 10090 21058 70000 555 11019 29032 66666 00056 10072 20064 30052 50064 90092=
40766 42982 12106 10080 21135 38691 40205 53004 80001 333 10140 21037 70000 81070 555 10014 29020 66666 00092 10088 20060 30054 50074 90100=
40768 42965 62701 10050 21134 38240 40203 53002 80006 333 10110 21079 70000 86268 555 11009 29025 66666 00072 10064 20045 30037 50036 90058=
40769 42960 22603 10083 21116 38275 40175 53002 80001 333 10124 21053 70000 82069 555 10017 29023=
40780 42960 01301 10078 21068 38688 40211 57001 333 10129 20003 70000 555 10025 29035 66666 00090 10090 20070 30070 50080 90100=
40782 42965 02703 10081 21093 38870 40207 52008 333 10147 21018 70000 555 10022 29028 66666 00102 10102 20084 30070 50096 90116=
40785 42960 30000 10092 21084 39074 40190 53006 83030 333 10166 21007 70000 83360 555 10031 29028 66666 00132 10132 20106 30086 50100 90160=
40791 42962 13501 10122 21117 39348 40185 53001 80002 333 10191 20022 70000 81070 555 10044 29018 66666 00148 10150 20136 30128 50134 90162=
40792 42962 20000 10079 21152 38717 40200 52003 80001 333 10127 21017 70000 82070 555 10011 29018 66666 00116 10112 20102 30082 50112 90124=
40798 42960 12406 10038 21221 37945 40224 52005 81050 333 10124 21093 70000 81359 555 11028 29013 66666 00081 10083 20052 30042 50058 90080=
40800 42960 00000 10067 21097 38444 40202 54000 333 10140 21049 70000 555 10012 29030 66666 00070 10096 20078 30066 50088 90120=
40809 42965 22902 10039 21165 38498 40232 52004 80002 333 10115 21075 70000 82070 555 11019 29021 66666 00106 10114 20094 30084 50100 90130=
40811 42960 00000 10155 21020 30152 40179 54000 333 10189 20056 70000 555 10084 29030 66666 00184 10186 20172 30172 50186 90208=
40812 42960 02402 10160 21020 39792 40173 53001 333 10203 20068 70000 555 10085 29029 66666 00190 10188 20174 30162 50164 90196=
40821 42960 60501 10132 21138 38771 40171 54000 85072 333 10166 20016 70000 85360 555 10043 29014 66666 00144 10136 20105 30098 50106 90134=
40829 42960 01004 10103 21099 39623 40215 51004 333 10199 21009 70000 555 10037 29023 66666 00136 10150 20122 30120 50140 90176=
40831 42960 01203 10190 20001 30170 40179 54000 333 10236 20061 70000 555 10107 29028 66666 00234 10242 20192 30190 50202 90232=
40833 42960 01703 10180 20019 30159 40192 51001 333 10224 20078 70000 555 10108 29034 66666 00230 10226 20198 30180 50196 90216=
40841 42960 02002 10091 21140 38234 40198 52006 333 10143 21074 70000 555 10017 29018 66666 00102 10108 20076 30084 50110 90144=
40845 42960 00000 10167 20092 30189 40194 55000 333 10196 20102 70000 555 10128 29061 66666 00188 10190 20178 30174 50188 90202=
40848 42960 02202 10114 21137 38528 40193 53008 333 10163 21010 70000 555 10032 29016 66666 00126 10126 20102 30092 50102 90124=
40854 42960 00702 10148 21079 38950 40161 53005 333 10190 20048 70000 555 10062 29020 66666 00186 10190 20166 30156 50164 90196=
40856 42962 00104 10085 21092 38655 40222 52014 333 10162 21026 70000 555 10024 29027 66666 00138 10148 20116 30110 50110 90136=
40859 42960 02004 10118 21085 38716 40206 53005 333 10162 21014 70000 555 10044 29023 66666 00134 10146 20122 30114 50124 90150=
40875 41957 02503 10203 20110 30168 40180 53006 70500 333 10242 70000 555 10152 29055 66666 00230 10250 20222 30206 50220 90244=
40879 42965 02902 10174 21088 39506 40198 53011 333 10217 20059 70000 555 10077 29016 66666 00224 10232 20202 30198 50204 90234=
40882 42960 02903 10198 20082 30150 40185 52008 333 10246 20162 70000 555 10138 29047 66666 00238 10240 20220 30220 50216 90244=
40883 41956 02603 10200 20073 30156 40184 53006 70500 333 10236 20128 70000 555 10135 29044 66666 00238 10240 20214 30208 50226 90248=
40893 42960 02804 10218 20068 30171 40177 53006 333 10233 20165 70000 555 10142 29038 66666 00252 10252 20230 30231 50236 90234=
40898 42960 00000 10223 20055 30162 40171 57004 222// 00234 20800 333 10238 20179 70000 555 10139 29034 66666 00234 10258 20256 30254 50250 90268=
41024 42660 12607 10275 20220 30089 40115 81500 333 58000 81640=
41036 42960 03506 10236 20090 38561 48511 333 59002 555 04410 50132=
41055 42960 00908 10236 21060 38363 48510 333 59003 555 04410 50128=
41061 42960 31206 10221 21060 39446 40160 80002 333 59022 83075=
41084 42960 00610 10254 21090 38847 48499 333 59010 555 04410 50117=
41112 42960 02107 10158 20120 37949 48522 333 58000 555 04410 50137=
41114 42960 02009 10182 20110 37985 48519 333 58002 555 04410 50117=
41128 42960 01208 10222 21110 38821 48523 333 59015 555 04410 50161=
41136 42960 00707 10230 21130 39347 40169 333 59014=
41140 42960 01808 10275 20190 30119 40123 333 58004=
41150 42970 00905 10181 20073 40192 333 58001=
41176 44/70 /1502 10189 20060 30187 40193 333 58005=
41184 42960 03003 10192 20094 40193 333 58023=
41194 42960 02809 10212 20099 30180 40186 333 58016=
41196 42960 02908 10206 20096 30150 40191 333 58017=
41216 42960 03108 10196 20096 30191 40195 333 58018=
41217 42960 03010 10197 20091 30160 40190 333 58017=
41240 26/// /2506 10218 20102 30172 40202 333 0E136 55300 25022 58021 70000=
41242 36/// /3303 10200 20032 30167 40193 333 0E013 55300 25022 58017=
41244 36/// /3107 10209 21009 39747 40165 333 0E018 55300 25022 58016=
41253 36/// /3504 10200 20090 39806 40171 333 0E014 55300 25022 58019=
41254 36/// /2404 10095 21025 38062 49869 333 0E102 55300 25022 58025=
41258 36/// /3303 10226 20107 30173 40177 333 0E/// 55306 20182 58021=
41263 36/// /2005 10229 21015 39585 40146 333 0E013 55300 20209 58025=
41267 36/// /3310 10222 20133 30167 40179 333 0E018 58019=
41268 36/// /0107 10217 20112 30123 40171 333 0E017 55300 25022 58017=
41275 36/// /2504 10226 21026 30020 40191 333 0E011 55300 20124 58014=
41288 36/// /1007 10228 20138 30162 40184 333 0E021 58024=
41304 36/// /0105 10206 21034 39863 40183 333 0E007 55300 20564 58006=
41315 36/70 /0009 10185 21061 39346 48268 333 0E016 55300 27865 58009=
41396 42965 00604 10225 21064 39428 40149 333 59006=
41480 41558 30912 10259 20167 30150 40158 70544 86500 333 58000 86620=
41506 12420 50000 10060 20003 38507 48060 60001 83520 333 56880 59074==
41508 12440 22701 10072 21019 38654 48220 60001 82500 333 56800 58024==
41515 12420 60000 10046 20009 38553 48150 60001 83520 333 56880 59012==
41516 12940 60000 10060 21051 38512 48710 60001 86010 333 56080 59029==
41517 11440 70000 10040 21054 37753 48780 60001 70422 87570 333 56880 59054==
41518 12440 71801 10072 21030 30001 48010 60001 87520 333 56880 58000==
41519 12440 60000 10120 21026 38744 48850 60001 83520 333 56880 59050==
41523 12940 00000 10110 20035 39072 48870 60001 333 58019==
41535 12440 50000 10090 20009 38702 48700 60001 83520 333 56880 59014==
41536 12940 70000 10130 20048 39026 48970 60001 87030 333 56080 58015==
41560 12940 00000 10080 21028 38315 48430 60001 333 59010==
41571 11900 03102 10140 20007 39556 40145 60001 70500 333 58008==
41598 11940 00000 10150 20081 39859 40133 60001 70400 333 58009==
41600 11940 00000 10155 20087 30000 40143 60001 70400 333 58007==
41620 32996 03104 10080 21080 38561 48461 333 58028 60007=
41624 11920 00000 10160 20081 30000 40151 60001 70400 333 58032==
41630 11940 00000 10145 20074 30000 40154 60001 70400 333 58010==
41640 11940 00000 10155 20098 39896 40148 60001 70400 333 58004==
41660 12900 23105 10060 21102 38440 48350 60001 82030 333 56080 58020==
41678 11940 00000 10220 20064 30000 40150 60001 70500 333 58013==
41696 12940 00000 10035 21061 38003 48310 60001 333 58005==
41697 12940 00000 10190 20013 30000 40138 60001 333 58014==
41700 11920 20000 10160 20104 30000 40139 60001 70400 82030 333 56080 58017==
41710 12940 00000 10155 21155 30000 40153 60001 333 58032==
41712 12940 00000 10130 21047 39213 48210 60001 333 58034==
41715 11920 00000 10200 20109 30000 40151 60001 70500 333 58019==
41718 11920 30000 10160 20093 30000 40144 60001 70400 83030 333 56080 58011==
41725 41940 00000 10190 20096 30000 40146 70500 333 58019==
41739 12940 03602 10145 20029 39063 48180 60001 333 58003==
41744 12940 00000 10130 21009 38786 48080 60001 333 58013==
41749 11940 01303 10180 20095 30000 40139 60001 70400 333 59019==
41756 11940 02702 10210 20075 30000 40169 60001 70500 333 58022==
41757 12940 02302 10210 20100 30138 40151 60001 333 59004==
41759 12940 02302 10220 20090 30000 40173 60001 333 58029==
41764 12940 03603 10200 20086 30102 40153 60001 333 58013==
41768 12940 03101 10190 20114 30143 40150 60001 333 58010==
41780 12940 02001 10220 20064 30126 40153 60001 333 58014==
41785 12940 00000 10195 20124 30145 40158 60001 333 58019==
41859 01930 00000 10188 20180 30084 40122 70500 333 59024 70000==
41883 01930 00000 10195 20180 30101 40122 70500 333 59022 70000==
41891 01930 03401 10194 20160 30081 40121 70500 333 59021 70000==
41907 01930 00000 10167 20160 30104 40120 70500 333 59025 70000==
41923 01940 00000 10222 20130 30110 40120 70500 333 59024 70000==
41936 31916 00000 10202 20170 30107 40115 70500 333 59022 70000=
41943 01930 00000 10167 20160 30111 40119 70500 333 59019 70000==
41950 01940 00000 10180 20160 30120 40122 70500 333 59018 70000==
41978 01940 02503 10209 20160 30112 40118 70500 333 59017 70000==
41992 01925 00000 10224 20140 30117 40119 70500 333 59011 70000==
42027 32596 61403 10084 20015 38391 48478 83520 333 59018=
42071 31995 23203 10126 20086 40154 71010 82030 333 58004 82359=
42101 21595 33201 10152 20134 40153 71796 83300 333 59012 6990/ 82630 81935=
42111 21695 31402 10150 20118 39420 40129 71021 83100 333 59012 6994/ 83830=
42123 32996 00000 10148 20089 40150 333 58005=
42131 31995 03201 10146 20120 40149 71000 333 59001=
42165 32996 00000 10166 20019 40143 333 58009=
42182 21694 40000 10178 20154 40134 71000 82530 333 59014 6990/ 82635 84360=
42189 21595 40000 10176 20130 40123 72162 82531 333 59020 6992/ 82630 83360=
42309 31995 30000 10168 20161 40121 71000 83030 333 59032=
42314 31995 30000 10174 20154 40114 71000 83030 333 59035 83360=
42328 32996 00000 10166 20084 40129 333 58010=
42339 31995 03201 10180 20022 40149 70500 333 58018=
42348 31995 39902 10192 20128 40135 70500 83030 333 58001 83360=
42361 31995 20000 10192 20162 40132 70521 82030 333 59015 82360=
42369 31995 00000 10206 20145 40125 70500 333 59019=
42379 31995 00000 10184 20154 40117 71020 333 59017=
42410 31594 50000 10194 20164 40123 71022 82530 333 59028 82620 84360=
42415 31994 00000 10188 20154 40124 71000 333 59030=
42452 31595 43602 10218 20143 40125 70500 82530 333 58000=
42492 31995 00000 10208 20143 40118 70500 333 58028=
42559 32996 30000 10218 20158 40113 83030 333 59006 83360=
42571 31996 00000 10224 20154 40119 70500 333 59023=
42591 31995 00000 10190 20134 40132 70500 333 59024=
42623 31495 20000 10150 20122 39243 40122 71000 82500 333 59024 82618=
42634 32996 00000 10216 20083 40155 333 58014=
42647 31996 00000 10238 20069 40145 70400 333 58013=
42667 31996 22503 10228 20182 39536 40123 70500 82030 333 59008 82360=
42675 31996 30000 10240 20193 40107 70510 83030 333 59013 83360=
42701 31996 20000 10210 20117 39391 40120 70500 80001 333 59014 82075=
42724 31995 00000 10186 20173 40117 71000 333 59023=
42737 32996 22706 10210 20064 40156 80001 333 58018 82070=
42754 31996 22904 10234 20123 39490 40122 70500 82030 333 58003 82360=
42779 32996 00000 10252 20172 39426 40113 333 59019=
42798 31995 00000 10230 20150 40121 70500 333 59011=
42809 31995 00000 10214 20168 40118 70500 333 59022=
42840 32996 00000 10234 20099 40140 333 58011=
42867 31995 30000 10238 20151 40115 70500 83030 333 59013 83360=
42874 31996 00000 10272 20195 40115 70500 333 59009=
42886 31995 00000 10248 20160 40119 70500 333 59012=
42895 31995 20000 10238 20217 40126 70500 82030 333 59017 82360=
42909 32996 00000 10228 20127 40151 333 58018=
42971 31994 01801 10260 20237 40127 71000 333 59015=
43003 31995 03203 10250 20158 40129 70400 333 59002=
43014 31995 00000 10250 20173 39464 40106 70544 333 59009=
43041 31596 10000 10264 20175 39506 40114 70500 81500 333 59011 81625=
43063 32996 02702 10256 20131 39501 40119 333 59003=
43086 32996 00000 10252 20209 39931 40109 333 59008=
43110 31996 00204 10254 20195 40123 70544 333 59009=
43117 32996 00000 10270 20149 40103 333 59014=
43128 31996 01403 10280 20169 39515 40113 70500 333 59012=
43150 31995 30000 10250 20229 30065 40126 71000 80001 333 59003 83075=
43185 32996 00000 10258 20216 30111 40115 333 59010=
43189 32996 10000 10256 20217 30117 40126 80001 333 59006=
43192 32996 00502 10266 20234 10109 333 59006=
43201 32996 00000 10250 20067 39376 40095 333 59005=
43213 32996 20000 10280 20107 39783 40097 80002 333 59015=
43233 32996 20704 10264 20103 39307 40114 80001 333 59008=
43237 32996 21102 10290 20103 39695 40082 80001 333 59010 82075=
43245 32996 01103 10272 20201 30093 40119 333 59015=
43279 31596 20702 10252 20219 30108 40126 71000 81501 333 59013=
43284 31496 63404 10280 20237 39996 40111 70500 83501 333 59006 83615 84075=
43295 32996 10503 10238 20136 39110 48521 80001 333 59010 81075=
43314 32596 30000 10292 20234 40111 82501 333 59005=
43321 31496 41103 10270 20122 39667 40111 70500 81501 333 59001 81615 84075=
43329 32996 10000 10256 20226 30105 40118 80001 333 59010=
43333 31495 30502 10264 20229 40114 70510 82501 333 58003 82618=
43344 31496 59902 10274 20214 30020 40119 70522 82531 333 59007 82616 83360=
43353 31496 29902 10282 20226 40110 70521 81530 333 56790 59007 81620=
43369 32596 33602 10284 20250 40108 83500 333 59005 83620=
43371 32596 12701 10272 20231 30035 40107 81500 333 59012 81620=
43404 22470 30501 10235 20235 30110 40113 52021 81000 333 553// 20000 59012 60008 91002 555 60008==
43410 22470 20506 10270 20227 30113 40117 51016 81100 333 59013 60008 91006 555 60008==
43413 22470 30605 10268 20232 30114 40119 5/023 81001 333 553// 20000 59013 60008 91008==
43415 22470 10000 10250 20226 30014 40122 52016 81000 333 58012 60008 555 60008==
43418 22470 20500 10260 20224 30071 40112 52010 82100 333 59016 60008 555 60008==
43421 22470 20502 10248 30010 40116 52022 81100 333 553// 20000 59014 60008 91004==
43422 22970 00700 10240 20219 39980 40115 5/023 333 60008 555 60008==
43424 22970 00502 10254 20221 30101 40103 52023 333 59009 60008 555 60008==
43436 22/70 53601 10270 20229 30111 40114 55018 333 59006 60008 555 60008==
43441 22/70 20902 10264 20211 39963 40095 52020 333 59014 60008 555 60008==
43444 22470 10901 10230 20197 39574 40110 54022 81000 333 59012 60008 555 60008==
43450 21458 20401 10259 20235 30097 40109 51017 70500 81000 333 59004 60008 555 60008==
43466 22/70 41501 10279 20228 30096 40104 5/020 82046 333 553// 20000 59011 60008 91003 555 60008==
43467 21465 11803 10283 20237 30098 40104 52019 70500 81100 333 59006 60008 555 60008==
43473 21210 11101 10118 20118 38128 48499 52016 71021 81000 333 553// 20000 59009 60008 91002 555 60008==
43475 22/70 53402 10255 20221 30108 40113 52020 333 553// 20000 59014 60008 91004 555 60008==
43476 21458 70000 10180 20171 38783 48525 52021 71022 85000 333 60008 555 60008==
43479 22/70 13600 10207 20197 39272 52021 333 59012 60008 555 60008==
43486 21462 53301 10264 20231 30006 40106 51027 70510 83000 333 553// 20000 59009 60008 91002==
43495 22470 72002 10280 20239 30092 40105 52023 87000 333 59010 60008 555 60008==
43497 22570 50402 10265 30085 40102 57024 83500 333 59015 60008 91004 555 60008==
44212 429// 01302 11326 21371 39330 40663 57004==
44213 429// 00000 11320 21360 38952 40657 57006==
44214 42970 03203 11207 21264 38405 40596 52007==
44215 429// 01401 11236 21275 38545 40620 52004==
44217 32998 00000 11280 21321 37945 40711 52006 333 91202=
44218 429// 02002 11223 21260 38759 40605 57002==
44219 32999 00901 11303 21332 38776 40672 52005 333 91203=
44265 429// 00302 11248 21274 38988 40581 51010==
44266 329// 02703 11206 21249 37850 40590 52007 333 91112 91209=
44454 42458 22003 10154 20092 38651 48486 82100 333 59014=
48064 42940 01401 10270 20191 39999 40057 333 59003==
48094 42950 00000 10240 20190 30101 40111 333 58006==
51076 14/68 /0201 11214 21234 39517 40507 52007 60001 333 11117 21255 3/102 4/026 58003 70000 90761 91103==
51087 14/68 /0901 11211 21238 39364 40513 52009 60001 333 11115 21247 3/106 4/018 58005 70000 90761 91103==
51156 14/80 /0205 11123 21216 38813 40457 52008 60001 333 11040 21168 3/112 59002 70000 90761 91106==
51243 14/60 /0201 11159 21184 39875 40480 52006 60001 333 11094 21159 3/111 59006 70000 90761 91104==
51463 14/31 /1200 11173 21194 39169 40480 52005 60001 710// 333 11106 21174 3/101 4/037 58000 70000 90761 91103==
51573 14/61 /0401 11012 21122 30313 40365 52006 60001 333 10054 21061 3/106 59003 70000 90761 91104==
51644 14/48 /3201 11052 21104 39051 40395 52013 60001 705// 333 10014 21138 3/108 4/003 58004 70000 90761 91104==
51656 14/63 /2503 11051 21092 39263 40387 52013 60001 333 10027 21133 3/109 58005 70000 90761 91107==
51709 14/62 /0101 11044 21176 38702 40362 52008 60001 333 10021 21067 3/107 58000 70000 90761 91104==
51716 14/24 /1501 11040 21137 39002 40373 52010 60001 706// 333 10032 21101 3/108 58004 70000 90761 91105==
51765 14/72 /3401 11035 21132 39320 40377 52016 60001 333 10051 21135 3/108 58006 70000 90761 91108==
51811 14/50 /0601 11026 21170 38868 40362 52008 60001 706// 333 10042 21087 3/112 58003 70000 90761 91107==
51886 14/71 /1201 11076 21291 37099 40310 52001 60001 333 10002 21182 3/113 59043 70000 90761 91104==
52203 14/67 /0601 11094 21157 39447 40391 52008 60001 333 10005 21107 3/114 59001 70000 90761 91110==
52602 14/80 /3001 11114 21267 37260 40348 52006 60001 333 11019 21221 3/116 59052 70000 90761 91107==
52818 14/80 /2602 11050 21207 37227 40251 54000 60001 333 10017 21158 3/111 59051 70000 90761 91104==
55299 14/80 /1401 11058 21299 35845 40198 52005 60001 333 10086 21190 3/116 59042 70000 90761 91117==
55591 14/50 /0000 10025 21182 36480 40046 52008 60001 705// 333 10186 21029 3/104 59048 70000 90761 91105==
56004 14/80 /2902 11093 21257 35798 40240 57005 60001 333 10060 21222 3/115 59054 70000 90761 91125==
62306 42560 33207 10187 20108 40175 57006 83200==
62309 32560 23206 10194 20111 40163 57005 82500=
62325 32960 02702 10174 20118 40167 52003=
62332 32560 03206 10182 20102 40164 57010 83100=
62337 42560 23206 10180 20123 40154 54000 82500==
62366 45960 43408 10189 20088 40154 57002 80004==
62387 31950 43208 10209 20099 40152 57005 70500 80004=
62393 42960 03609 10200 20080 40175 57002==
62405 42960 02805 10254 20030 40127 54000==
62414 42960 03406 10289 20009 40118 57001==
62419 42960 03505 10299 20030 40103 57003==
62420 32960 43505 10203 20080 40161 57003 80004=
62435 32960 53405 10246 20019 40133 57007 85010=
62440 42960 03512 10194 20092 40162 57003==
62455 32960 03408 10205 20110 40145 57001=
62458 32960 03107 10205 20119 40140 57002=
62459 32960 53111 10211 20147 40122 57003 80004=
62465 42960 03502 10227 20131 40120 57001==
41256 32960 00304 10215 20095 30164 40181 91440 333 58020 55022 55407 55408 55507 55508=
41316 32984 09904 10236 20101 30148 40178 91445 333 58006 55244 55407 55408 55507 55508=
