SMPK OPKC 110600=
41504 22697 62704 10040 21072 37844 48498 84510 333 56990 59031 60007 84640 83460 RH44%=
41505 22696 72304 10040 21037 38/// 48/// 60002 85670 333 56990 58/// 83730 83640 86760 57%=
41506 12696 80000 10050 20040 38531 48529 69931 8672/ 333 5699/ 59007 60007 82710 84640 85460 93%=
41507 02697 60000 10120 20081 39266 49789 60011 83520 333 56990 58014 60007 83640 83460 77%=
41508 01495 83602 10068 20048 38679 48545 60081 70262 8572/ 333 5699/ 59006 60017 82710 83635 85460 86%=
41509 01496 81802 10055 20044 38781 48516 60071 76066 8672/ 333 5699/ 59005 60037 82715 84635 88458 RH 93%=
41510 02596 80000 10025 20001 37912 48526 60021 8352/ 333 56990 59006 83635 85460 87%=
41515 01596 80000 10040 20028 38575 48536 60051 72162 8672/ 333 5699/ 59015 60027 82725 84640 85458 92%=
41516 02496 73104 10110 21025 38555 48513 60001 84670 333 56990 59018 60007 81720 83840 86460 RH39%=
41517 02696 70000 10045 21030 37799 48523 60001 81470 333 56990 59027 60007 82715 83635 87760 58%=
41518 02596 81802 10100 20008 38/// 48/// 60001 8572/ 333 5699/ 5//// 60007 82720 83640 88461 53%=
41519 02696 70000 10100 20008 38768 48506 60001 84720 333 56990 59015 60007 81730 83640 85462 RH53%=
41520 02596 81802 10020 21032 37617 48264 60001 8562/ 333 5699/ 59019 60007 82720 83640 88462 68%=
41523 02696 80000 10120 20035 39103 48517 60001 8352/ 333 5699/ 58003 60007 83640 85460 56%=
41524 02697 80502 10120 20081 39375 40251 60021 8452/ 333 5699/ 59008 60007 84640 84460 77%=
41525 12697 72304 10030 21020 37671 48399 60001 83420 333 56990 58000 83840 84460 70%=
41528 02697 80000 10130 20060 39228 48514 60001 8552/ 333 5699/ 58007 60007 85640 88460 62%=
41529 01696 63102 10155 20087 39802 40187 69901 75052 83520 333 56990 58022 69907 83640 RH 64%=
41530 01996 73108 10150 20081 39768 40187 60001 70511 82430 333 56990 58028 60007 82840 85358 63%=
41534 02697 53104 10170 20043 39763 40179 60001 82520 333 56990 58021 60007 82640 83460 RH 43%=
41535 02697 43102 10130 20007 38724 48494 60003 84500 333 56900 58009 60007 84635 RH43%=
41536 01596 80000 10100 20059 39064 48526 60041 76066 8352/ 333 5699/ 58022 60047 81720 83630 88460 76%=
41560 02997 00506 10050 21039 38315 48545 60001 333 59003 60007 RH52%=
41562 02997 00502 10190 20030 39701 40163 60001 333 58007 60007 RH 34%=
41565 02696 51302 10106 21016 38655 48522 60001 82520 333 56990 58011 60007 82640 83460 43%=
41567 01696 60000 10165 20063 39714 40133 60001 70401 82530 333 56990 58000 60007 82640 84360 51%=
41571 11696 43110 10190 20026 39591 40172 69901 70560 81830 333 56990 58017 RH34%=
41572 01696 43114 10180 20063 39534 40158 60001 70511 82510 333 56990 58014 60007 82640 84460 RH43%=
41573 02697 61304 10085 20033 37975 48501 69901 83520 333 56990 59002 60007 83640 83460 70% =
41574 02697 50902 10100 20027 38357 48536 60001 85400 333 56900 58001 60007 85640 61%=
41576 01995 30000 10200 20098 40181 60011 70400 83030 333 56090 58012 60007 83360 52%=
41577 01696 40000 10195 20048 39556 40166 60001 70521 82430 333 56990 58013 60007 82840 82360 RH 38%=
41593 01696 60000 10180 20106 39948 40165 69901 72162 82570 333 56990 58009 69907 82640 86460 62%=
41597 01997 50000 10200 20098 40178 69901 70160 85030 333 56090 58011 69907 85362 52%=
41598 01996 42302 10210 20100 39879 40148 69901 70510 84030 333 56090 59001 60007 84460 49%=
41599 01696 73104 10205 20081 39874 40162 69901 70500 83470 333 56990 58008 60007 83640 84460 45%=
41600 01696 60000 10205 20093 39866 40160 60001 70521 83570 333 56990 58012 60007 83645 83462 49%=
41620 32996 02706 10120 21068 38606 48509 60001 333 58016 60007 26%=
41624 02997 01302 10230 20126 39960 40158 60001 333 58013 60007 52%=
41625 01996 00000 10220 20090 39946 40144 60001 70500 333 58010 60007 43%=
41630 01996 40504 10225 20071 40168 69901 70560 84030 333 56090 58006 60007 84360 37%=
41633 02997 30000 10190 20096 4//// 60001 83030 333 56090 5//// 60007 83360 55%=
41634 02697 23102 10190 20079 3//// 4//// 69901 82500 333 56900 5//// 60007 82640 48%,=
41635 01696 12702 10195 20103 3//// 4//// 60001 70402 81100 333 56090 5//// 60007 81840 55%=
41636 01996 31302 10225 20097 39993 40176 60001 70500 83030 333 56090 58016 60007 83360 44%=
41638 01996 40000 10210 20111 4//// 60001 70400 84030 333 56090 5//// 60007 84360 53%=
41639 01696 60000 10175 20077 3//// 4//// 60001 70420 83530 333 56990 5//// 60007 83640 83360 52%=
41640 01996 03102 10220 20077 39909 40156 60001 70500 333 59002 60007 40%=
41641 01996 00308 10200 20098 39887 40162 60001 70410 333 58001 60007 52%=
41642 01996 00000 10210 20122 3//// 4//// 60001 70400 333 5//// 60007 57%=
41643 01995 30000 10200 20130 39878 40155 60001 70410 83070 333 56090 58007 60007 83460 64%=
41644 01995 40000 10170 20115 4//// 60001 70400 84020 333 56090 5//// 60007 84460 70%=
41646 01995 50000 10205 20116 39961 40176 60001 70400 85070 333 56090 58011 60007 85460 56%=
41652 01996 00504 10205 20104 39990 40169 60001 70400 333 58008 60007 52%=
41660 02997 13102 10095 21038 38468 48558 60001 81030 333 56090 58036 60007 81360 RH 39%=
41661 02997 02702 10100 21014 38416 48544 60001 333 58029 60007 45%=
41669 02997 00000 10210 20100 3//// 4//// 60001 333 5//// 60007 49%=
41670 01996 00000 10195 20103 4//// 60001 70400 333 5//// 60007 55%=
41674 01995 00504 10210 20111 3//// 4//// 60001 70400 333 5//// 60007 53%=
41675 01994 00000 10205 20104 30019 40162 60001 70400 333 58007 60007 52%=
41676 01995 33102 10190 20108 30024 40182 60001 70400 83020 333 56090 58011 60007 83460 59%=
41677 01996 30504 10210 20122 39979 40145 60001 70400 83030 333 56090 58011 60007 83360 57%=
41678 01696 60000 10210 20088 40153 60001 70500 83520 333 56990 59003 60007 83640 83460 45%=
41679 01996 00502 10195 20114 4//// 60001 70400 333 5//// 60007 59%=
41680 01995 20000 10220 20124 39965 40162 60001 70400 82030 333 56090 58007 60007 82362 54%=
41685 02997 33102 10185 21060 38930 48520 60001 83020 333 56090 58014 60007 83460 RH18%=
41696 02997 00000 10130 21031 38012 48525 60001 333 58012 60007 Rh33%=
41697 02997 03108 10260 21015 40159 60001 333 59002 60007 RH16%=
41700 01995 00506 10195 20114 40155 60001 70400 333 58010 60007 59%=
41701 01994 23608 10200 20120 30024 40167 60001 70400 82030 333 56090 58017 60007 82360 60%=
41710 12997 00000 10145 21038 39404 40183 60001 333 58059 28%=
41712 12997 00504 10145 20014 39205 48517 60001 333 58019 RH41%=
41715 01996 00000 10240 20106 30093 40157 60001 70500 333 58006 60007 RH43%=
41716 01995 00506 10210 20122 30062 40166 60001 70400 333 58011 60007 57%=
41718 01995 00506 10220 20134 30042 40145 60001 70400 333 58001 60007 58%=
41724 01995 00510 10230 20115 30091 40169 60001 70400 333 58006 60007 RH48%=
41725 01996 00502 10215 20117 30074 40152 60001 70500 333 58006 60007 RH54%=
41726 01995 00502 10215 20128 30086 40157 60001 70500 333 59016 60007 RH 58%=
41738 02996 02705 10215 20106 30007 40186 60001 333 58016 60007 RH50%=
41739 02996 03606 10160 21028 39072 48528 60001 333 58009 60007 RH27%=
41742 12997 22302 10250 20151 40165 60001 80001 333 56009 58009 82070 RH 54%=
41743 01996 03102 10200 20109 60001 70400 333 60007 RH 56%=
41744 12996 00000 10170 21028 38801 48527 60001 333 58003 RH 26%=
41745 01996 03104 10210 20111 60001 70400 333 60007 RH53%=
41746 01996 43604 10210 20132 30106 40161 60001 70400 84030 333 56090 58012 60007 84360 RH61%=
41747 01996 00502 10230 20115 40146 60001 70500 333 58012 60007 RH48%=
41748 01996 01304 10225 20108 40166 60001 70500 333 58007 60007 RH48%=
41749 01994 22706 10235 20122 30133 40167 60001 70400 82030 333 56090 58009 60007 82360 RH49% CORR=
41756 02996 33106 10225 20150 30118 40184 60001 80001 333 56009 58019 60007 83070 RH63%=
41757 12996 03106 10220 20134 30166 40179 60001 333 58016 60007 RH58%=
41759 01996 03102 10235 20132 30166 40172 60001 70500 333 58006 60007 RH52%=
41760 01996 22312 10255 20157 30154 40167 60001 70500 80001 333 56009 58007 60007 82080 RH 55%=
41764 01995 03204 10250 20120 30109 40159 60001 70400 333 58007 60007 RH44%=
41765 02996 00000 10210 20169 30131 40167 60001 333 58013 60007 RH78%=
41766 21995 03602 10240 20139 40163 70400 333 58001 60007 70000 RH53%=
41767 01995 02304 10235 20143 3//// 4//// 60001 70400 333 60007 RH56%=
41768 02996 02302 10230 20196 30146 40153 60001 333 59001 60007 RH79%=
41780 01996 23104 10265 20160 30129 40156 60001 70400 80001 333 56900 58001 60007 82070 RH53% CORR=
41783 02996 02304 10250 20188 30118 40147 60001 333 58011 60007 RH 68%=
41785 02996 02306 10240 20176 30150 40163 60001 333 58001 60007 RH 68%=
41786 02996 02704 10250 20108 30108 40145 60001 333 58009 60007 RH 41%=
41BAG 02497 60502 10030 21051 60001 84310 333 56990 60007 81715 83635 86460 55%=
41BKI 01696 73104 10165 20088 39757 40179 69990 75022 83520 333 56990 58027 69907 83640 84460 RH 60=
41SKP 01996 33102 10190 20118 3//// 4//// 60001 70400 83030 333 56090 5//// 60007 84360 63%=
43532 02697 80000 10120 20071 39367 40184 60001 8552/ 333 5699/ 58025 60007 85640 88460 72%=
43533 02697 70000 10130 20072 39245 48511 69981 83520 333 56990 58017 69937 83640 85460 68%=
43563 02997 00502 10189 20067 39467 40152 60001 333 58012 60007 45%=


UPPK OPKC 110600=
PPAA 6106/ 41675 MISDA DUE TO TECHNICAL ISSUE=
PPAA 6106/ 41516 Misda due to air movement=
PPAA 6106/ 41517 MISDA DUE TO AIR MOVEMENT=
PPAA 6106/ 41715 NO ASCENT DUE TO BALLOONS OUT OF STOCK=
PPAA 6106/ 41739 no acent due to security risk=
PPAA 61051 41780 MISDA No Ascent due to PAF Flights=
PPAA 6106/ 41749 MISDA DUE TO TECHNICAL FAULT=
PPAA 6106/ 41598 MISDA DUE TO TECHNICAL PROBLEM=
PPAA 6106/ 41600 MISDA DUE TO TECHNICAL PROBLEM=
PPAA 6106/ 41624 MISDA DUE TO TECHNICAL PROBLEM=
PPAA 6106/ 41640 MISDA DUE TO TECNICAL PROBLEM=
PPAA 6106/ 41646 MISDA DUE TO TECHNICAL FAULT=
PPAA 6106/ 41678 MISDA DUE TO TECHNICAL PROBLEM=
PPAA 6106/ 41718 MISDA DUE TO TECHNICAL PROBLEM=
PPAA 6106/ 41515 MISDA DUE TO OVERCAST=




Data Generated from File : D:/all data handling/Rmc_lhr/2025021106.FSU.txt
11/02/2025   07:09:42
____________________________________________________________________________________________
15020 01450 81601 11072 21090 30163 40377 52008 60002 7102/ 886// 333 11060 21074 34107 55300 20001 60007 70000 91002 90760 91102==
15090 07459 83401 11057 21078 30278 40378 53009 60002 7101/ 886// 333 11057 21093 34112 55300 10050 20001 30001 60007 70000 91003 90760 91103==
15108 02984 01006 11118 21184 38127 48553 52002 60002 333 11105 21119 49081 55300 20008 60007 70000 91007 90760 91107==
15150 07450 83603 11060 21078 30144 40374 53008 60002 7101/ 886// 333 11055 21061 34106 55300 20002 60007 70000 91004 90760 91104==
15170 04964 02601 11153 21168 39521 42880 53007 60002 333 11057 21163 34112 55300 20004 60007 70000 91001 90760 91101==
15280 02984 00507 11148 21242 37502 47027 52002 60002 333 11131 21150 49080 55300 20004 60007 70000 91007 90760 91108==
15310 07/50 10102 11079 21097 30262 40355 53008 60002 7101/ 81040 333 11052 21087 34109 55300 10210 20003 30002 60007 70000 91005 90760 91106==
15335 04/58 73102 11061 21089 30342 40350 53008 60002 7101/ 87070 333 11028 21061 34106 55300 20012 60007 70000==
15350 07957 03103 11085 21105 30233 40363 52008 60002 7101/ 333 11043 21087 34108 55300 20005 60007 70000 91004 90760 91104==
15360 04440 83509 11028 21042 30312 40330 53008 60002 7101/ 886// 333 11012 21029 60007 70000==
15420 07956 03201 11123 21136 30237 40360 52009 60002 7101/ 333 11031 21128 34114 55300 20000 60007 70000 91001 90760 91101==
15460 04940 02601 11091 21109 30325 40352 53008 60002 7101/ 333 11060 21094 30111 55300 20008 60007 70000 91002 90760 91103==
15470 07957 00201 11087 21100 30221 40359 52008 60002 7101/ 333 11015 21089 30111 55300 20004 60007 70000 91002 90760 91102==
15480 04463 83102 11019 21065 30313 40332 53009 60002 886// 333 11015 21023 34103 55300 10040 20003 30003 60007 70000 91004 90760 91106==
15549 11/06 90202 11085 21089 39893 40342 52005 60002 74742 333 11050 21104 70000 93501 555 34112 597// 92712=
15552 12560 83403 11037 21070 30261 40313 54000 60002 885// 222// 00056 10302 333 11032 21044 55077 70000 555 30106 575// 92035 92437=
15640 12976 00000 11056 21078 39993 40327 51001 60002 333 10006 21065 55095 70000 555 34110 584// 92602=
15655 12965 03402 11043 21062 30287 40322 53004 60002 222// 00065 10401 333 10019 21047 70000 555 34/// 585// 92033 92437 92601=
15730 12965 00000 11069 21077 39908 40334 53009 60002 333 10000 21070 55085 70000 555 31/// 594// 92601=
16627 12960 00804 11024 21066 30306 40313 53012 60002 333 21024 30/// 55082 70000 90730 91106==
16650 12960 00609 10036 21049 30289 40298 52007 60002 333 20036 30/// 55064 70000 90730 91118==
16667 12560 20110 10054 21010 30269 40280 53008 60002 82100 333 20054 30/// 55078 70000 90730 91120==
16706 12660 50220 10072 20024 30251 40257 53018 60002 85500 333 20072 30/// 55058 70000==
16723 12560 10408 10054 21004 30231 40246 53008 60002 81200 333 20052 30/// 70000 90730 91116==
16742 12460 13612 10068 21018 30066 40227 52013 60002 81100 333 20068 30/// 70000 90730 91124==
16749 12460 19903 10078 20014 30193 40207 52011 60002 81130 333 20078 30/// 55090 70000 90730 91108==
16754 11460 63412 10106 20039 30199 40249 52011 69932 70162 86800 333 20096 30/// 55025 70007 82818 86625 90730 91128==
16757 12560 53219 10102 20054 30095 40231 52014 60002 85500 333 20098 30/// 55034 70000 90730 91133==
16760 11460 50207 10060 20032 40254 53011 69912 70251 85800 333 20055 32/// 55030 70025 82818 84625 90730 91122==
16765 12560 43509 10102 20003 40223 52012 60002 84200 333 20102 30/// 70000 90730 91122==
17022 11570 31606 10015 21010 30117 40290 52009 60022 70181 82230 333 21001 35102 55012 20448 70025 82833 83360 90760 91112==
17024 12670 52111 10008 21009 30203 40284 53008 69942 83130 333 20004 32102 55021 70004 83835 85360 90760 91120==
17026 11570 72502 10038 20010 30255 40295 52008 69932 72122 85570 333 20022 32102 55026 20720 70011 85628 87358 90760 91106==
17031 11356 73205 10039 20030 30279 40286 53007 60062 78088 85250 333 20030 32002 70074 83708 85828 87358 90760 91112==
17034 12670 70000 10054 20018 30240 40288 52010 60012 83250 333 20045 32002 55000 70071 83835 87360 90760 91103==
17038 12670 32106 10066 21020 30228 40277 53007 69962 83100 333 20048 30/// 70052 83835 90760 91114==
17042 12/70 31204 10048 21024 30246 40287 52007 60002 83030 333 20031 30002 55000 83360 90760 91110==
17050 12970 00102 11030 21084 30259 40325 53004 60002 333 21035 34108 55073 90760 91106==
17056 12970 02807 11025 21056 30305 40310 53009 60002 333 21028 31103 55005 20599 90760 91112==
17060 11460 73311 10019 20002 30256 40298 52008 69922 78382 86250 333 20012 32101 70016 82711 85829 86357 90760 91116==
17070 11558 71302 11029 21058 39374 40283 53007 69932 77022 84520 333 21033 3/104 47001 55000 20352 70010 84630 87459 90760 91107==
17074 11570 80000 11029 21034 39311 40284 52009 69912 77077 8552/ 333 21033 34106 55006 20431 70003 85628 88458 90760 91103==
17084 11558 83202 11010 21015 39331 40272 52008 60022 77177 8552/ 333 21014 3/103 47003 55027 21964 70016 85632 88459 90760 91103==
17085 11458 83108 10006 21005 39760 40269 53008 69942 77022 8552/ 333 20004 3/000 45998 55009 70007 82710 84630 88458 90760 91114==
17092 11935 00000 11109 21113 38926 48533 52008 60002 71000 333 21153 3/116 47007 55046 21461 90760 91105==
17096 11920 00301 11209 21215 38274 48556 52009 60002 71041 333 21226 3/123 42006 55087 20553 90760 91104==
17098 12960 03104 11173 21189 38229 48554 52009 60002 333 21205 34122 90760 91106==
17100 11956 00000 11042 21094 39276 40326 52014 60002 70500 333 21070 30110 55033 20879 90760 91104==
17112 12965 00901 10000 21038 30298 40301 52010 60002 333 21003 30102 55031 20888 90760 91109==
17115 11460 70210 10034 20000 30242 40295 53007 69942 72682 87200 333 20029 32002 55002 20352 70016 84710 86830 90760 91115==
17116 12670 40301 10013 21014 30168 40295 52009 60002 82130 333 20000 30101 55017 20829 82835 84360 90760 91104==
17124 12660 32401 11045 21057 39328 40291 52006 60002 83500 333 20632 34109 83640 90760 91108==
17128 12660 70206 11027 21075 39125 40268 52007 60002 84250 333 21038 34104 55024 20285 84835 86358 90760 91112==
17135 12670 80403 10002 21015 39352 40259 52008 60002 8452/ 333 21002 30103 55016 23102 84635 88460 90760 91109==
17140 11457 80501 11036 21047 38724 48503 53008 60012 77177 8672/ 333 21041 3/104 47011 70011 82710 85638 88458 90760 91107==
17150 12660 30000 10015 20000 30155 40284 52007 60002 83100 333 21012 31102 55023 20775 83835 90760 91115==
17160 11665 83405 11022 21058 39054 48509 53009 69922 77077 8452/ 333 21025 3/104 47001 55019 20670 70003 84635 88458 90760 91110==
17170 12660 10705 11037 21106 38367 48541 52009 60002 81500 333 21095 30/// 81640 90760 91108==
17175 12665 30507 10039 21033 30272 40276 52007 60002 83100 333 20020 30101 55045 21022 83840 90760 91117==
17184 12967 03602 10004 21040 30158 40274 52010 60002 333 21002 30101 55099 21633 90760 91108==
17190 12670 53201 11052 21092 39033 48514 52008 60002 82550 333 21059 34108 55017 82635 85360 90760 91106==
17195 11213 80000 11019 21022 39000 48507 52008 60032 77177 8652/ 333 21035 3/105 47012 55057 21093 70026 83705 85620 88457 90760 91104==
17200 11257 73403 10014 20000 39239 40257 53007 69922 71072 85570 333 21014 41997 70002 83704 84633 87358 90760 91110==
17202 12670 60902 10011 21024 39189 40263 53011 60002 84550 333 21025 31/// 84635 86360 90760 91106==
17203 12670 30000 11024 21091 38933 48572 52009 60002 81230 333 21045 34105 55053 20929 81840 83360 90760 91104==
17210 12670 50000 10024 21057 39198 40258 52013 60002 81101 333 20001 34102 55082 81840 85070 90760 91104==
17219 12565 10210 10025 21040 30112 40262 52009 60002 81100 333 21005 34102 55088 21503 81830 90760 91123==
17234 12970 00000 10015 21043 30177 40248 53009 60002 333 20008 34103 55069 21407 90760 91103==
17237 12970 00000 11004 21055 39742 40265 53009 60002 333 21013 34105 55068 90760 91103==
17240 12970 00000 11018 21058 39062 40250 52007 60002 333 21048 34111 55057 21424 90760 91103==
17244 11456 73607 11025 21053 39031 48513 52010 69902 77122 87500 333 21049 46998 82717 87630 90760 91109==
17248 12665 80401 11015 21035 39008 48504 52009 60002 8452/ 333 21020 3/102 45997 55000 84635 88460 90760 91104==
17250 12670 70303 11018 21049 38823 48506 53006 60002 84550 333 21026 3/103 46004 55022 20816 84640 87360 90760 91106==
17260 11240 80709 10036 20025 39365 40202 52014 60012 71062 8671/ 333 20019 32001 70038 84706 86625 88458 90760 91115==
17270 11657 70704 10040 20025 39584 40248 52014 60072 76022 85520 333 20034 32003 70129 85635 87459 90760 91110==
17275 12670 70000 10026 21057 39031 48538 52012 60002 84520 333 20016 30103 55021 84635 87459 90760 91113==
17280 11/02 92802 11012 21015 39449 40267 52014 60002 74942 89/// 333 21024 31105 55025 20720 90760 91104==
17290 12970 00102 10060 21067 30198 40231 52011 60002 333 20058 30101 55086 90760 91114==
17292 12970 02902 10002 21082 39443 40222 52007 60002 333 21005 34103 55022 20678 90760 91107==
17300 12960 03212 10066 21062 30153 40226 53008 60002 333 20057 30004 90760 91122==
17310 12970 00803 10097 21023 30188 40195 52010 60002 333 20089 31004 55000 90760 91109==
17330 12670 32804 10078 21038 30197 40215 53010 60002 83100 333 20072 31005 55000 70034 83835 90760 91116==
17350 12660 73505 10097 20016 30121 40200 53014 60002 84250 333 20067 30/// 84840 87360==
17370 12670 60000 10118 20036 30201 40205 52015 60002 84230 333 20101 30006 55010 84835 86360==
17375 12670 23503 10085 21025 30203 40205 52012 60002 82200 333 20063 32002 55024 20900 70018 82835 90760 91106==
33088 11597 51002 11099 21109 30191 40399 52009 69902 72272 82520 333 21099 47997 555 17109=
33135 32497 81302 11076 21107 30254 40413 52014 886// 333 21084 88714 555 14107=
33177 31596 80603 11086 21094 30127 40383 52008 71011 885// 333 21099 555 14109=
33317 31/93 90802 11103 21103 30025 40391 53010 74942 333 21106 555 14109=
33393 11120 80801 11083 21092 39948 40369 52007 69902 72271 8672/ 333 21090 86703=
33415 11396 80801 11083 21089 39949 40377 53008 69902 71072 886// 333 21084 88707 555 14106=
33429 31294 81003 11086 21089 39925 40380 53008 71022 886// 333 21088 88703 555 14106=
33466 31456 80802 11081 21091 30197 40399 52015 71022 886// 333 21083 555 1/106=
33506 32997 00303 11124 21137 30183 40398 52014 333 21125 46001 555 16111=
33562 31430 80902 11078 21084 30069 40397 52011 71011 886// 333 21119 555 14106=
33587 31495 80502 11074 21080 30104 40387 52014 71022 886// 333 21085 88716 555 14106 34110=
33658 31247 81002 11083 21088 30055 40378 52009 71022 886// 333 21088 88705 555 14105=
33663 32997 20000 11120 21126 30276 40381 52010 82030 333 21120 555 14108=
33664 31/93 90201 11083 21083 30033 40374 53008 74942 333 21087 555 80015=
33678 31996 02801 11112 21120 30164 40395 52007 71000 333 21128=
33679 31496 70401 11114 21123 30169 40377 52003 71011 87500 333 21128 87617=
33711 32960 00202 11099 21116 30154 40382 52013 333 21100 555 14110=
33745 32997 00000 11113 21113 30185 40397 52010 333 21116 555 80017=
33748 32997 01201 11094 21101 30060 40369 52006 333 21103 555 80012=
33754 32998 80401 11092 21099 30217 40376 53016 8805/ 333 21127=
33761 31957 80405 11079 21085 30137 40377 52011 71011 8802/ 333 21111 555 14107=
33791 31959 00304 11093 21104 30233 40371 52010 71000 333 21104 41998 555 11110=
33815 32598 20102 11085 21103 30140 40364 52012 82500 333 21085 46001=
33837 31356 70104 11064 21084 30296 40352 53012 71022 87600 333 21066 87707 555 14104=
33881 32997 03603 11087 21100 30155 40367 52010 333 21094 555 80010=
33883 32997 03403 11080 21098 30180 40359 52009 333 21086 555 80013=
33885 31996 23502 11104 21116 30222 40369 52008 71000 82040 333 21106 555 80011=
33892 31996 40404 11099 21110 30128 40357 52009 71000 80031 333 21099 46002 555 80021=
33902 32997 50405 11080 21098 30288 40352 52011 80001 333 21081 555 14107=
33924 11460 80704 11028 21045 30313 40326 52011 69902 72272 8672/ 333 21043 46997==
33946 12472 60809 11014 21030 30083 40314 52011 69902 82630 333 21031 43003 91011 90760 91111==
33983 42560 70505 11017 21041 30248 40311 52012 84530 333 21040 42001==
34300 32997 00502 11121 21144 30211 40405 53013 333 21128 47002 555 17112=
34336 41940 00000 11154 21174 30281 40396 53011 77671 333 21180==
34344 42960 02901 11141 21147 30290 40387 53010 333 21152==
34356 42960 03402 11139 21161 30206 40367 52003 333 21156==
34357 42970 02502 11147 21169 30203 40373 52009 333 21152==
34398 12/70 80501 11050 21075 30313 40326 54000 60002 8807/ 333 21084==
34415 32963 00000 11123 21140 30283 40389 53012 333 21131 555 14111=
34438 42960 00203 11128 21142 30171 40380 52013 333 21149==
34445 42970 02702 11149 21161 30256 40381 52015==
34461 42960 00000 11111 21142 30302 40362 52004 333 21139==
34473 32997 53603 11097 21114 30298 40339 52002 80002 333 21121=
34476 42970 40103 11079 21097 30330 40338 53002 80004 333 21114==
34504 32960 00403 11099 21120 30188 40377 52012 333 21101 46001=
34535 42960 03201 11137 21154 30299 40378 52013 333 21153==
34545 42470 60102 11116 21131 30247 40368 52012 86600 333 21144==
34555 41440 83603 11098 21113 30271 40369 52011 71011 886// 333 21110==
34560 41140 80101 11084 21089 30150 40353 52006 72842 886// 333 88702==
34578 41/40 53302 11084 21094 30331 40338 52007 71011 85030==
34579 42970 03302 11077 21117 30290 40336 53007==
34644 42960 03501 11098 21123 30274 40357 52014 333 21125==
34646 42470 80203 11090 21102 30266 40354 52011 82601 333 21100==
34655 42/60 23502 11087 21106 30291 40356 53011 82030==
34662 42970 83402 11088 21103 30337 40349 52010 80001 333 21104==
34691 12/70 70000 11056 21086 30546 40533 53004 60002 87050 333 21075==
34720 42970 00302 11087 21110 30313 40355 53015 333 21092==
34727 42960 00704 11064 21086 30318 40350 53014 333 21070==
34743 41940 63602 11078 21094 30257 40352 52011 71022 80005 333 21094==
34759 41940 83001 11082 21088 30207 40347 52010 71022 80004==
34772 42570 60301 11057 21091 30330 40333 52006 84510==
34785 42570 83603 11047 21083 30346 40322 52004 885//==
34798 11/60 83603 11027 21057 30458 40427 53001 69902 70277 8805/ 333 21049==
34824 42960 00604 11059 21089 30330 40335 52017 333 21068==
34838 42960 00503 11052 21093 30230 40332 52013 333 21072==
34845 42970 80702 11063 21079 30227 40341 52012 80004 333 21084==
34858 41940 60000 11065 21088 30227 40341 52012 71022 80005==
34861 41/40 60304 11075 21088 30081 40339 52008 71022 86030 333 21097==
34866 42970 53303 11073 21091 30342 40333 52007 80004 333 21084==
34880 41/60 83402 11037 21063 30342 40315 52004 70272 8807/==
34887 41540 80000 11061 21072 30343 40319 52006 71022 885// 333 21087==
34949 42/// /1003 11058 21073 39758 40334 52015==
34954 42970 80000 11064 21087 30155 40340 51013 80001==
34958 42970 80000 11070 21088 30128 40340 51010 80007 333 21101==
34975 42/70 53102 11054 21073 30329 40325 52007 80074 333 21083==
34984 42/60 73302 11051 21068 30349 40317 52004 80071 333 21084==
35217 12960 20702 11090 21129 30279 40321 57006 60002 80003 333 21110==
35302 12970 30602 11079 21106 30305 40327 54000 60002 80008 333 21079==
35315 32998 20403 11107 21160 30256 40316 57004 80002 333 21139=
35344 31999 00402 11138 21158 30045 40354 58002 70241 333 21180=
35358 12/60 20201 11134 21161 30168 40350 57004 60002 82030 333 21166==
35368 32999 00000 11148 21191 30088 40376 52005 333 21173=
35386 32998 31801 11110 21138 39820 40370 52002 83040 333 21152=
35394 12970 32104 11070 21090 39659 40362 52003 60002 80001 333 21127==
35404 11598 83603 11046 21059 30313 40322 57003 69900 70272 885// 333 21090=
35406 12960 43502 11076 21098 30310 40312 57005 60002 80001 333 21077==
35416 12970 23401 11090 21129 30184 40310 57005 60002 80001 333 21124==
35426 12984 10303 11064 21129 30016 40319 57004 60002 80001 333 21123==
35437 32998 20602 11077 21122 30090 40421 57006 80003 333 21112=
35449 32998 00803 11070 21123 30238 40346 53003 333 21144=
35497 12970 30000 11061 21092 39824 40674 52002 60002 80001 333 21183==
35498 31998 00000 11120 21137 39462 40391 52001 71042 333 21202=
35514 32998 00203 11091 21121 30525 40521 57007 333 21105=
35522 32998 20702 11088 21148 30039 40303 57009 80001 333 21106=
35542 32998 00503 11115 21152 30182 40339 57003 333 21149=
35563 32998 11603 11046 21115 39561 40351 58003 80001 333 21115=
35576 12970 60602 11155 21179 39907 40391 52002 60002 80001 333 21200==
35582 32998 70701 11148 21194 39750 40394 52001 80002 333 21203=
35594 32999 30000 11146 21181 39500 40395 52001 80002 333 21233=
35605 32998 80104 11068 21084 30321 40299 57005 85051 333 21100=
35633 32998 20505 11104 21138 30089 40314 53001 80003 333 21134=
35671 12970 00000 11112 21144 39921 40376 53002 60002 333 21170==
35699 12960 00000 11042 21114 39587 40362 54000 60002 333 21168==
35700 11540 80101 11066 21074 30320 40295 57002 60002 77170 885// 333 21087==
35715 32999 60804 11071 21105 30294 40279 57009 86040 333 21095=
35739 32999 60904 11096 21143 30138 40284 53001 80003 333 21126=
35746 12/70 81004 11073 21098 30237 40306 52004 60002 8807/ 333 21093==
35777 32997 00000 11106 21142 30007 40371 57003 333 21140=
35796 12960 20501 11134 21152 39928 40393 58002 60002 80001 333 21197==
35849 12570 81403 11049 21081 30218 40307 52012 60002 885// 333 21089==
35895 32998 03603 11134 21150 39914 40388 58012 333 21179=
35907 32598 80305 11031 21062 30329 40287 53009 885// 333 21044 333 21044=
35925 12/70 80704 11080 21094 30147 40263 56001 60002 8802/ 333 21106==
35927 32998 60901 11079 21101 30258 57006 83032 333 21092=
35953 12584 80000 11048 21096 30191 40325 52011 60002 885// 333 21084==
35969 12/84 80902 11074 21150 30166 40346 52004 60002 8807/ 333 21114==
35997 32998 00501 11112 21156 39910 40370 58004 333 21158=
36259 42984 00000 11202 21242 38291 48575 57002==
36335 32999 01802 11022 21079 39301 40335 58004 333 21088=
36358 32999 00000 11049 21083 39298 40335 58005 333 21106=
36394 31997 61509 11109 21143 39930 40374 52009 73632 84043 333 21150=
36397 11/20 31616 11145 21175 39780 40380 52005 60002 73833 82042 333 21176 91020 90760 91120==
36403 11698 70809 11062 21126 39995 40368 52007 69900 73632 87900 333 21118=
36418 32999 71904 11093 21149 39776 40420 52004 85033 333 21234=
36421 32999 71101 11156 21198 39828 40434 52006 87030 333 21285=
36428 12784 71901 11125 21191 39905 40438 52008 60002 81550 333 21275==
36439 31798 72601 11105 21154 39075 48572 52007 70332 86530 333 21177=
36498 32998 00000 11141 21168 39561 40403 54000 333 21226=
36501 32999 02301 11060 21126 39563 40335 58002 333 21165=
36535 12/84 50702 11153 21197 39768 40446 52009 60002 82031 333 21253==
36546 32999 61901 11137 21180 39858 40433 52003 80003 333 21243=
36619 31995 00902 11148 21161 71000 333 21242=
36622 32998 01301 11135 21178 39550 40407 51004 333 21210=
36639 12984 00000 11109 21191 39753 40389 58004 60002 333 21262==
36643 32999 23002 11178 21200 39726 40443 52009 80003 333 21206=
36665 32999 02902 11125 21165 39644 40412 52009 333 21166=
36666 32999 01205 11166 21195 39903 40435 52005 333 21233=
36729 32998 01002 11126 21153 39884 40395 52002 333 21220=
36736 32999 03502 11088 21147 39818 40397 58006 333 21186=
36744 32998 00503 11099 21135 39898 40371 58004 333 21199=
36770 32999 00000 11180 21180 39608 40394 52005 333 47025 555 21212 7000/=
36786 32999 01601 11007 21116 39406 40333 58001 333 21131=
36796 32998 00000 11168 21226 39124 48537 58003 333 21257=
36803 31999 02605 11128 21142 39912 40390 58007 70240 333 21188=
36806 32999 31508 11097 21197 39906 40399 58005 80002 333 21150 91116=
36819 32998 30901 11048 21083 39712 40342 58005 80001 333 21151=
36821 12984 00000 11073 21111 39852 40362 58003 60002 333 21173==
36839 32999 02201 11061 21147 39183 40347 58007 333 21183=
36843 32998 00000 10019 21119 39135 40309 58002 333 21122=
36846 32999 00901 11023 21124 38675 48565 58003 333 21150=
36859 12984 01902 10008 21074 39600 40393 58001 60002 333 21111==
36870 12960 00401 11021 21080 39287 40318 58008 60002 333 21105==
36874 32999 02002 11097 21132 39672 40499 58008 333 21219=
36877 32999 03401 11037 21093 39723 40765 58005 333 21168=
36885 32999 00202 11009 21095 39169 40311 58007 333 21094=
36889 32999 00000 11050 21202 37072 47070 58002 333 21108=
36894 32999 00702 11029 21085 39582 40339 58008 333 21117=
36905 32999 02201 11029 21110 38823 48566 58002 333 21105=
36911 42696 80000 11030 21036 39318 40318 58010 886// 333 21045=
36927 42699 20902 10034 21078 38398 48563 58001 82900 333 21043=
36934 42699 21303 10039 21061 38310 48439 57021 82200 333 21032=
36953 32999 00901 11088 21123 38267 48508 58002 333 21170=
36963 42999 01601 11056 21203 37049 48/// 58002 333 21142=
36974 42998 00902 10002 21096 38023 48552 58007 333 21110=
36982 42999 01001 11096 21286 36534 47102 58005 333 21221=
37018 42970 00402 10046 21038 30205 40282 52006==
37031 42960 61401 11042 21077 30114 40320 52012 80004==
37054 42/70 50000 11082 21105 39934 40345 53012 80030==
37061 42960 03101 11056 21080 30160 40339 52010 333 21084==
37085 42570 82602 11039 21066 30354 40326 52008 82532==
37171 42670 10804 10038 21025 30260 40279 53005 81500==
37228 41410 71401 11057 21070 39445 40323 52011 71022 87700==
37235 42/70 30000 11041 21058 39995 40328 52010 8004/==
37472 42560 83103 11024 21059 30343 40320 52003 8357/==
38149 11540 61705 11037 21042 30203 40284 52003 60022 71072 86500 333 21050==
38178 42/70 82204 11047 21129 39996 40297 52016 8802/ 333 21054==
38262 11570 61201 11034 21045 30204 40288 52009 60012 70272 88500 333 21054==
38264 11670 41504 11027 21064 30195 40292 52001 69902 70272 84500 333 21050==
38345 41596 81801 11026 21049 38866 48553 58001 71042 886// 333 21038=
38353 42597 83102 11015 21056 39398 40324 58005 8653/ 333 21050=
38388 72598 72501 11032 21084 30220 40294 57015 87010 333 21090 6////=
38392 21596 81203 11040 21042 30188 40296 52005 77072 8802/ 333 21079 69920 88526=
38396 41/40 81306 11035 21049 30177 40309 52003 71072 8802/ 333 21099 88535==
38403 42960 01801 11041 21095 30184 40311 52010 333 21096==
38413 42/70 52901 11028 21066 30009 40312 52003 85030 333 21058==
38457 11210 82701 10007 21004 39706 40311 54000 69902 76875 886// 333 21004==
38462 42684 80000 11007 21052 38812 48541 52008 8492/ 333 21020==
38507 71698 80000 10006 21051 30187 40294 53007 72272 8357/ 333 21029 6//// 555 50008=
38545 72998 01505 11020 21048 30137 40321 52007 333 21104 6////=
38565 11/05 90000 11042 21051 39696 40274 52007 60002 74344 89/// 333 21046==
38579 11/20 83502 11001 21012 39890 40322 52007 60012 77177 8802/ 333 21008==
38583 11540 83602 10003 21014 39990 40323 52003 60022 77177 8872/ 333 21003==
38599 31396 82505 10008 21010 39764 40318 52006 71072 885// 333 21002 85708 83636=
38611 41/40 82201 10036 20013 39724 40305 52002 71022 8807/ 333 20010==
38613 42995 81902 10018 20002 40302 52002 8802/ 333 20012=
38616 41596 72701 10010 21010 39277 40317 53009 71022 87500 333 20000=
38618 11560 83301 10032 21003 39593 40295 54000 60002 75052 886// 333 20020==
38647 71597 72904 10024 21036 30238 40282 52012 72622 87900 333 21006 6////=
38656 02998 01802 10002 21017 30192 40306 53015 69982 333 21015 6////=
38683 42460 81802 11033 21057 30048 40340 52007 885// 333 21041 88611==
38687 72697 71804 11030 21047 30093 40342 58005 87500 333 21038 6////=
38696 12560 71101 11012 21034 39430 40319 52008 69992 87900 333 21030==
38713 11495 83401 11020 21035 39102 48550 54000 60040 71074 886// 333 21036=
38750 32597 80701 10027 20006 30333 40304 52007 885// 333 21009=
38763 72598 60000 10027 20000 30184 40292 52015 86800 333 21002 6//// 86627=
38774 72598 41801 10046 21021 30099 40298 52002 83204 333 21010 6////=
38799 32597 83604 11020 21035 30085 40329 58005 885// 333 21049=
38806 32697 70000 11042 21061 30049 40324 52006 87500 333 21048=
38812 11320 8//01 11013 21027 39851 40325 52008 69902 71082 884// 333 21031 82708==
38836 31598 81602 10007 20004 39318 40282 58002 71022 8592/ 333 21020=
38880 01697 32701 10014 21021 30032 40296 52012 60002 70340 82530 333 21047 6////=
38886 31696 81103 11018 21027 30072 40311 52006 71022 885// 333 21036=
38895 31696 81401 11024 21040 30027 40332 52010 72842 885// 333 21050=
38911 32998 82601 11020 21055 30019 40329 53007 8807/ 333 21030=
38915 32597 82801 10002 21012 39994 40332 53010 885// 333 21014=
38927 12460 70302 10018 21010 39929 40319 51001 69902 87400 333 21006 84711==
38933 11796 80000 10014 21027 39796 40328 52007 60020 71072 8455/ 333 20000=
38944 11697 60000 10007 21010 39699 40253 58001 60030 70282 84530 333 21007=
38954 32899 70000 10001 21023 37959 48550 52004 85901 70281 333 21044=
38974 72998 00901 11002 21022 39959 40308 52001 333 21049 6////=
38987 31596 62201 11057 21068 39550 40340 52010 71042 86500 333 21065=
40100 43/82 01004 10125 20057 30188 40204 53009 6///1 333 58///=
40180 12660 11803 10118 20086 30141 40191 52008 60052 81030 333 10125 20090 70067==
40199 12/// /0303 10112 20045 30173 40199 52014 60002 333 10154 20090 70000==
40255 36/// /0000 10101 29071 3//// 4//// 5////=
40265 11508 51306 10052 20045 39408 40220 52012 69902 74452 85500 333 20030 31001 70004 85630=
40270 31640 52804 10062 20042 39291 40206 52011 70410 85500 333 20041 31100 70010 85640=
40272 31530 01208 10040 20028 39358 40214 52013 71022 333 20020 31101=
40296 31957 00000 10120 20078 30675 40196 5//// 70500 333 20120 30011=
40310 32960 02504 10030 20005 38966 48429 5//// 333 21016 30103=
40340 31950 03603 10107 20028 40205 52016 70500 333 20085 30007=
40356 42960 01410 10050 21040 39210 48506 333 20015 58015 555 04410 50204=
40357 42960 01404 10070 21030 39562 40213 333 20030 58017=
40360 42960 00000 10046 20000 39601 40204 333 20016 58015=
40361 42960 00905 10062 21030 39418 40244 333 20038 58014=
40362 42960 30913 10092 21020 39691 40216 80001 333 20064 58015 83070=
40373 42660 70912 10126 20030 39789 40212 82530 333 20104 58003 82635 85360==
40375 42960 02603 10062 21020 39289 40180 333 20042 58005=
40394 42/60 30602 10078 21030 39039 48507 83020 333 20058 58018 83458==
40400 42960 20203 10160 20000 30117 40145 80001 333 20128 59004 82070=
40405 41958 02004 10165 20040 39413 40155 70600 333 20125 59002==
40417 42960 63404 10160 20080 30192 40207 81036 333 20105 59003 81360 85270=
40430 42660 40806 10194 21060 39395 40138 84500 333 20148 59005 84635=
40437 42960 11408 10153 20000 39482 40188 80002 333 20123 59003 81068=
40439 42660 40000 10168 20080 30105 40123 83530 333 20140 58000 83640=
40582 42660 70606 10152 20037 40225 53022 87630 333 55300 00282 10000 20750 30220 41100 51299 60971 55407 40530 82640 87358 90401 91011 91113 91207 91305=
40703 12960 00000 11038 21111 38983 40313 52015 60001 333 3/111 47002 5//// 70000 90768 93100 555 11055 29057=
40706 11550 40602 11050 21112 38706 40323 52009 60001 70510 81401 333 34112 70000 81630 84067 555 11065 29062=
40712 12965 02603 11083 21146 38733 40335 52016 60001 333 3/114 43020 5//// 70000 90768 93100 555 11094 29060=
40713 11940 01401 11024 21084 38709 40293 52017 60001 70500 333 34111 70000 555 11041 29063=
40718 12460 52102 10066 20013 30328 40298 52013 60001 85800 222// 0//// 20300 333 31105 50101 70000 82815 85620 555 10045 29069=
40723 12660 29901 11029 21076 39018 40311 51012 60001 81570 333 30111 79999 82360 555 11042 29070=
40726 11656 80202 11040 21066 38715 40318 52017 60001 71020 8452/ 333 3/111 47005 5//// 70000 8463 5 88458 90768 93100 555 11046 29082=
40727 11656 72405 11053 21073 38530 40317 52014 60001 71022 85510 333 34110 70004 85640 87460 555 11057 29086=
40732 12565 10601 10070 20020 30309 40284 52013 60001 81100 333 30103 50091 70000 81825 555 10050 29071=
40736 12560 10000 10069 20037 30321 40295 52015 60001 81600 333 31101 50041 70000 81725 555 10056 29080=
40737 12960 01801 10076 20023 30263 40281 51006 60001 333 3/103 50201 70000 555 10054 29069=
40738 12660 30000 10066 20052 30307 40309 51012 60001 83500 333 31105 50051 70004 83645 555 10060 29091=
40739 11560 71102 11030 21053 38744 40306 52016 60001 70172 85710 333 3/105 49005 5//// 70022 82730 84635 87459 90768 93100 555 11036 29084=
40741 11958 02102 11004 21022 39954 40305 51008 60001 71000 333 32104 70000 555 11010 29088=
40743 12970 11206 11031 21086 39138 40315 52018 60001 80002 333 34107 5//// 70000 81070 555 11046 29066=
40745 12962 01102 11010 21076 39107 40319 51015 60001 333 3/113 43008 70000 90768 93100 555 11030 29061=
40747 12560 81802 11017 21068 38691 40295 52016 60001 886// 333 34105 79999 88720 555 11033 29068=
40754 11956 21402 10027 21072 38884 40277 52017 60001 70500 81031 333 30107 5//// 70000 81361 555 11007 29048=
40762 12965 20000 11017 21081 38597 40314 52013 60001 80002 333 34115 70005 82069 555 11035 29062=
40766 12560 10602 11020 21043 38749 40295 52021 60001 81700 333 32110 70000 81720 555 11027 29084=
40768 11957 00701 11098 21114 38303 40367 52017 60001 71020 333 3/119 47015 5//// 70000 90768 93100 555 11099 29088=
40769 11520 70902 11042 21071 38335 40297 52017 60001 71022 87600 333 3/109 47010 5//// 70000 87720 90768 93100 555 11049 29080=
40780 12960 01401 10041 21034 38720 40264 52012 60001 333 30105 5//// 70000 555 10013 29058=
40782 12960 00000 10034 21014 38916 40261 52015 60001 333 31109 5//// 70000 555 10016 29071=
40785 12960 00000 10036 21035 39164 40294 52020 60001 333 31101 5//// 70000 555 10011 29060=
40791 12965 02102 10068 21061 39434 40282 52022 60001 333 30104 5//// 70000 555 10023 29039=
40792 12965 02801 10027 21049 38774 40276 52019 60001 333 30108 5//// 70000 555 11001 29057=
40798 12660 22407 10048 21079 37979 40230 51010 60001 82500 333 30108 5//// 70000 82640 555 10003 29039=
40800 12960 01301 10053 21057 38507 40263 52019 60001 333 30109 5//// 70000 555 10013 29045=
40809 12962 00000 10066 21057 38541 40246 51015 60001 333 30106 5//// 70000 555 10021 29041=
40811 11950 13602 10139 20050 30195 40221 52015 60001 70500 80001 333 30001 50281 70000 555 10098 29055=
40818 12965 13202 10053 21106 38011 40227 52011 60003 80002 333 30104 5///1 70000 81070 555 10000 29031=
40821 12960 13001 10034 21045 38854 40287 51019 60001 80001 333 30103 5//// 70000 81070 555 10006 29056=
40829 12960 03308 10093 21028 39691 40280 51023 60001 333 30002 50531 70000 555 10047 29042=
40831 11657 63603 10128 20050 30216 40224 53012 60001 70522 86300 333 30006 50221 70000 82935 84640 555 10092 29059=
40833 11658 60501 10156 20025 30192 40225 52014 60001 70521 86500 333 30002 50261 70000 86640 555 10098 29042=
40835 12660 61302 10115 20000 39394 40243 52017 60001 82470 333 30001 50281 70000 82640 86360 555 10066 29045=
40841 12960 11402 10090 21062 38287 40230 52018 60001 80002 333 30108 5//// 70000 555 10032 29033=
40845 12560 80000 10175 20094 30214 40219 53020 60003 8492/ 333 30013 50461 70000 82930 84640 8846 0 555 10133 29059=
40848 11656 80000 10082 21048 38571 40229 52026 60001 70521 8452/ 333 30103 50341 70000 84635 88459 555 10032 29039=
40854 12960 31402 10104 21026 39011 40235 52016 60001 80002 333 30001 50361 70000 83070 555 10052 29040=
40856 12960 21902 10101 21019 38693 40232 51016 60001 80002 333 30105 5///1 70000 82070 555 10051 29043=
40859 12560 73602 10098 21054 38757 40232 52022 60001 84372 333 30100 50311 70000 81930 83635 86459 555 10040 29034=
40875 11957 30405 10216 20085 30194 40206 52018 60001 70500 80002 333 30009 50401 70000 83070 555 10147 29043=
40879 12960 12403 10149 21015 39540 40225 51016 60001 80001 333 30006 50361 70000 81070 555 10080 29032=
40882 12960 71304 10226 20063 30170 40205 52026 60001 80002 333 30012 50641 70000 87069 555 10143 29035=
40883 11957 01104 10214 20117 30176 40203 53025 60001 70500 80000 333 30015 50381 70000 555 10160 29054=
40893 11958 03305 10218 20091 30185 40191 52020 60001 70500 222// 00190 20300 333 30019 50661 7000 0 555 10150 29044=
41024 42/60 10105 10236 20150 30103 40129 81030 333 20202 58001 81360==
41036 42560 31410 10174 20090 38560 48510 83800 333 20140 58005 83830==
41055 42960 01606 10188 20100 38363 48509 333 20150 58006==
41061 42960 01212 10174 20000 39454 40160 333 20145 59002==
41084 42960 02702 10186 20060 38854 48512 333 20145 59003==
41112 42960 02016 10164 20080 37952 48518 333 20126 58010==
41114 42960 01817 10180 20050 37988 48519 333 20135 58004==
41128 42960 01204 10197 20070 38826 48533 333 20130 59013==
41136 42960 02508 10212 20080 39335 40141 333 20160 59020==
41140 42560 21405 10277 20210 30129 40132 82100 333 20229 58015 82830==
41150 42966 63207 10180 20127 40209 80002 333 20153 30015 58001 86075=
41176 44/63 /3505 10177 20108 30204 40210 333 20093 58002=
41184 42960 39901 10214 20106 40210 80001 333 20102 58018 83070=
41194 12960 30504 10213 20112 30198 40204 60001 80001 333 20159 58017 83075=
41196 12960 39902 10203 20106 30168 40210 60001 80001 333 20116 58018 83073=
41216 42960 00805 10201 20134 30198 40202 333 20153 58007=
41217 42960 10604 10189 20113 30169 40199 80001 333 20140 30012 58008 81075=
41246 36/// /1102 10239 20118 30198 40200 333 0E018 20168 55300 25022 58027=
41254 36/// /3005 10191 21056 38087 49842 333 0E005 20094 55300 25022 58025=
41256 31559 49905 10237 20140 30185 40203 70500 81501 333 20176 58030 55407 55408 55507 5 5508 81625 83075=
41258 36/// /2906 10237 20153 30191 40195 333 0E/// 20220 55309 20971 58030=
41262 36/// /1108 10228 20145 39988 40185 333 0E014 20126 55300 21090 58010=
41263 36/// /2102 10211 20145 39607 40171 333 0E016 20151 55300 20859 58023=
41265 36/// /1103 10223 20156 39602 40168 333 0E019 20152 55300 21258 58019=
41267 36/// /3308 10242 20163 30184 40197 333 0E020 20206 58027=
41268 36/// /0208 10252 20135 30140 40187 333 0E020 20195 55300 25022 58024=
41275 36/// /0506 10215 20065 30031 40202 333 0E014 20134 55300 21140 58012=
41288 32560 21505 10256 20200 30171 40193 82500 333 20208 3/022 58011 82620=
41315 26/70 /1303 10209 20155 39360 48409 333 0E019 20151 55300 27865 58015 70002=
41316 32584 39903 10264 20182 30158 40188 83500 333 20205 58013 55407 55408 55507 55508 83630=
41396 42965 03602 10227 20102 39440 40159 333 20154 30/// 58004=
41480 42560 40618 10269 20193 30157 40165 84100 333 20236 58013 84820=
41506 12440 80000 10050 20040 38531 48290 60001 8572/ 333 5688/ 59007==
41508 11420 83601 10068 20048 38679 48450 60011 70262 8572/ 333 5688/ 59006==
41515 11440 80000 10040 20028 38575 48360 60021 72162 8572/ 333 5688/ 59015==
41516 12440 73102 10110 21025 38555 48130 60001 86670 333 56880 59018==
41517 12940 70000 10045 21030 37799 48230 60001 87470 333 56880 59027==
41518 12440 81801 10100 20008 30001 48010 60001 8872/ 333 5688/ 58000==
41519 12440 70000 10100 20008 38768 48060 60001 85720 333 56880 59015==
41523 12440 80000 10120 20035 39103 48170 60001 8552/ 333 5688/ 58003==
41535 12460 43101 10130 20007 38724 48940 60001 84500 333 56800 58009==
41536 11440 80000 10100 20059 39064 48260 60041 76066 8852/ 333 5688/ 58022==
41560 12960 00503 10050 21039 38315 48450 60001 333 59003==
41571 11640 43105 10190 20026 39591 40172 69901 70560 81830 333 56880 58017==
41598 11940 42301 10210 20100 39879 40148 60001 70510 84030 333 56080 59001==
41600 11440 60000 10205 20093 39866 40160 60001 70521 83570 333 56880 58012==
41620 12940 02703 10120 21068 38606 48090 60001 333 58016==
41624 12960 01301 10230 20126 39960 40158 60001 333 58013==
41630 11940 40502 10225 20071 30000 40168 60001 70560 84030 333 56080 58006==
41640 11940 03101 10220 20077 39909 40156 60001 70500 333 59002==
41660 12960 13101 10095 21038 38468 48580 60001 81030 333 56080 58036==
41678 11440 60000 10210 20088 30000 40153 60001 70500 83520 333 56880 59003==
41696 12960 00000 10130 21031 38012 48250 60001 333 58012==
41697 12960 03104 10260 21015 30000 40159 60001 333 59002==
41700 11920 00503 10195 20114 30000 40155 60001 70400 333 58010==
41710 12960 00000 10145 21038 39404 40183 60001 333 58059==
41712 12960 00502 10145 20014 39205 48170 60001 333 58019==
41715 11940 00000 10240 20106 30093 40157 60001 70500 333 58006==
41718 11920 00503 10220 20134 30042 40145 60001 70400 333 58001==
41725 11940 00501 10215 20117 30074 40152 60001 70500 333 58006==
41739 12940 03603 10160 21028 39072 48280 60001 333 58009==
41744 12940 00000 10170 21028 38801 48270 60001 333 58003==
41749 11910 22703 10235 20122 30133 40167 60001 70400 82030 333 56080 58009==
41756 12940 33103 10225 20150 30118 40184 60001 80001 333 56008 58019==
41757 12940 03103 10220 20134 30166 40179 60001 333 58016==
41759 11940 03101 10235 20132 30166 40172 60001 70500 333 58006==
41764 11920 03202 10250 20120 30109 40159 60001 70400 333 58007==
41768 12940 02301 10230 20196 30146 40153 60001 333 59001==
41780 11940 23102 10265 20160 30129 40156 60001 70400 80001 333 56800 58001==
41785 12940 02303 10240 20176 30150 40163 60001 333 58001==
41859 01940 52302 10244 20130 30097 40135 70500 83520 333 59020 70000 82618 85458==
41883 02950 00000 10268 20130 30118 40138 333 59009 70000==
41891 01330 80000 10227 20150 30132 40152 70540 8562/ 333 59003 70000 82708 84615 88457==
41907 01925 02702 10242 20160 30127 40142 71040 333 59009 70000==
41923 01435 62702 10257 20190 30134 40143 70542 83530 333 59010 70000 83615 86365==
41936 01909 02604 10262 20200 30130 40137 74442 333 59012 70000==
41943 01435 61803 10260 20180 30141 40148 70522 83530 333 59004 70000 83617 84362==
41950 01440 30000 10270 20200 30143 40145 70541 83500 333 59009 70000 83617==
41978 01935 02906 10266 20160 30142 40149 70540 333 59007 70000==
41992 01930 00302 10280 20190 30145 40147 70500 333 59009 70000==
42027 31595 63202 10082 20035 38427 48514 70552 84420 333 59012=
42071 31596 20205 10202 20079 40159 70500 82500 333 58004 82630=
42101 32996 03204 10214 20126 40164 333 59001=
42111 32596 12301 10234 20078 39431 40120 81100 333 59007 81830=
42123 32596 40502 10214 20122 40155 82530 333 58001 82630 84360=
42131 32996 10901 10240 20088 40150 80001 333 59008=
42165 32996 10000 10264 20054 40132 80001 333 59006 81070=
42182 31996 09902 10262 20106 40141 70500 333 59009=
42189 31995 03203 10244 20094 40138 70500 333 59015=
42309 21394 80501 10160 20160 40161 75065 8672/ 333 58016 6002/=
42314 21495 80503 10166 20149 40158 76062 84530 333 58015 6992/ 84618 88459=
42328 32996 23202 10260 20121 40121 80001 333 59002 82070=
42339 31995 10000 10260 20082 40150 70500 80001 333 58000 81070=
42348 31995 02306 10250 20042 40146 70500 333 59010=
42361 31995 00000 10266 20111 40146 70500 333 59009=
42369 31996 03205 10263 20107 40141 70500 333 59017=
42379 31995 03202 10234 20135 40128 70500 333 59024=
42410 31595 20000 10230 20146 40142 70520 81530 333 59009 81620=
42415 31995 30902 10218 20143 40152 70511 80008 333 58001 83272=
42452 31995 00902 10276 20151 40134 70500 333 59013=
42492 31995 01802 10248 20118 40137 70500 333 59018=
42559 32996 02701 10280 20127 40132 333 59002=
42571 31996 00000 10280 20117 40138 70500 333 59005=
42591 31996 00000 10260 20132 40152 70500 333 59010=
42623 31496 22301 10228 20098 39265 40124 70500 82500 333 58005 82618=
42634 32996 09902 10258 20168 40170 333 58005=
42647 31996 03202 10262 20141 40160 70400 333 58003=
42667 31996 02305 10280 20078 39564 40142 333 58010=
42675 31996 00000 10276 20147 40137 70500 333 58007=
42701 32996 03206 10284 20085 39406 40117 333 59009=
42724 31495 51402 10250 20191 40142 70522 82530 333 59012 82618 84360=
42737 32496 33404 10246 20161 40171 83600 333 59008 83610=
42754 32996 03003 10276 20107 39512 40137 333 59002=
42779 32996 00000 10304 20120 39448 40125 333 59007=
42798 31995 00000 10292 20116 40133 70500 333 59013=
42809 31595 32302 10282 20196 40140 70500 81530 333 59013 81620=
42840 32996 03603 10266 20134 40168 333 58016=
42867 31995 01104 10316 20172 40140 70500 333 59009=
42874 32996 03202 10314 20213 40138 333 59007=
42886 32996 02703 10312 20113 40140 333 59011=
42895 31996 00000 10286 20197 40139 70240 333 59016=
42909 32996 39902 10258 20189 40169 83030 222// 20000 333 58010 83358=
42971 31996 02003 10310 20191 40149 70500 333 59007=
43003 31995 03103 10318 20127 40153 70400 333 58005=
43014 31996 02303 10314 20167 39498 40126 70544 333 59003=
43041 31996 00000 10300 20179 39533 40137 70500 333 59003=
43063 32997 00902 10306 20123 39531 40141 333 58004=
43086 31996 00000 10294 20233 39967 40142 70500 333 58000=
43110 31995 02702 10315 20174 40153 70544 333 58006=
43117 32997 02302 10320 20239 40138 333 59001=
43128 32997 01403 10306 20168 39543 40136 333 59008=
43150 31995 32004 10294 20230 30093 40154 70500 80001 333 59005 83075=
43185 31596 51605 10310 20211 30146 40149 70511 85500 333 59004 85620=
43189 32997 00000 10300 20206 30149 40158 333 59006=
43192 31996 00000 10330 20178 40146 70500 333 58005=
43198 32996 21403 10312 20114 39325 40125 80001 333 58003 82075=
43201 32997 02302 10310 20115 39409 40116 333 58000=
43213 32997 01403 10318 20149 39819 40130 333 59001=
43233 32997 10904 10302 20131 39338 40137 80001 333 59002=
43237 32997 11103 10314 20095 39730 40114 80001 333 59001 81075=
43245 32597 21803 10302 20216 30128 40155 81501 333 58001=
43279 31596 51402 10312 20207 30133 40151 70521 83501 333 59004 83620 84075=
43284 32996 01604 10300 20186 30030 40145 333 58009=
43295 32997 10503 10276 20111 39134 48553 80001 333 59002 81075=
43314 32997 22303 10322 20212 40144 80001 333 58008=
43321 31496 50503 10282 20171 39702 40144 70521 82501 333 58000 82615 84070=
43329 32597 10902 10310 20215 30135 40148 81030 333 59001=
43333 31496 30503 10296 20216 40131 70511 82501 333 58004 82618=
43344 31496 39903 10300 20186 30047 40146 70500 82501 333 59006 82616=
43353 31496 23406 10302 20199 40139 70521 81530 333 56790 81620=
43369 32597 50902 10306 20252 40140 83530 333 58004 83620 85358=
43371 31896 30502 10330 20229 30057 40128 70500 82031 333 59002 82357 83071=
43404 22470 40403 10288 20242 30135 40138 54004 84000 333 553// 20343 58007 60008 91006 555 60008==
43410 22470 10704 10292 20240 30146 40149 50003 81100 333 58014 60008 555 60008==
43413 22470 30203 10303 20260 30141 40146 5/006 83200 333 553// 20558 58010 60008 91005==
43415 22470 10502 10298 20234 30037 40145 53001 81000 333 58014 60008 70000 555 60008==
43418 22470 43601 10296 20243 30105 40146 52003 84100 333 58013 60008 70000 555 60008==
43421 22470 50502 10290 20220 30038 40143 51004 85000 333 553// 20135 58014 60008 91004==
43422 22470 40903 10293 20223 30008 40141 5/003 84000 333 58015 60008 555 60008==
43424 22470 50304 10306 20225 30134 40136 58007 85100 333 58009 60008 70000 555 60008==
43436 21470 70000 10255 20227 30136 40139 56001 70382 86000 333 58010 69938 70003 555 69938==
43441 22/70 33402 10306 20211 39997 40128 57006 333 58015 60008 70000 83/18 555 60008==
43444 22470 61102 10275 20213 39602 40134 58005 85000 333 58015 60008 70000 555 60008==
43450 22/70 20604 10323 20224 30124 40136 57008 333 58012 60008 82/18 555 60008==
43466 22470 50602 10311 20193 30122 40130 5/010 83100 333 553// 20167 58011 60008 91004 555 60008==
43467 22/62 50503 10326 20217 30125 40131 57005 333 58011 60008 70000 84/17 555 60008==
43473 22470 63301 10191 20153 38149 48517 57001 86000 333 553// 20286 58011 60008 91002 555 60008==
43475 21470 83603 10259 20233 30134 40139 57006 70182 87210 333 553// 20216 58015 60008 91006 555 60018==
43476 21403 73201 10204 20176 38803 48547 56002 75022 87000 333 58014 69908 555 69908==
43479 21470 83602 10218 20203 39299 52002 75022 87160 333 58018 69918 555 69918==
43486 21450 71701 10300 20210 30030 40129 58012 70521 85076 333 553// 20279 58013 60008 91002==
43495 21467 63201 10298 20237 30115 40129 57005 70521 83000 333 58009 60008 555 60008==
43497 22468 60203 10307 20000 30110 40127 5/007 83000 333 553// 20431 58011 60008 91006==
44212 42984 43401 11170 21231 39201 40430 57001 80008==
44213 42/84 42003 11085 21181 38832 40352 57010 84030==
44214 42970 22304 11111 21248 38319 40402 58008 80001==
44215 41970 02608 11089 21226 38442 40366 57006 70131==
44217 32998 00000 11183 21271 37886 40514 57005 333 91200=
44218 42984 22601 11080 21207 38661 40379 58005 80004==
44219 32999 11502 11193 21239 38703 40493 51004 80004 333 91203=
44265 42984 61601 11160 21218 38975 40506 51009 80008==
44266 32999 21703 11144 21257 37800 40447 54000 80008 333 91203=
44404 42358 10903 10180 20036 38136 48466 81100 333 59013=
44416 42960 01404 10223 20116 39360 40136 80000 333 59015=
44424 42960 01802 10135 21025 37662 47067 80000 333 59013=
44434 41450 11104 10194 20134 39223 48506 70044 81100 333 59024=
44438 41913 02108 10202 20162 30007 40135 71044 80000 333 59021=
44449 41925 01703 10224 20173 39970 40128 70544 80000 333 59026=
44454 41457 23206 10216 20076 38654 48489 70044 82100 333 59018=
44462 42460 12703 10188 20118 38235 48456 81100 333 59038=
44474 41020 20302 10173 20073 38243 48479 70544 82500 333 59020=
44477 41340 11901 10218 20117 38808 48515 70544 81100 333 59022=
44478 41310 62105 10210 20183 30044 40126 71044 86600 333 59023=
48010 42957 01801 10265 20138 39956 40108 333 59008==
48020 42958 01801 10254 20150==
48025 41430 20901 10261 20138 30001 40140 58001 70521 82500==
48048 42957 02203 10305 20166 30066 40121 333 59001==
48052 32957 01801 10296 20166 333=
48062 42558 23603 10275 20226 30140 40147 82500 333 59004==
48064 42957 01401 10300 20124 30041 40097 333 58014==
48094 42960 03202 10312 20170 30127 40137 333 58005==
48109 42960 00401 10305 20225 30148 40152 333 58000==
51076 14/62 /1501 11134 21195 39509 40487 52006 60001 333 11131 21246 3/103 4/025 58097 70000 90761 91103==
51087 14/65 /2801 11137 21204 39357 40496 52005 60001 333 11132 21266 3/106 4/019 58100 70000 90761 91104==
51156 14/80 /1302 11072 21179 38787 40422 52002 60001 333 11072 21175 3/119 58081 70000 90761 91104==
51243 14/60 /1102 11107 21172 39851 40455 57002 60001 333 11103 21195 3/117 58072 70000 90761 91105==
51334 14/23 /3301 11130 21184 30009 40458 52003 60001 70500 333 11054 21215 3/112 4/012 58079 90761 91104==
51379 14/80 /1202 11049 21174 39418 40448 57003 60001 333 11049 21232 3/107 4/022 58067 70000 90761 91105==
51463 14/80 /3601 11049 21164 39147 40406 57004 60001 333 11046 21128 3/101 4/036 58057 70000 90761 91105==
51573 14/62 /0903 10038 21184 30341 40393 52008 60001 333 10065 21043 3/111 58177 70000 90761 91108==
51644 14/57 /1202 10013 21132 39068 40374 52016 60001 333 10046 21094 3/107 58166 70000 90761 91104==
51656 14/56 /1503 11013 21183 39284 40398 52009 60001 70600 333 10040 21094 3/113 58162 70000 90761 91105==
51709 14/58 /1304 10028 21158 38709 40311 52006 60001 333 10126 21036 3/106 58136 70000 90761 91110==
51711 14/58 /1005 11042 21138 38083 40312 52022 60001 333 10119 21105 3/117 58131 70000 90761 91108==
51716 14056 00504 10029 21118 39011 40340 52011 60001 70600 333 10100 21040 3/109 58153 70000 90761 91107==
51765 14/35 /0804 11004 21195 39339 40389 52006 60001 70600 333 10055 21104 3/114 58143 70000 90761 91109==
51811 14056 00501 10030 21147 38873 40321 52010 60001 70600 333 10122 21037 3/111 58135 70000 90761 91103==
51818 14/56 /3203 10025 21171 38710 40299 52011 60001 333 10135 21034 3/108 58123 70000 90761 91106==
51886 14/72 /3008 11016 21249 37106 40220 52006 60001 333 10014 21082 3/113 58054 70000 90761 91121==
52203 14/73 /1203 11026 21195 39470 40405 52012 60001 333 10022 21105 3/114 58172 70000 90761 91113==
52602 14/75 /2708 11044 21287 37257 40243 52007 60001 333 10008 21133 3/115 58046 70000 90761 91115==
52818 14/80 /3004 11005 21172 37234 40223 54000 60001 333 10040 21087 3/115 58061 70000 90761 91108==
52908 14/70 /2812 11080 21325 35721 40215 57012 60001 333 11058 21208 3/123 58017 70000 90761 91118==
55228 14/80 /2604 11052 21271 36017 40221 57005 60001 333 11018 21160 3/122 59010 70000 90761 91106==
55299 14/80 /2305 11054 21191 35819 40137 57012 60001 333 10000 21146 3/119 58003 70000 90761 91109==
55578 14/80 /2504 10057 21292 36346 40035 57016 60001 333 10099 21024 3/110 58005 70000 90761 91110==
55591 14/79 /3302 10046 21171 36484 40017 57015 60001 333 10124 20019 3/101 58016 70000 90761 91110==
55664 14/80 /2506 10015 21293 35984 40102 57022 60001 333 10044 21129 3/117 59004 70000 90761 91109==
55773 14/80 /0909 10027 21120 35980 40065 57014 60001 333 10030 21126 3/115 59013 70000 90761 91112==
56004 14/80 /2805 11055 21296 35785 40202 57017 60001 333 11052 21225 3/127 58017 70000 90761 91110==
56018 14/80 /2604 11010 21278 36142 40119 57026 60001 333 10009 21142 3/118 58007 70000 90761 91108==
56312 14/80 /2003 10068 21049 37052 40090 57027 60001 333 10107 21006 3/000 59008 70001 90761 91105==
62306 42560 43305 10131 20053 40229 52013 84500 333 20117==
62309 42560 73207 10138 20050 40210 8225/ 333 20122==
62332 12560 12006 10120 20087 40199 52011 60014 81100 333 20099 70010==
62337 42560 41508 10112 20083 40198 52012 84800 333 20086==
62366 44956 00000 10127 20072 40205 52013 70500 333 20100==
62387 42960 03305 10075 20046 40210 52014 333 20053==
62393 42960 03605 10080 20046 40218 52012 333 20058==
62405 42960 01502 10098 20007 40179 52015 333 20070==
62414 42960 03509 10124 20016 40172 52018 333 20100==
62419 32960 03609 10135 20019 40169 52014 333 20117=
62420 42960 03502 10097 20043 40221 52015 333 20086==
62435 42960 03206 10112 20044 40192 52014 333 20090==
62440 31920 00000 10098 20078 40206 52006 71000 333 20088=
62455 42960 03304 10108 20049 40203 333 20088==
62458 42960 03404 10124 20032 40196 52010 333 20104==
62459 42960 03603 10136 20031 40171 52015 333 20117==
63330 33580 41304 10162 20128 37794 40263 82530 333 20135 58004 82620 83358=
63331 31970 0//// 10218 20106 38088 40210 705// 333 20140 59001=
63332 32580 51604 10162 20090 38207 40114 83130 333 20094 58000 83825 83357=
63333 32480 70000 10178 20149 38177 40192 85520 333 20152 59008 81718 85628 87458=
63334 32980 00000 10160 20068 37636 4//// 333 20130 58004=
63340 31970 01802 10188 20101 37933 40152 7050/ 333 20121 59011=
63402 32580 4//// 10174 20134 84200 333 20128 84827=
63403 11860 60902 10180 20125 69960 7052/ 86030 333 20160=
63450 32580 20906 10173 20103 37751 40269 82100 333 20128 58005 82824=
63451 31575 20603 10198 20134 38151 40103 7050/ 82201 333 20090 58004 82826=
63453 32950 00605 10232 20155 39087 40316 70500 333 20202 58020=
63460 13980 03602 10206 20155 60054 333 20150=
63471 42980 00702 10200 20155 38862 40135 333 20155 58010=
63478 32580 21115 10276 20211 39796 40115 82100 333 2//// 55120 58001 82827=
63500 32980 00000 10250 20144 333 20172=
63533 31970 00605 10220 20125 38513 4//// 7050/ 333 20183 59001=
40420 42960 40408 10146 20080 39995 40207 80002 90549 333 20095 58003 84070=
