SMPK OPKC 141200=
41504 02697 52304 10070 21062 37815 48461 60002 85800 333 10120 56900 59010 60007 82640 83845 RH39%=
41505 22696 53102 10085 21037 38/// 48/// 60002 82130 333 10095 56990 58/// 82840 83360 42 %=
41506 22997 31802 10130 21031 38483 48482 60002 83020 333 10152 56090 59028 60007 83460 33%=
41507 02697 32302 10185 20047 39255 49765 60002 83500 333 10205 56900 59009 60007 83640 40%=
41508 02997 62302 10139 21010 38639 48511 60002 86020 333 10190 56090 59020 60007 86460 36%=
41509 02697 40000 10150 21010 38729 48474 60002 81530 333 10170 56990 59022 60007 81640 83360 RH 33%=
41510 02997 00000 10050 21009 37888 48499 60002 333 10120 59011 60007 66%=
41515 02997 30502 10115 21079 38548 48512 60002 83020 333 10143 56090 59004 60007 83460 25%=
41516 02997 30000 10150 21072 38520 48479 60002 83500 333 10180 56900 59012 60007 83640 RH21%=
41517 02697 40000 10055 21049 37778 48502 60002 82530 333 10093 56990 58001 60007 82640 82360 47%=
41518 02697 61802 10144 21130 38/// 48/// 60002 83470 333 10167 56990 5//// 60007 83440 83762 14%=
41519 02697 30000 10160 21073 38739 48484 60002 83500 333 10175 56900 59010 60007 83640 RH19%=
41520 02697 51802 10060 21102 37614 48247 60002 82570 333 10085 56990 59007 60007 82640 83762 30%=
41523 02997 30000 10190 20010 39067 48498 60002 80001 333 10210 56009 59014 60007 83070 30%=
41524 02997 00000 10215 20038 40188 60002 83020 333 10230 56090 59008 60007 83640 31%=
41525 12697 40000 10050 21024 37665 48386 60002 84400 333 10080 56900 59004 84840 59%=
41528 02697 30000 10200 20056 39197 48502 60002 83500 333 20216 56900 59016 60007 83540 39%=
41529 02996 32702 10230 20051 39756 40130 60002 82030 333 10250 56090 59014 60007 82360 31%=
41534 02996 30000 10205 20054 39715 40125 60002 83020 333 10210 56090 59019 60007 83460 37%=
41535 02997 41302 10150 21072 38696 48469 60002 84020 333 10175 56090 59013 60007 84460 RH21%=
41536 02997 70000 10180 20009 39020 48500 60002 87030 333 10215 56090 59012 60007 87460 RH32%=
41536 32596 73602 10134 21014 38389 48475 82511 333 10145 59012 RH 31%=
41560 02697 50000 10090 21029 38323 48551 60002 82520 333 10120 56990 59004 60007 82630 83460 RH43%=
41562 02997 01804 10220 21023 39672 40128 60002 333 10240 59008 60007 RH 20%=
41565 02696 41304 10111 21025 38657 48524 60002 82530 333 10155 56990 59004 60007 82640 82360 39%=
41567 01996 20000 10215 21013 39689 40099 60002 70501 82030 333 10225 56090 59022 60007 82360 22%=
41571 11996 33112 10210 21045 39544 40118 60002 70511 80001 333 10229 59026 RH18%=
41571 11996 33112 10210 21045 39544 40118 60002 70511 80001 333 10229 59026 RH18%=
41572 01996 23114 10190 21073 39483 40101 60002 70500 82030 333 10225 56090 59026 60007 82360 RH16%=
41573 02997 31302 10090 21013 37954 48478 60002 83020 333 10123 56900 59010 60007 83460 48% =
41574 02997 02302 10130 20002 38338 48515 60002 333 10140 59003 60007 41%=
41576 01997 03106 10240 20002 40123 60002 70500 333 10265 59028 60007 21%=
41577 01996 22302 10215 21013 39507 40112 60002 70522 82030 333 10240 56090 59026 60007 82360 RH 22%=
41593 01996 30000 10245 20062 39899 40109 60002 70510 83070 333 10280 56090 59027 60007 83460 31%=
41597 02997 00000 10265 20106 39835 40121 60002 333 10283 59028 60007 37%=
41598 01996 03102 10260 20006 39844 40109 60002 70500 333 10275 59023 60007 19%=
41599 01996 42306 10230 20019 39827 40112 60002 70511 83030 333 10245 56090 59020 60007 84360 25%=
41599 01996 42306 10230 20019 39827 40112 60002 70511 83030 333 10245 56090 59020 60007 84360 25%=
41600 01996 33102 10235 20028 39832 40123 60002 70511 83070 333 10260 56090 59003 60007 83460 26%=
41620 32696 40504 10205 21014 38567 48472 60002 84500 333 10210 56900 59017 60007 84640 23%=
41624 01696 51302 10250 20141 39912 40108 60002 70420 82520 333 10265 56990 59024 60007 82637 83460 51%=
41625 02697 60000 10240 20094 39903 40100 60002 83570 333 10267 56990 59022 60007 83640 85460 39%=
41630 01996 42302 10245 20047 40121 60002 70500 84030 333 10264 56090 59025 60007 84360 28%=
41630 01996 42302 10245 20047 40121 60002 70500 84030 333 10264 56090 59025 60007 84360 28%=
41633 01996 40000 10255 20078 4//// 60002 70400 84030 333 10270 56090 5//// 60007 84360 33%=
41634 02997 00000 10235 21008 3//// 4//// 60002 333 10240 5//// 60007 20%=
41635 01997 40000 10270 20061 3//// 4//// 60002 84030 333 10280 56090 5//// 60007 84362 26%=
41636 01996 61302 10250 20070 39951 40133 60002 70500 86070 333 10280 56090 59020 60007 86460 32%=
41638 01996 41802 10245 20113 4//// 60002 70500 84070 333 10265 56090 5//// 60007 84460 43%=
41639 02997 02704 10235 20028 3//// 4//// 60002 333 10250 5//// 60007 26%=
41640 01996 43602 10240 20053 39867 40112 60002 70510 84030 333 10270 56090 59028 60007 84360 30%=
41641 01996 23006 10240 20038 39842 40111 60002 70500 80001 333 10253 56009 59030 60007 82070 27%=
41642 02997 00000 10230 20066 3//// 4//// 60002 333 10242 5//// 60007 35%=
41643 01996 30000 10220 20102 39846 40119 60002 70511 83030 333 10230 56090 59012 60007 83360 47%=
41644 01996 20000 10240 20094 3//// 4//// 60002 70400 82020 333 10255 56090 5//// 60007 82460 39%=
41646 01996 20000 10265 20081 39927 40138 60002 70500 82070 333 10270 56090 59027 60007 82460 31%=
41652 01996 01302 10250 20084 39941 40116 60002 70500 333 10260 59031 60007 35%=
41660 02697 71312 10120 20015 38425 48515 69902 82530 333 10135 56990 59019 69907 82650 86360 RH:47%=
41661 02697 70000 10140 20043 38383 48510 60002 85510 333 10195 56990 59014 69907 85635 83460=
41669 02997 51302 10255 20115 3//// 4//// 60002 85030 333 10270 56090 5//// 60007 85362 42%=
41670 01696 60000 10240 20139 3//// 4//// 60002 70400 81530 333 10255 5//// 56990 60007 81640 85360 53%=
41674 01996 00506 10255 20091 3//// 4//// 60002 70500 84070 333 10265 56090 5//// 60007 84460 35%=
41674 01996 40506 10255 20091 3//// 4//// 60002 70500 84070 333 10265 56090 5//// 60007 84460 35%=
41675 01996 51306 10260 20073 39964 40105 60002 70510 85070 333 10272 56090 59030 60007 85460 30%=
41675 01996 51306 10260 20073 39964 40105 60002 70510 85070 333 10272 56090 59030 60007 85460 30%=
41676 01996 50000 10255 20137 39978 40131 60002 70500 85020 333 10270 56090 59037 60007 85460 48%=
41677 01996 40904 10240 20106 39939 40103 60002 71000 84030 333 10255 56090 59031 60007 84362 43%=
41678 01996 50502 10255 20091 40133 60002 70522 85070 333 10270 56090 59004 60007 85460 35%=
41679 01996 33102 10240 20053 4//// 60002 70500 83030 333 10265 56090 5//// 60007 83360 30%=
41680 01995 20000 10250 20084 39927 40123 60001 70500 82030 333 10265 56090 59021 60007 82362 35%=
41685 02697 62304 10225 21031 38886 48481 60002 83520 333 10245 56990 59020 60007 83635 83460 RH.18%=
41696 02697 72306 10150 20003 38000 48509 60002 85520 333 10170 56990 59011 60007 85640 82460 RH37%=
41697 02697 80000 10290 20067 39942 40094 60002 84520 333 10310 5699/ 59033 60007 84631 84461 RH24%=
41700 01695 50000 10265 20118 39973 40098 60002 70520 82530 333 10293 56990 59032 60007 82640 83360 40%=
41701 01696 60504 10270 20114 39969 40109 60002 70500 82530 333 10293 56990 59035 60007 82640 84360 38%=
41710 12997 40000 10260 20008 39341 40088 60002 84010 333 10265 56090 59027 84460 R.H.19%=
41712 12696 72304 10235 20010 39172 48507 60002 87500 333 10260 56900 59026 87640 RH23%=
41715 01996 00000 10260 20086 30049 40112 60002 70500 333 10280 59028 60007 RH33%=
41716 01996 60000 10290 20067 30003 40103 60002 70511 86030 333 10305 56090 59035 60007 86362 24%=
41718 01995 50000 10300 20156 39992 40092 60002 70500 85030 333 10317 56090 59031 60007 85362 42%=
41724 01696 70000 10295 20138 30038 40114 60002 70522 83530 333 10305 56990 59031 60007 83635 84360 RH38%=
41725 02996 50000 10290 20119 30018 40074 60002 85030 333 10295 56090 59034 85360 RH35%=
41726 01695 70000 10280 20149 30068 40138 60002 83530 70500 333 10300 56990 59023 60007 8364084360 RH 45%=
41738 02996 42310 10305 20010 39962 40136 60002 80001 333 10310 56009 59004 60007 84070 RH15%=
41739 02696 72306 10250 20068 39044 48517 60002 83530 333 10255 56990 59009 60007 83635 84360 RH31%=
41742 12697 81802 10310 20101 30001 40103 60002 82501 333 56909 10325 59020 82635 86070 RH 28%=
41743 21996 60502 10270 20144 60002 70500 84031 333 10295 56099 60007 84360 82170 RH 47%=
41744 12696 63104 10240 20020 38777 48510 60002 82520 333 10270 56990 59013 82630 84460 RH 24%=
41745 01996 51302 10295 20138 60002 70400 85030 333 10315 56090 60007 85360 RH 38%=
41746 02696 70000 10270 20157 30034 40090 82530 333 10295 56690 59034 60007 82640 85360 RH50%=
41747 01996 61304 10260 20111 30030 40089 60002 70400 83530 333 10290 56990 59027 60007 83640 83360 RH39%=
41748 01996 63102 10275 20143 30043 40105 60002 70500 86030 333 10305 56090 59031 60007 86360 RH44%=
41749 02696 61308 10300 20134 30067 40100 60002 82530 333 10322 56990 59030 60007 82635 84360 RH36%=
41756 02996 42708 10265 20160 30077 40142 60002 80001 333 10295 56009 59010 60007 84070 RH53%=
41757 12996 02312 10275 20132 30133 40145 60002 80007 333 10300 56009 59009 RH41%=
41759 02696 62302 10290 20142 30128 40133 60002 83530 333 10320 56990 59012 60007 83640 83360 RH40%=
41760 01996 71814 10255 20185 30117 40130 60002 70500 85031 333 10285 56099 59013 60007 85360 82080 RH 65%=
41764 02996 41814 10340 20099 30052 40099 60002 84010 333 10348 56090 59024 60007 84360 RH23%=
41765 02996 02306 10320 20141 30068 40102 60002 333 10340 59035 60007 RH34%=
41766 02996 21302 10320 20200 30088 40117 60002 82030 333 10340 56090 59029 60007 82360 RH49%=
41767 02996 22304 10330 20195 3//// 4//// 60002 80001 333 10340 56009 60007 82070 RH45%=
41768 02996 02704 10330 20195 30099 40106 60002 333 10340 59026 60007 RH45%=
41780 01996 42308 10310 20159 30090 40117 60002 70500 80001 333 10332 56009 59022 60007 84070 RH40%=
41783 22996 02706 10305 20141 30095 40124 333 10320 59006 60007 RH 37%=
41785 02996 02302 10325 20148 30109 40122 60002 333 10335 59009 60007 RH 34%=
41786 02996 03106 10335 20042 30073 40108 60002 333 10355 59021 60007 RH 16%=
41BAG 02696 42302 10030 21051 60002 84500 333 10050 56900 60007 84640 55%=
41BKI 02996 40000 10230 20019 39704 40113 60002 84030 333 10235 56090 59023 60007 84360 RH25%=
41SKP 02997 43102 10225 20110 3//// 4//// 60002 84030 333 10233 56090 5//// 60007 84360 48%=
43532 02697 30000 10215 20006 39290 40073 60002 83500 333 10230 56900 59026 60007 83640 25%=
43532 02697 30000 10215 20006 39290 40073 60002 83500 333 10230 56900 59026 60007 83640 25%=
43533 02997 33104 10195 20019 39203 48488 60002 83030 333 10215 56090 59017 60007 83360 31%=
43563 02997 02302 10233 20043 39429 40102 60002 333 10239 59018 60007 29%=
41530 01996 60000 10220 21023 3971340118 60002 70522 80001 333 10235 56009 59018 60007 86069 19%=











Data Generated from File : D:/all data handling/Rmc_lhr/2025021412.FSU.txt
14/02/2025   13:00:06
____________________________________________________________________________________________
15020 07/57 82402 10075 21021 39942 40141 58012 60001 7042/ 83077 333 55310 21527 60007 91003 90760 91105==
15090 04/63 71003 10068 21008 30055 40148 58010 60001 82036 333 55310 00680 21394 31198 60007 91005 90760 91105==
15108 01270 52704 11022 21022 38027 48441 58002 60001 70242 82541 333 49081 55310 21610 60007 91008 90760 91108==
15150 04/64 81702 10093 21024 39926 40139 58014 60001 81037 333 55310 21739 60007 91004 90760 91105==
15170 04568 71901 10089 21034 39350 42752 58017 60001 81108 333 55310 21674 60007 91003 90760 91103==
15280 02160 82204 11053 21059 37443 47985 58003 60001 885// 333 49077 55309 21440 60007 91008 90760 91108==
15310 04969 21904 10100 21011 30066 40152 58016 60001 80001 333 55310 01030 21949 30302 60007 91008 90760 91108==
15335 04/70 41804 10102 20016 30155 40162 58016 60001 82031 333 55309 21703 60007 91006 90760 91107==
15350 04970 32208 10109 20008 30030 40149 58016 60001 80001 333 55310 21291 60007 91011 90760 91111==
15360 04/68 71806 10058 20035 30154 40172 57013 60001 87070 333 60007 91007 90760 91108==
15420 04/64 32202 10104 20000 30045 40156 58016 60001 83030 333 55310 21754 60007 91005 90760 91106==
15460 04968 52102 10115 21003 30136 40160 58016 60001 80008 333 55310 21865 60007 91004 90760 91104==
15470 01/64 52902 10079 21003 30034 40161 58016 60001 70341 85070 333 55310 21684 60007 91003 90760 91104==
15480 04566 51203 10086 20034 30148 40165 58017 60001 82530 333 55310 00730 21409 30830 60007 91005 90760 91105==
15549 12970 51802 10133 20004 39735 40142 57015 60001 80001 333 10135 20013 555 541//=
15552 12970 51102 10101 20047 30112 40161 57022 60001 81031 222// 00060 10402 333 10128 20039 555 569// 92033 92438=
15640 12974 60000 10100 20054 39866 40177 57013 60001 84031 333 10107 20001 555 573//=
15655 12565 60000 10109 20039 30141 40174 57019 60001 83831 222// 00067 10401 333 10111 20021 555 562// 92022 92427=
15730 11670 81808 10125 20017 39769 40159 57020 60001 70242 82237 333 10131 21014 555 548//=
16627 11457 82603 10094 20078 30180 40186 57014 69901 76165 886// 333 83710 88625 90730 91108==
16650 11360 61905 10124 20109 30176 40186 57011 60041 72165 85660 333 82708 85618 90730 91120==
16667 12560 71508 10108 20041 30206 40216 58009 60001 85850 333 82820 84625 86358 90730 91112==
16706 11560 81803 10106 20100 30198 40204 57013 60011 70252 8557/ 333 85620 88358==
16723 12560 81604 10120 20070 30199 40213 57019 60001 8582/ 333 82820 84625 88458 90730 91110==
16742 12560 71808 10138 20069 30053 40209 58012 60001 83141 333 83825 83358 85068 90730 91113==
16749 12460 49903 10156 20051 30195 40210 57011 60001 81135 333 81818 83358 90730 91108==
16754 11460 61512 10144 20118 30154 40202 56012 69901 76062 84862 333 82818 83625 85358 90730 91128==
16757 12560 43406 10170 20116 30064 40196 57016 60001 82230 333 82820 84358 90730 91116==
16760 11356 69903 10106 20094 40215 57011 60031 76161 86650 333 82708 85820 86358 90730 91116==
16765 12560 32008 10172 20104 40211 57016 60001 83100 333 90730 91113==
17022 12/70 73403 10082 21022 30043 40213 57012 60001 84034 333 84360 87070 90760 91106==
17024 12/70 40101 10088 20017 30128 40207 57013 60001 84030 333 84360 90760 91122==
17026 12970 01503 10129 20018 30184 40223 57016 60001 333 90760 91108==
17031 12970 01907 10116 21010 30216 40222 57019 60001 333 90760 91113==
17034 12/70 20000 10092 20016 30198 40245 57015 60001 82030 333 82360 90760 91106==
17038 12670 63402 10082 20010 30196 40245 56007 60001 86200 333 86835 90760 91120==
17042 11560 81204 10056 20035 30219 40260 57005 60051 76166 8552/ 333 85630 88458 90760 91107==
17050 12670 41903 10145 20053 30113 40176 57026 60001 84200 333 84835 90760 91109==
17056 11670 51712 10082 20046 30188 40192 57019 69901 70162 83530 333 83635 85360 90760 91116==
17060 12660 62110 10096 20028 30162 40203 57013 60001 84250 333 84840 85357 90760 91120==
17070 12665 72602 10073 21036 39320 40210 57020 60001 84520 333 84634 87460 90760 91104==
17074 12970 00102 10042 20035 39260 40225 57020 60001 333 90760 91106==
17084 12670 61905 10051 21006 39307 40235 57015 60001 84250 333 84835 85360 90760 91109==
17085 12/70 31505 10067 21028 39736 40239 57016 60001 83030 333 83360 90760 91111==
17092 12/70 42613 10031 21061 38868 48496 55004 60001 84050 333 84357 90760 91125==
17096 11660 72710 11028 21057 38215 48488 53002 69941 70272 84550 333 84635 87357 90760 91116==
17098 11660 83613 11016 21073 38158 48476 55002 60011 72272 8551/ 333 85635 88457 91024 90760 91125==
17100 11532 70000 10013 20007 39170 40194 55004 60031 77177 86730 333 82727 86637 87357 90760 91108==
17112 12665 72308 10112 20071 30182 40184 57020 60001 83270 333 83835 87360 90760 91110==
17115 12660 61407 10112 20014 30151 40203 57021 60001 83250 333 83835 86360 90760 91111==
17116 12670 51002 10109 21029 30081 40205 57019 60001 82130 333 82840 85360 90760 91110==
17124 12/60 40608 10074 21037 39285 40233 57022 60001 84030 333 84360 90760 91114==
17128 12/70 32409 10057 21118 39103 40241 57017 60001 83030 333 83360 90760 91117==
17135 12970 01705 10073 21030 39329 40229 57021 60001 333 90760 91114==
17140 12665 42304 10016 21052 38722 48503 57009 60001 84500 333 84640 90760 91110==
17150 12660 61102 10101 20022 30076 40203 57024 60001 82130 333 82835 86360 90760 91105==
17160 12670 61804 10028 21043 39052 48511 57014 60001 83550 333 83640 86360 90760 91107==
17170 12560 42914 10011 21071 38307 48481 52010 60001 83250 333 83830 84357 90760 91122==
17175 12665 71501 10111 20001 30195 40199 57019 60001 84270 333 84838 87360 90760 91106==
17184 11670 71502 10106 20000 30096 40210 57018 69901 70262 84250 333 84835 87360 90760 91104==
17190 12670 51401 10063 21071 39006 48497 57020 60001 83550 333 83635 85360 90760 91105==
17195 12670 60904 10009 21055 39006 48514 57010 60001 84550 333 84635 86359 90760 91110==
17200 12960 03211 10050 21060 39223 40227 53001 60001 333 90760 91136==
17202 12670 32514 10048 21039 39153 40218 55000 60001 81550 333 81635 83360 90760 91124==
17203 11670 80401 10030 21016 38879 48527 53001 69961 70272 8452/ 333 84637 88457 90760 91104==
17210 11670 53301 10047 21006 39155 40213 53002 60021 70272 82130 333 82840 85360==
17219 11565 71606 10101 20016 30070 40219 57015 69901 78022 83250 333 83830 87360 90760 91117==
17234 11660 70000 10102 20023 30158 40228 57008 69921 78022 84270 333 84835 87358 90760 91111==
17237 12670 63601 10102 21019 39705 40218 57020 60001 84270 333 84835 86360 90760 91104==
17240 12/70 53502 10090 21043 39051 40217 57022 60001 85030 333 85360 90760 91107==
17244 12970 01606 10055 21061 39022 48509 57016 60001 333 90760 91115==
17248 12965 03502 10005 21035 39016 48511 57012 60001 333 90760 91105==
17250 12670 31401 10032 21046 38832 48517 57009 60001 83500 333 83640 90760 91106==
17260 12960 02909 10101 21035 39345 40173 57007 60001 333 90760 91117==
17270 12670 22501 10109 21015 39551 40208 55001 60001 82200 333 82840 90760 91110==
17275 12670 50000 10032 21018 38999 48508 53007 60001 82140 333 82840 85360 90760 91115==
17280 12960 03006 10064 21004 39407 40213 53002 60001 333 90760 91110==
17290 12670 51502 10150 20034 30182 40214 57016 60001 83250 333 83835 85360 90760 91108==
17292 12670 51501 10121 21069 39444 40213 57012 60001 82130 333 82840 85360 90760 91106==
17300 12560 51808 10138 20034 30148 40220 57015 60001 81101 333 81830 85070 90760 91112==
17310 12970 02503 10160 21003 30201 40208 57010 60001 333 90760 91106==
17330 12670 10000 10151 20040 30199 40217 56015 60001 81100 333 81840 90760 91116==
17350 12960 02002 10150 20010 30124 40204 57013 60001==
17370 12970 00000 10143 21013 30217 40221 57010 60001==
17375 12970 62104 10156 20049 30205 40207 57016 60001 80001 333 86070 90760 91109==
33088 /1996 83002 11003 21007 39939 40134 53002 77187 8802/ 555 1/100 60021=
33135 /1596 81802 11006 21012 39975 40126 57014 78582 8532/ 333 85922 555 1/100 69901=
33177 /1596 83203 10006 21003 39909 40151 52005 78387 889// 555 1/000 60021=
33317 /1496 82502 10008 21001 39791 40133 57006 78382 889// 555 1/002 69971=
33393 32360 82905 10012 21003 39758 40156 54000 886// 333 88708=
33415 /1497 82802 10027 20003 39739 40140 57005 78082 8695/ 333 86914 555 1/004 69901=
33429 32497 82805 10035 21007 39710 40135 57006 885// 333 88616 555 1/007=
33466 31998 82105 10037 21012 39943 40132 58021 70242 83032 555 11007=
33506 /1597 72004 10035 21012 39960 40158 57024 70274 82574 555 1/001 69901=
33562 32660 72402 10045 21028 39833 40139 57015 85530 555 1/004=
33587 32598 82103 10054 21031 39875 40139 57017 8755/ 333 87632 555 1/007=
33658 32962 63303 10062 21024 39840 40139 57013 86030 555 1/009=
33663 32598 63601 10081 21014 30044 40139 57017 82539 555 1/015=
33664 42998 53201 10072 21025 39819 40134 58015 80001=
33678 42998 22802 10049 21041 39954 40166 57006 80001=
33679 42497 61502 10065 21022 39957 40148 57011 82531=
33711 32560 72007 10056 20005 39943 40153 57019 87500 333 87624 555 1/006=
33745 42897 61801 10082 21011 39964 40157 57019 82031 555 11018=
33748 42997 51303 10069 21019 39856 40139 57010 83031=
33754 42998 31401 10062 21013 30001 40147 56008 82032=
33761 31970 52007 10067 20014 39923 40145 57017 70242 82034 555 1/008=
33791 32678 81905 10058 21009 30050 40178 57020 885// 333 88640 555 1/006=
33815 42598 62103 10056 21004 39941 40149 57010 82531 555 11004=
33837 /1561 82003 10064 20032 30115 40167 58014 70282 8585/ 333 85621 555 1/007 69901=
33881 42597 52004 10074 21006 39952 40148 57011 84530=
33883 42598 61804 10086 21007 39984 40148 57014 82570 555 11010=
33885 42997 51905 10082 21023 30029 40162 57005 82044=
33892 41598 61904 10072 20006 39945 40159 57012 70141 82331=
33902 32597 61505 10087 21023 30125 40184 57021 85101 555 1/013=
33924 42570 61805 10085 21004 30183 40196 57016 85201 333 91010 90760 91110==
33946 42983 02504 10082 21022 39984 40205 57018==
33983 42960 01002 10039 21020 30157 40219 58017==
34300 32597 72103 10003 21031 39993 40174 58024 87500 555 1/000=
34336 42970 01802 11021 21092 30098 40205 57018==
34344 42970 31902 11014 21087 30115 40206 57015 80001==
34356 42960 22303 11033 21107 30062 40214 57010 80001==
34357 42970 52203 11041 21117 30048 40209 57002 80004==
34398 41470 82303 11042 21076 30209 40222 57006 70272 886//==
34415 32970 22504 10046 21059 30092 40189 57018 80001 555 1/008=
34438 42960 71702 11026 21077 30017 40215 57013 80001==
34445 42970 61602 11052 21100 30102 40221 57012 80001==
34461 42960 02602 11029 21113 30165 40222 56009==
34473 42597 22305 11053 21087 30183 40223 57007 82103 555 1/102=
34476 42570 62304 11050 21078 30218 40226 57008 86500==
34504 32570 62004 10021 21029 30013 40190 57021 86500=
34535 42970 71202 11023 21081 30147 40222 56014 80005==
34545 41570 72102 11041 21049 30113 40229 57011 70342 81501==
34555 42/60 12204 11030 21056 30142 40237 57011 81030==
34560 41960 02604 11011 21095 30026 40222 57009 70241==
34578 42/60 32403 11017 21066 30223 40230 57009 83030==
34579 42570 52102 11019 21065 30185 40230 57005 85500==
34644 41540 32302 11049 21057 30154 40234 57010 71041 82502==
34646 41460 82203 11062 21066 30150 40236 57009 70241 886//==
34655 42560 62003 11037 21074 30176 40239 56008 86500==
34662 41970 02503 11002 21078 30219 40230 56012 70171==
34691 41/70 72502 11015 21055 30455 40442 57008 70272 87050==
34720 41460 82002 11075 21085 30194 40236 57013 70274 886//==
34727 41420 82002 11071 21081 30208 40240 56012 71044 886//==
34743 41460 82802 11036 21056 30145 40238 57011 70242 885//==
34759 41540 82401 11030 21042 30103 40239 57007 71022 885//==
34772 41570 72802 11021 21064 30234 40237 57006 70272 8750/==
34785 42570 82202 11012 21051 30257 40234 57009 885//==
34798 42/60 82903 11016 21076 30392 40362 57008 8805/==
34824 41940 21101 11020 21031 30231 40237 57017 71040 80001==
34838 42/60 52801 11009 21059 30136 40235 57014 85010==
34845 41/40 82401 11043 21051 30127 40239 58009 71042 8005/==
34858 41440 80000 11033 21051 30128 40239 57007 71022 886//==
34861 41440 82601 11043 21052 39983 40236 57008 71072 886//==
34866 42570 82502 11023 21052 30247 40238 57009 885//==
34880 41560 73001 11002 21051 30261 40234 57010 70272 87900==
34887 42570 82702 10007 21046 30261 40238 57009 84507==
34949 42/// /3003 10023 21043 39668 40221 57008==
34954 41560 63301 11005 21055 30057 40235 58002 70242 82501==
34958 42570 70000 10005 21039 30030 40234 57008 87500==
34975 41440 80301 11018 21022 30240 40236 57008 71022 885// 333 88618==
34984 42570 73302 10027 21040 30265 40235 57008 85531==
35217 42560 82404 11048 21068 30186 40227 57006 885//==
35302 41540 82607 11039 21073 30202 40223 57006 71022 886//==
35315 42598 71802 11046 21077 30176 40235 57011 87500 555 1/103=
35344 42999 71902 11073 21112 39952 40250 58007 80003 555 1/107=
35358 42960 02303 11069 21121 30079 40256 57009==
35368 42999 51803 11040 21090 39993 40266 57008 85040 555 1/105=
35386 41597 62402 11034 21055 39753 40284 58003 78582 86900 555 1/103=
35394 41670 72004 11041 21070 39600 40291 54000 70273 86530==
35404 41598 82305 11032 21067 30219 40227 57008 70272 885// 555 1/102=
35406 42560 82302 11029 21071 30229 40231 57009 885//==
35416 42570 61603 11048 21111 30119 40243 57011 86500==
35426 42/84 81701 11079 21120 39953 40256 57008 8807/==
35437 42998 72001 11087 21115 39942 40269 57009 83053 555 1/111=
35449 42998 22002 11086 21135 30157 40265 57008 80003 555 1/109=
35497 41570 82301 11041 21053 39769 40607 57001 70272 885//==
35498 41697 82301 11034 21058 39400 40291 57002 77072 885// 555 1/105=
35514 42598 62303 11021 21056 30467 40463 57008 86500 555 1/102=
35522 42998 61601 11053 21103 39989 40248 57011 86070 555 1/104=
35542 42998 52302 11069 21112 30111 40263 57005 80003 555 1/108=
35563 41496 81902 11031 21048 39484 40263 57006 71022 896// 555 1/103=
35576 42/70 31503 11051 21091 39829 40290 57004 83010==
35582 42698 62002 11046 21093 39682 40296 58025 86500 555 1/105=
35594 41699 71702 11030 21095 39441 40290 57004 70272 87500 555 1/103=
35605 41596 80000 11015 21029 30253 40231 57010 77172 885// 555 1/100=
35633 42998 22302 11068 21097 30037 40258 57008 80003 555 1/106=
35671 42570 41102 11030 21053 39836 40272 57007 82540==
35699 42960 00000 11052 21088 39535 40309 57002==
35700 41470 81904 11011 21037 30259 40235 57008 77177 887//==
35715 42599 81402 10012 21040 30255 40240 57013 885// 555 11001=
35739 42699 20000 11054 21125 30115 40259 58011 82500 555 1/105=
35746 42570 83403 11029 21049 30187 40256 57007 885//==
35777 42997 00903 11058 21101 39916 40272 57015 555 1/107=
35796 41960 00503 11101 21119 39866 40322 57007 70271==
35849 41560 80000 10001 21047 30156 40243 57009 78782 883//==
35895 42998 00403 11072 21093 39849 40309 57004 555 1/108=
35907 42598 53306 11004 21025 30262 40231 58009 85500=
35925 42/70 81804 11005 21029 30132 40246 57010 8802/==
35927 42598 71803 10005 21069 30239 57010 87500=
35953 42984 30602 10030 21031 30029 40228 57014 80002==
35969 42984 00902 10051 21046 30061 40232 57013==
35997 42998 30703 10002 21082 39839 40275 57007 82041 555 1/103=
36259 11584 62604 11126 21190 38207 48491 52016 60002 70232 83902 333 11081 90760 91111==
36335 42699 72404 11050 21086 39261 40302 54000 87500 555 1/106=
36358 42699 70000 11046 21080 39267 40299 53004 87500 555 1/106=
36394 42697 81204 11053 21082 39880 40312 53003 885//=
36397 42684 61806 11080 21120 39737 40318 53002 82580==
36403 41998 81004 11065 21093 39950 40322 53004 70272 8807/ 555 1/107=
36418 41996 83604 11105 21124 39708 40351 53002 71072 85037 555 1/109=
36421 419// 80801 11090 21110 39760 40346 53005 77177 8802/ 555 1/110=
36428 42784 72001 11130 21170 39829 40359 53001 84554==
36439 417// 70000 11101 21114 39024 48522 53005 70272 82530 555 1/110=
36498 42598 71103 11105 21115 39512 40337 54000 87300 555 1/111=
36501 42999 22001 11050 21106 39536 40303 53005 82030 555 1/106=
36535 42/84 50000 11167 21206 39695 40373 53004 83031==
36546 41996 82901 11116 21129 39786 40352 54000 71022 8807/ 555 1/115=
36619 42999 00802 11105 21146 555 1/113=
36622 42998 50000 11088 21130 39500 40332 56003 85040 555 1/111=
36639 42984 00401 11183 21224 39701 40353 57001==
36643 428// 23102 11132 21162 39659 40358 53002 82081 555 1/116=
36665 42999 71201 11089 21137 39582 40334 53004 84031 555 1/111=
36666 42999 32703 11156 21178 39836 40362 53007 82071=
36729 42998 01003 11072 21089 39830 40327 57004 555 1/104=
36736 42999 03402 11093 21118 39764 40341 54000 555 1/111=
36744 42998 00502 11036 21088 39834 40292 57004 555 1/108=
36770 42999 00103 11056 21070 39551 40295 57002 555 1/105=
36786 42999 00000 11037 21083 39358 40291 57003=
36796 42998 00000 11070 21133 39066 48516 56004=
36803 42699 80504 11080 21098 39870 40336 58014 8451/=
36806 42999 51206 11086 21183 39852 40340 57008 80003=
36819 42998 40902 11028 21058 39657 40279 57003 80001=
36821 42984 00101 11004 21051 39789 40283 57004==
36839 42999 03101 11066 21114 39129 40288 57002=
36843 42998 01001 11022 21062 39086 40271 54000=
36846 42999 00902 11055 21133 38626 48517 54000=
36859 42984 20000 10016 21063 39528 40312 57004 80009==
36870 41/40 60401 11015 21046 39244 40267 53002 71011 86070==
36874 41698 60000 11025 21054 39475 40262 57150 70242 86500=
36877 42998 83202 11033 21054 8807/=
36885 41/92 90000 11045 21051 39126 40278 57001 74544=
36889 42999 00000 11105 21204 37027 47046 53002=
36894 41995 80000 11043 21065 39526 40282 53002 71011 80007=
36905 41997 01801 11043 21075 38765 48526 54000 74000=
36911 42999 00000 10070 21019 39259 40217 58010 555 12001=
36927 42699 30502 10020 21087 38348 48515 57002 82950=
36934 42599 40000 10010 21066 38294 48420 56006 82901=
36953 42899 30000 11080 21125 38208 48508 53003 82041 555 1/111=
36963 42999 51802 11105 21189 37004 48/// 57001 80001 555 17115=
36974 42798 60000 11034 21113 37984 48517 54000 82542 555 14104=
36982 42999 22905 11130 21269 36490 47062 53007 81031=
37018 42670 72001 10076 20019 30150 40226 58005 87400==
37031 42960 83001 10037 21034 30028 40226 57011 80005==
37054 42/70 60401 10032 21025 39838 40228 55006 80030==
37061 42560 81401 11013 21041 30064 40239 58009 885//==
37085 42540 80702 10030 21029 30261 40235 57008 885//==
37171 41460 80902 10070 20040 30214 40233 58003 70282 889// 333 82714==
37228 42/70 63102 10053 21062 39363 40198 57006 82015==
37235 41340 81801 11017 21020 39905 40232 57006 72842 886//==
37472 41560 83002 10031 21008 30250 40228 57005 71042 8357/==
38149 42570 80602 10003 21063 30174 40253 57009 885//==
38178 41560 82003 11017 21043 39903 40196 57005 71022 885//==
38262 42570 83202 10002 21037 30175 40259 53001 88500==
38264 42570 73503 11003 21050 30150 40247 57008 875// 333 87622==
38345 42998 62701 10030 21046 38810 48506 53006 80002 555 14000=
38353 42998 23501 10062 21042 39331 40224 57001 80001=
38388 42598 70901 10005 21053 30199 40272 57010 87500 555 18006=
38392 42697 73503 10006 21034 30136 40241 57009 87500 333 87633 555 11005=
38396 41560 73403 10006 21037 30116 40244 57009 70272 875// 333 87630==
38403 42660 82707 11002 21043 30116 40240 57008 885//==
38413 42/70 82704 11015 21048 39952 40253 52003 8802/==
38457 42/60 32201 10106 21030 39621 40200 57012 83040==
38462 42684 60000 10032 21057 38756 48496 57006 84951==
38507 42965 60202 10114 20009 30096 40198 57026 86030 333 91004 555 10012=
38545 42598 73303 10009 21048 30064 40245 57007 83023 555 12005=
38565 12560 82403 10024 21009 39606 40179 57005 60002 8557/==
38579 12570 73002 10092 20011 39793 40208 57008 60002 85971==
38583 12660 81401 10109 20002 39887 40204 57015 60002 82541==
38599 41996 00701 10094 21022 39672 40204 57012 70400=
38611 41/40 72203 10083 20006 39642 40210 57012 71022 87040==
38613 42998 70101 10058 20013 39301 40202 56012 80002 555 12008=
38616 42597 22701 10050 21019 39199 40215 57016 82500=
38618 42/60 80000 10076 21009 39511 40197 57014 81031==
38647 42998 00808 10094 21030 30153 40195 57018 555 10015=
38656 42998 00000 10070 21044 30114 40224 57024 555 10015=
38683 42560 83203 10054 21007 39950 40229 57010 885// 333 88630==
38687 42797 22702 10089 21005 39995 40230 57015 82500 555 10016=
38696 12670 62002 10062 20009 39355 40212 57005 60002 86500==
38713 42998 02701 10056 21018 39040 48510 56001=
38750 42997 00705 10167 21041 30192 40164 58026 555 10018=
38763 42998 00905 10096 20002 30107 40212 57026 555 10012=
38774 42998 20802 10098 21005 30035 40231 57019 80001 555 10014=
38799 42997 20000 10096 20023 39999 40230 57020 80003 555 11017=
38806 42997 63404 10100 20013 39952 40210 57012 86050 555 11012=
38812 42/60 52205 10110 20036 39765 40213 57015 85030==
38836 42699 60000 10090 20036 39261 40189 57013 84202=
38880 42797 61002 10095 20000 39954 40209 57016 83530 555 10013=
38886 42997 01202 10113 20011 39988 40214 57022 555 10016=
38895 42996 11401 10106 20015 39933 40221 57017 80002 555 11015=
38911 42998 72005 10122 21007 39924 40215 57013 85072 555 10013=
38915 42997 41103 10122 20000 39905 40225 57018 80004 555 11017=
38927 42560 70604 10111 20059 39844 40217 57017 87400 333 87632==
38933 42997 03602 10113 20046 39721 40230 58032=
38944 42997 23402 10121 20030 39626 40152 57018 82030=
38954 42899 82802 11012 21045 37944 48530 57010 86910 555 110//=
38974 42998 01401 10112 20023 39870 40201 57027 555 11020=
38987 42996 33402 10081 20023 39467 40209 57020 80002 555 11014=
40100 43/80 69905 10154 20020 30217 40233 56019 6///1 333 58///=
40180 12660 50203 10169 20042 30159 40209 57024 60001 81104 333 70000==
40199 333 70000==
40265 31956 53604 10112 20022 39422 40229 57022 70522 80001 333 85070=
40270 31557 40000 10126 20010 39305 40216 57022 70500 82110 333 82825 83458=
40272 31950 51304 10128 20015 39373 40221 57022 70500 80001 333 85070=
40340 32960 03618 10204 20001 30122 40187 57036=
40356 32960 42806 10126 21070 39217 48515 80002 333 58011 84070 555 04410 50207=
40357 32960 32803 10158 21050 39561 40204 80001 333 58021 83070=
40360 32960 53104 10150 21040 39607 40208 80005 333 58007 85270=
40361 32960 20304 10150 21020 39422 40222 82010 333 58009 82460=
40362 22960 00000 10188 21020 39679 40197 333 58008 60005==
40373 32960 00906 10200 20110 39781 40200 333 58011=
40375 32960 41210 10178 21020 39288 40168 84030 333 59012 84360=
40394 32960 00310 10184 20000 39045 48517 333 59001 555 04410 50180=
40400 32960 02814 10251 20070 30105 40133 333 59023=
40405 32660 50509 10177 20090 39440 40180 85500 333 58004 85640=
40417 11640 63510 10205 20150 30166 40182 69982 70594 82570 333 58024 82640 86360=
40420 11657 80108 10197 20140 39967 40175 69932 70562 8452/ 333 58025 84640 88460=
40430 32660 23504 10256 20150 39390 40112 82500 333 59013 82640=
40437 11658 80306 10177 20160 39480 40183 69932 71000 88500 333 58013 88640==
40439 32660 22409 10288 20110 30090 40108 81530 333 59019 81640=
40582 32960 23610 10211 20046 40198 55012 80001 333 00026 55310 00860 10000 21953 30550 41024 51457 62503 55407 41403 82070 90401 91013 91117 91211 91307=
40703 12660 62403 10044 21009 38877 40156 55002 60031 84570 333 70038 84640 85459 555 10023 29068=
40706 11470 72007 10032 21071 38616 40177 54000 60021 70272 85375 333 70020 81715 83630 83932 555 11005 29047=
40712 12670 50000 10058 21062 38640 40164 52004 60001 83502 333 70021 83635 83070 555 10015 29042=
40713 11564 72504 10038 21033 38627 40157 55007 60041 70272 84370 333 70042 83832 82935 86459 555 10011 29060=
40718 11440 82603 10096 20074 30211 40182 55000 60001 71022 8662/ 222// 0//// 20301 333 70000 8671 0 88458 555 10085 29086=
40723 12960 01904 10094 21056 38940 40200 56020 60001 333 70000 555 10038 29034=
40726 12660 21709 10024 21036 38636 40183 53001 69931 82500 333 70035 82635 555 10002 29065=
40727 12660 42607 10022 21050 38463 40194 55001 60071 84410 333 70076 82640 84460 555 11005 29059=
40732 12560 60802 10116 20045 30178 40153 56022 60001 86300 333 70000 82922 84627 555 10084 29062=
40736 12960 00501 10129 20058 30179 40153 57023 60001 333 70000 555 10096 29062=
40738 12960 01104 10177 20057 30155 40157 57029 60001 333 70000 555 10119 29045=
40739 12965 02002 10070 21025 38682 40193 56024 60001 333 70000 555 10032 29051=
40741 12960 21403 10112 20036 39868 40207 57021 60001 80002 333 70000 82070 555 10078 29059=
40743 12665 30000 10098 21007 39065 40194 57022 60001 83500 333 70000 83635 555 10054 29048=
40745 12960 00402 10101 20012 39030 40192 58017 60001 333 70000 555 10062 29054=
40747 12660 62206 10072 21080 38623 40188 52006 60001 85360 333 70000 82935 84840 555 10019 29033=
40754 11625 82103 10059 20000 38822 40189 56019 60001 70522 8457/ 333 70000 84640 88460 555 10035 29066=
40762 12665 31902 10079 20000 38546 40188 57014 60001 81402 333 70000 81635 83069 555 10045 29057=
40766 11660 72407 10079 21037 38695 40189 56004 69901 72122 84320 333 70003 82945 82650 87459 555 10034 29044=
40768 11620 60203 10002 21007 38238 40205 55011 60001 71022 82470 333 70000 82640 85459 555 11001 29094=
40769 12560 30402 10018 21003 38272 40183 57020 60001 83800 333 70000 81830 555 10010 29086=
40780 12660 52304 10078 20001 38704 40228 56011 60001 85300 333 70000 81935 84640 555 10045 29058=
40782 12660 32006 10129 21043 38875 40192 58005 60001 83200 333 70000 83840 555 10060 29030=
40785 11658 80502 10076 20034 39090 40197 57022 60001 70522 8352/ 333 70000 83640 88460 555 10057 29075=
40791 12960 01501 10178 20000 39343 40162 57026 60001 333 70000 555 10098 29030=
40792 12662 12702 10125 21027 38713 40172 57016 60001 81500 333 70000 81635 555 10061 29035=
40798 12660 12310 10103 21079 37947 40143 56010 60001 81100 333 70000 81835 555 10034 29027=
40800 12960 02907 10171 21097 38434 40136 57020 60001 333 70000 555 10068 29015=
40809 11560 61402 10097 20058 38500 40166 57010 60061 70162 84370 333 70063 81930 83635 555 10078 29077=
40811 12960 03104 10216 20085 30164 40190 55010 60001 333 70000 555 10147 29043=
40812 12660 43103 10200 20106 39799 40172 57010 60001 84800 333 70001 82835 84640 555 10148 29055=
40821 11645 11102 10157 20037 38768 40152 57029 60001 70520 81100 333 70000 81835 555 10098 29045=
40829 12660 73507 10146 20040 39613 40186 55007 69931 81570 333 70006 81640 87459 555 10096 29049=
40831 12960 03505 10225 20083 30189 40197 57014 60001 333 70000 555 10150 29040=
40833 11658 33203 10233 20070 30159 40191 57010 60001 70510 83200 333 70000 81835 555 10149 29035=
40841 11660 50000 10144 20065 38240 40126 57015 69921 70162 85200 333 70069 85835 555 10102 29059=
40845 11940 03106 10184 20156 30181 40186 57013 60001 71020 333 70000 555 10168 29084=
40848 11657 61402 10168 20085 38526 40142 57022 60001 70522 85830 333 70114 82835 83640 555 10122 29058=
40854 12660 50902 10172 20024 38945 40133 56009 60001 84370 333 70000 81935 83640 555 10101 29037=
40856 12660 73606 10153 20003 38634 40134 55008 60001 83376 333 79999 83935 85360 86270 555 10084 29036=
40859 12560 41704 10170 20095 38710 40148 57022 60001 84300 333 70175 83930 84835 555 10128 29061=
40875 12570 71905 10279 20141 30128 40140 56021 60001 81108 333 70000 81825 87270 555 10196 29043=
40879 12965 43005 10264 20066 39478 40141 56017 60001 80006 333 70000 84270 555 10157 29028=
40882 12570 33007 10240 20156 30121 40156 58015 60001 81101 333 70000 81830 83069 555 10189 29059=
40883 12560 32708 10271 20123 30120 40147 56015 60001 81131 333 70000 81830 555 10185 29040=
40893 11958 52805 10267 20166 30129 40135 57023 60001 70500 85010 222// 00250 20300 333 70000 8545 9 555 10204 29054=
40898 11958 51003 10248 20190 30120 40129 56018 60001 70511 84072 222// 00234 20901 333 70000 84359 83069 555 10211 29070=
41024 22660 12912 10280 20180 30085 40111 81500 333 59022 60005 81640==
41036 22960 03608 10250 20110 38547 48497 333 59019 60005==
41055 22560 42111 10258 20020 38346 48491 84400 333 59023 60005 84630==
41061 21/58 51114 10251 20070 39436 40129 70700 85030 333 58037 60005 85358==
41084 22/60 31313 10290 20010 38827 48488 83020 333 59017 60005 83460==
41112 22560 42010 10230 20070 37947 48507 84400 333 59003 60005 84620==
41114 22560 32410 10240 20000 37982 48509 83400 333 59004 60005 83622==
41128 21945 00304 10265 20020 38812 48522 70644 333 58027 60005==
41136 22960 00000 10312 20000 39316 40115 333 58026 60005==
41140 22560 22110 10302 20230 30100 40112 82100 333 59010 60005 82830==
41150 11457 63314 10205 20160 40181 69902 70561 868// 333 58027 86815=
41176 14/67 /0607 10224 20167 30162 40168 69914 333 58021=
41184 32960 53012 10280 20135 40161 83031 333 58009 83360 83070=
41194 12960 73110 10267 20147 30151 40157 60001 82031 333 58011 82368 85075=
41196 12960 52910 10265 20156 30124 40164 60001 85030 333 58013 85368=
41216 32960 43408 10245 20176 30154 40158 84030 333 58013 84368=
41217 32960 63313 10259 20139 30124 40153 8603/ 333 58012 86368=
41246 36/// /1208 10265 20183 30145 40148 333 0E021 55300 25022 59004=
41262 36/// /3203 10303 20125 39948 40139 333 0E018 55300 22361 58006=
41263 36/// /2307 10303 21000 39566 40113 333 0E017 55300 21818 58003=
41265 36/// /2711 10322 21017 39556 40103 333 0E020 55300 22644 59000=
41267 36/// /3314 10255 20201 30136 40148 333 0E018 59009=
41268 36/// /0514 10270 20187 30091 40138 333 0E019 55300 25022 59009=
41275 36/// /3205 10318 20105 39991 40156 333 0E019 55300 22851 58005=
41288 36/// /0903 10280 20199 30128 40150 333 0E020 59002=
41315 36/70 /1700 10237 20173 39326 48103 333 0E018 55300 27865 58000=
41316 32970 09908 10264 20194 30123 40153 333 58001 55407 55408 55507 55508=
41396 12962 01104 10312 21037 39405 40103 60002 333 58011=
41480 11457 40914 10277 20208 30128 40136 60002 70644 83502 333 58007 83618=
41506 22997 31802 10130 21031 38483 48482 60002 83020 333 10152 56090 59028 60007 83460=
41508 02997 62302 10139 21010 38639 48511 60002 86020 333 10190 56090 59020 60007 86460=
41515 02997 30502 10115 21079 38548 48512 60002 83020 333 10143 56090 59004 60007 83460=
41516 02997 30000 10150 21072 38520 48479 60002 83500 333 10180 56900 59012 60007 83640=
41517 02697 40000 10055 21049 37778 48502 60002 82530 333 10093 56990 58001 60007 82640 82360=
41518 02697 61802 10144 21130 38/// 48/// 60002 83470 333 10167 56990 5//// 60007 83440 83762=
41519 02697 30000 10160 21073 38739 48484 60002 83500 333 10175 56900 59010 60007 83640=
41523 02997 30000 10190 20010 39067 48498 60002 80001 333 10210 56009 59014 60007 83070=
41535 02997 41302 10150 21072 38696 48469 60002 84020 333 10175 56090 59013 60007 84460=
41536 02997 70000 10180 20009 39020 48500 60002 87030 333 10215 56090 59012 60007 87460=
41560 02697 50000 10090 21029 38323 48551 60002 82520 333 10120 56990 59004 60007 82630 83460=
41571 11996 33112 10210 21045 39544 40118 60002 70511 80001 333 10229 59026=
41598 01996 03102 10260 20006 39844 40109 60002 70500 333 10275 59023 60007=
41600 01996 33102 10235 20028 39832 40123 60002 70511 83070 333 10260 56090 59003 60007 83460=
41620 32696 40504 10205 21014 38567 48472 60002 84500 333 10210 56900 59017 60007 84640=
41624 01696 51302 10250 20141 39912 40108 60002 70420 82520 333 10265 56990 59024 60007 82637 83460=
41630 01996 42302 10245 20047 40121 60002 70500 84030 333 10264 56090 59025 60007 84360=
41640 01996 43602 10240 20053 39867 40112 60002 70510 84030 333 10270 56090 59028 60007 84360=
41660 02697 71312 10120 20015 38425 48515 69902 82530 333 10135 56990 59019 69907 82650 86360=
41678 01996 50502 10255 20091 40133 60002 70522 85070 333 10270 56090 59004 60007 85460=
41696 02697 72306 10150 20003 38000 48509 60002 85520 333 10170 56990 59011 60007 85640 82460=
41697 02697 80000 10290 20067 39942 40094 60002 84520 333 10310 5699/ 59033 60007 84631 84461=
41700 01695 50000 10265 20118 39973 40098 60002 70520 82530 333 10293 56990 59032 60007 82640 83360=
41710 12997 40000 10260 20008 39341 40088 60002 84010 333 10265 56090 59027 84460=
41712 12696 72304 10235 20010 39172 48507 60002 87500 333 10260 56900 59026 87640=
41715 01996 00000 10260 20086 30049 40112 60002 70500 333 10280 59028 60007=
41718 01995 50000 10300 20156 39992 40092 60002 70500 85030 333 10317 56090 59031 60007 85362=
41725 02996 50000 10290 20119 30018 40074 60002 85030 333 10295 56090 59034 85360=
41739 02696 72306 10250 20068 39044 48517 60002 83530 333 10255 56990 59009 60007 83635 84360=
41744 12696 63104 10240 20020 38777 48510 60002 82520 333 10270 56990 59013 82630 84460=
41749 02696 61308 10300 20134 30067 40100 60002 82530 333 10322 56990 59030 60007 82635 84360=
41756 02996 42708 10265 20160 30077 40142 60002 80001 333 10295 56009 59010 60007 84070=
41757 12996 02312 10275 20132 30133 40145 60002 333 10300 56009 59009=
41759 02696 62302 10290 20142 30128 40133 60002 83530 333 10320 56990 59012 60007 83640 83360=
41764 02996 41814 10340 20099 30052 40099 60002 84010 333 10348 56090 59024 60007 84360=
41768 02996 02704 10330 20195 30099 40106 60002 333 10340 59026 60007=
41780 01996 42308 10310 20159 30090 40117 60002 70500 80001 333 10332 56009 59022 60007 84070=
41785 02996 02302 10325 20148 30109 40122 60002 333 10335 59009 60007=
41859 01940 00000 10220 20130 30050 40088 70500 333 10260 59006 70000==
41883 02940 00000 10224 20110 30078 40099 333 10267 58008 70000==
41891 01935 02302 10224 20100 30061 40100 70500 333 10280 58007 70000==
41907 01940 00000 10225 20130 30082 40097 70500 333 10272 58009 70000==
41923 02950 00000 10242 20070 30092 40101 333 10287 58007 70000==
41936 01950 00000 10240 20150 30090 40097 70500 333 10294 58010 70000==
41943 01930 00000 10240 20140 30086 40093 70500 333 10304 59005 70000==
41950 02950 00000 10229 20150 30097 40099 333 10281 58006 70000==
41978 01/35 42504 10259 20210 30093 40100 70511 84030 333 10290 59005 70000 84362==
41992 01930 02402 10270 20220 30101 40103 70500 333 10303 58003 70000==
42027 32596 73602 10134 21014 38389 48475 82511 333 10145 59012=
42071 32996 22503 10208 20082 40115 82030 333 10224 59024 82359=
42101 32996 02903 10214 20090 40110 333 10248 59026=
42111 31996 02302 10228 20074 39370 40055 70500 333 10272 59019=
42123 32996 30501 10244 20084 40112 83030 333 10284 59032 83360=
42131 32996 22702 10230 20050 40125 80001 333 10262 59030=
42165 32996 30000 10294 20089 40092 80001 333 10320 59030 83070=
42182 32996 02704 10242 20075 40102 333 10264 59023=
42189 31990 02303 10224 20095 40081 70500 333 10244 59018=
42309 31596 40502 10194 20157 40109 71000 82540 333 10236 59007=
42314 21540 60209 10188 20147 40110 71022 83530 333 10220 59008 60005 83620 85360==
42328 31995 52902 10310 20134 40078 70500 83031 333 10328 59026 83360 84070=
42339 31995 30000 10308 20055 40100 70500 80001 333 10317 59025 83070=
42348 31996 23204 10280 20002 40105 70500 80001 333 10293 59028 82070=
42361 31995 00000 10260 20098 40109 70500 333 10295 59020=
42369 31996 02704 10242 20058 40095 70500 333 10264 59019=
42379 31995 00000 10226 20102 40086 70500 333 10246 59004=
42398 31596 59901 10226 20107 40086 70500 83530 333 10249 58008=
42410 31595 30000 10214 20157 40103 70500 81530 333 10252 58008 81620 83360=
42415 22040 00000 10210 20138 40108 333 10235 58004 60005==
42452 31996 00901 10282 20074 40101 70500 333 10301 59026=
42492 32996 03203 10232 20096 40093 333 10254 59009=
42559 32996 00000 10270 20122 40103 333 10298 59013=
42571 31996 02702 10250 20048 40109 70500 333 10281 59008=
42591 32996 00000 10236 20077 40106 333 10276 59009=
42623 31496 22702 10198 20136 39222 40087 70520 82500 333 10245 59006 82618=
42634 32996 02902 10338 20056 40123 333 10362 59013=
42647 31996 03403 10330 20084 40116 70400 333 10351 59015=
42667 32996 02905 10260 20030 39535 40115 333 10284 59011=
42675 32996 00501 10256 20092 40107 333 10293 59008=
42701 32996 03201 10236 20037 39370 40089 333 10262 58001=
42724 21040 00000 10238 20174 40096 70500 333 10282 58006 60005==
42737 32996 02704 10334 20086 40120 333 10359 59011=
42754 32996 00000 10276 20097 39482 40104 333 10291 59013=
42779 32996 03603 10254 20045 39416 40103 333 10283 59002=
42798 31996 02703 10296 20030 40087 70500 333 10314 59002=
42809 31995 03202 10262 20080 40101 70500 333 10288 58005=
42840 32996 03403 10318 20117 40117 333 10350 59002=
42867 31996 03402 10300 20077 40102 70500 333 10330 59011=
42874 32996 00000 10298 20111 40106 333 10315 59002=
42886 32996 01804 10284 20033 40103 333 10342 59001=
42895 32996 20000 10252 20141 40105 82030 333 10312 58007 82360=
42909 32996 09902 10276 20213 40119 222// 20000 333 10322 59016=
42971 31996 01103 10284 20145 40106 70500 333 10334 58005=
43003 31995 03205 10328 20137 40098 70400 333 10367 59003=
43014 31996 03402 10316 20158 39461 40087 70544 333 10334 59005=
43041 31996 00000 10298 20070 39488 40088 70500 333 10336 59001=
43063 32997 00902 10328 20079 39482 40084 333 10345 59007=
43110 31996 02904 10300 20233 40103 70544 333 10372 58002=
43117 32997 00502 10340 20190 40082 333 10364 59004=
43128 32997 00505 10318 20132 39500 40088 333 10342 59003=
43185 32997 02008 10290 20234 30089 40092 333 10349 59011=
43192 32996 03602 10306 20255 40093 333 10332 59004=
43198 32996 20206 10316 20080 39276 40073 80001 333 10332 59006 82075=
43201 32997 00000 10332 20091 39368 40067 333 10346 59002=
43233 32997 20903 10334 20171 39289 40075 80001 333 10343 59005=
43245 32997 01104 10300 20181 30076 40102 333 10349 59006=
43279 31996 11404 10292 20221 30058 40105 70500 80001 333 10332 59009=
43295 32997 10902 10306 20119 39087 48513 80001 333 10335 59007 81075=
43310 32596 43202 10298 20253 40103 82211 333 10300 58009=
43314 32597 32303 10324 20251 40098 81501 333 10348 58003=
43321 31996 20908 10342 20028 39647 40078 70500 80001 333 10355 59004 82070=
43329 32997 01102 10280 20218 30090 40103 333 10310 59007=
43333 31495 20000 10278 20209 40104 70500 82500 333 10305 58002 82618=
43344 31996 20706 10326 20161 39999 40096 70500 80001 333 10335 59008 82075=
43353 31496 12706 10294 20228 40099 70521 81530 333 10322 56790 58006 81620=
43369 32597 33202 10296 20222 40101 83500 333 10319 58001 83620=
43371 21440 42703 10302 20229 30028 40100 70510 84800 333 10333 566// 58002 60005 84619==
43404 22970 30402 10283 20234 30096 40099 5/002 333 10322 20182 3/016 553// 20092 59004 60008 91004==
43410 22970 00705 10279 20215 30101 40104 55001 333 10302 20277 3/024 59004 60008 555 60008==
43413 22470 33504 10290 20205 30097 40102 5/003 82200 333 10311 20218 3/019 553// 20094 59003 60008 91007==
43415 22470 10602 10304 20225 39996 40104 52007 81000 333 10323 20249 3/017 59006 60008 555 60008==
43418 22470 20501 10280 20221 30065 40106 57003 82000 333 10310 20261 3/019 59005 60008 555 60008==
43421 22470 10301 10302 20186 39990 40094 57005 81000 333 10346 20210 3/019 553// 20082 59006 60008 91002==
43422 22470 20501 10307 20213 39961 40093 56005 81000 333 10323 20243 3/018 59005 60008 555 60008==
43424 22970 03403 10290 20225 30093 40095 56005 333 10320 20236 3/018 58000 60008 555 60008==
43436 22470 30501 10280 20227 30097 40100 56003 81000 333 10295 20255 3/020 59002 60008 555 60008==
43441 22470 33402 10305 20207 39957 40088 53004 83100 333 10337 20250 3/019 58005 60008 555 60008==
43444 22470 13602 10293 20187 39559 40092 53002 81000 333 20200 3/015 59001 60008 555 60008==
43450 21959 03205 10289 20217 30091 40103 54003 70500 333 10327 20258 58003 60008 555 60008==
43466 22968 03202 10286 20206 30090 40098 5/001 333 10307 20237 3/020 553// 20072 58003 60008 91005 555 60008==
43467 22966 03004 10295 20229 30092 40098 56002 333 10317 3/021 58005 60008 555 60008==
43473 22470 12902 10171 20122 38124 48487 53001 81000 333 10227 20112 3/005 553// 20058 59004 60008 91005 555 60008==
43475 22470 50503 10290 20213 30096 40101 52001 81108 333 10317 20217 553// 20072 59002 60008 91006 555 60008==
43476 21462 40902 10216 20176 38773 48519 51003 70510 84000 333 10251 20180 58000 60008 555 60008==
43479 22470 33302 10252 20218 39241 52001 83100 333 10286 20164 59017 60008 555 60008==
43486 21465 42802 10293 20203 39992 40091 55004 70510 84000 333 10367 20213 553// 20065 58004 60008 91005==
43495 22470 52602 10292 20234 30085 40098 5/010 82000 333 10315 20274 58080 60008 555 60008==
43497 22/70 10903 10286 30078 40095 52001 333 10336 20215 553// 20089 58007 60008 91005 555 60008==
44212 42/// 20000 11253 21289 39136 40400 52017 82040 333 11154==
44213 42/// 30000 11220 21248 38779 40378 52023 83040 333 11083==
44214 42/70 72705 11071 21191 38240 40268 52012 87070 333 11054==
44215 42/// 22804 11088 21189 38370 40277 52016 82040 333 11039==
44217 32998 30000 11124 21197 37814 40349 52008 82044 333 11099 91202=
44218 429// 02503 11093 21156 38578 40289 53025 333 10022==
44219 32999 01201 11133 21176 38589 40311 52018 333 11077 91203=
44265 429// 01001 11152 21199 38865 40372 51001 333 11103==
44266 329// 22202 11113 21191 37717 40302 52014 82080 333 11019 91206=
44404 22958 00903 10150 20030 38084 48419 80000 333 10207 59004 60008 70000=
44416 22960 02005 10200 20119 39306 40074 80000 333 10256 59012 60008 70000=
44424 22960 01804 10138 21055 37611 47007 80000 333 10186 58002 60008 70000=
44434 22556 61408 10177 20109 39177 48462 83830 333 10211 59003 60008 70000=
44438 22956 02404 10198 20122 39966 40096 80000 333 10219 59003 60008 70000=
44449 22956 00000 10192 20126 39939 40096 80000 333 10221 58008 60008 70000=
44454 21445 42213 10137 20098 38603 48439 70544 82101 333 10205 59012 60008 70000=
44462 22250 80902 10098 20066 38210 48432 88800 333 10156 59006 60008 70000=
44474 21010 71804 10108 20058 38207 48455 71044 87800 333 10157 59005 60008=
44477 21330 62003 10126 20092 38772 48482 71044 86400 333 10205 59001 60008 70000=
44478 21940 02803 10205 20173 30005 40087 71044 80000 333 10250 59002 60008 70000=
48010 42910 01801 10280 20146 39910 40060 333 10313 59010==
48020 42940 00000 10280 20158 333 10313==
48025 11230 40000 10327 20166 39931 40067 59011 60002 70511 84800==
48048 42940 01803 10310 20237 30000 40054 333 10356 59012==
48052 32956 01802 10351 20202 333 10386=
48062 42450 23604 10267 20229 30084 40091 82500 333 10293 59012==
48064 42950 02202 10318 20184 39996 40052 333 10365 59005==
48094 42956 03201 10280 20150 30090 40100 333 10337 59001==
48109 42440 20000 10275 20233 30112 40116 82500 333 10305 58019==
51076 14/80 /3000 11114 21165 39415 40368 52004 60001 333 11091 21171 3/103 4/025 59012 70000 90761 91102==
51087 14/68 /0901 11130 21178 39262 40376 52003 60001 333 11063 21210 3/106 4/018 59012 70000 90761 91103==
51156 14/72 /1003 11091 21129 38729 40353 52010 60001 333 11045 21143 3/117 58003 70000 90761 91106==
51243 14/56 /0600 11108 21161 39774 40371 52011 60001 70500 333 11072 21174 3/116 59005 70000 90761 91103==
51334 14/35 /3302 11119 21153 39926 40369 52010 60001 70500 333 11086 21198 3/111 4/012 59001 90761 91103==
51379 14/24 /2401 11096 21121 39342 40364 52005 60001 70500 333 11049 21178 3/107 4/022 59012 70000 90761 91104==
51463 14/30 /1300 11094 21112 39085 40351 52006 60001 71000 333 11034 21111 3/101 4/036 59015 70000 90761 91105==
51573 14/59 /2402 10042 21174 30225 40276 52004 60001 333 10069 21039 3/110 59023 70000 90761 91104==
51644 14/45 /2302 10020 21138 38983 40288 52004 60001 70600 333 10046 21087 3/107 59008 70000 90761 91107==
51656 14/50 /2102 10011 21113 39190 40295 52002 60001 70600 333 10048 21109 3/113 59015 70000 90761 91107==
51709 14/45 /2001 10024 21152 38650 40271 57002 60001 70600 333 10034 21045 3/106 58008 70000 90761 91104==
51711 14/59 /0802 11027 21157 38021 40250 52011 60001 333 10026 21118 3/117 58000 70000 90761 91109==
51716 14/41 /2102 10035 21162 38943 40279 52001 60001 70600 333 10056 21072 3/111 58000 70000 90761 91106==
51765 14/57 /2201 10009 21128 39255 40296 52001 60001 70600 333 10052 21097 3/114 59012 70000 90761 91107==
51811 14/56 /0502 10037 21166 38821 40279 52006 60001 70600 333 10053 21058 3/111 58015 70000 90761 91104==
51818 14/50 /0302 10031 21183 38665 40283 52010 60001 70600 333 10054 21086 3/114 58013 70000 90761 91105==
51886 14/80 /0701 11045 21259 37093 40279 52009 60001 333 11027 21147 3/117 59005 70000 90761 91106==
52203 14/59 /2601 11020 21177 39363 40292 52004 60001 333 10023 21104 3/116 59017 70000 90761 91106==
52602 14/79 /3003 11069 21220 37256 40343 52005 60001 333 11034 21193 3/124 58004 70000 90761 91109==
52818 14/77 /0000 11050 21245 37229 40296 52005 60001 333 11013 21132 3/120 58006 70000 90761 91107==
52908 14/59 /2907 11153 21273 35713 40343 52009 60001 333 11095 21232 3/129 58019 70000 90761 91120==
55299 14/76 /3003 11065 21332 35792 40157 57001 60001 333 11027 21148 3/120 58012 70000 90761 91119==
55591 14/72 /0902 10046 21224 36442 49980 52002 60001 333 10071 20001 3/101 58035 70000 90761 91108==
56004 14/80 /2903 11125 21294 35779 40314 52009 60001 333 11096 21223 3/125 58025 90761 91117==
56018 14/76 /2302 11061 21244 36132 40168 52013 60001 333 11031 21108 3/114 58029 70000 90761 91111==
62306 42560 40706 10170 20074 40218 57014 84500==
62309 42560 30406 10176 20071 40202 57026 83500==
62325 42960 03106 10174 20075 40217 57020==
62332 42960 00206 10176 20068 40214 57022==
62337 42560 20308 10179 20069 40213 57019 82100==
62366 45960 00411 10187 20021 40191 57029==
62387 42960 03412 10198 20051 40178 57031==
62393 42960 00207 10200 20003 40194 57023==
62405 42960 00000 10222 21003 40160 57024==
62414 42960 00104 10226 21006 40153 57022==
62419 42960 00509 10222 21005 40146 57025==
62420 42960 30506 10202 21005 40186 57003 80002==
62435 42960 00306 10220 21005 40163 57025==
62440 42960 03608 10198 20056 40216 57020==
62455 42960 00505 10207 20024 40196 57023==
62458 42960 03111 10188 20093 40170 57025==
62459 42960 03016 10190 20100 40164 57024==
62465 42960 03214 10206 20102 40140 57027==
63210 32980 00213 10268 20220 40125 333 10279 58020=
63330 42580 21104 10226 20138 37789 40256 82100 333 58003 82823 63331 42580 3//// 10314 20120 3807=
63331 42580 3//// 10314 20120 38078 40207 83100 333 59004 83830 63332=
41256 329// 89904 10264 20150 30137 40154 91145 333 58000 55407 55408 55507 55508=
43086 32597 10000 10310 20110 39924 40098 81500 333 10330 58002=
43150 31996 22002 10280 20221 30040 40101 70500 80001 222// 20000 333 10326 59009 82075=
43189 32597 30000 10310 20175 30088 40097 82501 333 10344 59009=
43213 32997 00000 10356 20133 39762 40067 333 10374 59007=
43237 32997 09901 10344 20129 39673 40051 333 10366 59006=
43284 31996 02708 10298 20231 39979 40093 70500 333 10325 59001=
