SIPK OPKC 070300=
41504 22997 00000 11025 21101 37877 48548 333 21055 58030 60007 70000 RH52%=
41505 22696 00000 11040 21072 38/// 48/// 333 21045 58/// 60007 70000 79%=
41506 22997 03604 10035 21103 38572 48568 333 20003 58021 60007 70000 36%=
41507 22997 00906 10050 20014 39284 49822 333 20035 58016 60007 70000 78%=
41508 22997 20000 11011 21040 38707 48567 80001 333 21018 56009 58007 60007 70000 82070 80%=
41509 22697 20000 10020 20006 38809 48538 82500 333 20010 56900 58011 60007 70000 82640 RH 83%=
41510 22997 00000 11045 21045 37946 48581 333 21055 58016 60007 70000 100%=
41515 22997 00000 10016 21043 38581 48541 333 21006 58001 60007 70000 65%=
41516 22996 00000 10000 21028 38625 48576 333 21045 58060 60007 70000 RH81%=
41517 21696 30000 11050 21097 37869 48620 70400 81530 333 21055 56990 58074 60007 70000 81635 83360 66%=
41518 22697 40000 10017 21036 38/// 48/// 82230 333 20011 56990 5//// 60007 70000 82840 82362 66%=
41519 22997 03102 10065 21043 38817 48549 333 20060 58025 60007 70000 RH46%=
41520 22697 51804 11055 21124 37685 48359 82530 333 21060 56990 58061 60007 70000 82640 83362 54%=
41523 22997 00000 10020 21006 39133 48524 333 20010 58002 60007 70000 83%=
41524 22997 00908 10085 21013 39414 40307 333 20050 58005 60007 70000 50%=
41525 22997 21806 10000 21050 37685 48423 82020 333 21020 56090 58004 60007 70000 82462 66%=
41528 22997 00000 10050 20027 39268 48528 333 20036 58006 60007 70000 85%=
41529 22996 30000 10060 21023 39820 40219 83030 333 20045 56090 59017 60007 70000 83360 55%=
41530 21996 52304 10080 21072 39786 40213 70500 80001 333 20065 56009 59008 60007 70000 85070 33%=
41530 21996 52304 10080 21072 39786 40213 70500 80001 333 20065 56009 59008 60007 70000 85070 33%=
41534 22696 30000 10040 20014 39790 40227 83500 333 20035 58001 60007 70000 83640 RH 83%=
41535 22997 00000 10005 21008 38740 48500 333 21015 59003 60007 70000 RH91%=
41536 22997 00000 10075 21028 39079 48536 333 20040 59002 60007 70000 48%=
41560 22997 01302 10015 21010 38303 48536 333 21030 58016 60007 70000 RH84%=
41562 22997 53104 10090 21032 39729 40208 85030 333 20065 56090 58004 60007 70000 85362 RH42%=
41565 22995 23104 10050 21048 38657 48521 82020 333 20030 56090 58010 60007 70000 82460 RH 49% =
41567 21996 00000 10075 20040 39714 40145 70400 82530 333 20050 56990 58003 60007 70000 82640 81360 79%=
41571 21996 40504 10075 20017 39605 40215 70500 80001 333 20057 56009 59018 60007 70000 RH66%=
41571 21996 40504 10075 20017 39605 40215 70500 80001 333 20057 56009 59018 60007 70000 RH66%=
41572 21696 32710 10080 21005 39550 40197 60002 70400 81530 333 20043 56990 59014 60007 70000 81640 83360 RH55%=
41573 22697 33608 10050 21057 37982 48515 83500 333 21010 56900 58006 60007 70000 83640 46%=
41574 22697 22302 10000 21013 38367 48551 82500 333 21025 56900 58008 60007 70000 92600 91%=
41576 21996 12302 10085 20011 40207 70400 81030 333 20061 56090 59015 60007 70000 81360 60%=
41577 21996 00000 10045 20009 39570 40214 70400 83030 333 20025 56090 59010 60007 83360 RH 77%=
41593 21996 00000 10090 20045 39967 40192 70400 333 20068 59009 60007 70000 73%=
41597 22997 53102 10095 20010 39901 40204 85030 333 20073 56090 59009 60007 70000 85362 55%=
41598 21995 40504 10095 20010 39901 40183 70400 84030 333 20064 56090 59015 60007 70000 84360 55%=
41599 21995 20000 10080 20033 39887 40189 70400 82070 333 20060 56090 59013 60007 70000 82460 72%=
41600 21696 40000 10085 20039 39875 40182 70410 81570 333 20065 56990 59012 60007 70000 81645 83363 73%=
41620 31696 22302 10035 21071 38609 48509 70500 82500 333 20010 58008 60007 70000 82640 46%=
41624 21995 03102 10085 20026 39995 40204 70400 333 20065 58000 60007 70000 66%=
41625 21995 00000 10085 20052 39961 40170 70400 333 20070 58013 60007 70000 79%=
41630 21996 40000 10070 20035 40196 70400 84030 333 20065 56090 59010 60007 70000 84360 78%=
41633 21996 00000 10065 20054 4//// 70400 333 20047 5//// 60007 70000 92%=
41634 22996 20000 10075 20017 3//// 4//// 82030 333 20040 56090 5//// 60007 70000 82360 67%=
41635 21996 40000 10095 20024 3//// 4//// 70400 84030 333 20040 56090 5//// 60007 70000 84362 61%=
41636 21996 40000 10070 20035 30011 40206 70400 80009 333 20060 56009 58029 60007 70000 84272 78%=
41638 21996 40000 10085 20063 4//// 70410 84030 333 20072 56090 5//// 60007 70000 84360 86%=
41639 21996 33104 10075 20027 3//// 4//// 70400 83030 333 20065 56090 5//// 60007 70000 83460 72%=
41640 21996 30000 10105 20050 39929 40186 70400 83030 333 20086 56090 59012 60007 70000 83360 69%=
41641 21996 33105 10105 20050 39899 40182 70400 83030 333 20080 56090 59018 60007 70000 83360 69%=
41642 21995 00000 10075 20040 3//// 4//// 70400 333 20057 5//// 60007 70000 79%=
41643 21995 30000 10070 20047 39903 40193 71010 83030 333 20062 56090 59004 60007 83360 85%=
41644 21694 30000 10090 20063 4//// 71000 83020 333 20073 56090 5//// 60007 70000 83460 80%=
41646 21995 02304 10090 20045 39986 40209 70400 333 20072 58003 60007 70000 73%=
41652 21996 20000 10075 20013 30025 40212 70400 82030 333 20067 56090 58005 60007 70000 82360 65%=
41660 22997 71308 10060 21129 38454 48545 84031 333 21016 56099 59013 60007 70000 84362 84068 RH25% COR=
41661 22997 40000 11020 21060 38411 48543 84030 333 21045 56090 59002 60007 70000 84360 71%=
41669 21996 20000 10070 20047 3//// 4//// 70400 82030 333 20055 5//// 60007 70000 82360 85%=
41670 21996 00000 10070 20035 3//// 4//// 70400 333 20055 5//// 60007 70000 78%=
41674 21995 50000 10070 20047 3//// 4//// 71010 85070 333 20067 56090 5//// 60007 70000 85460 85%=
41675 21996 40000 10080 20046 30051 40202 70420 84030 333 20075 56090 58005 60007 70000 84030 79%=
41676 21995 00000 10085 20039 30054 40220 70400 333 20075 58021 60007 70000 73%=
41677 21996 30000 10060 20036 30017 40194 71000 83030 333 20047 56090 58012 60007 70000 83362 85%=
41678 21996 00000 10100 20057 40195 70400 333 20085 58010 60007 70000 74%=
41679 21996 33102 10100 20044 4//// 70410 83030 333 20085 56090 5//// 60007 70000 83360 68%=
41680 21995 43104 10105 20037 39989 40194 70410 84030 333 20075 56090 58010 60007 70000 84362 63%=
41685 22997 30502 10060 21095 38958 48525 83020 333 20045 56090 58005 60007 70000 83460 RH32%=
41696 22997 40000 10000 21041 38004 48539 80001 333 21045 56009 59009 60007 70000 84080 RH74%=
41697 22997 00000 10070 20021 30028 40193 333 20060 58015 60007 70000 RH71%=
41700 21994 20000 10080 20058 30057 40192 71000 82030 333 20073 56090 58014 60007 70000 82360 86%=
41701 21994 30000 10075 20053 30057 40207 71000 83030 333 20062 56090 58012 60007 70000 83360 86%=
41710 22697 70502 10110 21066 39355 40141 84510 333 20065 56990 59035 60007 70000 84640 86460 29%=
41712 22696 60000 10050 20001 39203 48510 83530 333 20045 56990 59026 60007 70000 83640 83360 RH70%=
41715 21994 00000 10110 20068 30131 40198 70400 333 20085 58009 60007 70000 RH75%=
41716 21994 00000 10090 20045 30105 40213 70400 333 20058 58018 60007 70000 73%=
41718 21995 00000 10070 20035 30094 40203 70400 333 20048 58015 60007 70000 78%=
41724 21995 30000 10100 20057 30136 40219 70500 83030 333 20060 56090 58011 60007 70000 83030 RH74%=
41725 21995 40502 10115 20062 30115 40195 70500 84030 333 20085 56090 58022 60007 70000 84360 RH70%=
41726 21993 00000 10090 20045 30141 40216 71000 333 20075 58027 60007 70000 RH73%=
41738 22996 50000 10120 20014 30009 40198 85030 333 20120 56090 58006 60007 70000 85460 Rh48%=
41739 22696 60000 10090 20009 39086 48528 83530 333 20053 56990 58008 60007 70000 83635 83360 RH57%=
41742 22996 00000 10110 20015 30087 40196 333 20065 58013 60007 70000 RH52%=
41743 21996 30502 10095 20063 70400 80001 333 20075 56009 60007 70000 83170 RH80%=
41744 22996 00000 10060 21033 38809 48524 333 20035 58013 60007 70000 RH51%=
41745 21995 03104 10110 20068 70400 333 20080 60007 70000 RH75%=
41746 21995 33602 10095 20063 30141 40200 71000 82030 333 20075 56090 58007 60007 70000 83360 RH80%=
41747 21995 33102 10100 20057 30119 40181 70400 83030 333 20060 56090 58014 60007 70000 83360 RH74%=
41748 21995 20502 10140 20091 30141 40206 70500 82030 333 20095 56090 58011 60007 70000 82360 RH72% COR=
41748 21995 20502 10140 20091 30141 40206 70500 82030 333 20095 56090 58011 60007 70000 82360 RH72%COR=
41748 21995 20502 10140 20091 30141 40206 82030 70500 333 20095 56090 58011 60007 70000 82360 RH72%=
41749 21995 20000 10100 20068 30171 40204 70400 82001 333 20085 56009 58018 60007 70000 82070 RH81%=
41756 21996 30000 10155 20098 30114 40182 70504 80001 333 20110 56009 58004 60007 70000 83070 RH69%=
41757 22996 00000 10110 20079 30178 40191 333 20095 58011 60007 70000 RH81%=
41759 22996 20000 10090 20045 30174 40180 82030 333 20075 56090 58003 60007 70000 82360 RH73%=
41760 21995 43604 10145 20086 30179 40192 70500 82031 333 20095 56099 58014 60007 70000 82460 82080 RH 68%=
41764 21995 33610 10155 20020 30133 40185 70400 83010 333 20125 56090 58004 60007 70000 83360 RH40%=
41765 22996 03606 10140 20056 30154 40190 333 20118 58006 60007 70000 RH57%=
41766 21994 03106 10105 20074 30151 40182 74000 333 20075 58011 60007 70000 RH81%=
41767 22996 03606 10100 20057 3//// 4//// 333 20080 60007 70000 RH74%=
41768 22996 03602 10080 20033 30171 40178 333 20055 58011 60007 70000 RH72%=
41780 21996 20206 10160 21025 30152 40180 70500 80001 333 20120 56009 58005 60007 70000 82070 RH28%=
41783 22996 00504 10160 20012 30145 40175 333 20125 58006 60007 70000 RH 37%=
41785 22996 00502 10095 20063 30166 40179 333 20090 59003 60007 70000 RH80%=
41786 22996 00000 10060 20009 30127 40165 333 20040 58002 60007 70000 RH 70%=
41BAG 22696 40502 10000 21095 84500 333 21030 56990 60007 70000 84640 49%=
41BKI 22996 20000 10090 21014 39776 40209 82030 333 20070 56090 59009 60007 70000 82360 RH 48%=
41SKP 21995 30000 10070 20059 3//// 4//// 71000 83030 333 20067 56090 5//// 60007 70000 83360 93%=
43532 22997 00000 10055 20020 39379 40217 333 20040 58009 60007 70000 78%=
43533 22997 00000 10080 20036 39245 48499 333 20050 58002 60007 70000 74%=
43563 22997 00502 10083 20030 39484 40198 333 20065 59010 60007 70000 68%=



Data Generated from File : D:/all data handling/Rmc_lhr/2025020703.FSU.txt
07/02/2025   04:02:06
____________________________________________________________________________________________
15020 24/70 /3201 11013 21059 30214 40424 52002 333 55300 20000 60007==
15090 24570 80402 11009 21063 30325 40424 52003 885// 333 55300 10060 20000 30000 60007 91003 90730 91104==
15108 22970 02201 11115 21147 38170 48594 54001 333 55300 20000 60007 91001 90730 91103==
15150 24470 83402 11010 21048 30193 40420 52003 8557/ 333 55300 20000 60007 91003 90730 91104==
15170 24570 80402 11056 21097 39580 42937 54001 8657/ 333 55300 20000 60007 91002 90730 91103==
15280 22970 00208 11160 21180 37543 47065 54001 333 55300 20002 60007 91009 90730 91110==
15310 24/70 /3602 11006 21047 30310 40402 52003 333 55300 10060 20000 30000 60007==
15335 24570 63603 11013 21054 30387 40395 52002 86500 333 55300 20000 60007 91006 90730 91106==
15350 24/70 /3604 10004 21083 30282 40409 54001 333 55300 20000 60007==
15360 24/70 80112 11002 21031 30357 40375 51003 8807/ 333 55300 20000 60007 91015 90730 91115==
15420 24/70 /0401 11003 21077 30286 40404 52002 333 55300 20000 60007==
15460 24/70 /0103 11003 21035 30371 40397 52003 333 55300 20000 60007==
15470 24/70 83401 11007 21052 30273 40408 52006 8807/ 333 55300 20000 60007 91002 90730 91102==
15480 24970 02401 11004 21041 30365 40384 52005 333 55300 10240 20000 30000 60007 91004 90730 91106==
15549 42570 60502 11026 21037 39947 40388 52002 86500 333 11015 21047 555 591// 92602=
15552 42960 03605 11014 21046 30316 40368 52002 333 10000 21014 555 576// 92036 92437=
15640 42668 63203 11009 21031 30056 40386 52007 86500 333 10005 21020 555 585//=
15655 42968 03404 11004 21050 30332 40367 52004 333 10012 21004 555 571// 92033 92437=
15730 42970 00000 11038 21074 39963 40386 52004 333 10011 21041 555 576// 92600=
16627 42565 10214 10008 21075 30351 40358 53002 81100 333 90730 91123==
16650 42560 30515 10046 21002 30338 40347 52005 83140 333 90730 91131==
16723 42560 30111 10040 20009 30283 40298 52007 83200 333 90730 91122==
16742 42560 13616 10044 21023 30110 40273 52007 81100 333 90730 91131==
16749 42460 13315 10076 21059 30223 40238 52004 81100 333 90730 91125==
16754 42560 63418 10098 20023 30243 40293 52004 86800 333 81820 86625 90730 91127==
16760 47/// /0316 10063 21008 39857 40285 52003 7414/ 333 90730 91126==
16765 46/// /3520 10081 21015 30227 40247 52006 333 90730 91136==
17022 41562 72103 10014 20008 30132 40306 57003 78382 87200 333 87828 90730 91116==
17024 47/62 /2211 10009 21001 30198 40280 50004 767//==
17026 47/46 /2806 10026 20008 30218 40259 50004 761//==
17031 41560 72608 10032 20000 30239 40246 56001 78022 85250 333 85828 87358 90730 91115==
17034 41563 72304 10040 20003 30212 40260 52005 78022 84250 333 84830 87358 90730 91108==
17038 41670 72103 10050 20005 30199 40248 52007 72162 84520 333 84635 87458 90730 91112==
17042 46/71 /1105 10042 20022 30217 40257 53002==
17050 46/80 /3502 11006 21064 30317 40382 52006==
17056 42970 03107 11008 21051 30354 40359 52005 333 90730 91112==
17060 41240 60208 10017 20005 30294 40336 52002 78598 86200 333 82705 86822 83915 90730 91124==
17070 46/// /1801 11036 21045 39389 40302 50000==
17074 47/26 /2103 11030 21035 39306 40282 50001 771//==
17084 41660 83201 11022 21050 39321 40262 55000 77022 8452/ 333 84635 88460 90730 91103==
17085 41560 82901 10000 21040 39751 40260 53002 77022 8552/ 333 85630 88458 90730 91106==
17092 42660 70000 11085 21099 38855 48476 53006 82550 333 82640 86357 90730 91105==
17096 42660 70608 11060 21078 38200 48474 53007 84550 333 84635 87357 90730 91119==
17098 42660 50406 11060 21084 38167 48484 52010 85500 333 85635 90730 91115==
17100 42670 60000 11013 21029 39186 40212 52016 84530 333 84635 86357==
17112 46/83 /0209 10012 21054 30349 40355 50003==
17115 41460 73615 10024 20005 30284 40337 53002 78088 85250 333 82715 84835 86360 90730 91129==
17116 42665 60000 11004 21004 30206 40334 52005 83140 333 83835 86360 90730 91102==
17124 42560 52608 11029 21068 39350 40310 53002 85200 333 85825 90730 91116==
17128 42660 62304 11079 21116 39132 40290 53001 84250 333 84835 85360 90730 91107==
17135 42670 53002 11028 21084 39353 40265 57001 83550 333 83640 85360 90730 91105==
17140 42665 80401 11065 21105 38714 48493 56001 8552/ 333 85635 88460 90730 91106==
17150 41460 73610 10008 20003 30195 40324 53004 70282 87200 333 83715 86835 90730 91117==
17160 41665 83509 11057 21122 39047 48499 50000 77011 8452/ 333 84636 88459 90730 91115==
17170 42660 71017 11004 21085 38272 48447 52013 84550 333 84640 87357 90730 91125==
17175 42665 60505 10047 21040 30320 40324 52003 83250 333 83840 86360 90730 91111==
17184 42970 00301 10005 21032 30199 40316 53002 333 90730 91107==
17190 42670 23505 11058 21095 39052 48530 52009 82500 333 82635 90730 91111==
17195 41459 80000 11062 21078 38983 48488 53001 77122 8552/ 333 81712 85627 88458 90730 91104==
17200 42660 60902 10000 21079 39176 40187 52007 83550 333 83635 86359 90730 91114==
17202 42670 62308 11012 21041 39111 40183 52008 84450 333 84635 86360 90730 91112==
17203 42670 22701 10017 21056 38834 48486 52012 82200 333 82840 90730 91106==
17210 46/60 /3501 10044 20027 39088 40127 52017==
17219 42565 40111 10023 21036 30158 40309 55000 84500 333 84630 90730 91124==
17234 42970 00502 10031 21063 30208 40278 51001 333 90730 91106==
17237 42970 03203 10006 21076 39770 40292 52008 333 90730 91109==
17240 42570 20110 11023 21101 39076 40266 52006 82500 333 82630 90730 91119==
17244 41635 63416 11060 21093 39030 48509 53003 77011 84550 333 84635 86359 90730 91126==
17248 46/81 /0000 11060 21102 38993 40250 52007==
17250 47/66 /0305 11050 21105 38803 40240 53002 771//==
17260 42/60 40106 10012 21097 39284 40111 53006 84030 333 84360 90730 91109==
17270 42670 70000 10047 21042 39490 40145 52014 85520 333 85640 87460 90730 91109==
17275 47/68 /0000 10018 21026 38932 40141 52019 722//==
17280 42660 82506 10040 21032 39337 40135 52016 8552/ 333 85640 88460 90730 91110==
17290 42970 03405 10049 21046 30245 40278 53006 333 90730 91113==
17292 46/81 /3305 11008 21099 39461 40242 54000==
17300 42960 03217 10047 21111 30165 40238 53007 333 90730 91127==
17310 42970 01401 10073 21120 30173 40180 52006 333 90730 91105==
17330 46/// /2908 10063 21102 30152 40165 50000==
17350 42/60 43410 10067 21099 30073 40152 51003 84030 333 84359==
17370 42970 01101 10064 21041 30158 40162 53002 333 90730 91103==
17375 42970 03602 10067 21120 30207 40209 53004 333 90730 91107==
33088 42597 80702 11020 21067 30247 40450 52007 885// 555 1/102=
33135 425// 83603 11027 21069 30295 40452 52002 885// 333 55006 88631 555 1/102=
33177 42597 81202 11016 21048 30184 40435 52003 885// 555 1/102=
33317 424// 80703 11026 21049 30084 40441 52007 8455/ 333 55019 84618 555 1/102=
33393 42960 21003 11034 21072 30009 40425 52003 82030=
33415 42697 80000 11017 21051 30010 40430 52005 885// 555 1/102=
33429 42597 80703 11028 21064 39986 40434 52006 8555/ 333 85631 555 1/102=
33466 41558 83603 11038 21050 30230 40430 54000 71022 885// 555 1/103=
33506 42597 70404 11043 21070 30202 40411 53006 86530 333 55000 555 1/104=
33562 42560 80602 11019 21054 30119 40441 53003 8455/ 555 1/102=
33587 425// 80402 11042 21068 30144 40425 52003 885// 333 88628 555 1/104=
33658 42681 81002 11016 21062 30109 40425 52002 885// 333 55054 88641 555 1/101=
33663 42597 80302 11004 21052 30321 40422 52005 885// 555 1/101=
33664 42597 70602 11020 21055 30090 40425 52005 85530 333 55027 555 21020 7000/=
33678 42898 82802 11029 21076 30217 40438 57001 8805/ 555 21031 7994/=
33679 42497 73402 11025 21077 30215 40418 52002 87500 555 21027 7990/=
33711 42560 80104 11032 21060 30178 40400 58001 885// 333 88621 555 1/103=
33745 42497 80302 11024 21076 30231 40431 52010 889// 333 55014 555 21024 7000/=
33748 42597 80502 11019 21065 30114 40415 52004 883// 555 21019 7000/=
33754 42997 00202 11038 21075 30259 40415 53003 333 55000 555 21039 7000/=
33761 41496 80307 11045 21057 30174 40412 52002 71011 886// 555 1/104=
33791 42480 80405 11032 21056 30253 40388 54000 885// 333 88619 555 1/104=
33815 42998 00102 11023 21074 30182 40402 52002 333 55019 555 21024 7990/=
33837 42464 80306 11027 21058 30332 40387 52003 886// 333 55006 88714 555 1/103=
33881 42598 70102 11016 21071 30202 40410 52004 87300 555 21018 7000/=
33883 42997 03404 11030 21068 30228 40400 52001 555 21030 7000/=
33885 42597 80204 11018 21080 30270 40412 57001 885// 333 55052 555 21018 7000/=
33892 42997 53602 11051 21066 30190 40418 52003 85030 555 21052 7000/=
33902 42597 80206 11022 21041 30310 40373 52002 885// 333 55040 555 1/102=
33924 22560 80508 11004 21025 30334 40347 52001 889// 333 21005 69972 91013 90730 91116==
33946 21519 80509 11036 21041 30102 40336 52014 77573 8272/ 333 21037 55000 60032 88523 91012 90730 91114==
33983 22460 80508 11016 21037 30244 40307 52008 885// 333 21019 55000 69902 91013 90730 91115==
34300 42997 00504 11090 21115 30238 40430 52011 555 1/108=
34336 21460 80603 11069 21087 30309 40420 52008 70272 8572/ 333 21116 47011 69932==
34344 21570 80702 11051 21055 30320 40414 52008 70272 885// 333 21119 47015 69932==
34356 21570 70705 11051 21076 30265 40421 52017 70272 87500 333 21086 47008 55079 69922 91010 90730 91110==
34357 21570 80707 11049 21076 30244 40408 52016 70282 883// 333 21089 47018 69932 91011 90730 91112==
34398 22/// 60906 11051 21076 30404 40418 52010 86080 333 41999 55044 60002==
34415 42997 00701 11098 21119 30306 40411 52012 555 1/110=
34438 21460 80406 11073 21085 30193 40398 52010 78583 883// 333 21111 47011 69932 90730 91110==
34445 21570 80707 11048 21060 30284 40405 53015 72682 889// 333 21116 43009 69902 91010 90730 91110==
34461 22460 80805 11049 21080 30352 40411 52015 885// 333 21053 43003 69932 91010 90730 91111==
34473 329// 80807 11047 21079 30373 40414 52015 86053 333 47003 55012 555 21063 7990/=
34476 22570 80707 11050 21078 30401 40109 52016 8293/ 333 21060 43003 55020 60002 91011 90730 91112==
34504 42470 60405 11064 21092 30207 40393 53015 86500=
34535 21560 80303 11063 21081 30309 40386 52009 77172 885// 333 21089 47014 69902==
34545 21470 80505 11038 21055 30266 40384 53013 77772 886// 333 21074 43003 69942 90730 91110==
34555 22570 80607 11044 21061 30299 40396 53015 885// 333 21050 46997 60002 91010 90730 91112==
34560 41240 80808 11060 21069 30194 40396 52013 77772 886// 333 21061 88705 91010 90730 91112==
34578 21/40 80605 11061 21065 30378 40386 53015 71011 8808/ 333 21061 60002==
34579 21540 50304 11074 21080 30342 40388 52014 71022 85500 333 21074 43004 60002==
34644 22560 80503 11031 21050 30282 40363 52007 8657/ 333 21050 60002==
34646 22470 80605 11023 21043 30280 40366 52009 886// 333 21044 55006 69902 90730 91110==
34655 22560 60406 11056 21071 30311 40375 52015 86500 333 21056 60002==
34662 22470 70304 11052 21069 30371 40383 53014 87500 333 21056 69902 87617==
34691 22970 00504 11072 21085 30599 40586 52010 333 55026 60002==
34720 22470 80403 11049 21071 30317 40359 53007 886// 333 21064 47004 55000 60002==
34727 22560 80707 11048 21072 30319 40351 53009 884// 333 21048 43001 60002 91012 90730 91112==
34743 22560 80503 11027 21044 30268 40362 52012 885// 333 21047 69902==
34759 21440 80504 11047 21052 30218 40356 52013 71022 889// 333 21048 55000 60002==
34772 22960 00406 11054 21072 30361 40364 52012 333 21054 60002 90730 91110==
34785 22960 00505 11071 21088 30381 40358 53011 333 21071 60002==
34798 22960 00406 11074 21091 30486 40455 52009 333 60002==
34824 22560 80705 11033 21060 30330 40335 52009 885// 333 21037 43002 55000 60002 90730 91110==
34838 22560 80504 11036 21058 30231 40333 52009 885// 333 21041 60002 90730 91111==
34845 22570 80803 11028 21040 30228 40341 52008 885// 333 21043 47997 69992==
34858 21540 60601 11033 21053 30229 40342 53009 71022 86500 333 21040 69902==
34861 21540 80707 11058 21073 30089 40346 52010 71022 885// 333 21058 55000 69902 91010 90730 91110==
34866 22960 00504 11049 21060 30356 40347 52015 333 21049 60002==
34880 21540 50404 11062 21082 30368 40340 52011 71011 83930 333 21062 55039 60002==
34887 21540 80504 11053 21060 30357 40333 52012 71011 885// 333 21055 60002==
34949 22/// /0605 11052 21058 39755 40330 52011 333 21062 69922==
34954 22460 80602 11026 21042 30155 40336 53011 886// 333 21041 55000 60002==
34958 22570 80502 11026 21029 30124 40332 52009 885// 333 21043 42001 60002==
34975 21470 80704 11036 21053 30335 40331 52014 70272 889// 333 21036 34/// 69902 88911==
34984 22460 80304 11034 21052 30361 40330 52014 8667/ 333 21048 60002==
35217 129// 30603 11091 21116 30386 40429 52006 60002 80003 333 47014==
35302 129// 00909 11062 21094 30408 40430 52006 60002 333 42001==
35315 329// 00409 11102 21165 30350 40409 52007 333 47005 555 21103 3/112 7000/=
35344 329// 00207 11164 21203 30102 40416 54000 333 47031 55000 555 21165 7990/=
35358 119// 00209 11172 21191 30202 40388 52001 60002 70230 333 43022==
35368 31999 00706 11185 21226 30076 40368 53004 73630 333 48042 55094 555 21187 7000/=
35386 31596 60609 11180 21206 39809 40374 57006 73833 86500 333 47026 91015 91116 555 21182 7000/=
35394 12970 20403 11206 21239 39653 40395 53001 60002 80001 333 43032==
35404 329// 00705 11064 21083 30400 40409 52009 555 21064 34108 7000/=
35406 129// 00506 11088 21103 30403 40405 52008 60002 333 46003 55085==
35416 129// 03502 11116 21148 30273 40402 52004 60002 333 47009 55056==
35426 129// 03602 11136 21177 30086 40399 53006 60002 333 47011==
35437 319// 20308 11161 21190 30148 40492 53001 73630 80003 333 47016 55025 91116 555 21162 7000/=
35449 329// 00208 11154 21173 30246 40357 57005 333 48016 555 21156 7000/=
35497 12970 00905 11147 21204 39768 40642 57002 60002 333 47049==
35498 32998 00000 11242 21261 39416 40387 52001 333 47050 555 21242 7000/=
35514 32998 00504 11107 21127 30609 40605 52006 333 42003 555 21109 7000/=
35522 329// 00605 11132 21173 30117 40388 53005 333 47004 555 21131 7000/=
35542 329// 00507 11151 21189 30211 40370 57001 333 47008 55061 555 21152 7000/=
35563 32998 01802 11198 21219 39524 40360 57002 333 47026 55055 555 21201 7000/=
35576 12970 00504 11218 21239 39850 40343 57001 60002 333 47028==
35582 32998 00906 11200 21230 39696 40350 57003 333 47020 555 21207 7000/=
35594 32999 01101 11270 21297 39453 40390 53002 333 47030 555 21272 7000/=
35605 32998 00305 11088 21103 30393 40370 52006 555 21090 7000/=
35633 329// 00407 11150 21175 30131 40362 57002 333 44004 55082 555 21150 7000/=
35671 12970 03604 11196 21222 39872 40340 53004 60002 333 47012==
35699 12960 03607 11143 21210 39537 40340 53001 60002 333 48019==
35700 12970 00608 11086 21089 30380 40355 52003 60002 333 55087==
35715 32997 00805 11096 21122 30360 40344 53005 555 21097 7000/=
35739 329// 00508 11150 21201 30174 40324 58003 333 48004 555 21150 7000/=
35746 129// 00207 11153 21180 30245 40317 53002 60002 333 42997 55096==
35777 32997 00505 11195 21221 39939 40313 57009 333 47011 555 21196 7000/=
35796 12960 30504 11185 21223 39871 40343 53003 60002 80001 333 48025 55059==
35849 129// 00204 11128 21155 30205 40297 53002 60002 333 41/// 55092==
35895 32998 00103 11191 21207 39861 40343 53004 333 47007 555 21194 7000/=
35907 32998 00312 11030 21054 30334 40302 52006 555 21034 7000/=
35925 129// 20506 11109 21129 30197 40319 52003 60002 80002==
35927 329// 00707 11091 21107 30306 54000 555 21093 7000/=
35953 12970 00306 11133 21176 30148 40286 53002 60002 333 41998==
35969 12984 00502 11144 21187 30092 40277 57004 60002==
35997 31996 00000 11165 21191 39849 40315 53002 71000 333 47002 555 21168 7000/=
36259 41984 01201 11339 21374 38329 48618 52001 71200 333 21374==
36335 32999 22401 11258 21292 39296 40434 53005 80001 333 48042 555 21260 7000/=
36358 31999 03603 11223 21243 39308 40422 54000 70240 333 47018 555 21225 7000/=
36394 32997 81401 11245 21263 39960 40430 53006 8807/ 333 48016 555 21296 7000/=
36397 11/40 50000 11254 21272 39803 40432 53005 60002 71011 85070 333 47008==
36403 31994 00000 11280 21295 30021 40429 53007 71000 333 48041 55075 555 21283 7990/=
36418 32999 21001 11256 21274 39745 40431 53003 80003 333 48075 555 21285 7000/=
36421 32999 00000 11330 21351 39807 40457 53004 333 47102 555 21344 7000/=
36428 12984 10000 11301 21341 39874 40445 53004 60002 80001 333 47055 55088==
36439 31998 11105 11103 21172 39048 48547 53005 70230 80001 333 48038 555 21171 7000/=
36498 32998 20206 11167 21230 39518 40364 53005 80001 333 48067 555 21169 7000/=
36501 32998 70000 11219 21232 39591 40416 53003 87030 333 47006 555 21219 7990/=
36535 12984 00000 11333 21362 39733 40462 53005 60002 333 48085 55088==
36546 32999 00000 11324 21344 39833 40453 53001 333 47041 555 21345 7000/=
36619 32999 20502 11189 21224 80000 333 47023 555 21203 7000/=
36622 32998 23504 11232 21254 39522 40406 53006 80001 333 48039 555 21232 7000/=
36639 12984 21506 11065 21178 39694 40316 53004 60002 80001 333 47066==
36643 31994 02401 11274 21291 39695 40439 53002 71000 333 47016 555 21284 7000/=
36665 31996 32301 11240 21258 39617 40419 53005 71000 80002 333 47022 55083 555 21252 7000/=
36666 32498 63201 11286 21308 39886 40444 53005 82601 333 47016 55070 555 21333 7000/=
36729 32998 20000 11214 21232 39817 40343 53008 80005 333 43015 555 21214 7000/=
36736 32999 53402 11118 21209 39763 40346 53009 82031 333 48020 55092 555 21155 7000/=
36744 32998 00502 11196 21211 39833 40321 54000 333 47004 555 21211 7000/=
36770 32999 50000 11194 21194 39546 40332 53004 80001 333 47027 555 21210 7000/=
36786 32999 61601 11124 21154 39344 40308 53001 86070 333 43058 555 21137 7000/=
36796 32998 00000 11258 21292 39074 48480 58002 333 47072 555 21259 7000/=
36803 32999 13102 11159 21184 39845 40325 58008 80001 333 43005 555 21173 7000/=
36806 32998 81614 11150 21207 39868 40374 58013 80002 333 91018 91126 555 21180 7000/=
36819 31597 80000 11138 21151 39654 40303 53004 71022 82521 333 47004 55077 555 21138 7000/=
36821 11940 20000 11162 21172 39792 40317 53006 60002 71000 80001 333 43002==
36839 32999 21501 11147 21195 39137 40336 53005 80001 333 43013 555 21154 7000/=
36843 32998 62403 11031 21090 39087 40277 53004 80009 333 47038 555 21084 7000/=
36846 32999 60904 11085 21191 38636 48524 53004 85072 333 43064 555 21106 7000/=
36859 12984 73601 11090 21114 39531 40349 53004 60002 80005 333 42004==
36870 12970 20000 11057 21078 39236 40276 53008 60002 80001 333 43030==
36874 32998 32002 11180 21205 39615 40465 52005 80008 333 47014 555 21184 7000/=
36877 32999 00000 11138 21148 39661 40739 53004 333 47019 555 21152 7000/=
36885 32999 11602 11051 21115 39128 40284 53009 80001 333 47036 555 21054 7000/=
36889 32999 01802 11102 21210 37040 47055 53004 333 47013 555 21130 7000/=
36894 32999 40902 11062 21114 39527 40289 53007 82041 333 47010 555 21079 7000/=
36905 32999 71101 11050 21116 38774 48526 53006 80008 333 43024 55089 555 21056 7000/=
36911 12999 00902 11079 21107 39269 40284 58026 6//// 333 21121 43002 555 51023 530// 7000/=
36927 12999 03202 11050 21113 38374 48535 53006 6//// 333 21050 555 51013 530// 7000/=
36934 12698 60401 11034 21085 38288 48420 51002 6//// 85932 333 2//// 555 11009 5//// 530// 7000/=
36953 32899 62501 11154 21163 38227 48508 53006 83041 333 47020 55079 555 21172 7000/=
36963 12999 01102 11172 21241 37025 48/// 53002 6//// 333 2//// 4/007 555 11128 5//// 530// 7000/=
36974 12998 00901 11170 21183 38029 48590 52008 6//// 333 2//// 4/004 555 11118 5//// 530// 7////=
36982 12999 50401 11197 21275 36510 47129 53006 6//// 82035 333 21234 45998 555 5//// 530// 7////=
37018 22660 80405 10017 21038 30175 40253 52007 86901 333 20017 55052 60002 90730 91111==
37031 22560 80603 11029 21055 30115 40320 52012 885// 333 21031 55000 60002==
37054 21440 80702 11044 21053 39927 40331 52011 78588 889// 333 21047 47004 60032==
37061 21540 80202 11023 21031 30155 40332 52010 71022 885// 333 21038 47/// 55000 69972==
37085 22540 83604 11010 21020 30349 40322 52011 885// 333 21010 34/// 60002==
37171 22740 81002 10047 20027 30225 40244 52007 885// 333 20040 60002 88650==
37228 21310 82701 11037 21041 39439 40310 52012 71072 8872/ 333 21037 47003 55000 69922==
37235 21/40 80601 11019 21021 39986 40316 52013 77077 8802/ 333 21019 42002 60032==
37472 21540 83003 10011 20002 30330 40306 52014 71022 8657/ 333 20011 31/// 55000 69982==
38149 12970 00203 11093 21100 30175 40257 53008 60002==
38178 12970 00504 11102 21138 39925 40229 58001 60002 333 55084==
38262 12920 00304 11090 21106 30158 40246 53008 60002 333 55081==
38264 12970 03606 11076 21098 30137 40235 52007 60002==
38345 12999 01001 11033 21081 38819 48509 53006 6//// 333 21043 3/106 47001 555 5//// 530// 7000/=
38353 12998 01702 10008 21078 39335 40248 53002 6//// 333 21042 3/114 47007 555 5//// 530// 7////=
38388 32598 70203 11025 21077 30114 40188 58003 87500 333 21027 38103 55065 555 7000/=
38392 32997 80307 11044 21075 30096 40204 53003 80002 333 21045 34104 55081 555 7000/=
38396 12960 60407 11042 21088 30079 40210 53006 60002 80001 333 21042==
38403 12/60 50204 10011 21073 30078 40201 57004 60002 85070==
38413 12970 00703 11022 21089 39918 40218 53007 60002 333 55061==
38457 12984 63501 10061 21111 39607 40195 57005 60002 80001 333 55079==
38462 12984 00000 11049 21163 38778 48514 57004 60002 333 21055==
38507 32996 70505 10017 21056 30079 40184 53007 87030 333 20017 30000 55008 555 7000/=
38545 32998 73401 10014 21024 30000 40179 53001 83073 333 20012 34102 55075 555 7000/=
38565 12870 60902 10011 21038 39574 40146 57002 60002 80008 333 21006==
38579 12/60 70000 11002 21026 39769 40197 57004 60002 84071 333 55080==
38583 12960 40501 11002 21029 39878 40209 57002 60002 80001==
38599 31995 80808 10034 21041 39682 40226 52002 71011 83031 333 20009=
38611 32997 23502 11003 21061 39664 40251 54000 82040 333 55088 555 21013 34104 50038 53003=
38613 12999 00102 11018 21067 40253 57003 6//// 333 21022 30103 555 10020 5//// 530// 7000/=
38616 12999 20000 1//// 21061 39218 40262 56005 6//// 80001 333 2//// 555 10011 5//// 530// 7000/=
38618 12/60 80000 11030 21040 39537 40253 52006 60002 82031 333 55079==
38647 32697 80904 10024 21080 30127 40170 52010 885// 333 20024 30003 555 7000/=
38656 32698 80504 10050 21056 30035 40150 53007 885// 333 20047 30004 55058 555 7000/=
38683 12/60 50202 10040 21022 39887 40166 57003 60002 85030==
38687 32997 70703 10048 21032 39929 40167 53002 84031 333 20048 30004 55082 555 7000/=
38696 12684 80701 10048 21051 39329 40188 53001 60002 8451/ 333 55092==
38713 32998 81802 10002 21082 39028 48490 54000 82034 333 21016 55087=
38750 11496 81904 10087 20073 30193 40165 53010 60021 76166 8872/ 333 20084 31008 55021 555 7002/=
38763 31596 80000 10024 21050 30062 40169 52006 71022 885// 333 20024 30002 55004 88630 555 7000/=
38774 11897 83205 10046 21005 39974 40170 52001 69932 72162 8807/ 333 20044 31004 555 7993/=
38799 32597 80904 10092 20017 39915 40145 57002 885// 333 20078 30006 555 7000/=
38806 32697 60901 10048 21040 39883 40145 57002 86500 333 20046 30002 555 7000/=
38812 12/60 30704 10055 21040 39712 40167 57002 60002 83030==
38836 32697 80000 10050 21006 39243 40184 54000 8553/ 333 20047=
38880 12797 82808 10070 21005 39892 40147 53007 60002 8598/ 333 20068 30003 555 7000/=
38886 32697 72702 10062 20000 39906 40134 53003 87500 333 20041 30002 555 7000/=
38895 32696 82201 10092 21007 39852 40139 53005 885// 333 20092 30004 555 7000/=
38911 32998 81405 10134 20009 39858 40146 54000 87070 333 20086 30007 55080 555 7000/=
38915 32597 61408 10159 21054 39837 40152 52002 86500 333 20144 30010 555 7000/=
38927 12/60 71801 10075 21019 39809 40186 51006 60002 87050 333 55090==
38933 32998 53601 10070 20006 39691 40206 54000 82034 333 20061=
38944 32698 73101 10050 21019 39605 40143 53004 87500 333 20046=
38954 32598 60000 11227 21275 4//// 52007 82302 333 21242 45998=
38974 32998 70000 10077 20011 39801 40133 53006 87070 333 20072 30007 55050 555 7000/=
38987 32996 72301 10072 20027 39397 40136 53001 87070 333 20068 30003 55084 555 7000/=
40100 43/82 89903 10101 20045 30159 40175 53002 333 58///=
40180 01660 61201 10103 20068 30121 40171 52007 76022 86800 333 70000==
40199 02/// /3602 10121 20031 30178 40203 52006 333 70000==
40265 41556 52503 10049 20028 39374 40185 52007 71022 83110 333 83830 83460=
40270 41440 62609 10050 20029 39257 40175 52003 75865 86700 333 84715 84825=
40272 41440 72512 10050 20031 39323 40176 52003 71065 87700 333 82815 85625=
40340 41850 41302 10106 20018 30142 40208 52004 70500 84010 333 84558=
40356 42960 02705 10006 20000 39168 48462 333 58084 555 04410 50171=
40357 42960 02717 10034 20000 39505 40156 333 58078=
40360 42660 42906 10050 20000 39570 40174 84400 333 58092 84640=
40361 42960 02608 10036 20010 39387 40218 333 58076=
40362 42960 02707 10059 21020 39644 40166 333 58074=
40373 42960 03312 10104 21010 39738 40156 333 58075=
40375 41958 00000 10018 21040 39285 40178 70500 333 58061=
40394 41940 03304 10063 21020 39029 48502 70500 333 58060 555 04410 50162=
40400 42960 20204 10132 20040 30131 40159 80001 333 58036 82070=
40405 41620 20117 10096 20000 39417 40179 70700 82500 333 58063 82640=
40417 42660 53405 10172 20130 30091 40106 82530 333 58012 82640 84360=
40420 42960 41805 10169 21040 39892 40101 84070 333 59011 84360=
40430 42960 03406 10138 21020 39403 40161 333 58034=
40437 41950 03515 10136 21010 39436 40129 70700 333 58039=
40439 42960 03303 10130 20060 30118 40136 333 58031=
40582 31950 03411 10142 20005 40151 53017 70500 333 55300 00000 10185 20000 30000 40916 51101 60000 55407 40000 90401 91013 91121 91215 91311=
40703 42660 80000 11002 21046 38894 40186 52015 8352/ 333 10020 21008 70125 83635 88459 555 11016 29072 66666 00008 10012 20036 30046 50062 90090=
40706 41465 80906 11006 21066 38621 40185 52016 77022 8392/ 333 10020 21008 79999 82930 81632 88559 555 11025 29064 66666 00016 10031 20049 30055 50060 90075=
40712 41308 83602 11019 21019 38643 40177 52018 77177 8732/ 333 10004 21019 70271 84708 82920 84625 88557 555 11018 29100 66666 00006 10011 20018 30021 50036 90054=
40713 42662 81008 10006 21052 38597 40124 52021 8152/ 333 10047 21001 70006 81635 88459 555 11015 29065 66666 00037 10050 20057 30063 50074 90097=
40718 41450 83311 10067 20055 30237 40208 52018 76366 8532/ 222// 0//// 20203 333 10104 20066 70362 82912 84615 88556 555 10062 29092 66666 00078 10086 20088 30094 50110 90128=
40723 41759 83602 10021 21031 38898 40133 54000 70522 8452/ 333 10088 20018 70000 84656 88457 555 10002 29068 66666 00018 10022 20034 30038 50050 90070=
40726 41620 80000 11010 21021 38602 40156 52028 77377 8452/ 333 10014 21010 70230 84635 88457 555 11014 29092 66666 00020 10020 20044 30040 50052 90084=
40727 41558 71902 11001 21015 38412 40133 52018 77072 85320 333 10016 21001 70071 82720 82930 85635 87559 555 11007 29090 66666 00007 10025 20035 30040 50044 90074=
40732 41440 82601 10074 20061 30201 40177 53006 76062 8732/ 333 10090 20068 70143 85712 82920 88557 555 10068 29091 66666 00080 10084 20092 30094 50104 90126=
40736 41558 82302 10085 20069 30191 40165 52012 76062 8662/ 333 10104 20081 70007 86720 88558 555 10078 29090 66666 00086 10089 20093 30095 50099 90120=
40738 41458 82304 10078 20066 30179 40181 53014 71062 8472/ 333 10090 20078 70018 82715 84635 88458 555 10072 29092 66666 00082 10084 20088 30090 50100 90124=
40739 42665 80302 10069 21015 38619 40097 52006 8452/ 333 10088 20064 70000 84635 88459 555 10035 29055 66666 00062 10064 20072 30074 50074 90088=
40741 42660 60000 10074 21001 39797 40130 53007 81506 333 10123 20073 70000 81635 86269 555 10044 29059 66666 00076 10084 20091 30096 50099 90117=
40743 42660 70706 10096 21085 38987 40088 53004 83506 333 10124 20095 70000 83635 86270 555 10033 29027 66666 00093 10101 20111 30115 50121 90134=
40745 42660 42302 10042 21031 38980 40125 53003 81502 333 10100 20032 70000 81640 83069 555 10012 29059 66666 00024 10038 20062 30074 50068 90105=
40747 41560 69901 10012 21006 38565 40121 52019 70272 85770 333 10037 20006 70060 82725 84635 85458 555 10005 29088 66666 00019 10038 20055 30065 50071 90093=
40754 41557 73204 10022 21002 38757 40109 53011 71022 85370 333 10110 20021 70050 82930 83635 86459 555 10012 29084=
40762 41960 72902 10014 21120 38499 40125 53006 70522 80006 333 10082 20013 70000 87269 555 11024 29036 66666 00024 10035 20046 30057 50067 90090=
40766 42560 63002 10004 21019 38632 40137 52019 86370 333 21008 70166 81730 82940 83645 86360 555 11005 29084 66666 00026 10040 20060 30068 50076 90102=
40768 42660 41102 11041 21044 38184 40139 52014 84400 333 10001 21048 70146 84640 555 11040 29098 66666 00019 10026 20031 30043 50040 90058=
40769 41/10 90000 11003 21003 38219 40104 52011 77177 333 10056 21003 70120 89/// 555 11003 29100 66666 00026 10034 20050 30056 50070 90102=
40780 42960 01301 11017 21023 38629 40167 52015 333 10017 21026 70224 555 11018 29096 66666 00036 10042 20052 30064 50084 90102=
40782 41660 82504 10021 20014 38815 40140 52020 70262 8632/ 333 10055 20015 70188 82935 84640 88458 555 10018 29095=
40785 41656 83304 10055 20041 39041 40133 52036 76322 8352/ 333 10118 20055 70000 83635 88559 555 10049 29091 66666 00078 10090 20096 30100 50110 90160=
40791 41957 00101 10079 21063 39280 40100 52009 70500 333 10138 20079 70000 555 10029 29036 66666 00092 10102 20120 30130 50140 90162=
40792 42660 41406 10105 21048 38660 40087 52009 81571 333 10124 20103 70000 81635 555 10045 29034=
40798 41557 71702 10008 21005 37889 40102 52013 78582 85370 333 20004 20051 70018 82930 84635 85459 555 10003 29091 66666 00018 10025 20042 30051 50061 90079=
40800 42960 03002 10081 21012 38389 40078 52019 333 10110 20079 70001 555 10042 29052 66666 00082 10090 20068 30074 50086 90120=
40809 42660 70904 10066 21074 38449 40107 53007 82570 333 10094 20060 70000 82635 87459 555 10016 29036 66666 00057 10068 20086 30092 50102 90128=
40811 41618 82903 10143 20037 30109 40135 52018 70662 8537/ 333 10193 20143 70013 82935 83640 87460 555 10095 29049 66666 00152 10166 20176 30180 50190 90208=
40812 41660 80802 10115 20061 39749 40123 52013 70262 8432/ 333 10184 20115 70045 81935 83640 88460 555 10089 29069 66666 00134 10144 20154 30166 50172 90196=
40821 41958 12410 10153 21075 38717 40067 53013 70710 81070 333 10160 20104 70000 81360 555 10065 29020 66666 00087 10095 20109 30112 50114 90134=
40829 42960 50102 10066 21115 39570 40146 53011 85070 333 10148 20054 70000 85359 555 10012 29026 66666 0//// 10060 20120 30120 50142 90178=
40831 41620 72903 10137 20032 30136 40144 52015 70622 87300 333 10174 20137 70000 81935 87640 555 10090 29049 66666 00140 10158 20190 30196 50204 90224=
40833 41620 53302 10144 20097 30112 40144 52014 70521 85500 333 10218 20139 70007 85640 555 10120 29073 66666 00166 10170 20186 30188 50196 90216=
40835 42660 60000 10130 20010 39319 40148 53003 82370 333 10162 20121 70004 81935 86360 555 10077 29044 66666 00060 10090 20114 30138 50155 90175=
40841 42960 51304 10082 21029 38225 40128 52018 85070 333 10119 20057 70000 85360 555 10036 29045 66666 00064 10060 20062 30086 50110 90144=
40845 41650 63309 10180 20119 30127 40132 53012 70600 82570 333 10210 20180 70000 82640 86360 555 10146 29067 66666 00176 10176 20180 30182 50186 90202=
40848 41558 61305 10083 20014 38507 40142 52012 70511 83330 333 10108 20078 70000 81930 83635 555 10052 29062 66666 00064 10072 20094 30098 50102 90124=
40854 42960 42602 10174 20005 38905 40070 51015 84070 333 10197 20138 70000 84460 555 10096 29032 66666 00122 10140 20156 30164 50174 90198=
40856 42660 72411 10134 21049 38625 40132 53011 81576 333 10145 20094 70000 81640 84360 86270 555 10060 29028 66666 00098 10098 20098 30102 50112 90134=
40859 41658 81101 10070 20062 38710 40167 51015 76062 8532/ 333 10132 20070 70033 82935 84640 88460 555 10066 29095 66666 00082 10102 20110 30118 50128 90150=
40875 41556 70604 10201 20146 30147 40159 53007 70562 87500 333 10210 20143 79999 87630 555 10169 29071 66666 00202 10216 20222 30218 50232 90244=
40879 42965 70202 10114 21076 39498 40176 53016 80006 333 10221 20110 70000 87270 555 10047 29026 66666 00152 10164 20194 30204 50206 90234=
40882 41558 71005 10218 20121 30106 40141 51014 70522 84506 333 10224 20210 70000 84630 87269 555 10163 29054 66666 00204 10210 20214 30224 50220 90244=
40883 41940 61105 10202 20151 30122 40149 53016 70522 86020 333 10212 20194 70001 86459 555 10172 29073 66666 00200 10206 20212 30222 50230 90244=
40893 41558 30907 10209 20142 30157 40163 53011 70500 81510 333 102302 20202 70000 81630 83459 555 10170 29066 66666 00221 10225 20238 30239 50244 90241=
40898 42960 00404 10180 20101 30171 40180 52011 222// 00228 20900 333 10218 20180 70000 555 10138 29060 66666 00174 10190 20232 30250 50258 90268=
41024 42960 00305 10201 20130 30113 40139 333 58032=
41036 41958 03305 10127 20100 38553 48502 71000 333 58019 555 04410 50131=
41055 42960 01002 10170 21140 38351 48497 333 58013 555 04410 50107=
41061 42960 02704 10155 21030 39408 40105 333 58012=
41084 42960 00000 10139 20050 38842 48499 333 58026 555 04410 50097=
41112 42960 02006 10142 21170 37940 48510 333 58011 555 04410 50097=
41114 42960 01706 10122 21040 37979 48513 333 58011 555 04410 50102=
41128 42960 02206 10150 21090 38792 48501 333 58013 555 04410 50099=
41136 42960 02606 10119 21080 39297 40098 333 59002=
41140 41959 00000 10220 20190 30116 40123 71000 333 58015=
41150 42962 69902 10199 20120 40106 8603/ 333 59001 86362=
41176 44/67 /1808 10210 20148 30101 40107 333 59017=
41184 42960 51114 10219 20141 40148 81031 333 59016 81360 84070=
41194 42960 41606 10204 20130 30141 40147 80001 333 59005 84075=
41196 42960 41606 10195 20150 30110 40152 80001 333 59008 84075=
41216 42960 51416 10196 20142 30133 40137 80004 333 59015 85075=
41217 42960 51414 10187 20140 30107 40137 80001 333 59012 85075=
41240 26/// /1312 10227 20162 30133 40163 333 0E/// 55300 25022 59010 70000=
41244 36/// /1609 10157 20119 39716 40139 333 0E020 55300 25022 59017=
41253 36/// /1902 10156 20138 39783 40152 333 0E016 55300 25022 59017=
41263 36/// /0902 10141 20123 39577 40154 333 0E015 55300 20000 59003=
41267 36/// /1809 10209 20140 30150 40163 333 0E019 59002=
41268 36/// /2205 10172 20136 30114 40163 333 0E017 55300 25022 58002=
41275 36/// /0807 10130 20115 30006 40182 333 0E013 55300 20000 59002=
41288 36/// /1010 10221 20152 30144 40166 333 0E021 58001=
41315 36/70 /1612 1//// 2//// 39322 47910 333 0E021 55300 21527 58002=
41316 32584 69902 10226 20160 30128 40158 86500 333 58000 55000 55407 55408 55507 55508 86625=
41396 42965 00401 10112 20079 39404 40151 333 59009=
41480 42560 50106 10236 20181 30131 40139 85500 333 59002 85620=
41506 12960 03602 10035 21103 38572 48680 60001 333 20002 58021 70000==
41508 12960 20000 11011 21040 38707 48670 60001 80001 333 21018 56008 58007 70000==
41515 12960 00000 10016 21043 38581 48410 60001 333 21006 58001 70000==
41516 12940 00000 10000 21028 38625 48760 60001 333 21046 58060 70000==
41517 11440 30000 11050 21097 37869 48200 60001 70400 83530 333 21056 56880 58074 70000==
41518 12460 40000 10017 21036 30001 48010 60001 82230 333 20010 56880 58000 70000==
41519 12960 03101 10065 21043 38817 48490 60001 333 20060 58025 70000==
41523 12960 00000 10020 21006 39133 48240 60001 333 20010 58002 70000==
41535 12960 00000 10005 21008 38740 48000 60001 333 21016 59003 70000==
41536 12960 00000 10075 21028 39079 48360 60001 333 20040 59002 70000==
41560 12960 01301 10015 21010 38303 48360 60001 333 21030 58016 70000==
41571 11940 40502 10075 20017 39605 40215 60001 70500 80001 333 20056 56008 59018 70000==
41598 11920 40502 10095 20010 39901 40183 60001 70400 84030 333 20064 56080 59015 70000==
41600 11440 40000 10085 20039 39875 40182 60001 70410 83570 333 20064 56880 59012 70000==
41620 11440 22301 10035 21071 38609 48090 60001 70500 82500 333 20010 58008 70000==
41624 11920 03101 10085 20026 39995 40204 60001 70400 333 20064 58000 70000==
41630 11940 40000 10070 20035 30000 40196 60001 70400 84030 333 20064 56080 59010 70000==
41640 11940 30000 10105 20050 39929 40186 60001 70400 83030 333 20086 56080 59012 70000==
41660 12960 71304 10060 21129 38454 48450 60001 84031 333 21016 56088 59013 70000==
41678 11940 00000 10100 20057 30000 40195 60001 70400 333 20084 58010 70000==
41696 12960 40000 10000 21041 38004 48390 60001 80001 333 21046 56008 59009 70000==
41697 12960 00000 10070 20021 30028 40193 60001 333 20060 58015 70000==
41700 11910 20000 10080 20058 30057 40192 60001 71000 82030 333 20072 56080 58014 70000==
41710 12460 70501 10110 21066 39355 40141 60001 86510 333 20064 56880 59035 70000==
41712 12440 60000 10050 20001 39203 48100 60001 83530 333 20044 56880 59026 70000==
41715 11910 00000 10110 20068 30131 40198 60001 70400 333 20084 58009 70000==
41718 11920 00000 10070 20035 30094 40203 60001 70400 333 20048 58015 70000==
41725 11920 40501 10115 20062 30115 40195 60001 70500 84030 333 20084 56080 58022 70000==
41739 12440 60000 10090 20009 39086 48280 60001 83530 333 20052 56880 58008 70000==
41744 12940 00000 10060 21033 38809 48240 60001 333 20034 58013 70000==
41749 11920 20000 10100 20068 30171 40204 60001 70400 82001 333 20084 56008 58018 70000==
41756 11940 30000 10155 20098 30114 40182 60001 70504 80001 333 20110 56008 58004 70000==
41757 12940 00000 10110 20079 30178 40191 60001 333 20094 58011 70000==
41759 12940 20000 10090 20045 30174 40180 60001 82030 333 20074 56080 58003 70000==
41764 11920 33605 10155 20020 30133 40185 60001 70400 83010 333 20124 56080 58004 70000==
41768 12940 03601 10080 20033 30171 40178 60001 333 20054 58011 70000==
41780 11940 20203 10160 21025 30152 40180 60001 70500 80001 333 20120 56008 58005 70000==
41785 12940 00501 10095 20063 30166 40179 60001 333 20090 59003 70000==
41859 01440 22303 10171 20110 30114 40153 70500 82500 333 20125 58023 70000 82618==
41883 02956 00000 10182 20130 30132 40153 333 20120 58017 70000==
41907 01940 00000 10170 20110 30145 40160 70500 333 20102 58025 70000==
41923 02956 03004 10216 20070 30151 40161 333 20175 58022 70000==
41936 01907 00000 10166 20160 30148 40155 74444 333 20122 58022 70000==
41943 01930 00000 10205 20130 30150 40157 70540 333 20148 58018 70000==
41950 01945 00000 10194 20110 30161 40163 70500 333 20137 58026 70000==
41978 01922 00104 10227 20170 30146 40152 72840 333 20185 58014 70000==
41992 01925 00000 10245 20190 30149 40151 70500 333 20198 58014 70000==
42027 32596 60000 11016 21041 38479 48566 81521 333 21033 58028=
42071 31995 49902 10072 20029 40191 70500 84030 333 10204 20058 59013 84360=
42101 31995 32902 10098 20068 40189 71000 80002 333 10225 20076 59012 83070 555 10012=
42111 31996 32701 10090 20070 39431 40157 71011 82031 333 10223 20066 59011 82360 83070 555 10007=
42123 31995 32301 10104 20046 40195 70500 83030 333 10238 20087 59004 83360 555 10013=
42131 31995 52702 10100 20052 40195 70511 80001 333 10223 20074 59008=
42165 32996 00000 10110 20043 40199 333 10253 20094 58009 555 10001=
42182 31995 32704 10130 20053 40178 70500 83030 333 10236 20100 59007 83360 555 10007=
42189 31994 01801 10104 20070 40160 71000 333 10231 20075 58001 555 10013=
42309 21394 81601 10178 20168 40147 71022 8632/ 333 20120 58007 6002/ 555 00018 10079=
42314 21595 70000 10180 20167 40143 71022 82530 333 20142 58005 6992/ 82620 87360 555 00002 10045=
42328 32596 50902 10126 20063 40171 83531 333 10259 20108 58000 83630 81360 84070 555 10002=
42339 31995 00502 10128 20023 40201 70500 333 10268 20113 58005 555 10001=
42348 31995 09902 10134 20037 40199 70500 333 10242 20102 58004 555 10013=
42361 21040 00000 10154 20043 40189 70500 333 20106 58001 60005==
42369 31995 02704 10116 20061 40170 70500 333 10260 20080 58008=
42379 31995 02704 10134 20068 40148 70500 333 10256 20103 58013=
42398 31594 49901 10160 20139 40136 71000 84530 333 20144 58011 555 10000=
42410 31594 30000 10158 20140 40149 71000 81530 333 20133 58004 81620 83360 555 10004=
42415 21595 20000 10192 20165 40152 71011 82500 333 20172 58006 6994/ 82620 555 00004 10019=
42452 31996 00000 10144 20075 40192 70500 333 10240 20092 58008 555 10014=
42492 31995 02706 10146 20073 40160 70500 333 20134 58011 555 10001=
42559 32996 00502 10118 20032 40193 333 20082 58009 555 10000=
42571 31996 00000 10128 20056 40191 70500 333 20086 58009 555 10002=
42591 31995 02305 10150 20053 40179 70500 333 20102 58010 555 10000=
42623 31494 40501 10144 20108 39281 40161 71000 83530 333 10248 20124 58015 83618 84360 555 10001=
42634 32996 06000 10148 20028 40175 333 20137 58002=
42647 31995 00506 10182 20038 40171 70400 333 20150 58001 555 10000=
42667 31996 00208 10144 20041 39580 40295 70544 333 20104 58009 555 10000=
42675 31996 23601 10140 20051 40194 70500 82030 333 20102 58031 82360 555 10000=
42701 31996 03206 10154 20016 39414 40157 70500 333 10263 20124 58014 555 10000=
42724 31995 00000 10190 20142 40156 70500 333 20132 555 10000=
42737 32996 00704 10198 20027 40164 333 20133 59001 555 10000=
42754 21020 00708 10152 20047 39532 40185 70500 333 20120 58013 60005==
42779 32996 03602 10152 20047 39467 40181 333 20116 58008 555 10000=
42798 31996 03203 10190 20050 40163 70500 333 20130 58024 555 10000=
42809 31995 03402 10212 20083 40165 70500 333 20178 58025=
42840 32996 03602 10208 20087 40145 333 20184 58004 555 10000=
42867 31996 20203 10206 20063 40175 70500 82030 333 20174 58016 82360 555 10001=
42874 31996 03602 10206 20079 40171 70500 333 20178 58018 555 10000=
42895 32996 23602 10228 20095 40167 82030 333 20175 58024 82360 555 10000=
42909 32996 00208 10214 20075 40143 222// 20000 333 20189 59005 555 10000=
42971 31595 63601 10240 20186 40166 70521 84530 333 20200 58026 84620 86360 555 10000=
43003 31995 00000 10250 20177 40126 70400 333 20215 58008 555 10000=
43014 31995 30903 10210 20141 39499 40152 70540 83030 333 20174 58015 83360 555 10000=
43041 31995 00000 10217 20168 39540 40161 70500 333 20186 58019 555 10000=
43063 31996 00000 10192 20166 39522 40155 70500 333 20164 58016 555 00000 10000=
43086 31496 20000 10230 20202 39970 40149 70510 82600 333 10344 20184 58016 555 10000=
43110 31996 01102 10230 20155 40134 70544 333 20201 58017 555 10000=
43117 32997 00502 10244 20202 40142 333 20222 58015 555 10000=
43128 31996 09901 10246 20164 39543 40148 70500 333 10335 20196 58019 555 10000=
43150 31995 20000 10254 20218 30092 40153 70500 80001 222// 20000 333 10310 20237 58015 82075 555 10000=
43185 31595 20000 10248 20236 30138 40142 71000 82500 333 10345 20219 58013 82620 555 10000=
43189 31596 10000 10256 20235 30144 40153 70500 81500 333 10336 20234 58014 555 10000=
43192 43196 31995 00501 10230 20215 40136 70500 333 10332 20214 58016 555 10000=
43198 32496 31406 10224 20101 39312 40137 82501 333 10336 20158 56309 58016 82612 555 10000=
43201 32997 00502 10250 20106 39394 40115 333 10342 20166 58017 555 10000=
43213 31996 00000 10234 20183 39814 40133 70500 333 10363 20202 58017 555 10000=
43233 32997 10903 10236 20200 39329 40146 80001 333 10324 20172 58013 555 10000=
43237 31996 00000 10218 20135 39720 40117 70500 333 10351 20165 58013 555 10000=
43245 32997 00000 10254 20233 30120 40147 333 10331 20235 58011 555 10005=
43279 31594 33202 10246 20222 30132 40150 71000 82501 333 10330 20213 58016 82620 555 10056=
43284 31996 00905 10236 20199 30012 40128 71000 333 10352 20219 58014=
43295 32997 11403 10220 20149 39130 48536 80001 333 10307 20159 58015 81075 555 10005=
43310 32496 40502 10260 20231 40120 82211 333 20223 58005=
43314 32997 20000 10264 20229 40127 80008 333 10352 20246 58014=
43321 31392 49902 10194 20191 39697 40153 74741 81601 333 10328 20184 58017 81708 84012 555 10001=
43329 31596 23402 10234 20219 30133 40147 71000 81501 333 10310 20198 58023 555 10005=
43333 31495 40502 10280 20211 40130 70510 83501 333 20216 58006 83618=
43344 31995 20206 10238 20211 30048 40149 71021 80001 333 10321 20210 58019 82075 555 10015=
43369 32497 40000 10268 20248 40125 84400 333 10321 20245 58015 83618 555 10073=
43371 31996 10000 10238 20198 30054 40127 71000 80001 333 10336 20222 58014 81071=
43404 22/70 40602 10265 20247 30131 40134 5/026 333 10317 20210 3/019 553// 20210 58017 60008 70000 81818 91004==
43410 22470 10706 10278 20221 30134 40137 52026 81100 333 10280 20263 3/024 58019 60008 70000==
43413 22470 20504 10274 20243 30135 40140 52026 82100 333 10322 20255 553// 20226 58017 60008 70000 91007==
43415 22470 40301 10252 20231 30024 40132 52/// 84000 333 10284 20219 3/019 58005 60008 70000==
43418 22470 30501 10271 20225 30092 40133 52025 83100 333 10275 20245 58018 60008 70000 83/18==
43421 22970 00401 10252 20251 30031 40137 52027 333 10324 20223 58016 60008 70000 91002==
43424 22970 00302 10240 20234 30127 40129 51026 333 20222 58016 60008 70000==
43436 22470 30500 10267 20247 30129 40132 52030 82000 333 10284 20245 3/023 58019 60008 70042==
43441 22970 10502 10260 20221 39986 40119 52025 81/// 333 20219 58011 60008 70000==
43444 22/68 /1102 10228 20198 39589 40122 54024 333 20198 58011 60008 70000==
43450 21/57 10204 10258 20219 30115 40127 52021 70500 333 10317 20223 3/019 58014 60008 70000==
43466 22968 00502 10267 20187 30118 40126 5/026 333 10315 20245 553// 20201 58015 60008 70000 91004==
43467 21/58 10500 10266 20221 30114 40120 51026 70500 333 20246 58010 60008 70000==
43473 22470 21004 10155 20155 38138 48505 52021 82000 333 10218 20081 3/006 553// 20292 58009 60008 70000 91007==
43475 22470 63302 10279 20220 30123 40128 52023 83208 333 10316 20231 553// 20238 58009 60008 70000 91004==
43476 21435 33400 10172 20162 38794 48536 52021 71010 83000 333 10219 20135 58012 60008 70000 91001==
43479 22470 61301 10193 20184 39287 86200 333 10243 20168 58010 60008 70000==
43486 21/56 11801 10273 20223 30026 40126 51027 70500 333 10346 20218 553// 20244 58014 60008 70000 91001==
43495 22968 50302 10280 20190 30104 40117 5/250 333 10289 20242 58120 60008 70000==
43497 22470 30204 10279 20000 30102 40119 5/020 82000 333 10328 20232 553// 20268 58007 60008 70000 91007==
44212 42984 03601 11222 21264 39267 40533 52004==
44213 42/84 20000 11235 21276 38901 40533 52005 82030==
44214 42960 00000 11183 21257 38355 40510 54000==
44215 42970 02001 11231 21277 38496 40555 52005==
44217 32998 00000 11274 21324 37904 40650 54000 333 91200=
44218 41940 02901 11220 21257 38709 40542 52006 70400==
44219 32999 43102 11200 21221 38725 40525 53001 82054 333 91202=
44265 42984 02601 11194 21231 38940 40487 51009==
44266 32999 01502 11221 21266 37820 40570 53002 333 91208=
44404 22358 20903 10107 21005 38133 48477 81101 333 20050 58002 60004=
44416 22960 20503 10106 20065 39367 40146 80004 333 20039 58002 60004=
44424 22960 01702 10015 21050 37693 47068 80000 333 21060 58012 60004=
44434 21325 21302 10136 20123 39232 48517 71044 81130 333 20087 58007 60004=
44438 21925 02504 10136 20104 30013 40142 71044 80000 333 20092 58014 60004=
44449 21925 02703 10116 20109 39988 40147 71044 80000 333 20090 58015 60004=
44454 21435 21502 10104 20047 38660 48496 70540 82100 333 20047 58004 60004=
44462 22963 00901 10128 20044 38241 48460 80000 333 20077 59002 60004=
44474 21920 00000 10112 20066 38248 48496 71044 80000 333 20062 58002 60004=
44477 21340 11801 10144 20113 38808 48514 7014/ 81100 333 20080 58006 60004=
44478 21920 02710 10138 20121 30054 40136 71044 80000 333 20110 58010 60004=
48010 41905 01801 10160 20152 39982 40140 74244 333 58013==
48020 41256 30000 10160 20144 70142 83800==
48025 41110 42701 10171 20154 31003 40151 58010 74044 84800==
48048 42956 00401 10210 20160 30076 40134 333 58010==
48052 32957 00000 10219 20156 333=
48062 42556 23602 10230 20198 30123 40129 82500 333 58003==
48064 42950 01401 10200 20168 30050 40109 333 58007==
48094 42958 00000 10250 20215 30117 40127 333 58010==
48109 42460 20401 10280 20220 30137 40140 82500 333 58004==
51076 14/79 /0000 11138 21195 39457 40421 52013 60001 333 11080 21203 3/103 4/025 59020 70000 90761 91103==
51087 14/76 /3302 11126 21200 39305 40416 52012 60001 333 11072 21179 3/106 4/018 59020 70000 90761 91103==
51156 14/80 /3603 11111 21184 38762 40394 52005 60001 333 11010 21144 3/116 59012 70000 90761 91106==
51243 14/49 /2401 11201 21228 39818 40432 52004 60001 71000 333 11135 21213 3/116 59028 70000 90761 91102==
51334 14/33 /2101 11195 21221 39977 40430 52005 60001 71000 333 11130 21227 3/111 4/012 59017 70000 90761 91103==
51379 14/57 /2101 11212 21236 39374 40441 52007 60001 333 11109 21262 3/107 4/023 59028 70000 90761 91103==
51463 14/62 /1200 11129 21176 39111 40401 52008 60001 333 11097 21154 3/101 4/036 59022 70000 90761 91104==
51573 14/68 /3301 11020 21151 30322 40374 52013 60001 333 10048 21054 3/111 59015 70000 90761 91104==
51644 14/38 /0201 11072 21101 39050 40379 52014 60001 70500 333 10003 21098 3/106 4/003 59002 70000 90761 91102==
51656 14/46 /2601 11065 21109 39263 40381 52015 60001 70500 333 10003 21077 3/109 59004 70000 90761 91103==
51709 14/61 /2902 11079 21163 38706 40372 52011 60001 333 10007 21090 3/111 59001 70000 90761 91104==
51711 14/58 /2600 11142 21166 38062 40358 52018 60001 333 11032 21157 3/120 58002 70000 90761 91104==
51716 14032 00000 11074 21114 39006 40379 52010 60001 333 10029 21101 3/115 59003 70000 90761 91103==
51765 14/50 /2701 11065 21128 39324 40378 52012 60001 70500 333 10026 21102 3/114 59007 70000 90761 91103==
51811 14050 02701 11082 21168 38876 40376 52010 60001 333 10026 21107 3/118 58003 70000 90761 91102==
51818 14/38 /2401 11069 21174 38720 40364 52012 60001 70600 333 10027 21092 3/115 58007 70000 90761 91102==
51886 14/80 /1803 11103 21192 37128 40317 52016 60001 333 11031 21136 3/118 58013 70000 90761 91106==
52203 14/67 /2001 11048 21179 39448 40390 52012 60001 333 10015 21150 3/120 59014 70000 90761 91103==
52602 14/80 /1001 11101 21264 37278 40333 52016 60001 333 10007 21142 3/115 58014 70000 90761 91110==
52818 14/80 /3002 11079 21250 37256 40319 52016 60001 333 11012 21095 3/113 58019 70000 90761 91106==
52908 14/80 /2905 11134 21247 35736 40294 52015 60001 333 11033 21193 3/123 58013 70000 90761 91107==
55299 14/60 /0101 11074 21329 35834 40147 52027 60001 333 10069 21167 3/127 58007 70000 90761 91104==
55591 14/79 /2604 10085 21271 36486 49951 52018 60001 333 10167 20023 3/110 59002 70000 90761 91112==
56004 14/80 /2903 11134 21239 35800 40236 52016 60001 333 10018 21212 3/125 58014 70000 90761 91107==
56018 14/57 /0901 11049 21283 36147 40108 52018 60001 70500 333 10088 21139 3/119 58004 70000 90761 91105==
62332 42560 62610 10126 20064 40198 52003 86800==
62366 35560 43005 10124 20029 40206 52006 84800=
62387 42/60 30000 10068 20031 40219 52007 83030==
62393 32960 03406 10061 20020 40232 52004=
62405 32960 03304 10113 20024 40194 52002=
62414 32960 03505 10100 20026 40185 52006=
62419 32960 03510 10114 20094 40189 52002=
62420 42960 03502 10079 20019 40228 52002==
62458 42960 00000 10093 20002 40206 52004==
41256 329// 31605 10183 20132 30138 40155 90245 333 59010 55001 55407 55408 55507 55508=
