SIPK OPKC 012100=
41504 22995 01804 11030 21089 37878 48549 333 58014 60007 RH60%=
41506 22995 00000 10010 21015 38551 48547 333 58025 60007 83%=
41507 22996 00000 10090 20035 39255 49783 333 59002 60007 69%=
41508 22995 00000 10006 21023 38692 48554 333 58037 60007 82%=
41509 22996 02302 10045 21020 38796 48530 333 58035 60007 RH62%=
41510 22996 00000 11030 21044 37928 48557 333 58025 60007 90%=
41509 22996 02302 10045 21020 38796 48530 333 58035 60007 RH62%=
41510 22996 00000 11030 21044 37928 48557 333 58025 60007 90%=
41515 22995 00000 10036 21051 38539 48501 333 59034 60007 53%=
41516 22696 60000 10040 21011 38584 48539 82510 333 56990 58030 60007 82640 85460 RH69%=
41517 21696 70000 11010 21037 37815 48556 70422 83570 333 56990 58030 60007 83635 87460 82%=
41518 22696 71804 10078 21021 38/// 48/// 83520 333 56990 5//// 60007 83640 86462 49%=
41519 22696 63102 10080 21021 38795 48529 83520 333 56990 58038 60007 83640 83462 RH49%=
41520 22595 71802 11015 21040 37644 48305 86670 333 56990 58022 60007 83720 83640 86762 81%=
41523 22996 00000 10035 20010 39106 48502 333 58039 60007 84%=
41524 22996 40000 10130 21009 39345 40214 84020 333 56090 59003 60007 84460 RH 38%=
41525 22696 20000 11010 21034 37675 48415 82500 333 56900 58013 60007 82640 82%=
41528 21696 50000 10050 20039 39253 48516 70422 82520 333 56990 58028 60007 82640 83460 92%=
41529 22996 03102 10080 20033 39792 40188 333 58052 60007 72%=
41530 219// 01806 10100 21016 39751 40177 70500 333 58041 60007 44%=
41534 02996 00000 10085 20039 39751 40179 333 58045 60007 73%=
41535 22996 00000 10045 20009 38715 48480 333 58017 60007 77%=
41560 22996 02304 10010 21037 38287 48522 333 59015 60007 RH82%=
41562 22996 03104 10100 20031 39701 40177 333 58045 60007 RH62%=
41562 22996 03104 10100 20031 39701 40177 333 58045 60007 RH62%=
41565 22996 03104 10072 21019 38665 48529 333 58037 60007 53%=
41567 21996 00000 10090 20045 39727 40158 70400 333 58048 60007 73%=
41571 219// 20000 10095 20042 39583 40183 70500 82030 333 56090 58050 60007 RH69%=
41572 21996 02306 10085 20042 39523 40166 70400 333 58044 60007 RH 74%=
41573 22997 51304 10040 20005 37961 48495 86070 333 56090 58025 60007 86360 78%=
41574 22697 50000 10030 20007 38349 48532 83520 333 56990 58025 60007 83640 83460 85%=
41576 21995 00000 10105 20062 40177 70400 333 58030 60007 75% =
41577 21996 10000 10065 20043 40182 70411 80030 333 56090 58032 60007 81360 RH 86%=
41593 21996 00000 10115 20062 39939 40161 70400 333 58046 60007 70%=
41597 21996 00000 10100 20057 40179 70400 333 58042 60007 74%=
41598 21995 00000 10105 20074 39880 40159 71000 333 58024 60007 81%=
41599 21696 50000 10120 20111 39871 40168 74444 82470 333 56990 58046 60007 82640 83460 94%=
41600 21692 60000 10105 20105 40167 74442 83570 333 56990 58044 60007 83645 83462 100%=
41620 31996 01302 10040 21063 38584 48485 70500 333 58026 60007 47%=
41624 21994 00000 10110 20068 40163 70400 333 58046 60007 75%=
41625 21995 02302 10105 20062 40156 70400 333 58036 60007 75%=
41630 21996 03604 10110 20068 40169 70400 333 58043 60007 75%=
41633 21996 00000 10100 20079 4//// 70400 333 5//// 60007 87%=
41634 22996 00000 10085 20030 3//// 4/// 333 5//// 60007 68%=
41635 21995 00000 10080 20058 3//// 4//// 71000 333 5//// 60007 86%=
41636 21996 00000 10100 20068 39973 40165 70400 333 58022 60007 81%=
41638 21996 00000 10110 20090 4//// 70400 333 5//// 60007 87%=
41639 21995 30000 10120 20090 4//// 71010 83030 333 56090 5//// 60007 83460 82%=
41640 21/91 90000 10120 20120 40164 74544 333 58041 60007 89/// 100%=
41641 21191 00000 10105 20105 39878 40161 74544 333 58035 60007 89/// 100%=
41642 21993 00000 10095 20085 4//// 74200 333 5//// 60007 93%=
41643 21/90 90000 10080 20080 39878 40165 74544 333 58048 60007 89/// 100%=
41644 21995 00000 10100 20090 4//// 71000 333 5//// 60007 93%=
41646 21995 00000 10110 20079 39956 40177 71000 333 58037 60007 81%=
41652 21996 03104 10090 20018 39979 40164 70400 333 58035 60007 61%=
41660 229// 01304 10005 21087 38446 48538 333 58017 60007 RH: 50%=
41661 22996 00000 10000 21095 38400 48531 333 58029 60007 49%=
41669 21996 00000 10115 20085 3//// 4//// 70400 333 5//// 60007 82%=
41670 21996 00000 10120 20056 4//// 70400 333 5//// 60007 65%=
41674 21996 00000 10120 20090 3//// 4//// 70400 333 5//// 60007 82%=
41675 21996 00000 10110 20068 30013 40161 70400 333 58042 60007 75%=
41676 21995 00000 10125 20074 30024 40186 70400 333 58046 60007 71%=
41677 21995 00000 10090 20069 39982 40155 71000 333 58046 60007 86%=
41678 21995 00000 10120 20068 40156 70400 333 58044 60007 70%=
41679 21/91 90502 10115 20115 4//// 74544 333 5//// 60007 89/// 100%=
41680 21996 00000 10125 20085 40158 70400 333 58041 60007 77%=
41685 22997 00000 10065 21010 38912 48484 333 58026 60007 RH59%=
41696 22996 00000 11030 21072 38014 48555 333 58002 60007 RH70%=
41697 22996 00000 10130 20028 40158 333 58033 60007 RH50%=
41700 21995 00000 10105 20074 40155 71000 333 58045 60007 81%=
41701 21995 00000 10085 20052 40172 70400 333 58044 60007 79%=
41710 22996 00502 10070 21054 40206 333 58021 60007 41%=
41712 22996 00000 10055 21023 39235 48522 333 58018 60007 RH57%=
41715 21994 00000 10150 20113 40159 70400 333 58040 60007 RH78%=
41716 21995 00000 10110 20068 30065 40173 70440 333 58049 60007 75%=
41718 21994 00000 10100 20068 40145 71000 333 58026 60007 81%=
41724 21995 00000 10110 20056 40179 70400 333 58048 60007 RH69%=
41725 21996 00000 10130 20068 40163 70500 333 58055 60007 RH66%=
41726 21994 00000 10095 20020 30083 40158 71000 333 58020 60007 RH80%=
41738 22996 00506 10140 21068 40180 333 58009 60007 RH23%= 
41739 22996 00504 10070 21003 39076 48515 333 59001 60007 RH60%=
41742 22996 00000 10145 20062 40142 333 58033 60007 RH 58%=
41743 21996 00000 10105 20050 70400 333 60007 RH69%=
41744 22996 00000 10060 21001 38790 48496 333 58019 60007 RH 65%=
41745 21995 00000 10120 20068 70400 333 60007 RH 70%=
41746 22996 00000 10120 20079 40158 333 58048 60007 RH76%=
41747 21995 00000 10080 20046 40153 70400 333 58044 60007 RH79%=
41748 21996 00000 10115 20062 40171 70500 333 58048 60007 RH70%=
41749 21995 00000 10130 20091 40144 70400 333 59004 60007 RH77%=
41756 21995 03604 10160 20057 40165 70504 333 58022 60007 RH50%=
41757 22996 00508 10135 21005 30155 40168 333 58006 60007 RH41%=
41764 22996 03608 10165 20036 30089 40141 333 58030 60007 RH42%=
41765 22996 00000 10155 20050 30117 40153 333 58042 60007 RH49%=
41766 21994 03102 10120 20090 40147 74000 333 58021 60007 RH82%=
41767 22996 03602 10140 20068 3//// 4//// 333 60007 RH62%=
41768 22996 03602 10145 20117 30131 40138 333 58032 60007 RH83%=
41780 21996 00204 10165 20020 30124 40152 70500 333 58032 60007 RH38%=
41783 22996 03605 10130 20106 30087 40118 333 59028 60007 RH83%=
41785 22996 03102 10150 20081 30136 40149 333 58031 60007 RH 63%=
41786 22996 03602 10150 20028 30092 40129 333 58037 60007 RH44%=
41BKI 21996 21302 10095 20024 39744 40174 70400 82030 333 56090 58032 60007 82360 RH61%=
41SKP 21/92 90000 10080 20080 4//// 74544 333 5//// 60007 89/// 100%=
43532 21696 70000 10070 20048 39359 40190 70400 85520 333 56990 58021 60007 85640 85460 86%=
43533 22996 03102 10075 20030 39246 48500 333 58041 60007 73%=
43536 21595 81402 10038 20023 38442 48529 70252 8352/ 333 58038 6996/=
43563 22997 40504 10128 20035 40164 84030 333 56090 58041 60007 84360 52%=



Data Generated from File : D:/all data handling/Rmc_lhr/2025020121.FSU.txt
01/02/2025   21:56:47
____________________________________________________________________________________________
15020 24/70 /3302 10009 21031 30107 40313 51004 333 55300 20000 60007==
15090 24/61 22401 11022 21034 30218 40316 52009 81041 333 55300 10240 20000 30000 60007 91001 90730 91103==
15108 22270 3//// 11079 21085 38120 48541 57002 83500 333 55300 20000 60007==
15150 27/58 20000 11013 21019 30090 40315 52005 7101/ 82030 333 55300 20000 60007 91001 90730 91103==
15170 22960 03001 11041 21054 39495 42868 52008 333 55300 20000 60007 91002 90730 91103==
15280 22984 02905 11097 21109 37532 47068 57002 333 55300 20000 60007 91010 90730 91111==
15310 24968 03502 10015 20004 30215 40305 52005 333 55300 10220 20000 30000 60007 91003 90730 91103==
15335 24470 83102 10024 20012 30295 40302 51006 886// 333 55300 20000 60007 91002 90730 91103==
15350 24570 40502 10043 20017 30185 40309 52004 84500 333 55300 20000 60007 91004 90730 91105==
15360 24/70 33406 10039 20020 30274 40292 52005 83030 333 55300 20000 60007 91008 90730 91108==
15420 24566 70801 10050 20023 30188 40302 52003 84570 333 55300 20000 60007 91002 90730 91103==
15460 24/70 /0401 10053 20029 30276 40302 52004 333 55300 20000 60007==
15470 24/63 80703 10061 20041 30166 40296 52007 8807/ 333 55300 20000 60007 91005 90730 91108==
15480 24570 50000 10061 20028 30277 40295 52004 85500 333 55300 10150 20000 30000 60007 91002 90730 91105==
15549 42970 51402 10061 20052 39861 40284 52004 85030 333 10064 20059 555 594//=
15552 41458 80201 10082 20069 30236 40286 52003 71022 886// 333 10091 20082 555 592// 92022 92426=
15640 41/07 90000 10058 20049 39975 40294 52012 74344 333 10072 20055 555 594//=
15655 42558 51403 10067 20060 30252 40286 58003 85500 333 10086 20067 555 595// 92024 92426=
15730 42670 60000 10102 20057 39864 40261 51002 83221 333 10117 20098 555 574//=
16627 41106 50000 10070 20061 30260 40267 51002 74242 85600 333 90730 91106==
16650 41002 93603 10090 20090 30251 40260 54000 74342 333 90730 91106==
16667 42560 22704 10118 20094 30246 40256 54000 82100 333 90730 91106==
16723 42560 19903 10120 20079 30227 40240 57002 81200 333 90730 91110==
16742 42560 13507 10130 20099 30079 40235 50001 81100 333 90730 91111==
16749 42960 09901 10140 20106 30214 40229 55001 333 90730 91111==
16754 42560 21806 10120 20101 30204 40253 51001 82100 333 90730 91110==
16760 46/// /0000 10073 20058 39837 40262 52001 333 90730 91105==
16765 46/// /3208 10144 20108 30219 40239 52002 333 90730 91116==
17022 41535 72602 10079 20079 30109 40276 58001 75154 87700 333 87725 90730 91110==
17024 47/24 /2915 10087 20075 30180 40257 50000 704//==
17026 46/64 /3204 10082 20066 30227 40265 55003==
17031 41945 01503 10024 20015 30257 40263 57003 71000 333 90730 91105==
17034 42970 03301 10094 20002 30223 40270 58001==
17038 42970 02208 10105 21014 30214 40262 53003 333 90730 91114==
17042 46/74 /1104 10064 21016 30232 40272 50000==
17050 42970 03601 10114 20069 30218 40281 52013 333 90730 91105==
17056 41970 00504 10077 20062 30281 40285 52013 72844 333 90730 91108==
17060 42360 60514 10093 20063 30246 40287 52007 86700 333 86707 90730 91120==
17070 46/80 /3101 10054 20024 39384 40252 50000==
17074 46/74 /2303 10027 20014 39316 40247 50000==
17084 42970 01001 11002 21007 39348 40276 50003 333 90730 91102==
17085 46/62 /3201 10023 21011 39770 40262 52007==
17092 42960 00000 11058 21094 38937 48551 50003 333 90730 91106==
17096 41957 00000 11209 21209 38291 48569 58001 71000 333 90730 91104==
17098 42960 03104 11136 21158 38237 48554 56001 333 90730 91106==
17100 41920 00000 11028 21092 39254 40284 52003 70500 333 90730 91102==
17112 47/20 /0403 10084 20080 30259 40265 51003 720//==
17115 41012 70114 10083 20081 30224 40276 52005 72841 87700 333 87701 90730 91120==
17116 42960 00000 10063 20063 30147 40270 58001 333 90730 91103==
17124 41556 52301 10010 20003 39345 40283 58001 71000 85500 333 85626 90730 91106==
17128 42960 01701 10016 21021 39153 40273 50003 333 90730 91106==
17135 42970 00000 10032 20000 39372 40265 50003 333 90730 91104==
17140 42965 00602 11008 21033 38766 48548 50003 333 90730 91104==
17150 41656 12301 10065 20065 30136 40262 51002 71000 81100 333 81835 90730 91105==
17160 46/81 /0104 10005 21073 39087 40255 50001==
17170 42560 10804 11061 21103 38375 48547 58003 81500 333 81630 90730 91105==
17175 42965 00000 10100 20090 30243 40247 50000 333 90730 91102==
17184 41956 01401 10086 20067 30137 40250 58001 71000 333 90730 91104==
17190 42662 30000 10050 20007 39063 48557 50000 83500 333 83635 90730 91105==
17195 42970 00604 11031 21087 39039 48548 52009 333 90730 91105==
17200 42960 02503 11037 21070 39245 40258 58002 333 90730 91109==
17202 42970 02406 11043 21099 39188 40263 51001 333 90730 91110==
17203 42970 00000 11004 21099 38930 48576 51002 333 90730 91102==
17210 46/73 /0701 10058 21065 39180 40211 58001==
17219 42965 02902 10089 20077 30105 40251 54000 333 90730 91115==
17234 42970 00000 10102 20070 30176 40245 50000 333 90730 91102==
17237 42970 00000 10093 20039 39748 40255 54000 333 90730 91104==
17240 42970 00000 10034 20002 39102 40262 53004 333 90730 91103==
17244 42970 02903 10032 21021 39067 48558 53002 333 90730 91106==
17248 46/68 /0000 10027 21045 39048 40257 50004==
17250 46/61 /0303 11008 21050 38872 40262 50000==
17260 42960 03001 10019 21047 39373 40196 52001 333 90730 91105==
17270 42970 02903 10088 21090 39572 40218 58001 333 90730 91106==
17275 46/73 /0000 10093 21179 39023 40203 50000==
17280 42960 02502 10011 21096 39429 40230 51002 333 90730 91109==
17290 42970 00403 10153 20083 30206 40238 55003 333 90730 91107==
17292 42970 00000 10076 20027 39479 40239 50001 333 90730 91103==
17300 42960 03505 10093 20072 30170 40241 52001 333 90730 91109==
17310 46/69 /0802 10142 20054 30216 40222 55002==
17330 46/// /0000 10113 20038 30212 40223 50002==
17350 42960 00205 10062 20027 30147 40226 51003==
17370 42970 00000 10133 20064 30236 40240 52005 333 90730 91103==
17375 46/// /0000 10125 20073 30225 40227 50000==
33088 42560 82804 10015 21020 30076 40273 52004 885//==
33135 426// 62703 10021 21016 30087 40238 57002 84530==
33177 42560 22501 10005 21017 30047 40292 58003 82500==
33317 415// 62803 10004 21020 39934 40282 54000 70282 83530==
33393 42560 82701 10011 21023 39896 40300 58007 885// 333 88631==
33415 42660 80000 10012 21020 39887 40297 58004 8355/==
33429 42660 82804 10004 21028 39857 40293 58001 885// 333 88635==
33466 42578 82604 10018 21033 30069 40262 58002 8655/ 333 31///==
33506 41540 83003 10010 21001 30039 40240 51004 78382 889//==
33562 42560 82902 10018 21026 39978 40291 58001 885//==
33587 425// 83103 10016 21039 30008 40279 58001 885// 333 88627==
33658 42682 83001 10015 21034 30003 40312 52001 885// 333 88634==
33663 42/60 53301 10003 21037 30198 40298 52003 85030==
33664 42997 72702 10000 21030 39976 40304 52003 87030=
33678 42898 22804 11011 21048 30098 40318 52002 82030=
33679 42997 23101 11011 21037 30097 40297 52005 80009=
33711 42560 53104 10006 21024 30047 40263 52004 85500 333 85631==
33745 42997 03302 11022 21035 30117 40318 52007=
33748 42997 00102 10007 21039 30009 40304 52006=
33754 42997 00000 11004 21032 30144 40296 51003=
33761 42/60 73202 11002 21024 30056 40287 52004 87050==
33791 41/83 53002 10012 20007 30133 40265 53005 70361 82031==
33815 42998 03403 10010 21026 30080 40295 53010=
33837 42982 23102 10024 21009 30233 40286 52008 80001==
33881 42998 00000 11004 21015 30101 40306 52006=
33883 42997 03002 10008 21003 30130 40296 52004=
33885 41996 00000 11003 21008 30172 40311 52002 71000=
33892 41996 53002 11006 21016 30077 40294 52005 71022 85050=
33902 41520 33505 10022 20019 30208 40269 52012 71011 83500==
33924 41540 83406 10060 20046 30252 40265 52012 71022 885// 333 91010 90730 91111==
33946 41/02 92403 10071 20071 30027 40250 58003 74754 89///==
33983 41/40 32304 10038 20031 30179 40241 58004 71011 83030==
34300 41440 83004 10017 20004 30045 40226 53003 78086 889//==
34336 42560 81601 10033 20009 30130 40235 57012 883//==
34344 42570 81502 10031 20014 30148 40237 57013 885//==
34356 42/70 81401 10011 21008 30107 40258 57016 8807/==
34357 42570 81504 10019 21012 30087 40245 57017 885//==
34398 429// 21802 11013 21027 30287 40300 57011 80001==
34415 41440 82302 10040 20033 30118 40216 57013 76162 8772/==
34438 42460 81502 10030 20017 30039 40232 57014 885//==
34445 42/70 81302 10022 20006 30130 40246 57012 8807/==
34461 42460 81701 10020 21013 30203 40259 57013 885//==
34473 425// 61303 10004 21014 30237 40277 57013 86500=
34476 42/70 41204 11002 21020 30271 40279 57010 84030==
34504 41257 83205 10026 20013 30068 40246 52007 78082 889//==
34535 42570 81201 10032 20015 30163 40235 57010 885//==
34545 42570 81303 10027 20006 30130 40243 57013 885//==
34555 42570 80000 10017 21006 30166 40259 58015 885//==
34560 42560 81703 10010 21009 30067 40262 57010 885// 333 88628==
34578 41/40 81603 10008 20004 30268 40275 57010 71011 8808/==
34579 41540 61302 11012 21032 30235 40280 57009 71022 86500==
34644 41540 81202 10033 20019 30158 40236 57012 71022 8657/==
34646 42570 81302 10026 20016 30160 40243 57013 885//==
34655 42560 81303 10031 20009 30190 40251 57014 885//==
34662 42470 71302 10024 21006 30253 40265 57013 87500 333 87618==
34691 42970 01402 11014 21036 30508 40495 57007==
34720 42460 82202 10024 20012 30198 40238 57007 886//==
34727 41460 82202 10032 20017 30212 40243 56008 78082 883//==
34743 41440 81101 10030 20020 30155 40246 57013 71022 885//==
34759 41/40 61302 10027 20027 30121 40254 57013 71022 83031==
34772 42/60 61402 11004 21016 30278 40281 57007 8605/==
34785 42960 01202 11037 21047 30311 40287 57007==
34798 22960 01105 11024 21043 30416 40386 57007 333 60002==
34824 41940 81601 10027 20017 30241 40246 57009 71022 80005==
34838 41940 60000 11004 21016 30147 40246 58005 71022 80005==
34845 42970 02401 10010 21006 30129 40239 57007==
34858 41410 81402 10021 20021 30140 40250 57013 71022 886//==
34861 42560 81706 10025 20002 30008 40254 57013 885//==
34866 42460 81503 10036 20013 30276 40267 57011 885//==
34880 41/20 20901 11029 21036 30311 40284 57008 71000 82030==
34887 41540 61402 10011 21003 30304 40281 58010 71022 86500==
34949 42970 61903 10017 21022 39692 40248 57009 80001==
34954 42960 00000 11011 21014 30076 40256 58008==
34958 42970 00000 10017 20016 30054 40258 57011==
34975 42470 81203 10033 20017 30271 40267 58013 885// 333 88619==
34984 41940 00402 11013 21019 30310 40279 58012 71011==
35217 425// 61604 11012 21019 30287 40328 57002 86500==
35302 429// 01604 11008 21034 30295 40316 57006==
35315 429// 01505 11010 21033 30275 40333 57005=
35344 425// 82602 11011 21024 30049 40343 53001 885//=
35358 42/// 82701 11017 21051 30162 40336 54000 8802/==
35368 415// 82006 11038 21075 30078 40354 54000 73632 885//=
35386 415// 82103 11046 21069 39798 40333 54000 70283 889//=
35394 41440 82404 11064 21079 39637 40337 57002 77373 8872/==
35404 429// 01603 11013 21025 30297 40305 57010=
35406 429// 01402 11033 21057 30318 40320 57007==
35416 425// 71404 11011 21034 30222 40345 57003 87500==
35426 425// 80000 11020 21052 30054 40352 57003 885//==
35437 425// 82301 11018 21042 30112 40435 58004 885//=
35449 425// 82001 11014 21028 30239 40345 54000 885//=
35497 41/// 82302 11076 21086 39798 40650 58005 77177 8802/==
35498 419// 82504 11104 21121 39448 40369 57003 77073 8802/=
35514 42998 01403 11039 21047 30536 40532 57004=
35522 426// 81601 11031 21059 30090 40349 57004 885//=
35542 425// 82703 11004 21025 30197 40347 58003 885//=
35563 42598 83401 11051 21091 39560 40352 52001 885//=
35576 41/// 72204 11087 21111 39900 40370 58001 70272 87070==
35582 415// 82006 11073 21102 39741 40365 53001 77173 8872/=
35594 419// 82302 11074 21099 39495 40364 57003 77173 8802/=
35605 42998 81406 11015 21023 30337 40315 57004 8807/=
35633 425// 60000 11016 21040 30130 40349 58005 86500=
35671 41540 80000 11054 21068 39917 40361 58006 71022 885//==
35699 42/// 80000 11128 21154 39594 40396 57009 8802/==
35700 42970 01304 11014 21025 30342 40318 57001==
35715 42597 21507 11011 21047 30348 40333 58008 82500=
35739 426// 50000 11018 21068 30209 40352 58006 85500=
35746 42/// 20000 11021 21030 30280 40349 58007 82050==
35777 425// 81403 11063 21113 30017 40376 58003 885//=
35796 42/60 60601 11159 21180 39941 40410 57003 86030==
35849 425// 80000 11018 21056 30264 40352 57007 885//==
35895 42597 70202 11136 21152 39933 40408 57008 85530=
35907 42998 00904 10007 21013 30316 40285 57005=
35925 425// 81405 11028 21048 30227 40341 58008 887//==
35927 425// 81406 11017 21043 30330 58006 886//=
35953 425// 80000 11023 21059 30223 40355 57008 885//==
35969 425// 80903 11028 21073 30183 40362 57009 885//==
35997 419// 50000 11165 21191 39934 40404 57004 71011 84070=
36259 41584 30000 11353 21388 38295 48590 57001 71200 82901==
36335 414// 81805 11092 21117 39290 40352 57006 77173 8802/=
36358 419// 72208 11120 21146 39298 40365 57010 73632 87030=
36394 416// 81706 11093 21133 39934 40375 57012 73632 885//=
36397 416// 81602 11126 21161 39789 40387 57011 73633 885//==
36403 427// 80904 11110 21149 30008 40388 57013 8457/=
36418 429// 70000 11171 21185 39766 40430 57009 86033=
36421 429// 80000 11148 21161 39820 40424 57010 8802/=
36428 426// 81701 11160 21185 39889 40428 57013 8257/==
36439 419// 81203 11151 21160 39077 48562 58008 70272 8807/=
36498 416// 81502 11151 21166 39564 40410 57010 77172 8257/=
36501 419// 72012 11105 21158 39571 40357 57016 73632 87030=
36535 42/// 60000 11247 21279 39760 40464 57007 82031==
36546 429// 23001 11240 21258 39850 40449 57008 80001=
36619 429// 00000 11205 21221=
36622 425// 80000 11151 21178 39553 40411 57009 8697/=
36639 42/// 50000 11179 21202 39760 40415 57016 85030==
36643 429// 02702 11195 21206 39714 40435 56005=
36665 419// 00201 11137 21158 39635 40406 57015 71000=
36666 41/// 90502 11217 21237 39896 40438 57008 74974=
36729 42998 21101 11140 21154 39890 40405 57015 80005=
36736 425// 62801 11196 21218 39834 40440 57008 83550=
36744 429// 70501 11167 21186 39910 40396 57004 87040=
36770 429// 80000 11158 21162 39627 40408 57010 8802/ 333 93503=
36786 42999 00000 11120 21151 39423 40394 57007=
36796 429// 00000 11226 21250 39134 48533 56003=
36803 41993 00701 11163 21174 39927 40412 57010 74640=
36806 429// 80000 11090 21163 39928 40420 53003 80002=
36819 419// 80000 11095 21111 39731 40374 57009 71022 8802/=
36821 415// 20000 11138 21143 39869 40393 57008 71000 82500==
36839 42998 21801 11154 21188 39200 40411 57005 80001=
36843 429// 72502 11110 21132 39153 40390 57010 82032=
36846 429// 60602 11117 21189 38684 48559 57006 85052=
36859 42/// 23401 11096 21131 39602 40428 57012 82040==
36870 42/// 80000 11073 21082 39306 40360 54000 8807/==
36874 41/// 93401 11107 21115 39685 40516 57004 74942=
36877 429// 02301 11134 21142 39727 40810 57002=
36885 429// 00000 11113 21142 39192 40386 57003=
36889 419// 01802 11128 21275 37061 47079 57004 70230=
36894 429// 20000 11082 21109 39605 40380 57006 80001=
36905 429// 20000 11138 21148 38833 48566 57009 80001=
36911 429// 00000 11105 21123 39342 40376 57007=
36927 42697 33602 11071 21124 38404 48567 57010 83900=
36934 42697 43501 11048 21161 38339 48468 57010 82530=
36953 429// 00000 11224 21225 38264 48508 57012=
36963 429// 01402 11202 21243 37058 48/// 54000=
36974 429// 01101 11175 21187 38068 48629 51002=
36982 429// 00000 11256 21330 36527 47199 57009=
37018 42/60 31203 10084 20056 30176 40252 58003 83030==
37031 42960 51402 10013 21013 30051 40251 57005 80001==
37054 41940 00000 11030 21041 39872 40272 57009 71000==
37061 41540 81301 10043 20031 30089 40261 57010 71022 885//==
37085 42540 80803 10043 20024 30297 40269 58012 885//==
37171 42440 80903 10074 20056 30239 40258 58002 87601 333 87714==
37228 42960 02201 10000 21047 39405 40260 57008==
37235 42/60 70000 10022 21002 39935 40258 57011 8007/==
37472 41540 81302 10060 20045 30282 40260 57013 71022 8557/==
38149 42970 00502 11027 21043 30292 40372 52008==
38178 429// 00000 11048 21084 30041 40343 57006==
38262 429// 00302 11031 21051 30249 40333 58005==
38264 42970 00403 11034 21045 30234 40331 57009==
38345 42998 01001 11088 21122 38876 48554 57002=
38353 429// 00000 11102 21108 39420 40381 57008=
38388 42998 00702 10006 21067 30245 40318 52004=
38392 42997 20604 11022 21044 30216 40324 58002 80001=
38396 42960 00603 11025 21052 30193 40324 57008==
38403 429// 00503 11016 21110 30193 40319 57009==
38413 429// 00904 11007 21086 30020 40322 57010==
38457 42960 03401 11014 21033 39702 40312 57009==
38462 429// 00000 11078 21170 38819 48540 57007==
38507 41995 20000 10018 20015 30167 40272 58003 71000 80001=
38545 42998 00000 11020 21043 30127 30311 57009=
38565 129// 00000 11034 21059 39675 40252 57011 60002==
38579 125// 80101 10016 21009 39874 40305 57012 60002 885//==
38583 12960 03601 11012 21027 39975 40310 57012 60002==
38599 41996 02702 11019 21039 39755 40314 57007 71000=
38611 41995 03303 11003 21027 39726 40306 57006 71000=
38613 429// 00102 11050 21074 40331 57011=
38616 429// 00901 11067 21100 39276 40349 56007=
38618 429// 01301 11018 21037 39595 40312 57006==
38647 42997 01001 10020 21027 30208 40251 57009=
38656 42998 00702 10013 21046 30180 40293 58003=
38683 42960 03603 11015 21024 30008 40296 57010==
38687 41996 00000 11025 21038 30050 40296 57018 71000=
38696 12/// 60904 11005 21023 39410 40294 57012 60002 86050==
38713 429// 41401 11048 21084 39108 48550 58010 84010=
38750 42997 00501 10001 21033 30306 40277 58005=
38763 42997 01202 10031 21023 30164 40272 54000=
38774 42995 01401 10024 21016 30077 40279 57004=
38799 42997 00701 10009 21014 30062 40302 57010=
38806 42997 00000 11022 21050 30011 40284 57008=
38812 41920 00000 11005 21026 39817 40287 57007 71000==
38836 429// 00000 10010 20010 39297 40254 58011 71000=
38880 42997 01102 10016 21028 30006 40269 57007=
38886 42997 01403 10018 21029 30052 40288 58008=
38895 42996 00901 10010 21001 39996 40296 57012=
38911 42997 00000 10012 21040 39991 40295 53002=
38915 42997 00000 10024 21012 39964 40297 54000=
38927 11938 00801 10011 21012 39893 40281 57012 60002 71000==
38933 429// 00201 11002 21043 39771 40306 57006=
38944 429// 03602 10021 21019 39671 40220 58010=
38954 429// 00000 11105 21143 37996 48610 54000=
38974 42998 01401 10020 21008 39938 40283 58011=
38987 42496 70000 10011 21012 39525 40291 58007 87500=
40180 02960 01102 10116 20079 30190 40240 52002 333 70000==
40199 02/// /0304 10163 20042 30195 40220 52005 333 70000==
40265 41958 20000 10066 20034 39452 40257 52005 70500 80003 333 82070=
40272 41950 00000 10080 20022 39402 40246 52005 70500=
40340 41956 00105 10154 20035 30164 40229 52006 70500=
40356 42960 00206 10058 21050 39246 48542 333 58026 555 04410 50237=
40357 42960 03305 10093 21050 39576 40219 333 58034=
40360 42960 00000 10082 21030 39637 40234 333 58018=
40361 42960 01203 10086 21050 39446 40267 333 58026=
40362 42960 03304 10090 21050 39694 40225 333 58012=
40373 42960 00305 10107 21060 39774 40195 333 59008=
40375 42960 30806 10094 21040 39335 40222 80002 333 58017 83070=
40394 42960 00000 10098 21010 39078 48548 333 58021 555 04410 50215=
40400 42960 00304 10187 20040 30147 40175 333 59001=
40405 42960 03610 10123 21010 39456 40213 333 58005=
40417 42960 03005 10122 20070 30167 40182 333 59010=
40420 42960 23404 10126 21120 39968 40182 82030 333 59019 82360=
40430 42960 00210 10180 21040 39449 40199 333 58016=
40437 42960 23505 10120 21090 39487 40194 82030 333 59012 82358=
40439 42960 00000 10190 20120 30129 40147 333 58006=
40582 32960 21904 10103 21012 40187 58001 80001 333 00036 10221 20048 50000 55096 00632 10323 21682 42222 53000=
41024 42960 03407 10244 20190 30122 40148 333 58007=
41036 42960 00000 10153 20090 38585 48535 333 58008 555 04410 50150=
41055 42960 00605 10166 20010 38382 48528 333 58001 555 04410 50135=
41061 42960 01209 10142 21040 39460 40167 333 59014=
41084 42960 00103 10188 20000 38865 48515 333 59007 555 04410 50146=
41112 41958 00000 10125 20120 37956 48522 71000 333 58003 555 04410 50113=
41114 42560 22105 10137 20110 37994 48525 82400 333 58002 82622 555 04410 50115=
41128 42960 00000 10142 21010 38837 48541 333 59013 555 04410 50169=
41136 42960 00707 10162 21060 39349 40164 333 59013=
41140 42560 10503 10262 20220 30125 40132 81100 333 59002 81830=
41150 42962 63404 10176 20119 40177 8603/ 333 59011 86362=
41176 44/59 /0403 10173 20142 30181 40187 333 5////=
41184 42960 02004 10126 20060 40165 333 59008=
41194 42960 02302 10193 20104 30155 40161 333 59006=
41196 42960 01504 10161 20086 30125 40167 333 59006=
41216 42960 03305 10191 20134 30160 40164 333 59005=
41217 42960 03104 10183 20128 30130 40160 333 59006=
41246 36/// /2104 10176 20060 30155 40158 333 0E018 55300 25022 59006=
41253 36/// /2001 10134 20058 39789 40162 333 0E015 55300 25022 59001=
41254 36/// /1905 10062 20017 38035 49855 333 0E006 55300 25022 58009=
41255 36/// /1705 10184 20089 39637 40152 333 0E018 58018=
41265 36/// /0400 10157 20069 39573 40151 333 0E020 55300 20000 58008=
41267 36/// /3203 10202 20112 30152 40165 333 0E019 58009=
41268 36/// /1905 10182 20094 30111 40159 333 0E017 55300 25022 58008=
41275 36/// /1805 10152 21015 30010 40185 333 0E015 55300 20000 58006=
41288 36/// /1007 10217 20145 30143 40165 333 0E022 58008=
41315 36/70 /3514 10132 21087 39325 48066 333 0E018 55300 27865 59010=
41316 32984 03205 10182 21080 30143 40174 333 58000 55000 55407 55408 55507 55508=
41506 12920 00000 10010 21015 38551 48470 60001 333 58025==
41508 12920 00000 10006 21023 38692 48540 60001 333 58037==
41515 12920 00000 10036 21051 38539 48010 60001 333 59034==
41516 12440 60000 10040 21011 38584 48390 60001 85510 333 56880 58030==
41517 11440 70000 11010 21037 37815 48560 60001 70422 87570 333 56880 58030==
41518 12440 71802 10078 21021 30001 48010 60001 86520 333 56880 58000==
41519 12440 63101 10080 21021 38795 48290 60001 83520 333 56880 58038==
41523 12940 00000 10035 20010 39106 48020 60001 333 58039==
41535 12940 00000 10045 20009 38715 48800 60001 333 58017==
41560 12940 02302 10010 21037 38287 48220 60001 333 59015==
41571 11900 20000 10095 20042 39583 40183 60001 70500 82030 333 56080 58050==
41598 11920 00000 10105 20074 39880 40159 60001 71000 333 58024==
41600 11402 60000 10105 20105 30000 40167 60001 74442 83570 333 56880 58044==
41620 11940 01301 10040 21063 38584 48850 60001 70500 333 58026==
41624 11910 00000 10110 20068 30000 40163 60001 70400 333 58046==
41630 11940 03602 10110 20068 30000 40169 60001 70400 333 58043==
41640 11/00 90000 10120 20120 30000 40164 60001 74544 89000 333 58041==
41660 12900 01302 10005 21087 38446 48380 60001 333 58017==
41678 11920 00000 10120 20068 30000 40156 60001 70400 333 58044==
41696 12940 00000 11030 21072 38014 48550 60001 333 58002==
41697 12940 00000 10130 20028 30000 40158 60001 333 58033==
41700 11920 00000 10105 20074 30000 40155 60001 71000 333 58045==
41710 12940 00501 10070 21054 30000 40206 60001 333 58021==
41712 12940 00000 10055 21023 39235 48220 60001 333 58018==
41715 11910 00000 10150 20113 30000 40159 60001 70400 333 58040==
41718 11910 00000 10100 20068 30000 40145 60001 71000 333 58026==
41725 11940 00000 10130 20068 30000 40163 60001 70500 333 58055==
41739 12940 00502 10070 21003 39076 48150 60001 333 59001==
41744 12940 00000 10060 21001 38790 48960 60001 333 58019==
41749 11920 00000 10130 20091 30000 40144 60001 70400 333 59004==
41756 11920 03602 10160 20057 30000 40165 60001 70504 333 58022==
41757 12940 00504 10135 21005 30155 40168 60001 333 58006==
41764 12940 03604 10165 20036 30089 40141 60001 333 58030==
41768 12940 03601 10145 20117 30131 40138 60001 333 58032==
41780 11940 00202 10165 20020 30124 40152 60001 70500 333 58032==
41785 12940 03101 10150 20081 30136 40149 60001 333 58031==
42027 21595 81402 10038 20023 38442 48529 70252 8352/ 333 58038 6996/=
42071 31/90 99902 10126 20126 40162 74544 333 58037=
42111 31994 00000 10102 20087 39426 40146 71000 333 58015=
42123 31995 00000 10106 20073 40161 71000 333 58038=
42131 31/91 93402 10122 20118 40160 74544 333 58027=
42165 31995 00000 10150 20042 40149 70500 333 58042=
42182 31993 39902 10134 20130 40144 71140 83030 333 58023 83360=
42189 31994 00000 10130 20119 40135 71000 333 58015=
42328 31995 00505 10148 20098 40137 70500 333 58043=
42339 31995 03203 10166 20049 40139 70500 333 58027=
42348 31594 10203 10172 20144 40139 71000 81500 333 58028 81630=
42369 31994 00000 10152 20119 40127 71000 333 58018=
42379 31994 00000 10130 20119 40118 71000 333 58000=
42452 31995 00000 10160 20116 40127 71000 333 58024=
42492 31994 00000 10172 20144 40122 71000 333 58011=
42591 31994 00000 10151 20129 40130 71000 333 5////=
42724 31993 00000 10180 20177 40114 71000 333 58002=
42798 31994 01403 10204 20171 40110 71000 333 58007=
42809 21594 50000 10226 20211 40111 71022 82530 333 58003 6990/ 82620 84360=
42886 31594 20000 10196 20170 40119 71000 82500 333 58010 82620=
42895 31995 30000 10228 20216 40115 70500 83030 333 58014 83360=
42971 31993 02002 10240 20231 40116 71000 333 58007=
43086 32996 00000 10222 20203 39925 40104 333 58007=
43128 31996 00000 10220 20189 39513 40123 70500 333 58013=
43150 31995 22702 10232 20220 30059 40120 71000 80001 333 58013 82075=
43189 31996 00000 10226 20207 30113 40122 70500 333 58016=
43201 32996 00000 10196 20124 39367 40099 333 58004=
43213 32996 21402 10240 20172 39778 40096 80002 333 58010=
43237 32996 00000 10234 20176 39690 40082 333 58014=
43245 32996 00000 10250 20238 30088 40115 333 58013=
43279 31596 20000 10238 20217 30099 40117 71000 82500 333 58013 82620=
43284 32996 20502 10260 20215 39982 40098 80001 333 58003 82075=
43295 31996 20903 10208 20186 39103 48508 71000 80001 333 58011 82075=
43314 32596 30000 10274 20239 40099 82501 333 58008=
43321 31496 40506 10250 20211 39666 40113 71021 82501 333 58011 82612 84070=
43329 22596 50000 10256 20247 30102 40115 83531 333 58016 6003/=
43333 31495 20000 10232 20217 40103 70500 82500 333 58006 82618=
43344 31495 60505 10254 20239 30017 40117 71022 82531 333 58015 82616 83360=
43369 32596 20000 10264 20258 40098 82500 333 58009 82620=
43371 31995 30000 10260 20246 30029 40102 71000 80001 333 58011 83071=
44212 42/// 60000 11263 21303 39250 40535 57001 86010==
44213 429// 00000 11311 21348 38880 40564 57003==
44214 42970 03606 11198 21258 38318 40479 57005==
44215 429// 00000 11263 21294 38455 40534 57002==
44217 32998 00000 11257 21297 37875 40588 58003 333 91202=
44218 429// 02501 11276 21309 38670 40541 57002==
44219 32999 01302 11286 21314 38692 40555 58002 333 91204=
44265 429// 23301 11266 21295 38948 40546 58001 80001==
44266 329// 03307 11198 21270 37782 40489 58004 333 91207=
44454 42457 20803 10071 20022 38653 48488 82100 333 58004=
51076 14/58 /0101 11216 21240 39486 40455 57005 60001 333 11109 21221 3/102 4/027 58043 70000 90761 91102==
51087 14/50 /0702 11192 21216 39331 40448 57007 60001 710// 333 11096 21205 3/105 4/019 58041 70000 90761 91104==
51156 14/78 /3603 11171 21199 38779 40413 57008 60001 722// 333 11056 21173 3/114 58036 70000 90761 91109==
51243 14/25 /0702 11125 21142 39840 40432 57005 60001 710// 333 11068 21131 3/111 58046 70000 90761 91105==
51334 14/56 /0000 11140 21160 39979 40413 57005 60001 705// 333 11031 21161 3/109 4/011 58035 70000 90761 91103==
51379 14/76 /1502 11201 21225 39409 40443 57010 60001 333 11020 21205 3/106 4/023 58038 70000 90761 91104==
51463 14/79 /1702 11111 21147 39141 40409 57013 60001 333 11045 21111 3/101 4/036 58032 70001 90761 91105==
51573 14/61 /0101 11036 21125 30318 40370 54000 60001 333 10030 21047 3/110 58057 70000 90761 91104==
51644 14/57 /0401 11115 21140 39055 40382 57004 60001 705// 333 10015 21115 3/107 4/004 58061 70000 90761 91102==
51656 14/58 /2902 11103 21123 39268 40381 52001 60001 333 10027 21104 3/113 58063 70000 90761 91103==
51709 14/63 /3203 11069 21192 38718 40357 57004 60001 333 10038 21084 3/110 58069 70000 90761 91105==
51711 14/64 /2901 11128 21187 38069 40319 57012 60001 333 10010 21128 3/118 58052 70000 90761 91107==
51716 14/62 /0000 11090 21173 39010 40363 57007 60001 333 10039 21107 3/115 58068 70000 90761 91104==
51765 14/66 /2301 11093 21121 39329 40372 57001 60001 333 10050 21100 3/114 58063 70000 90761 91104==
51811 14/63 /2901 11073 21189 38880 40346 52007 60001 333 10071 21077 3/116 58069 70000 90761 91103==
51818 14/60 /2602 11081 21202 38710 40326 52004 60001 333 10075 21092 3/116 58056 70000 90761 91104==
51886 14/80 /3601 11115 21224 37128 40299 52003 60001 333 11024 21131 3/118 58041 70000 90761 91110==
52203 14/67 /1102 11100 21129 39444 40380 52003 60001 333 11003 21101 3/114 58054 70005 90761 91103==
52602 14/78 /3109 11105 21201 37281 40297 52007 60001 333 11021 21108 3/113 58040 70000 90761 91118==
52818 14/80 /2804 11093 21201 37258 40289 52024 60001 333 11007 21111 3/116 58062 70000 90761 91108==
52908 14/80 /2804 11202 21267 35728 40241 57001 60001 333 11061 21214 3/126 58024 70000 90761 91119==
55228 14/80 /1901 11145 21260 35997 40192 57002 60001 333 11011 21166 3/121 58016 70000 90761 91112==
55299 14/80 /3301 11061 21319 35805 49958 54000 60001 333 10089 21126 3/119 58014 70000 90761 91121==
55578 14/80 /1501 11004 21273 36338 49957 57004 60001 333 10173 21078 3/108 58008 70000 90761 91119==
55591 14/80 /3101 10025 21261 36457 49887 57003 60001 333 10189 20018 3/110 58009 70000 90761 91115==
55664 14/80 /0201 11100 21268 36001 40086 57005 60001 333 10116 21116 3/116 58010 70000 90761 91123==
55773 14/74 /0401 11123 21168 35992 40106 57010 60001 333 10087 21149 3/118 59002 70000 90761 91112==
56004 14/80 /2902 11191 21259 35791 40195 57002 60001 333 11013 21224 3/125 58029 70000 90761 91114==
56018 14/78 /1301 11127 21256 36136 40060 52004 60001 333 10088 21159 3/119 58023 70000 90761 91118==
56312 14/80 /2302 10031 21053 37063 40085 57008 60001 333 10115 20006 3/003 58003 70000 90761 91113==
62306 42560 40205 10168 20106 40246 57004 84200==
62309 42560 30204 10174 20110 40231 57005 83500==
62332 42960 40508 10173 20116 40240 54000 80004==
62337 42960 00000 10106 20080 40238 52003==
62366 45960 00606 10152 20110 40230 52006==
62387 42960 03406 10125 20078 40220 52006==
62393 42960 03310 10136 20072 40225 54000==
62405 42960 00000 10148 20014 40188 52006==
62419 42960 03604 10176 20045 40169 54000==
62420 42960 03502 10151 20053 40224 57003==
62435 42960 03202 10177 20042 40195 52008==
62458 42960 00505 10199 20034 40207 52004==
62459 42960 00804 10147 20111 40193 52004==
62465 42960 02911 10187 20067 40185 54000==
41256 329// 32404 10170 20085 30146 40163 92045 333 59001 55000 55407 55408 55507 55508=
40100 43/60 00904 10147 20098 30237 40253 50001 333 58///=
