SMPK OPKC 171200=
41504 02697 61304 10085 21075 37823 48467 60002 82230 333 10110 56990 58040 60007 83845 85360 RH31%=
41505 22696 62304 10075 21036 38/// 48/// 60002 82520 333 10095 56990 58/// 82640 84460 45%=
41506 02997 31804 10145 20010 38510 48508 60002 83020 333 10146 56090 58034 60007 83640 40%=
41507 02697 22302 10200 20069 39273 49783 60002 82500 333 10215 56090 58024 60007 82640 42%=
41508 02697 61802 10122 21026 38680 48550 60001 84220 333 10160 56990 58032 60007 84835 82460 RH 36%=
41509 02697 51806 10160 20007 38755 48500 60002 85500 333 10185 56900 58025 60007 85640 RH 35%=
41510 02997 40000 10035 21000 37914 48523 60002 84030 333 10085 56090 58028 60007 84360 78%=
41515 02697 50502 10127 21036 38539 48502 60002 82520 333 10145 56990 58015 60007 82650 83460 32%=
41516 02697 32710 10140 21130 38542 48500 60002 82130 333 10180 56990 58021 60007 82840 81360 RH14%=
41517 02697 20000 10070 21062 37795 48514 60002 82500 333 10105 56900 58048 60007 82640 39%=
41518 02697 51802 10144 21071 38/// 48/// 60002 83230 333 10167 56990 5//// 60007 83840 82362 22%=
41519 02997 33102 10160 21009 38772 48515 60082 80001 333 10171 56009 58027 60007 83070 31%=
41520 02697 73604 10050 21098 37630 48268 60002 82570 333 10080 56990 58032 60007 82640 85762 33%=
41523 02697 32702 10195 20034 39098 48529 60002 83100 333 10215 56900 58031 60007 83840 34%=
41524 02697 40902 10175 20045 39377 40238 60002 84500 333 10189 56900 58024 60007 84640 42%=
41525 12697 40000 10050 21024 37695 48418 84400 60002 333 10075 58033 84840 59%=
41528 02697 30000 10210 20058 39225 48530 60002 83500 333 10226 56900 58035 60007 83640 37%=
41529 02996 00000 10245 20062 39783 40155 60002 333 10262 58041 60007 31%=
41530 12997 23604 10230 21045 39749 40155 60002 81401 333 10255 56909 58038 81840 15%=
41534 02997 13102 10240 20002 39748 40154 60002 81030 333 10263 56090 58050 60007 81362 21%=
41535 02697 33102 10160 21009 38723 48495 60002 83600 333 10187 56900 58029 60007 83840 RH31%=
41536 02597 40000 10190 21007 39054 48533 60002 84500 333 10225 56900 58039 60007 84630 26%=
41560 02997 00000 10120 21049 38328 48554 60002 333 10150 59001 60007 RH30%=
41562 02997 31302 10230 20051 39689 40145 60002 83030 333 10250 56090 58040 60007 83362 RH31%=
41565 02996 00000 10139 20028 38675 48543 60002 333 10160 58019 60007 31%=
41567 01996 00000 10230 20066 39721 40131 60002 70500 333 10245 58048 60007 35%=
41571 12697 23108 10220 20015 39582 40156 60002 82800 333 10244 56900 58042 RH25%=
41572 01696 02708 10220 20046 39524 40138 60002 70500 81100 333 10243 58047 60007 81840 RH32%=
41573 02697 71302 10095 20008 37992 48516 60002 86570 333 10135 56990 58038 60007 86640 84360 55%=
41574 02697 72302 10120 20015 38353 48531 60002 84570 333 10143 56990 58023 60007 84640 86460 49%=
41576 01996 20000 10265 20067 40161 60002 70500 82030 333 10280 56090 58034 60007 82360 28%=
41577 01696 12302 10235 20070 39547 40150 60002 70500 81200 333 10250 56900 58038 60007 81840 RH 35%=
41593 01996 20000 10260 20122 39934 40143 60002 70510 82030 333 10267 56090 58039 60007 82360 42%=
41597 02997 40000 10260 20111 39871 40157 60002 84030 333 10268 56090 58036 60007 84362 39%=
41598 01696 20000 10260 20099 39873 40138 60002 70500 81130 333 10283 56990 58032 60007 81835 81362 36%=
41599 01996 32704 10240 20081 39863 40148 60002 70500 83030 333 10259 56090 58032 60007 83360 36%=
41600 01996 33104 10250 20084 39841 40130 60002 70510 83070 333 10264 56090 58022 60007 83462 35%=
41620 32696 41302 10190 21102 38597 48502 60002 84500 333 10195 56900 58022 60007 84640 13%=
41624 02996 30902 10250 20131 39948 40144 60002 83020 333 10255 56090 58044 60007 83460 47%=
41625 02997 41302 10245 20113 39946 40143 60002 333 84030 10256 56090 58044 60007 84360 43%=
41630 01696 53104 10245 20113 40152 60002 70520 82530 333 10270 56990 58032 60007 82640 84360 43%=
41633 02997 40000 10260 20099 3//// 4//// 60002 84030 333 10275 56090 5//// 60007 84361 36%=
41634 02697 40000 10225 20080 3//// 4//// 60002 84600 333 10240 56900 5//// 60007 84640 39%=
41635 02997 20000 10265 20094 3//// 4//// 60002 82030 333 10280 56090 5//// 60007 82360 34%=
41636 01996 03102 10245 20135 39970 40152 60002 70400 84070 333 10275 56090 58037 60007 84460 50%=
41638 01996 40504 10260 20122 4//// 60002 70510 84030 333 10282 56090 5//// 60007 84360 42%=
41639 02997 02304 10245 20076 3//// 4//// 60002 333 10260 5//// 60007 34%=
41640 01996 02702 10255 20104 39904 40149 60002 70500 333 10275 58032 60007 39%=
41641 01996 03310 10250 20108 39873 40141 60002 70500 333 10265 58023 60007 41%=
41642 01996 43104 10235 20132 3//// 4//// 60002 84001 333 10260 56009 5//// 60007 84070 52%=
41643 01996 03102 10240 20128 39871 40142 60002 70400 333 10262 58025 60007 50%=
41644 01996 00000 10250 20108 4//// 60002 70500 333 10275 5//// 60007 RH 41%=
41646 01996 00000 10265 20129 39955 40166 60002 70500 333 10290 59018 60007 43%=
41652 21996 40504 10245 20076 39972 40147 60002 70500 84030 333 10265 56090 58032 60007 84460 34%=
41660 02997 73108 10155 21039 38434 48523 60002 85031 333 10160 56099 58001 60007 85360 83070 RH 26%=
41661 02697 70000 10120 20074 38388 48515 60002 83620 333 10155 56990 58002 83635 83460 73%=
41669 02997 40502 10255 20137 3//// 4//// 60002 84030 333 10265 56090 5//// 60007 84362 48%=
41670 01696 53602 10240 20128 3//// 4//// 60002 70400 82530 333 10255 56990 5//// 60007 82640 83360 50%=
41674 01996 61306 10250 20120 3//// 4//// 60002 70510 86070 333 10272 56090 5//// 60007 86460 44% =
41675 01696 60506 10255 20106 39997 40138 60002 70510 82530 333 10270 56990 58023 60007 82640 83360 37%=
41676 01996 50000 10245 20145 30017 40177 60002 70400 85030 333 10257 56090 58034 60007 85460 54%=
41677 01996 50000 10260 20144 39964 40127 60002 70500 85070 333 10280 56090 58025 60007 85460 49%=
41678 01696 60000 10265 20094 40140 60002 70522 84570 333 10285 56990 58026 60007 84640 85460 34%=
41679 01696 53102 10250 20131 4//// 60002 70511 82570 333 10265 56990 5//// 60007 82640 83460 47%=
41680 01996 40000 10275 20143 39952 40146 60002 70510 84070 333 10288 56090 58032 60007 84460 44%=
41685 02697 72302 10210 21045 38917 48510 60002 83520 333 10230 56990 58022 60007 83635 84460 RH18%=
41696 02697 80000 10110 20088 37995 48510 60012 85520 333 10160 56990 59007 60017 85640 83460 RH83%=
41697 02997 70000 10275 20054 39980 40133 60002 87020 333 10290 56090 58033 60007 87461 RH24%=
41700 01695 70506 10255 20137 30006 40131 60002 70520 83530 333 10284 56990 58038 60007 83640 85360 48%=
41701 01696 60506 10260 20154 30000 40140 60002 70420 83530 333 10283 56990 58029 60007 83640 83360 52%=
41710 12997 00000 10250 20039 39327 40076 60002 333 10260 59006 25%=
41712 12697 10502 10235 20027 39172 48507 60002 81500 333 10245 56900 59008 81640 RH26%=
41715 01996 30000 10275 20109 30065 40128 60002 70500 83031 333 10290 56099 58042 60007 83365 82070 RH36%=
41716 01996 60508 10255 20104 30038 40140 60002 70511 86030 333 10285 58036 60007 86362 39%=
41718 01995 50506 10270 20136 30029 40130 60002 70500 85030 333 10300 56090 58037 60007 85362 44%=
41724 01996 60000 10260 20122 30071 40147 60002 70500 86030 333 56090 10295 58042 60007 86360 RH42%=
41725 02696 60506 10275 20121 30055 40132 60002 82630 333 10290 56990 58046 82640 84360 RH38%=
41726 01696 70504 10270 20157 30087 40157 60002 83530 70500 333 10295 56990 58042 60007 83640 84360 RH 50%=
41738 02996 22708 10305 20064 39950 40124 69902 82030 333 10310 56900 58028 60007 82460 RH22%=
41739 02996 32306 10210 20044 39026 48494 60002 83030 333 10220 56090 58009 60007 83360 RH34%=
41742 02697 52304 10295 20127 30026 40127 69902 82510 333 10305 56990 58050 69907 82635 83460 RH 36%=
41743 21996 40504 10275 20143 60002 70500 80001 333 10290 56009 60007 84170 RH 44%=
41744 01696 80000 10215 20013 38799 48529 69902 79907 8351/ 333 10255 5699/ 58038 69907 83630 85460 RH 22%=
41745 01696 83104 10260 20144 60002 70400 84530 333 10285 56990 60007 84635 84360 RH 49%=
41746 02996 43602 10260 20154 30082 40135 60002 84030 333 10285 56090 59027 60007 84360 RH52%=
41747 01696 73104 10270 20114 30073 40132 60002 70400 83630 333 10290 56990 58060 60007 83640 84360 RH38%=
41748 02996 63104 10270 20136 30082 40144 60002 86030 333 10290 58055 60007 86360 RH44%=
41749 01996 53106 10280 20128 30097 40130 60002 70400 85030 333 10315 56090 58052 60007 85360 RH39%=
41756 01996 82304 10285 20182 30074 40139 60002 8803/ 70504 333 10305 5609/ 58027 60007 88358 RH57%=
41757 12996 61804 10300 20111 30126 40138 60002 86030 333 10320 56090 58032 60007 86360 RH31%=
41759 01696 72302 10300 20175 30117 40122 60002 70510 83510 333 10325 56990 58024 60007 83640 85460 RH47%=
41760 01996 70908 10265 20205 30109 40122 60002 70500 85041 333 10285 56099 58020 60007 85360 82080 RH 69%=
41764 02696 43610 10300 20054 30081 40130 60002 82530 333 10310 56990 58054 60007 82635 83360 RH21%=
41765 02996 43606 10300 20111 30093 40128 60002 82530 333 10315 56690 58043 60007 82635 82360 RH31%=
41766 01696 53102 10290 20153 30109 40138 60002 70400 82530 333 10300 56990 58046 60007 82635 83360 RH43%=
41767 02996 73106 10290 20191 3//// 4//// 60002 87530 333 10310 56990 60007 84635 83360 RH55%=
41768 02996 43104 10320 20182 30104 40111 60002 84600 333 10350 56900 58028 60007 84720 RH44%=
41780 01995 52308 10300 20134 30102 40129 60002 70500 85030 333 10335 56090 58049 60007 85360 RH36%=
41783 22996 30502 10320 20129 30098 40127 83030 333 10335 56090 58023 60007 83360 RH 31%=
41785 02996 62302 10295 20138 30105 40118 83530 333 10305 56590 58023 60007 83635 83360 RH 38%=
41786 02996 22306 10330 20081 30059 40094 60002 82030 333 10355 56090 58003 60007 82362 RH 21%=
41BAG 02696 62302 10030 21051 60002 84510 333 10050 56990 60007 84640 86460 55%=
41BKI 02996 20000 10230 20035 39746 40157 60002 82030 333 10250 56090 58049 60007 82360 RH28%=
41SKP 01996 20000 10235 20162 3//// 4//// 60002 70400 80001 333 10247 56009 5//// 60007 82070 63%=
43532 02997 00000 10215 20052 39315 40100 60002 333 10230 58025 60007 33%=
43533 01697 40000 10200 20028 39229 48513 60002 84400 333 10230 56900 58033 60007 84640 32%=
43563 02697 60504 10233 20043 39463 40139 60002 82520 333 10269 56990 58034 60007 82640 84462 29%=

UPPK OPKC 171200=
PPAA 67111 41675 55285 12503 19501 77999=
PPBB 67111 41675 90/12 05004 06506 07006 9037/ 08504 20002=
PPAA 67111 41718 55285 06006 34502 77999=
PPBB 67111 41718 90/12 04506 02509 03011 9037/ 03510 04004=
PPAA 67121 41600 55285 26511 36008 77999=
PPBB 67121 41600 90/12 31004 29505 30009 9037/ 29011 19506 9125/ 02008 25516=
PPAA 67121 41624 55285 07007 15506 77999=
PPBB 67121 41624 90/12 09002 08504 10506 9037/ 10506 06007 9125/ 13512 02011=
PPAA 67121 41640 55285 32005 35511 77999=
PPBB 67121 41640 90/12 27002 30004 30504 9037/ 32004 33508=
PPAA 67121 41678 55285 26506 33004 77999=
PPBB 67121 41678 90/12 00000 24006 22008 9037/ 22008 29505 912// 34005=
PPAA 6712/ 41515 MISDA DUE TO CLOUDY WEATHER=
PPAA 6712/ 41598 MISDA DUE TO NOT PERMISSION BY PAF=
PPAA 6712/ 41646 MISDA DUE TO TECHNICAL REASON =
PPAA 6712/ 41764 NO ASCENT DUE TO PAF FLYING AT BULBRI AIR BASE=
PPAA 6712/ 41517 MISDA DUE TO  HAZE=
PPAA 6712/ 41516 MISDA DUE TO STRONG WIND=
PPAA 6712/ 41715 NO ASCENT DUE TO BALLOONS OUT OF STOCK=
PPAA 6712/ 41749 MISDA DUE TO TECHINCAL FAULT=
PPAA 67111 41780 MISDA NO ASCENT DUE TO RED BALLOON SHORTAGE=



Data Generated from File : D:/all data handling/Rmc_lhr/2025021712.FSU.txt
17/02/2025   13:09:56
____________________________________________________________________________________________
15020 04570 73402 11030 21089 30073 40282 50001 60001 84370 333 41998 55300 20507 60007 91004 90760 91104==
15090 04570 32802 11003 21085 30181 40278 58004 60001 83200 333 42001 55309 00960 22062 30574 60007 91003 90760 91103==
15108 01/00 91202 11158 21176 38036 48474 52002 69931 77174 89/// 333 49086 55300 20790 69937 91003 90760 91104==
15150 01570 83302 11019 21089 30053 40277 50000 69901 70372 8587/ 333 45998 55300 20723 60007 91005 90760 91105==
15170 01565 83001 11053 21109 39432 42815 50000 69901 78582 883// 333 42998 55300 20567 69907 91003 90760 91103==
15280 01/00 92008 11164 21184 37410 47932 51007 69931 77073 89/// 333 49084 55310 21497 69937 91010 90760 91114==
15310 07570 80203 11007 21045 30172 40262 50001 69961 7717/ 8457/ 333 47005 55306 10010 21050 30992 69937 91006 90760 91106==
15335 04570 70404 10019 21070 30248 40256 50001 60001 85570 333 55304 21031 60007 91006 90760 91107==
15350 01/56 80307 11020 21044 30140 40266 50001 69971 77177 8802/ 333 47006 55303 21015 69907 91010 90760 91111==
15360 07470 80310 10005 21041 30232 40250 51004 69901 723// 8672/ 333 69907 91012 90760 91113==
15420 01414 80504 11021 21040 30131 40248 50002 60051 77177 8672/ 333 47014 55300 20878 60027 91008 90760 91111==
15460 01/70 80504 11010 21036 30217 40243 54001 60011 77177 8802/ 333 47016 55301 20953 69907 91007 90760 91107==
15470 01435 80605 11023 21040 30111 40244 50000 69931 77177 8672/ 333 47005 55306 21114 69917 91008 90760 91108==
15480 01467 80506 10015 21027 30216 40234 52003 69901 77172 8672/ 333 43004 55300 00020 20255 30188 69907 91010 90760 91112==
15549 11550 80502 11028 21031 39792 40227 52002 60011 77172 8802/ 333 11026 21047 47008 555 59800 64299 71247=
15552 11456 80203 10023 20012 30154 40204 54000 69951 76176 8802/ 222// 00057 10403 333 10032 20018 555 40390 59300 61899 71247 92044 92446=
15640 11566 80705 10032 21006 39882 40202 52002 69931 77172 8802/ 333 10034 20008 555 57600 67199 71200=
15655 11562 83610 10032 20019 30170 40204 52004 60011 76166 8802/ 222// 00064 10402 333 10045 20022 91116 555 40320 59101 69999 71250 92037 92437=
15730 11670 80203 10016 20000 39784 40191 58003 69931 70276 8652/ 333 10018 20005 41998 555 58900 69935 71245=
16627 11460 80515 10060 20041 30165 40170 51002 60021 70262 8767/ 333 83710 87625 88356 90730 91122==
16650 11460 60414 10086 20073 30143 40153 52004 69991 76166 86650 333 84710 86620 90730 91119==
16667 11560 71704 10134 20103 30131 40142 58003 69951 76162 85850 333 82820 84625 86358 90730 91114==
16706 11460 61708 10154 20109 30123 40130 57005 69911 76062 86850 333 81818 86625==
16723 12560 71409 10150 20113 30120 40134 56010 60001 84850 333 82820 84625 86359 90730 91115==
16742 11460 41309 10150 20109 39976 40130 57009 60021 70161 83850 333 81816 83618 90730 91114==
16749 11460 51209 10168 20100 30119 40134 57014 69951 70162 84660 333 81710 84620 85358 90730 91122==
16754 12560 43211 10162 20102 30078 40126 57006 60001 82230 333 82820 84358 90730 91116==
16757 12560 23506 10154 20113 39990 40122 57004 60001 82100 333 90730 91111==
16760 12460 63605 10144 20075 40126 58005 60001 86800 333 82818 84625 90730 91111==
16765 12560 21511 10170 20106 40130 57005 60001 82130 333 90730 91123==
17022 11465 80308 10052 20051 39985 40154 57014 60041 76066 8652/ 333 82714 86628 88458 90760 91113==
17024 11236 71305 10031 20029 30102 40182 58004 60121 76166 85520 333 83704 85632 87559 90760 91119==
17026 11470 83606 10038 20027 30158 40198 50002 60041 76066 8652/ 333 83715 86628 88458 90760 91117==
17031 12365 60609 10073 20059 30168 40174 55002 60001 86200 333 84708 86825 90760 91116==
17034 11670 70203 10094 20072 30126 40173 57012 69921 70282 83250 333 83835 87360 90760 91107==
17038 12470 60203 10101 20070 30120 40168 57010 60001 86200 333 83716 86828 90760 91109==
17042 12670 63001 10118 20072 30143 40183 50000 60001 83250 333 83835 86360 90760 91106==
17050 11565 80103 10055 20034 30128 40192 58004 69921 76062 8552/ 333 85630 88458 90760 91107==
17056 11560 70407 10053 20031 30179 40183 50002 60071 78088 84270 333 84830 87359 90760 91113==
17060 11458 70511 10059 20040 30133 40174 50004 60111 78188 87200 333 85713 87825 90760 91122==
17070 12565 72201 10099 20039 39250 40118 57017 60001 84520 333 84630 87460 90760 91103==
17074 11550 80305 10073 20066 39194 40128 57012 69901 76066 8552/ 333 85625 88458 90760 91107==
17084 12570 61404 10118 20038 39231 40135 57019 60001 84250 333 84832 86359 90760 91107==
17085 12/70 41605 10149 20002 39647 40133 57018 60001 84030 333 84360 90760 91113==
17092 12/60 11002 10015 21077 38868 48490 57015 60001 81030 333 81360 90760 91107==
17096 11956 00302 11083 21089 38230 48511 57008 60001 71041 333 90760 91105==
17098 12960 02309 10022 21082 38172 48491 55005 60001 333 90760 91112==
17100 12970 00000 10073 21062 39188 40204 57014 60001 333 90760 91104==
17112 11265 80408 10073 20073 30149 40151 58004 60051 72166 8672/ 333 83705 86630 88458 90760 91115==
17115 11357 70113 10061 20057 30120 40172 52009 60101 78088 85270 333 82707 85830 87360 90760 91123==
17116 11456 72404 10077 20076 30039 40162 52008 60041 78022 86250 333 82717 85830 87359 90760 91109==
17124 12660 62409 10127 21005 39216 40134 57016 60001 84530 333 84640 85360 90760 91118==
17128 12670 52411 10115 21001 39033 40128 57015 60001 83250 333 83840 85360 90760 91119==
17135 12670 62006 10150 20017 39250 40113 57023 60001 83150 333 83840 86360 90760 91114==
17140 12665 52305 10095 21026 38666 48455 57012 60001 83101 333 83840 84070 90760 91114==
17150 11460 73611 10082 20074 30026 40150 52004 60021 78088 86250 333 84710 84835 86360 90760 91115==
17160 12/70 52006 10101 21020 38986 48461 57016 60001 82034 333 82360 85070 90760 91115==
17170 12660 23210 10050 21072 38320 48494 57006 60001 82100 333 82840 90760 91113==
17175 11656 71201 10117 20109 30129 40133 58001 60061 78022 84270 333 84835 87358 90760 91109==
17184 12662 73001 10126 20067 30026 40138 58008 60001 85270 333 85840 87360 90760 91103==
17190 12670 62004 10115 21024 38947 48455 57011 60001 84250 333 84835 86360 90760 91114==
17195 12970 20305 10044 21019 38950 48465 57014 60001 80001 333 82070 90760 91109==
17200 12960 01702 10081 21026 39203 40215 57013 60001 333 90760 91109==
17202 12670 41403 10072 21012 39148 40217 57011 60001 82540 333 82635 84360 90760 91109==
17203 12970 01501 10066 21052 38884 48532 56007 60001 333 90760 91105==
17210 12670 22803 10114 21024 39148 40187 56005 60001 82100 333 82840 90760 91108==
17219 11565 61605 10132 20080 39998 40143 57012 69921 70282 84250 333 84830 86360 90760 91110==
17234 12670 71101 10157 20080 30082 40150 57010 60001 84270 333 84840 87360 90760 91109==
17237 12670 43302 10158 20006 39635 40135 57016 60001 82230 333 82840 84360 90760 91107==
17240 12570 41610 10106 20041 39003 40148 57012 60001 84200 333 84830 90760 91123==
17244 12570 42211 10124 21033 38961 48461 57019 60001 84200 333 84830 90760 91117==
17248 12970 30501 10106 21023 38954 48465 57011 60001 80004 333 83070 90760 91105==
17250 12970 02408 10111 21074 38777 48471 57011 60001 333 90760 91117==
17260 12660 32007 10136 20013 39332 40155 58007 60001 83100 333 83840 90760 91114==
17270 12970 02002 10148 20011 39537 40185 57007 60001 333 90760 91109==
17275 12670 21801 10097 21005 38995 48514 55001 60001 82100 333 82840 90760 91109==
17280 12960 01204 10122 21025 39397 40197 57006 60001 333 90760 91109==
17290 11570 61105 10167 20094 30109 40141 58004 69921 70382 84130 333 84830 86360 90760 91116==
17292 11558 70000 10086 20067 39392 40151 57005 60031 78082 84270 333 84830 87359 90760 91107==
17300 12560 61117 10137 20094 30104 40175 58004 60001 86900 333 85830 81920 90760 91121==
17310 11559 72802 10129 20099 30166 40173 53006 60011 78082 84270 333 84830 87359 90760 91117==
17330 12670 61101 10181 20066 30155 40173 57014 60001 83250 333 83840 86360 90760 91106==
17350 12660 32104 10185 20039 30087 40165 57014 60001 83100 333 83840==
17370 12970 00000 10173 20072 30176 40180 58007 60001==
17375 12570 31502 10179 20090 30150 40152 57014 60001 83200 333 83833 90760 91105==
33088 32597 22703 11021 21089 30064 40263 58009 82209 555 1/000=
33135 32697 22704 11032 21126 30096 40250 58008 82500 555 1/103=
33177 32598 72902 11028 21099 30028 40276 58005 87100 555 1/101=
33317 32599 32502 11026 21109 39920 40272 58005 83500 555 1/100=
33393 32660 52801 11026 21129 39866 40275 58006 85500 333 85640=
33415 32698 20000 11026 21086 39859 40274 58006 82400 555 1/006=
33429 32498 23602 11049 21128 39833 40277 58003 82500 555 1/100=
33466 /1598 53402 11044 21119 30068 40265 54000 70281 85300 555 1/103 69901=
33506 /1597 62903 11072 21097 30047 40255 53006 77182 86500 555 1/101 69971=
33562 32660 40102 11035 21109 39962 40281 58002 84500 555 1/103=
33587 32598 53602 11035 21125 39993 40269 52001 85500 555 1/001=
33658 /1584 62503 11033 21104 39966 40280 57004 72272 86500 333 86632 555 1/003 69901=
33663 32598 30102 11004 21102 30176 40276 51001 83500 555 1/005=
33664 42598 63302 11024 21117 39944 40275 58002 86200=
33678 42698 32801 11036 21134 30074 40293 52003 83200=
33679 42497 63302 11007 21093 30080 40279 52001 86500=
33711 /1560 63603 11038 21087 30040 40260 52005 70281 86300 333 86923 555 1/102 69901=
33745 42597 70502 11028 21112 30083 40283 54000 86930 555 11006=
33748 42997 51402 11014 21081 39974 40270 52002 85030=
33754 42698 33402 11012 21087 30119 40272 53001 82130=
33761 32570 63605 11036 21103 30037 40271 52001 86300 555 1/100=
33791 32684 22704 11019 21094 30129 40262 51001 82500 555 1/005=
33815 42598 60201 11014 21118 30049 40265 54000 86100 555 1/001=
33837 /1582 80402 11002 21089 30208 40262 58003 70282 82534 555 1/011 69901=
33881 42598 63501 11006 21103 30063 40267 58003 86500=
33883 41898 70303 11003 21103 30095 40265 57001 70182 87030 555 11008=
33885 41597 80404 11013 21075 30131 40272 57001 70282 85340=
33892 42998 60103 11014 21106 30041 40262 57002 84051=
33902 32598 80102 11006 21117 30199 40261 58004 82101 555 1/006=
33924 42570 70405 10000 21085 30240 40253 57002 82105==
33946 42583 80809 11006 21076 30012 40241 58003 81505 333 91012 90760 91112==
33983 42/60 60407 11011 21095 30177 40240 57005 83031 333 91010 90760 91111==
34300 /1597 72302 11048 21098 30067 40253 58003 78581 87900 555 1/104 69901=
34336 42970 02502 11058 21128 30157 40266 52001==
34344 42970 02503 11063 21121 30172 40265 52004==
34356 42960 02702 11063 21121 30109 40264 52007==
34357 42970 02103 11069 21129 30098 40261 52006==
34398 42970 22804 11067 21123 30242 40255 52015 80001==
34415 32970 52302 11051 21115 30161 40263 54000 82039 555 1/105=
34438 42960 02302 11062 21118 30071 40272 52002==
34445 42970 02004 11073 21122 30152 40272 52005==
34461 42960 02703 11055 21123 30210 40268 52007==
34473 42597 22605 11059 21113 30219 40259 52008 81103 555 1/104=
34476 42970 22606 11061 21117 30256 40264 52007 80001==
34504 32580 52404 11037 21082 30075 40257 57005 85500=
34535 42670 12201 11033 21145 30199 40274 54000 81100==
34545 42970 23102 11050 21127 30157 40273 54001 80001==
34555 42570 63003 11043 21135 30184 40280 52002 86200==
34560 42660 43006 11062 21134 30069 40269 52007 84500==
34578 42660 62703 11037 21153 30263 40270 52003 82201==
34579 42570 53003 11039 21144 30224 40269 52006 83501==
34644 42560 50301 11020 21114 30186 40266 54001 85500==
34646 42570 70902 11028 21091 30184 40270 57002 83501==
34655 42560 62402 11029 21118 30212 40274 54001 86300==
34662 42570 82803 11034 21132 30263 40274 52003 83101==
34691 42670 73204 11034 21101 30492 40479 52009 84232==
34720 42970 41202 11015 21099 30225 40266 57003 80001==
34727 42960 50304 11031 21097 30234 40266 57003 80001==
34743 42560 60000 11028 21120 30179 40272 54000 83906==
34759 42560 83001 11028 21106 30137 40273 54000 86504==
34772 42970 43104 11028 21168 30270 40273 52002 80009==
34785 42970 83504 11023 21170 30292 40269 52006 80009==
34798 42/60 83003 11030 21102 30428 40398 52008 8805/==
34824 42960 80802 11008 21097 30255 40260 57004 80005==
34838 42660 80802 11017 21096 30159 40259 57004 8117/==
34845 42570 81502 11025 21094 30153 40265 57002 8357/==
34858 42560 81501 11035 21076 30159 40271 55002 8645/==
34861 42570 73602 11035 21123 30017 40270 52001 85530==
34866 42670 63603 11019 21141 30282 40273 52001 83931==
34880 42560 72802 11029 21126 30294 40267 52003 82930==
34887 42570 83602 11034 21118 30296 40272 51004 885//==
34949 41/60 80705 11070 21082 39690 40265 57002 77172 8802/==
34954 41560 80702 11034 21084 30088 40269 55002 70282 884//==
34958 41570 80802 11045 21081 30063 40272 55001 70282 885//==
34975 41460 80302 11038 21082 30276 40272 52001 78582 889// 333 88910==
34984 42/70 83305 11023 21113 30298 40267 52002 8007/==
35217 42960 02602 11075 21130 30207 40249 52014==
35302 42570 32906 11070 21128 30228 40250 52013 83200==
35315 42998 63003 11068 21106 30190 40249 52014 82032 555 1/104=
35344 41497 80204 11062 21074 39939 40236 53011 77173 8802/ 555 1/106=
35358 42/60 71809 11031 21073 30058 40231 57003 87040==
35368 41999 61807 11064 21119 30033 40310 52001 73632 86030 555 1/108=
35386 42998 22002 11098 21129 39812 40358 58001 82040 555 1/111=
35394 42970 01802 11062 21120 39660 40361 53006==
35404 42598 23005 11068 21125 30252 40261 52013 81201 555 1/102=
35406 42960 53104 11061 21096 30256 40258 52016 80001==
35416 41/60 82802 11061 21084 30122 40247 52013 77172 8802/==
35426 41/60 83102 11070 21095 39944 40245 52015 77172 8802/==
35437 41497 83303 11045 21065 39924 40245 52015 77173 8802/ 555 1/107=
35449 41998 81608 11016 21050 30158 40263 52001 73633 8807/ 333 91115 555 1/102=
35497 42970 01402 11101 21127 39826 40689 53002==
35498 42998 02001 11115 21143 39454 40379 52009 555 1/116=
35514 42998 73602 11059 21098 30492 40488 52016 82037 555 1/105=
35522 41497 83402 11065 21093 39982 40242 52011 77177 8802/ 555 1/105=
35542 42998 71808 11009 21045 30095 40244 57005 80001 333 91115 555 1/101=
35563 41596 82103 11092 21108 39527 40329 54000 71022 86502 555 1/110=
35576 42970 01103 11079 21110 39885 40353 57003==
35582 42998 00902 11106 21154 39737 40369 53001 555 1/112=
35594 42999 01403 11095 21129 39493 40369 53006 555 1/109=
35605 42998 83202 11046 21094 30277 40255 52011 8807/ 555 1/102=
35633 42998 61709 11001 21031 30016 40231 58012 84073 555 1/101=
35671 41540 81403 11050 21063 39889 40331 57001 71022 885//==
35699 42960 00501 11092 21126 39588 40378 53008==
35700 41470 83603 11041 21100 30280 40256 52017 70272 887//==
35715 42599 80104 11022 21060 30255 40240 52013 885// 555 1/101=
35739 42999 31802 10015 21064 30099 40238 56004 80001 555 1/101=
35746 42570 61605 10021 21059 30199 40267 57007 84502==
35777 42997 51605 11025 21099 39587 40340 53004 85030 555 1/104=
35796 42/60 80601 11071 21096 39924 40377 53008 8807/==
35849 42570 61704 10029 21077 30182 40267 57013 86500==
35895 41996 80303 11064 21080 39912 40373 53005 71022 8802/ 555 1/105=
35907 42598 80109 11022 21081 30281 40250 52012 885//=
35925 42970 61804 10051 20016 30104 40214 57007 80002==
35927 42998 71801 10066 20014 30203 58007 8705/=
35953 42584 71302 10028 21037 30158 40288 57008 87500==
35969 42584 80000 10016 21066 30145 40320 57006 885//==
35997 42698 50501 10004 21051 39902 40341 53001 82536 555 1/000=
36259 12584 20601 11215 21252 38319 48601 52014 69922 81902 333 11178==
36335 42999 20102 11123 21150 39315 40393 53007 80002 555 1/113=
36358 42999 00000 11138 21165 39320 40397 52007 555 1/114=
36394 42997 02301 11061 21110 39943 40379 53006=
36397 42684 32302 11052 21106 39796 40375 52007 82570==
36403 42998 02701 11070 21108 30008 40382 53007 555 1/110=
36418 42999 00801 11129 21156 39753 40405 52007 555 1/118=
36421 429// 00501 11114 21145 39801 40395 53008 555 1/117=
36428 42984 13101 11152 21182 39872 40409 53004 80001==
36439 419// 00000 11120 21143 39063 48551 52007 70230 555 1/117=
36498 41598 80000 11080 21098 39558 40378 53007 70272 8533/ 555 1/109=
36501 42999 00000 11065 21129 39591 40367 52007 555 1/112=
36535 42684 50000 11130 21170 39740 40411 52007 82530==
36546 41996 01301 11144 21164 39833 40408 52007 71000 555 1/116=
36619 42999 50901 11059 21093 83031 555 1/107=
36622 41598 20000 11073 21098 39547 40378 52006 70281 82300 555 1/109=
36639 42984 30000 11124 21167 39746 40386 53007 80001==
36643 415// 73401 11081 21103 39705 40393 52007 77172 85570 555 1/109=
36665 42498 73501 11081 21112 39628 40381 53006 87600 555 1/110=
36666 41498 22301 11128 21137 39880 40402 52006 70171 82601=
36729 42998 21002 11038 21063 39880 40374 52007 80005 555 1/104=
36736 42999 70000 11070 21112 39810 40384 53006 83051 555 1/109=
36744 42998 80503 11019 21054 39895 40353 53005 8807/ 555 1/102=
36770 42999 60202 11026 21042 39611 40351 53008 82041 555 1/106=
36786 42999 20000 11045 21075 39412 40353 53005 82070=
36796 42998 60000 11067 21134 39119 48558 53004 86010=
36803 42999 61902 11044 21083 39914 40376 53005 81044=
36806 42999 31406 11082 21162 39890 40375 52003 80001=
36819 42598 81101 11004 21031 39720 40340 53004 8152/=
36821 42/84 80501 11006 21047 39853 40350 53004 8807/==
36839 42999 80301 11023 21082 39190 40338 53006 82045=
36843 42998 60502 11011 21048 39147 40335 53007 82032=
36846 42298 80000 11046 21071 38685 48571 53009 83715=
36859 42570 80000 10041 21039 39579 40360 53005 85576==
36870 42960 00502 10007 21031 39302 40323 53007==
36874 42698 23602 11002 21038 39536 40321 53007 82500=
36877 42999 20000 10003 21020 82010=
36885 42999 30000 11005 21050 39188 40330 53008 80001=
36889 42999 00000 11119 21175 37061 47079 52011=
36894 41996 30000 10008 21030 39584 40330 53008 71000 82032=
36905 41998 00000 11013 21053 38818 48566 53007 74000=
36911 42998 60000 10030 20006 39330 40309 53007 85055 555 12001=
36927 42699 72704 10016 21099 38382 48544 53009 83950=
36934 42599 71301 10017 21052 38295 48429 53005 83932=
36953 42899 51001 11057 21095 38249 48508 53009 83041 555 1/110=
36963 42999 61403 11106 21169 37037 48/// 53008 83051 555 17113=
36974 42798 71802 11020 21095 38020 48555 53008 83540 555 14102=
36982 42999 82803 11114 21282 36507 47082 53008 82036=
37018 41660 80304 11005 21042 30111 40189 57009 72682 889// 333 90760 91110==
37031 41/40 80902 11035 21066 30050 40254 57005 77172 8802/==
37054 41460 80703 11049 21072 39860 40263 55003 70282 889//==
37061 41/60 80502 11039 21079 30095 40272 57002 77172 8802/==
37085 41570 80105 11020 21111 30293 40266 58001 70272 885//==
37171 41460 83001 10063 20052 30157 40176 57009 78082 889// 333 84716==
37228 41410 83302 11053 21060 39365 40234 57008 75675 886//==
37235 41440 80903 10041 21048 39922 40253 57004 72272 886//==
37472 41540 83102 10001 21009 30273 40250 52001 76162 8872/==
38149 42970 60805 10060 21022 30151 40229 57018 80002==
38178 42670 61105 10046 21076 39959 40247 57011 86400==
38262 42970 61103 10066 21004 30151 40234 57016 80002==
38264 42970 50807 10069 20009 30126 40219 57023 80001==
38345 41996 42601 10010 21043 38866 48558 53010 71022 80002 555 11001=
38353 42597 60701 10037 21033 39407 40316 53004 83601=
38388 42998 81105 10106 20000 30122 40192 57020 80003 555 18014=
38392 42997 61009 10084 20032 30107 40209 57022 80002 555 11011=
38396 42960 80909 10071 20004 30094 40219 57020 80001==
38403 42960 00905 10072 21030 30118 40239 57019==
38413 42/70 51004 10074 21025 39975 40267 57003 85030==
38457 42960 03401 10098 20004 39674 40257 57010==
38462 42984 00000 10037 21092 38809 48541 57002==
38507 42957 83208 10088 20032 30078 40181 53005 84031 333 91010 555 10010=
38545 42998 51106 10104 20011 30044 40217 57024 80003 555 11014=
38565 12970 00000 10106 21007 39631 40205 57015 60002==
38579 12960 00000 10080 20029 39838 40256 57018 60002==
38583 12960 00701 10078 20019 39947 40269 57016 60002==
38599 41996 00707 10081 20019 39731 40269 56006 71000=
38611 41/40 61401 10084 20022 39718 40279 57007 71022 86040==
38613 42998 71801 1//// 21012 39378 40280 56001 80002 555 12009=
38616 41598 60901 10063 21015 39275 40294 51001 70242 85501=
38618 42/60 50601 10080 20017 39585 40274 57006 83043==
38647 42997 81004 10095 20021 30108 40150 57003 8807/ 555 10013=
38656 42998 61104 10140 20002 30051 40158 57020 86080 555 10012=
38683 42960 20905 10122 20004 39948 40221 57023 80001==
38687 42997 31406 10125 20032 39982 40214 57030 80201 555 11015=
38696 12984 00502 10106 21025 39379 40225 57014 60002==
38713 42998 03601 10058 20015 39081 48540 56004=
38750 42597 82704 10089 20058 30216 40188 53025 885// 555 10011=
38763 42/82 /1105 1//// 2//// 30046 4//// 54000 333 31/// 80/// 555 11///=
38774 42898 60401 10098 20041 39967 40163 57002 86070 555 11014=
38799 42997 62007 10131 20032 39967 40195 57034 80003 555 10014=
38806 42997 31606 10142 20006 39938 40192 57032 80002 555 11016=
38812 42960 00803 10136 21014 39761 40205 57025==
38836 41698 30901 10108 20000 39282 40207 57015 71000 80002=
38880 42797 62702 10120 20035 39887 40137 57016 84531 555 10013=
38886 42997 51207 10156 20021 39928 40150 57025 82069 555 10019=
38895 42996 61204 10128 20034 39893 40177 57025 80008 555 11012=
38911 42998 31308 10146 20019 39919 40207 57031 80002 555 10017=
38915 42997 30909 10144 21002 39947 40266 53010 80001 555 11016=
38927 12660 50805 10138 20025 39857 40226 57022 60002 85100 333 85843==
38933 42997 03601 10133 20051 39748 40255 57020=
38944 42998 00202 10131 21002 39647 40172 57023=
38954 42999 03002 10031 21141 37944 48530 53003=
38974 42998 71403 10164 20002 39825 40149 57025 87070 555 10020=
38987 42996 40202 10134 20095 39434 40157 57016 80002 555 11016=
40100 43/80 09906 10186 20084 30166 40182 57019 6///1 333 58///=
40180 12560 13006 10197 20103 30110 40158 57018 60001 81100 333 70000==
40199 12/// /1704 10240 20006 30128 40153 57023 60001 333 70000==
40265 31550 21506 10158 20021 39390 40189 57013 70510 83100 333 82830=
40270 31556 11803 10166 20000 39273 40172 57014 70511 81100 333 81830=
40272 31550 21308 10162 20013 39340 40167 52007 70500 82100 333 82835=
40340 32960 02008 10250 21088 30096 40160 57024=
40356 32660 31608 10133 20000 39200 48505 83100 333 58045 83840 555 04410 50182=
40357 42960 01604 10140 20010 39547 40194 333 58053=
40360 32660 21408 10176 20010 39577 40171 82200 333 58039 82840=
40361 32960 01004 10155 20020 39410 40207 333 58058=
40362 32960 03505 10162 20030 39672 40194 333 58070=
40373 32960 03608 10180 20140 39767 40185 333 58056=
40375 32960 01404 10207 21070 39265 40135 333 58035=
40394 32960 00606 10172 20010 39038 48514 333 58060 555 04410 50165=
40400 32960 42613 10236 20080 30119 40147 80001 333 58024 84070=
40405 32660 40508 10156 20100 39429 40174 84500 333 58062 84640=
40417 12560 80111 10207 20160 30145 40160 60062 8452/ 333 58020 84620 88458=
40430 32960 41205 10252 21130 39402 40131 80005 333 58039 84070=
40437 31657 50209 10209 20150 39452 40151 70500 85400 333 58032 85640=
40439 32960 42412 10280 20040 30107 40125 82031 333 58024 82360=
40582 32860 33610 10202 20075 40180 56017 83030 333 00026 55310 00800 10000 21898 30534 41029 51465 62432 55407 41364 83358 90401 91015 91115 91211 91309=
40703 12960 00000 10089 21023 38905 40183 56006 60001 333 555 10044 29045=
40706 12560 22404 10080 21077 38626 40176 57012 60001 81102 333 70000 81830 555 10024 29032=
40712 12665 11403 10055 21056 38658 40187 56008 60001 81500 333 70000 81635 555 10015 29045=
40713 11658 12803 10081 21046 38638 40165 56004 60001 70500 81100 333 70000 81835 555 10032 29040=
40718 11550 81804 10118 20095 30217 40188 53002 69901 71086 8432/ 222// 0//// 20301 333 70004 81920 83620 88457 555 10107 29086=
40723 12660 73203 10084 20001 38924 40169 55003 60001 83520 333 70000 83645 87457 555 10049 29056=
40726 12560 30000 10080 21023 38641 40173 58006 60001 83100 333 70009 83830 555 10038 29048=
40727 12660 51501 10052 21011 38470 40191 56002 69961 85200 333 70057 82835 83840 555 10026 29064=
40732 11557 83303 10116 20088 30202 40178 52008 69921 72162 8632/ 333 70002 82922 85626 88458 555 10102 29083=
40736 12560 82802 10126 20094 30208 40182 52011 60001 8281/ 333 70000 81825 88460 555 10110 29081=
40738 11656 82706 10116 20070 30189 40191 51017 60001 70522 81572 333 70000 81635 87459 555 10094 29073=
40739 12665 81601 10096 21057 38651 40151 55014 60001 8352/ 333 70000 83635 88459 555 10038 29034=
40741 12660 61007 10160 20042 39811 40143 57031 60001 83506 333 70000 83635 86268 555 10104 29045=
40743 12665 70904 10136 21016 39015 40126 56020 60001 82476 333 70000 82635 85460 87270 555 10071 29035=
40745 11656 73003 10109 20037 39005 40153 57023 60001 81476 333 70000 81640 84358 86268 555 10075 29061=
40747 11660 71403 10068 21009 38622 40177 54000 69901 70262 86320 333 70030 82935 84840 85458 555 10036 29058=
40754 11660 73603 10060 20010 38805 40153 57011 60011 70286 82572 333 70010 82635 87460 555 10038 29070=
40762 12662 71004 10117 21021 38509 40132 57026 60001 83407 333 70000 83635 87269 555 10058 29038=
40766 11570 63005 10065 21017 38692 40185 53001 69901 70162 81770 333 70028 81727 85356 555 10032 29056=
40768 11560 63105 10010 20001 38236 40192 52001 69971 70172 84670 333 70021 81725 83645 85460 555 10006 29094=
40769 12560 32703 10081 21017 38262 40136 54000 60001 83300 333 70015 82930 555 10040 29050=
40780 12560 72703 10066 21008 38687 40210 58001 60001 83370 333 70063 81930 82635 87458 555 10035 29059=
40782 12660 42406 10106 21006 38862 40173 55006 60001 84800 333 70082 81835 83640 555 10058 29046=
40785 12660 22904 10131 21032 39053 40140 56016 60001 82500 333 70000 82640 555 10064 29032=
40791 12662 43303 10208 21032 39277 40086 57033 60001 82302 333 70000 82935 555 10104 29020=
40792 11562 72005 10171 20012 38657 40091 57028 69911 72522 83370 333 70001 81930 83635 86359 555 10095 29034=
40798 12660 12510 10074 21116 37939 40151 55000 60001 81500 333 70021 81635 555 10010 29025=
40800 12665 23205 10142 21121 38428 40136 52007 60001 82400 333 70000 82640 555 10049 29015=
40809 11560 82307 10150 20035 38455 40095 56021 69921 78122 8532/ 333 70002 83930 83635 88558 555 10093 29046=
40811 12660 22003 10207 20030 30152 40178 57014 60001 82200 333 70001 82840 555 10123 29031=
40812 12660 43102 10184 20071 39791 40167 57008 60001 84200 333 70002 84840 555 10126 29048=
40821 12660 22408 10208 21069 38729 40095 55012 60001 82100 333 70000 82840 555 10093 29015=
40829 12960 01804 10239 20032 39563 40125 57027 60001 333 70000 555 10136 29026=
40831 12660 20306 10208 20068 30179 40188 57017 60001 82100 333 70001 82840 555 10137 29040=
40833 12662 13106 10208 20097 30145 40177 57021 60001 81100 333 70030 81840 555 10148 29049=
40841 12665 42309 10170 20018 38216 40081 56010 60001 84300 333 70000 82935 84640 91014 555 10095 29036=
40845 12960 03106 10190 20140 30169 40174 57016 60001 333 70002 555 10162 29073=
40848 12560 22409 10152 20019 38521 40142 55008 60001 82200 333 70040 82830 555 10088 29040=
40854 12960 60000 10200 21006 38934 40116 57018 60001 80006 333 70000 86270 555 10105 29025=
40856 12660 42408 10207 20052 38615 40106 55013 60001 83270 333 70000 83840 83360 555 10125 29036=
40859 11560 52106 10154 20093 38708 40149 56012 69901 70082 85300 333 70060 82930 83835 555 10120 29067=
40875 12560 61504 10250 20158 30129 40140 57017 69901 82570 333 70005 82630 86360 555 10194 29057=
40879 12665 32907 10267 20076 39471 40132 57017 60001 82102 333 70006 82840 555 10162 29030=
40882 12670 63403 10242 20170 30100 40135 56020 60001 83470 333 70005 83635 84359 555 10197 29064=
40883 12560 51004 10240 20138 30110 40137 56018 60001 82470 333 70000 82630 85459 555 10180 29053=
40893 12960 42804 10255 20189 30122 40128 57018 60001 84010 333 70000 84459 555 10213 29067=
40898 11957 70000 10256 20216 30113 40122 57018 60001 70500 87070 222// 00234 20901 333 70000 87359 555 10229 29078=
41024 22960 03318 10300 20010 30094 40120 333 58014 60005==
41036 22560 30106 10240 20070 38545 48495 83800 333 58016 60005 83830==
41055 22560 21809 10251 20080 38350 48495 82400 333 58009 60005 82630==
41061 22/60 32002 10307 20090 39401 40087 83030 333 58019 60005 83358==
41084 22960 01405 10286 20070 38822 48485 333 58015 60005==
41112 22960 02115 10206 20110 37942 48502 333 58008 60005==
41114 22560 22113 10237 20080 37978 48502 82400 333 58010 60005 82622==
41128 22560 10606 10305 20040 38782 48495 81400 333 58018 60005 81630==
41136 22960 01804 10331 21060 39292 40084 333 58015 60005==
41140 21559 42410 10299 20240 30101 40112 70541 84400 333 58016 60005 84630==
41150 12462 33617 10203 20164 40158 69922 83630 333 58009 83710=
41170 11660 70115 10230 20173 30126 40139 69922 72162 81131 333 58005 81835 85360=
41176 34/68 /0518 10241 20167 30129 40135 333 58002=
41184 32960 63613 10283 20121 40127 85031 333 59003 85360 83070=
41194 12960 30116 10284 20126 30119 40125 60001 80001 333 59007 83075=
41196 11750 33616 10281 20122 30090 40130 60001 70600 81530 333 59005 81656 83360=
41216 32960 23310 10325 20062 30115 40119 82030 333 59010 82368=
41217 32960 21606 10319 20050 30084 40113 82030 333 59010 82368=
41265 36/// /2110 10315 20004 39549 40097 333 0E021 55300 22573 58014=
41315 36/70 /1613 10249 20091 39317 48014 333 0E021 55300 27865 58006=
41396 12965 01608 10339 21067 39382 40072 60002 333 58009=
41480 11458 30912 10278 20199 30117 40126 60002 70500 83500 333 58009 83618=
41506 12460 31802 10145 20010 38510 48080 60001 83020 333 10146 56080 58034==
41508 12460 61801 10122 21026 38680 48500 60001 82220 333 10160 56880 58032==
41515 12460 50501 10127 21036 38539 48020 60001 83520 333 10144 56880 58015==
41516 12460 32705 10140 21130 38542 48000 60001 81130 333 10180 56880 58021==
41517 12460 20000 10070 21062 37795 48140 60001 82500 333 10104 56800 58048==
41518 12460 51801 10144 21071 30001 48010 60001 82230 333 10166 56880 58000==
41519 12960 33101 10160 21009 38772 48150 60001 80001 333 10170 56008 58027==
41523 12460 32701 10195 20034 39098 48290 60001 83100 333 10214 56800 58031==
41535 12460 33101 10160 21009 38723 48950 60001 83600 333 10186 56800 58029==
41536 12460 40000 10190 21007 39054 48330 60001 84500 333 10224 56800 58039==
41560 12960 00000 10120 21049 38328 48540 60001 333 10150 59001==
41571 12660 23104 10220 20015 39582 40156 60002 82800 333 10244 56800 58042==
41598 11440 20000 10260 20099 39873 40138 60001 70500 81130 333 10282 56880 58032==
41600 11940 33102 10250 20084 39841 40130 60001 70510 83070 333 10264 56080 58022==
41620 12440 41301 10190 21102 38597 48020 60001 84500 333 10194 56800 58022==
41624 12940 30901 10250 20131 39948 40144 60001 83020 333 10254 56080 58044==
41630 11440 53102 10245 20113 30000 40152 60001 70520 84530 333 10270 56880 58032==
41640 11940 02701 10255 20104 39904 40149 60001 70500 333 10274 58032==
41660 12960 73104 10155 21039 38434 48230 60001 85031 333 10160 56088 58001==
41678 11440 60000 10265 20094 30000 40140 60001 70522 85570 333 10284 56880 58026==
41696 12460 80000 10110 20088 37995 48100 60011 83520 333 10160 56880 59007==
41697 12960 70000 10275 20054 39980 40133 60001 87020 333 10290 56080 58033==
41700 11420 70503 10255 20137 30006 40131 60001 70520 85530 333 10284 56880 58038==
41710 12960 00000 10250 20039 39327 40076 60002 333 10260 59006==
41712 12460 10501 10235 20027 39172 48070 60002 81500 333 10244 56800 59008==
41715 11940 30000 10275 20109 30065 40128 60001 70500 83031 333 10290 56088 58042==
41718 11920 50503 10270 20136 30029 40130 60001 70500 85030 333 10300 56080 58037==
41725 12440 60503 10275 20121 30055 40132 60002 84630 333 10290 56880 58046==
41739 12940 32303 10210 20044 39026 48940 60001 83030 333 10220 56080 58009==
41744 11440 80000 10215 20013 38799 48290 69901 79907 8551/ 333 10254 5688/ 58038==
41749 11940 53103 10280 20128 30097 40130 60001 70400 85030 333 10314 56080 58052==
41756 11940 82302 10285 20182 30074 40139 60001 70504 8803/ 333 10304 5608/ 58027==
41757 12940 61802 10300 20111 30126 40138 60001 86030 333 10320 56080 58032==
41759 11440 72301 10300 20175 30117 40122 60001 70510 85510 333 10324 56880 58024==
41764 12440 43605 10300 20054 30081 40130 60001 83530 333 10310 56880 58054==
41768 12340 43102 10320 20182 30104 40111 60001 84600 333 10350 56800 58028==
41780 11920 52304 10300 20134 30102 40129 60001 70500 85030 333 10334 56080 58049==
41785 12440 62301 10295 20138 30105 40118 60001 83530 333 10304 56880 58023==
41859 01940 00000 10246 20170 30086 40123 70500 333 10293 58005 70000==
41883 02940 00000 10259 20170 30101 40121 333 10292 58009 70000==
41891 01435 73102 10260 20150 30082 40121 70520 84370 333 10306 58000 70000 84615 86460 81930==
41907 01940 00000 10258 20220 30101 40116 70500 333 10302 58008 70000==
41923 02/50 20000 10273 20160 30111 40120 82030 333 10307 58006 70000 82365==
41936 01912 02003 10278 20230 30103 40110 70511 333 10312 58011 70000==
41943 01945 00000 10236 20150 30117 40124 70500 333 10325 58009 70000==
41950 01945 00000 10264 20200 30121 40123 70510 333 10301 58012 70000==
41978 01950 02607 10263 20200 30121 40127 70500 333 10318 58007 70000==
41992 01930 02703 10270 20180 30124 40126 70500 333 10320 58004 70000==
42027 32596 33202 10131 20001 38433 48519 82130 333 10142 58056=
42071 32996 22904 10230 20129 40146 82030 333 10249 58026 82360=
42101 32996 20000 10240 20142 40144 80001 333 10280 58017 82070=
42111 32596 12702 10230 20105 39427 40117 81100 333 10273 58025 81830=
42123 32596 60501 10252 20132 40137 82501 333 10282 58029 82630 85070=
42131 32996 20502 10246 20120 40150 80001 333 10278 58019=
42165 32996 00000 10300 20082 40112 333 10313 58030=
42182 31996 00000 10262 20124 40131 70500 333 10290 58026=
42189 31995 00000 10238 20123 40132 70500 333 10268 58025=
42309 31596 70501 10186 20141 40157 71022 83570 333 10224 58008=
42314 31596 60203 10192 20136 40156 70522 82530 333 10222 58008 82620 86360=
42328 32596 50203 10306 20141 40094 82530 333 10321 58037 82630 84360=
42339 31995 00000 10322 20114 40105 70500 333 10332 58024=
42348 32996 01405 10272 20096 40124 333 10295 58028=
42361 31995 00000 10260 20147 40130 70500 333 10296 58029=
42369 31995 02702 10258 20144 40129 70500 333 10295 58024=
42379 31995 00000 10250 20166 40122 70500 333 10274 58020=
42398 32996 09901 10242 20133 40119 333 10276 58007=
42410 31595 50503 10232 20144 40136 70511 82530 333 10274 58002 82620 83360=
42415 32996 10901 10224 20118 40148 81030 333 10255 58005 81360=
42452 31996 00902 10284 20132 40108 70500 333 10301 58022=
42492 31996 00000 10258 20144 40126 70500 333 10285 58019=
42559 32996 00502 10292 20139 40099 333 10316 58022=
42571 31996 00501 10280 20140 40114 70500 333 10310 58025=
42591 31996 00000 10254 20155 40131 70500 333 10288 58019=
42623 31496 23202 10210 20092 39263 40129 70500 82500 333 10257 58008 82618=
42634 32996 03203 10336 20116 40118 333 10350 58017=
42647 31996 02903 10334 20123 40114 70400 333 10348 58013=
42667 32996 03204 10294 20132 39532 40103 333 10318 58010=
42675 32996 00502 10280 20153 40118 333 10304 58027=
42701 31596 23402 10274 20122 39384 40094 70120 82500 333 10304 58012 82620=
42724 31996 00000 10276 20171 40119 70500 333 10308 58007=
42737 32996 02706 10330 20111 40121 333 10354 58013=
42754 32996 02903 10292 20146 39483 40101 333 10308 58017=
42779 32596 20000 10286 20103 39423 40103 82500 333 10319 58019 82620=
42798 31995 00000 10314 20153 40098 70500 333 10338 58012=
42809 31996 02002 10294 20186 30107 40114 70500 333 10326 58011=
42840 32996 03202 10330 20126 40117 333 10346 58011=
42867 31996 00702 10320 20148 40097 70500 333 10354 58009=
42874 31996 00000 10326 20188 40103 70500 333 10350 58012=
42886 32996 00000 10326 20115 40102 333 10366 58008=
42895 32996 01402 10276 20196 40109 333 10320 58004=
42909 32996 02904 10274 20230 40121 222// 20000 333 10332 58007=
42971 32996 01806 10294 20133 40122 333 10336 58010=
43003 31995 03208 10308 20169 40105 70400 333 10334 59001=
43014 31996 02703 10344 20091 39459 40078 70544 333 10362 58006=
43041 31996 00000 10316 20138 39498 40095 70500 333 10352 58011=
43063 32997 00901 10334 20067 39482 40082 333 10357 58004=
43086 32997 00000 10320 20195 39927 40101 333 10348 58008=
43110 31995 03403 10298 20220 40105 70544 333 10351 58002=
43117 32997 01402 10354 20208 40080 333 10373 58005=
43128 32997 01404 10320 20134 39506 40094 333 10354 58007=
43150 31996 02306 10274 20233 30065 40127 70500 222// 20000 333 10317 58011=
43185 32997 01808 10286 20220 30113 40116 333 10332 58014=
43189 32597 20000 10292 20230 30115 40124 81501 333 10324 58014=
43192 32996 02302 10310 20251 40097 333 10344 58008=
43198 32996 21403 10326 20081 39279 40073 80001 333 10352 58004 82075=
43201 32997 00501 10334 20078 39369 40068 333 10354 58002=
43213 32997 01403 10364 20100 39773 40078 333 10379 58011=
43233 32997 20704 10330 20082 39298 40086 80001 333 10338 58007=
43237 32997 20702 10346 20090 39684 40062 80001 333 10368 58008 82075=
43245 32997 01103 10304 20218 30091 40117 333 10332 58008=
43279 32996 11406 10292 20221 30106 40124 80001 333 10330 58012 81075=
43284 31496 42508 10302 20251 39981 40095 70500 82501 333 10335 58011 82612=
43295 32997 10502 10300 20119 39098 48522 80001 333 10326 58010 81075=
43310 32596 40502 10286 20249 40101 82211 333 10288 58000=
43314 32997 02302 10328 20236 40093 333 10350 58005=
43329 32997 11402 10286 20214 30104 40117 80001 333 10318 58012=
43333 31495 40000 10274 20190 40115 70510 82501 333 10306 58007 82618 83070=
43344 31495 30708 10324 20190 30012 40109 70521 82501 333 10327 58017 82616=
43353 31496 12506 10296 20222 40094 70521 81500 333 10318 56700 58015 81620=
43369 32597 32302 10296 20222 40099 83500 333 10318 58010 83620=
43371 32496 43202 10300 20237 30033 40105 83501 333 10334 58014 83618=
43404 22970 20502 10283 20222 30104 40107 5/004 333 10317 20195 3/018 553// 20083 58011 60008 91005==
43410 22470 50505 10283 20229 30111 40115 55004 83105 333 10308 20280 3/024 58010 60008 91006 555 60008==
43413 22470 20305 10292 20227 30105 40110 51004 82000 333 10309 20248 553// 20089 58013 60008 91008==
43415 22470 20902 10290 20222 30011 40119 56003 82000 333 10323 3/018 58013 60008 555 60008==
43418 22470 50202 10282 20236 30075 40116 57001 85000 333 10305 20252 3/020 58013 60008 555 60008==
43421 22970 00503 10294 20218 30001 40105 54000 333 10343 20208 553// 20055 58011 60008 91006==
43422 22470 20702 10298 20217 39972 40104 54000 82000 333 10324 20250 3/019 58012 60008 555 60008==
43424 22470 23603 10294 20235 30098 40100 56004 82100 333 10324 20239 3/019 58012 60008 555 60008==
43436 22470 20905 10287 20241 30107 40110 54000 81000 333 10302 20260 3/022 58013 60008 555 60008==
43441 22470 20502 10320 20206 39957 40087 58004 82100 333 10350 20261 3/020 58010 60008 555 60008==
43444 22470 11402 10304 20198 39567 40097 54000 81000 333 10331 20207 3/016 58013 60008 555 60008==
43450 21459 42905 10294 20237 30096 40108 54000 70500 81000 333 10335 58012 60008 555 60008==
43466 22/70 33403 10295 20202 30092 40100 57001 333 10326 20244 3/022 553// 20071 58010 60008 81/18 83/80 91005 555 60008==
43467 22470 22903 10306 20229 30096 40102 52001 81100 333 10333 3/022 58009 60008 555 60008==
43473 22470 63102 10183 20139 38131 48493 54000 86000 333 10230 20080 3/004 553// 20091 58010 60008 91005 555 60008==
43475 22470 80202 10292 20235 30104 40109 52001 83216 333 10324 20235 553// 20044 58011 60008 91004 555 60008==
43476 21450 53601 10220 20190 38777 48524 5/001 70511 85000 333 10264 20186 58013 60008 555 60008==
43479 22470 33303 10249 20197 39266 52003 82100 333 10289 20200 58011 60008 555 60008==
43486 21468 62703 10302 20215 39995 40093 55005 75091 84000 333 10366 20222 553// 20024 58012 60008 82918 91005==
43495 22470 72302 10291 20248 30090 40103 52003 86/// 333 10306 58013 60008 81920 555 60008==
43497 22470 20803 10287 20000 30079 40096 5/001 82000 333 10350 20231 553// 20074 58009 60008 91006==
44212 429// 40901 11234 21270 39268 40539 52014 80008 333 11158==
44213 429// 01201 11248 21275 38904 40546 52016 333 11152==
44214 42670 21802 11093 21153 38333 40401 52018 82500 333 11045==
44215 416// 71602 11110 21132 38479 40429 52014 72277 87600 333 11082==
44217 32998 10000 11114 21172 37884 40430 52017 80001 333 11074 91202=
44218 42/// 62601 11119 21168 38689 40441 52016 86070 333 11089==
44219 32999 20201 11176 21211 38691 40466 52012 82030 333 11144 91202=
44265 429// 00402 11114 21169 38909 40400 52010 333 11055==
44266 329// 23602 11087 21217 37789 40365 53013 82080 333 11033 91205=
44404 22358 10903 10132 20081 38129 48463 81100 333 10192 58021 60008 70000=
44416 22658 21804 10208 20130 39363 40139 81140 333 10253 58029 60008 70000=
44424 22460 33605 10122 21020 37655 47062 82201 333 10171 58024 60008 70000=
44434 21556 71306 10171 20119 39229 48515 76096 84460 333 10214 58020 69908 79999=
44438 22556 12102 10241 20158 30003 40130 81100 333 10262 58018 60008 70000=
44449 22957 00000 10220 20178 39971 40128 80000 333 10260 58013 60008 70000=
44454 31450 22209 10150 20109 38658 48493 70544 82100 333 10202 58014=
44462 21420 72702 10110 20079 38250 48470 71044 87800 333 10176 58011 60008 70000=
44474 21010 41804 10120 20055 38253 48495 70544 84400 333 10164 58011 60008 70020=
44477 21550 52102 10154 20093 38823 48528 70544 85200 333 10221 58027 60008 70000=
44478 22956 02203 10242 20174 30038 40120 80000 333 10280 58014 60008 70000=
48010 41905 03601 10245 20136 39966 40118 70544 333 10290 58023==
48020 42940 00000 10265 20172 333 10301==
48025 11430 43201 10300 20146 39983 40121 58021 60002 70511 84500==
48048 42956 00401 10302 20223 30056 40111 333 10338 58028==
48052 32956 00000 10344 20184 333 10365=
48062 42440 23203 10270 20256 30101 40108 82500 333 10330 58007==
48064 42950 03201 10312 20124 30083 40079 333 10350 58018==
48094 42956 00000 10305 20205 30100 40110 333 10345 58008==
48109 42440 20000 10280 20233 30123 40127 82500 333 10307 58007==
51076 14/62 /0000 11147 21175 39456 40421 52009 60001 333 11059 21194 3/104 4/025 58088 70000 90761 91103==
51087 14/59 /0000 11136 21163 39304 40419 52012 60001 333 11075 21176 3/105 4/018 58087 70000 90761 91104==
51156 14/67 /1104 11087 21122 38767 40391 52013 60001 333 11020 21134 3/115 58078 70000 90761 91106==
51243 14/49 /2101 11096 21153 39812 40410 52011 60001 70500 333 11059 21167 3/115 58085 70000 90761 91104==
51334 14/30 /2401 11100 21138 39965 40404 52012 60001 70500 333 11065 21164 3/109 4/012 58085 90761 91105==
51379 14/59 /2801 11062 21117 39384 40404 52009 60001 333 11024 21182 3/106 4/022 58071 70000 90761 91105==
51463 14/39 /0601 11080 21116 39129 40390 52009 60001 70500 333 11010 21095 3/101 4/034 58072 70000 90761 91104==
51573 14/60 /0501 10057 21149 30226 40277 52010 60001 333 10082 21003 3/105 58039 70000 90761 91103==
51644 14/56 /1901 10026 21113 38991 40288 52017 60001 70600 333 10065 21053 3/106 58053 70000 90761 91105==
51656 14/56 /1202 10035 21113 39197 40285 52012 60001 70600 333 10068 21038 3/105 58051 70000 90761 91104==
51709 14/56 /1301 10041 21137 38651 40267 52007 60001 70600 333 10048 21051 3/107 58029 70000 90761 91105==
51711 14/61 /0802 11004 21171 38028 40223 52018 60001 333 10040 21062 3/110 58042 70000 90761 91107==
51716 14032 01001 10042 21107 38945 40274 52012 60001 70600 333 10056 21044 3/109 58034 70000 90761 91103==
51765 14/58 /2401 10048 21136 39257 40285 52014 60001 333 10083 21071 3/111 58052 70000 90761 91104==
51811 14056 00301 10056 21150 38818 40266 52014 60001 70600 333 10078 21047 3/110 58030 70000 90761 91106==
51818 14/50 /0502 10056 21175 38663 40253 52018 60001 70600 333 10080 21027 3/108 58027 70000 90761 91106==
51886 14/80 /0603 11032 21286 37086 40265 52006 60001 333 11006 21160 3/121 59018 70000 90761 91105==
52203 14/63 /2802 10033 21149 39364 40281 52013 60001 333 10086 21085 3/113 58027 70000 90761 91106==
52602 14/77 /3403 11034 21318 37240 40275 52001 60001 333 10027 21160 3/122 59026 70000 90761 91110==
52818 14/80 /2903 10009 21221 37199 40214 52011 60001 333 10055 21137 3/120 59037 70000 90761 91108==
52908 14/80 /2707 11115 21164 35718 40298 52017 69911 333 11065 21226 3/126 59014 70001 90761 91114==
55228 14/80 /2509 11034 21307 36000 40173 52002 60001 333 11008 21141 3/120 58020 70000 90761 91116==
55299 14/79 /2801 11053 21180 35817 40203 52007 60001 333 11031 21163 3/118 59014 70000 90761 91113==
55578 14/76 /3502 10074 21299 36296 40026 57008 60001 333 10108 21088 3/112 59018 70000 90761 91121==
55591 14/77 /0502 10065 21155 36456 40030 52001 60001 333 10095 21053 3/109 59030 70000 90761 91108==
55664 14/80 /2708 10009 21221 35969 40083 52010 60001 333 10069 21075 3/113 58004 70000 90761 91118==
55773 14/80 /1904 11047 21113 35992 40203 52003 60001 333 10016 21121 3/115 58015 70000 90761 91118==
56004 14/80 /2705 11093 21178 35784 40256 52015 60001 333 11047 21215 3/120 59014 70002 90761 91120==
56018 14/70 /1101 11052 21107 36144 40253 52003 60001 333 11031 21187 3/115 59012 70003 90761 91105==
56312 14/80 /1403 10049 21069 37075 40167 52010 60001 333 10080 21031 3/101 59003 70000 90761 91109==
62306 42560 43110 10196 20090 40150 57010 84200==
62309 42960 02710 10220 21020 40138 57010==
62325 42560 32304 10225 20115 40162 57009 83100==
62332 42560 20405 10201 20116 40165 57013 82200==
62337 42960 01502 10228 20069 40159 57019==
62366 45960 02105 10216 20042 40152 57018==
62387 42960 02306 10228 20015 40168 57021==
62393 42960 02605 10230 20010 40196 57012==
62405 42960 00000 10242 21030 40164 57016==
62414 42960 00108 10252 21056 40155 57021==
62419 42960 00808 10243 21016 40145 57017==
62420 42960 03305 10239 21027 40155 57019==
62435 42960 40602 10238 20018 40159 57022 80004==
62440 42960 02706 10224 20088 40164 57017==
62455 42960 02204 10207 20108 40162 57017==
62458 42960 02904 10190 20086 40169 57016==
62459 42960 02905 10203 20092 40167 57011==
62465 42960 03506 10228 20131 40138 57018==
63210 32980 00316 10270 20210 40098 333 10291 58007=
63330 42580 21006 10240 20152 37786 40252 82100 333 58001 82824=
63331 42580 2//// 10304 20112 38075 40203 82100 333 59006 82827=
63332 42580 32502 10290 20155 38210 40035 83200 333 59005 83825=
63333 42580 60000 10254 20125 38155 40165 86800 333 58012 82828 84629=
63340 42580 62402 10270 20103 37926 40143 82230 333 59024 82825 85358=
63402 42580 20000 10310 20105 82200 333 82829=
63403 41560 62305 10270 20168 70500 86900 333 82823 81924 84625=
63450 42580 21007 10255 20037 37731 40244 82100 333 58006 82826=
63451 42580 30409 10290 20067 38127 40009 83500 333 58006 83626=
63453 41570 20205 10342 20129 39043 40266 70500 82100 333 58009 82823=
63460 42580 41802 10302 20152 84200 333 84824=
63471 42580 20903 10320 20123 38849 40071 82200 333 58019 82829=
63474 42580 41506 10246 20015 37591 40076 333 58007=
63478 42980 01306 10368 20223 39759 40076 333 58007=
63500 42580 20903 10345 20125 82100 333 82825=
63533 42580 10306 10314 20077 38483 4//// 81100 333 58003 81830=
40420 32660 50312 10230 20160 39939 40144 85400 91146 333 58028 85640=
