SMPK OPKC 060000=
41506 02695 40000 10025 20014 38534 48531 60002 82520 333 56990 58025 60007 82640 83460 92%=
41507 02996 00906 10040 20016 39262 49801 60002 333 59006 60007 84%=
41508 02696 50000 10006 21008 38680 48543 60042 82520 333 56990 58032 60007 82635 83460 91%=
41510 02996 00000 11030 21050 37914 48536 60002 333 58026 60007 90%=
41515 02695 30000 10007 21023 38572 48532 60002 83500 333 56900 58004 60007 83650 82%=
41516 02996 50000 10035 21003 38545 48502 60002 84010 333 56090 58019 60007 85460 RH74%=
41517 01996 00000 10000 21036 37778 48515 60002 70400 333 58028 60007 74%=
41518 02696 41802 10044 21044 38/// 48/// 60002 82520 333 56990 5//// 60007 82640 82462 54%=
41519 02696 30000 10065 21026 38770 48504 60002 83500 333 56900 59005 60007 83640 RH52%=
41520 02695 53602 11025 21101 37618 48281 60002 82530 333 56990 58025 60007 82640 83362 52%=
41523 02696 30000 10025 21015 39119 48514 60002 83500 333 56900 58033 60007 83640 75%=
41524 02696 20000 10065 20031 39374 40270 60002 82500 333 56900 58026 60007 82640 79%=
41525 12696 30000 11020 21045 37679 48422 60002 83500 333 56900 58005 83640 81%=
41528 01696 50000 10055 20044 39228 48506 60002 70422 82520 333 56990 58023 60007 82640 83460 93%=
41529 02996 20000 10065 20029 39807 40204 60002 82030 333 56090 58033 60007 82360 78%=
41530 019// 30000 10090 20003 39780 40210 69902 70511 83030 333 56090 58044 60007 83360 54%=
41534 02996 00000 10070 20047 39779 40211 60002 333 58040 60007 85%=
41535 02696 50000 10015 20002 38736 48495 60002 83520 333 56990 58035 60007 83635 84460 RH91%=
41536 02996 00000 10050 20014 39061 48514 60002 333 59032 60007 78%=
41560 02996 01302 11020 21065 38278 48515 60002 333 59005 60007 RH71%=
41562 02996 03104 10075 21002 39709 40189 60002 333 58026 60007 RH58%=
41565 02995 03104 10044 21020 38644 48508 60002 333 59023 60007 RH 62% =
41567 01996 00000 10075 20040 39704 40135 60002 70400 333 58007 60007 79%=
41571 119// 00504 10065 20019 39611 40220 60002 70500 333 58039 RH72%=
41572 01996 00000 10040 20003 39549 40204 60002 70400 333 58042 60007 RH77%=
41573 02997 00000 10005 21068 37970 48512 60002 333 58021 60007 58%=
41574 02997 00000 10000 21013 38351 48535 60002 333 58011 60007 91%=
41576 01696 42704 10130 20043 40202 69922 72602 82530 333 56990 58025 69927 82640 84460 55%=
41577 01996 00000 10040 20028 39573 40219 60002 70400 333 56000 58031 60007 RH 92%=
41593 01996 00000 10085 20063 39967 40192 60002 70400 333 58029 60007 86%=
41597 01996 00000 10085 20039 39891 40194 60002 70400 333 58029 60007 73%=
41598 01995 42302 10075 20053 39901 40185 60002 71020 84070 333 56090 58031 60007 84460 86%=
41599 01993 00000 10070 20059 39895 40199 60002 74240 333 58037 60007 93%=
41600 01995 00000 10070 20059 39878 40186 60002 71000 333 58021 60007 93%=
41620 31996 02302 11005 21090 38590 48489 60002 70500 333 58006 60007 53%=
41624 01995 03102 10090 20045 39977 40185 60002 70400 333 58031 60007 73%=
41625 01994 00000 10095 20065 39943 40151 60002 70400 333 58004 60007 80%=
41630 01996 02702 10090 20069 40195 60002 70400 333 58038 60007 86%=
41633 01995 00000 10060 20060 4//// 60002 71000 333 5//// 60007 100%=
41634 02996 20000 10060 20026 3//// 4//// 60002 82030 333 56090 5//// 60007 82360 79%=
41635 01995 00000 10055 20031 3//// 4//// 60002 71000 333 5//// 60007 84%=
41636 01996 00000 10080 20058 39988 40180 60002 70400 333 58020 60007 86%=
41638 01995 00000 10085 20063 4//// 60002 71000 333 5//// 60007 86%=
41639 01996 00000 10080 20069 3//// 4//// 60002 70400 333 5//// 60007 93%=
41640 01995 00000 10110 20079 39932 40190 60002 70400 333 58037 60007 81%=
41641 01996 00000 10100 20079 39908 40192 60002 70400 333 58039 60007 87%=
41642 01995 00000 10070 20047 3//// 4//// 60002 71000 333 5//// 60007 RH85%=
41643 01994 00000 10070 20059 39901 40191 60002 71000 333 58034 60007 93%=
41644 01994 00000 10070 20059 3//// 4//// 60002 71000 333 5//// 60007 93%=
41646 01994 00000 10100 20079 39960 40183 60002 71000 333 58004 60007 87%=
41652 01996 03102 10070 20021 39997 40185 60002 70400 333 58023 60007 71%=
41660 029// 02304 11010 21111 38456 48548 60002 333 58023 60007 RH46%=
41661 02996 00000 11015 21119 38408 48540 60002 333 58020 60007 45%=
41669 01996 00000 10070 20047 3//// 4//// 60002 70400 333 5//// 60007 85%=
41670 01996 00000 10070 20047 3//// 4//// 60002 70400 333 5//// 60007 85%=
41674 01995 00000 10080 20058 3//// 4//// 60002 71000 333 5//// 60007 86%=
41675 01995 00000 10085 20063 30028 40177 60002 71000 333 58025 60007 86%=
41676 01994 00000 10080 20046 30009 40173 60002 70400 333 58005 60007 79%=
41677 01995 00000 10060 20048 39978 40153 60002 71000 333 58008 60007 92%=
41678 01996 00000 10090 20045 40159 60002 70400 333 58015 60007 73%=
41679 01996 00000 10090 20069 4//// 60002 70400 333 5//// 60007 86%=
41680 01995 00000 10090 20069 39961 40169 60002 71000 333 58022 60007 86%=
41685 02997 00000 10045 21128 38928 48497 60002 333 58018 60007 RH.27%=
41696 02996 00000 11050 21080 38010 48554 60002 333 58004 60007 RH77%=
41697 02996 00000 10085 20026 39988 40152 60002 333 58006 60007 RH66%=
41700 01994 00000 10090 20069 30009 40142 60002 71000 333 58008 60007 86%=
41701 01994 00000 10070 20047 60002 71000 333 58023 60007 85%=
41710 12996 00504 10075 21067 39398 40199 60002 333 58001 RH36%=
41712 12996 00000 10060 21016 39213 48504 60002 333 59004 RH58%=
41715 01993 00000 10090 20057 30096 40163 60002 70400 333 58015 60007 RH80%=
41716 01995 00000 10090 20018 30074 40182 60002 70400 333 58026 60007 61%=
41718 01995 00000 10060 20023 30066 40176 60002 70400 333 58028 60007 77%=
41724 01995 00000 10090 20032 30108 40191 60002 70400 333 58024 60007 RH67%=
41725 01996 00504 10120 20056 30076 40156 60002 70500 333 58012 60007 RH65%=
41738 02996 00000 10120 20043 39997 40184 60002 333 58008 60007 Rh,59%=
41739 02996 00506 10065 20005 39065 48503 60002 333 59003 60007 RH65%=
41742 12996 00000 10095 20024 30067 40176 60002 333 58009 RH 61%=
41743 01996 00000 10085 20052 60002 70400 333 60007 RH 79%=
41744 12996 00000 10045 21020 38783 48497 60002 333 58003 RH 62%=
41746 01995 00000 10090 20063 30104 40161 60002 71000 333 58006 60007 RH80%=
41747 01994 00000 10075 20058 30095 40158 60002 71000 333 58014 60007 RH86%=
41748 01994 00000 10110 20090 30102 40168 60002 70500 333 58011 60007 RH87%=
41749 01995 00000 10100 20079 30125 40158 60002 70400 333 58004 60007 RH87%=
41756 01995 00000 10150 20103 30101 40169 60002 70504 333 58001 60007 RH73%=
41757 12996 00000 10130 20091 30156 40169 60002 333 58007 RH77%=
41764 02996 00000 10125 20049 30096 40143 60002 333 59004 60007 RH60%=
41765 02996 00000 10135 20062 30128 40165 60002 333 58008 60007 RH61%=
41766 01994 00000 10075 20040 30121 40152 60002 74000 333 58005 60007 RH79%=
41780 01996 00000 10130 20043 30139 40168 60002 70500 333 58009 60007 RH55%=
41785 02996 00000 10110 20068 30146 40159 60002 333 58003 60007 RH 75%=
41786 02996 00000 10070 20035 30105 40143 60002 333 58009 60007 RH 78%=
41BAG 02696 70502 10000 21057 60002 84510 333 56990 60007 84640 87460 65%=
41BKI 02996 30000 10085 20026 39771 40204 60002 83030 333 56090 58036 60007 83360 66%=
41SKP 01995 00000 10075 20064 3//// 4//// 60002 71000 333 5//// 60007 93%=
43532 02696 60000 10060 20038 39348 40181 60002 70400 83520 333 56990 58017 60007 83640 83460 86%=
43533 02997 00000 10045 20022 39237 48483 60002 333 58003 60007 85%=
43563 02997 00000 10078 20048 39487 40202 60002 333 58032 60007 80%=
41504 02995 31804 11050 21097 37834 48509 83030 333 56090 59015 60007 83360 RH66%=
41745 01995 00000 10090 20069 60002 71000 333 60007 RH86%= 
41505 22595 00000 11020 21049 38/// 48/// 60001 333 58/// 81%=
41767 02996 00000 10120 20079 3//// 4//// 60002 333 60007 RH76%= 
41726 01993 10085 20063 30109 40184 60002 71000 333 58008 60007 RH86% =
41768 02996 00000 10010 20046 30141 40148 60002 333 58012 60007 RH79%=
Data Generated from File : D:/all data handling/Rmc_lhr/2025020600.FSU.txt
06/02/2025   01:01:29
____________________________________________________________________________________________
15020 04/70 /3101 11013 21056 30136 40345 54000 60001 333 55000 20182 55300 20000 60007==
15090 04570 63201 11012 21048 30241 40339 54000 60001 86500 333 55007 10011 20347 30334 55300 10160 20000 30000 60007 91003 90760 91103==
15108 01/00 92905 11100 21109 38119 48543 57004 60011 74974 89/// 333 49082 55000 20245 55300 20000 69927 91008 90760 91110==
15150 01570 83202 11008 21043 30116 40341 54000 69901 77172 8557/ 333 43001 55000 20201 55300 20000 69907 91004 90760 91105==
15170 01534 81801 11041 21048 39504 42875 57004 60001 71022 8437/ 333 47005 55001 20376 55300 20000 60007 91001 90760 91102==
15280 01/00 93513 11138 21155 37492 47019 50000 60001 74943 89/// 333 49084 55028 20571 55300 20000 60007 91020==
15310 04970 03202 11007 21061 30234 40325 57003 60001 333 55007 10019 20330 30309 55300 10140 20000 30000 60007 91004 90760 91106==
15335 04570 73402 11002 21053 30310 40318 54000 60001 84530 333 55001 20307 55300 20000 60007 91005 90760 91105==
15350 04/70 53602 11001 21063 30207 40333 57002 60001 85070 333 55000 20149 55300 20000 60007 91004 90760 91104==
15360 04/70 33308 11007 21034 30287 40305 52002 60001 83030 333 55000 60007 91009 90760 91109==
15420 04570 70000 11025 21042 30214 40332 54000 60001 84570 333 55002 20486 55300 20000 60007 91001 90760 91102==
15460 04/70 /3402 11028 21043 30301 40328 54001 60001 333 55002 20309 55300 20000 60007==
15470 04/70 70902 11011 21038 30198 40331 52003 60001 87070 333 55057 20895 55300 20000 60007 91003 90760 91104==
15480 04970 03204 11008 21053 30294 40312 54001 60001 333 41998 55009 10080 20388 30342 55300 10260 20000 30000 60007 91007 90760 91107==
15549 11970 20201 11035 21041 39880 40320 58002 69911 70171 80001 333 10006 21036 555 595// 70000 92602=
15552 12565 33403 11010 21046 30256 40308 52003 60001 83500 222// 00075 10302 333 10016 21010 555 577// 92035 92437=
15640 11566 80203 10014 20000 39988 40313 52004 69901 70272 8657/ 333 10035 20005 555 59100 69499 70000=
15655 12968 03407 10004 21051 30274 40309 58001 60001 222// 00079 10402 333 10034 20004 555 566// 92035 92437=
15730 12970 53603 10025 21056 39893 40304 54000 60001 83031 333 10029 20002 555 555//=
16627 12560 40000 11010 21055 30299 40306 51003 60001 84500 333 90730 91106==
16650 12560 10211 10068 21024 30286 40295 56001 60001 81100 333 90730 91117==
16723 12560 40114 10052 20000 30243 40258 52004 60001 84200 333 90730 91134==
16742 12560 33628 10054 21038 30063 40223 52001 60001 83100 333 90730 91142==
16749 12960 03417 10080 20011 30180 40195 52005 60001 333 90730 91125==
16754 12460 63520 10102 20022 30214 40263 52009 60001 86800 333 81818 86620 90730 91138==
16760 17/// /3624 10066 21019 39824 40250 52005 69911 7214/ 333 90730 91138==
16765 26/// /3513 10079 21032 30194 40215 52013 333 60005 90730 91143==
17022 11565 71805 10007 20006 30079 40252 52005 60051 70172 85570 333 85633 87359 90760 91109==
17024 17/04 /2501 10004 21003 30157 40237 50000 69941 772//==
17026 16/81 /3410 10047 21002 30186 40226 50000 60021==
17031 11470 70504 10032 20013 30193 40200 58004 60121 72688 87200 333 84712 87827 90760 91116==
17034 11560 72403 10018 20010 30152 40200 58002 60081 78388 84270 333 84830 87358 90760 91108==
17038 11357 72405 10025 20011 30132 40181 57008 60051 76166 87500 333 84709 87625 90760 91116==
17042 16/73 /0000 10039 20007 30137 40177 57010 60001==
17050 16/82 ///// 10019 21040 30250 40315 52006 60001==
17056 12970 03307 10016 21032 30297 40302 52001 60001 333 90760 91111==
17060 11456 70113 10016 21007 30244 40286 52008 69921 78522 86260 333 83715 85825 87359 90760 91132==
17070 17/83 /3601 11027 21034 39334 40237 50000 60001 724//==
17074 16/82 /2203 11036 39258 40225 52005 60001==
17084 12670 83504 11011 21033 39260 40191 55000 60001 8451/ 333 84635 88460 90760 91113==
17085 11456 83405 10002 21015 39680 40183 56004 69911 77022 8552/ 333 82715 83628 88458 90760 91112==
17092 11420 82612 11023 21028 38752 48389 57009 60041 77177 8672/ 333 83710 86625 88457 90760 91114==
17096 12560 71015 11027 21081 38123 48396 57014 60001 85550 333 85625 87357 90760 91126==
17098 11657 70715 11046 21062 38112 48426 57012 69901 77122 85530 333 85635 87357 90760 91123==
17100 11627 50000 10002 21062 39118 40121 57012 60001 70522 82530 333 82640 85360 90760 91103==
17112 16/81 /0303 10033 21036 30292 40299 50000 60001==
17115 12460 73516 10035 21047 30236 40289 56003 60001 85250 333 82712 84835 86360 90760 91127==
17116 11558 70000 10012 20010 30157 40283 53003 69921 78588 84250 333 84830 86359 90760 91114==
17124 12560 53009 11025 21056 39297 40248 51002 60001 85500 333 85625 90760 91121==
17128 12670 30113 11032 21100 39070 40202 55000 60001 81130 333 81840 83360 90760 91120==
17135 12670 43604 11007 21083 39286 40186 50002 60001 84500 333 84640 90760 91115==
17140 11540 80508 11060 21081 38647 48433 57006 60021 77377 8652/ 333 86630 88457 90760 91117==
17150 11460 70112 10020 21016 30148 40276 58003 69941 70282 87200 333 84715 86835 90760 91133==
17160 11670 73511 11036 21088 38976 48440 58003 69901 70272 84570 333 84639 87359 90760 91123==
17170 11560 61215 10024 21056 38205 48377 57022 69901 70372 83550 333 83630 86357 90760 91124==
17175 12665 51503 10036 21048 30274 40278 52001 60001 82130 333 82840 85360 90760 91118==
17184 12670 33503 10012 21020 30159 40275 52005 60001 82240 333 82840 83360 90760 91114==
17190 12670 43204 11048 21080 39000 48486 52004 60001 84500 333 84635 90760 91118==
17195 11560 80209 11032 21060 38907 48425 55003 69961 77177 8552/ 333 85620 88458 90760 91113==
17200 11250 80903 10003 20001 39071 40063 56007 60041 77172 8772/ 333 84706 87711 88458 90760 91112==
17202 11470 71002 10031 20031 39000 40032 57015 60031 76166 87500 333 85712 87630 90760 91109==
17203 11670 80501 10022 21015 38752 48413 57019 60011 70262 8452/ 333 84640 88460 90760 91109==
17210 17/64 /0501 10065 20030 39004 40013 50000 69951 723//==
17219 12565 30119 10029 21048 30121 40271 53004 60001 83100 333 83830 90760 91131==
17234 12670 23101 10041 21057 30174 40244 52007 60001 82200 333 82840 90760 91114==
17237 12670 33203 10017 21066 39722 40240 52009 60001 83200 333 83837 90760 91117==
17240 12/70 33611 11020 21087 39021 40201 52004 60001 83030 333 83360 91022 90760 91131==
17244 11670 43325 11041 21077 38958 48447 52001 69901 70271 83530 333 83635 84359 91038 90760 91139==
17248 17/56 /0204 11034 21053 38913 40147 50000 69961 771//==
17250 17/59 /0211 11038 21075 38725 40140 50000 60001 767//==
17260 12660 73607 10057 20023 39174 49980 57016 60001 85130 333 85840 87358 90760 91112==
17270 12670 32501 10061 21008 39378 40016 57014 60001 83500 333 83640 90760 91107==
17275 17/59 /0000 10079 21044 38840 40008 57019 60001 704//==
17280 11660 63109 10065 20034 39240 40013 57020 69941 70262 84530 333 84640 86360 90760 91115==
17290 12570 33405 10056 21054 30202 40235 53012 60001 83100 333 83833 90760 91128==
17292 12970 00304 10000 21114 39422 40197 53003 60001 333 90760 91117==
17300 12960 03325 10063 21083 30085 40157 52005 60001 333 91036 90760 91138==
17310 12970 00308 10097 21099 30075 40082 53002 60001 333 90760 91122==
17330 16/// /2809 10080 21051 30040 40052 57008 60001==
17350 12660 53210 10088 21049 39946 40024 57010 60001 83150 333 83840 85357==
17370 11557 73312 10101 20063 30022 40026 57013 69961 78022 84270 333 84830 87358 90760 91115==
17375 12970 00302 10070 21095 30143 40145 52012 60001 333 90760 91120==
33088 32597 80401 11028 21066 30160 40362 52006 885// 555 1/103=
33135 /16// 80303 11004 21045 30187 40341 52012 70287 8455/ 333 84643 555 1/101 69901=
33177 /1597 81102 11004 21018 30108 40356 52004 70282 885// 555 1/101 69941=
33317 329// 73201 11042 21073 39998 40354 52002 87030 555 1/102=
33393 /1958 80000 10004 21015 39943 40350 52003 71072 8807/ 555 69901=
33415 32397 80000 11016 21030 39935 40351 52002 886// 333 88708 555 1/101=
33429 32997 80103 11037 21075 39904 40349 52004 8805/ 555 1/104=
33466 /1558 83303 11021 21039 30117 40313 52008 78582 889// 555 1/102 69921=
33506 /1596 80603 11026 21029 30104 40310 52022 71082 885// 555 1/101 69901=
33562 32960 50102 11040 21073 30026 40348 52006 85030 555 1/104=
33587 /14// 83402 11024 21043 30039 40315 52004 78582 889// 333 88919 555 1/102 69901=
33658 /1581 83103 11010 21016 30035 40348 54000 77087 885// 333 88630 555 1/101 69901=
33663 32997 20000 11044 21091 30236 40338 52001 82030 555 1/102=
33664 42997 23601 11047 21078 30008 40343 52002 82030=
33678 42898 62805 11053 21094 30122 40347 57004 86050=
33679 42997 63202 11048 21076 30135 40339 52008 82031=
33711 /1460 83503 11020 21035 30073 40292 52008 78582 883// 333 88714 555 1/101 69921=
33745 42897 53502 11062 21094 30142 40347 54000 80001 555 14106=
33748 42997 00204 11028 21081 30029 40328 52001=
33754 42997 83202 11022 21069 30167 40320 53005 8805/=
33761 /1456 83504 11029 21043 30076 40310 52002 77172 8872/ 555 1/103 69901=
33791 /1322 80401 11069 21074 30160 40296 52008 71082 886// 333 88708 555 1/108 60021=
33815 42997 63305 11021 21079 30100 40318 52002 83031 555 14102=
33837 32583 83102 11015 21047 30247 40301 52003 8255/ 555 1/102=
33881 42598 73601 11017 21061 30120 40326 54000 87300=
33883 42597 83203 11018 21076 30146 40317 54000 885// 555 1/103=
33885 42597 33502 11030 21064 30188 40334 57005 83500=
33892 42997 53303 11029 21062 30106 40332 54000 85030=
33902 32597 83203 11020 21029 30230 40292 52001 885// 555 1/102=
33924 41560 60204 10011 21028 30270 40283 52002 70282 86900==
33946 41139 80703 11034 21037 30047 40279 52004 71022 886// 333 88702==
33983 41560 70207 10002 21018 30187 40250 57006 78582 86930 333 91010 90760 91111==
34300 32597 80603 11023 21042 30139 40325 52019 885// 555 1/103=
34336 42/60 80302 11041 21057 30230 40339 52003 8801/==
34344 42570 83601 11037 21041 30239 40332 52003 885//==
34356 42/70 80602 11038 21055 30174 40329 52001 8807/==
34357 42570 80404 11035 21050 30159 40321 54000 883//==
34398 425// 80904 11065 21077 30314 40327 52004 885//==
34415 32497 80902 11048 21058 30222 40324 53023 886// 555 1/104=
34438 42460 80303 11044 21049 30121 40322 52004 885//==
34445 42570 82901 11077 21077 30208 40329 52004 885//==
34461 42460 80603 11027 21055 30264 40322 52002 885//==
34473 414// 80404 11056 21078 30282 40323 52003 77171 8802/ 555 1/105=
34476 41540 80403 11054 21070 30311 40319 51003 71011 8693/==
34504 /1357 80902 11024 21033 30117 40299 52016 71082 886// 555 69951=
34535 41440 80201 11043 21046 30241 40316 52003 71041 885//==
34545 42570 70404 11051 21059 30195 40312 52002 87500==
34555 42570 80507 11014 21034 30221 40316 52003 885// 333 90760 91110==
34560 41360 80707 11033 21046 30113 40312 52001 70287 886// 333 88707==
34578 41/40 80403 11040 21047 30298 40305 52006 71022 8801/==
34579 41920 00203 11068 21073 30263 40309 52004 71011==
34644 41/40 50404 11028 21043 30214 40294 57002 71011 85030==
34646 42970 80403 11020 21029 30209 40294 57004 80004==
34655 42560 80404 11005 21022 30233 40295 57004 885//==
34662 41470 70204 11014 21037 30289 40301 54000 70272 87500 333 87617==
34691 42/70 60904 11043 21066 30521 40508 52002 86030==
34720 42460 70303 11039 21047 30250 40292 52004 87600==
34727 41440 80704 11019 21033 30252 40283 52003 71011 884//==
34743 41/40 80503 11016 21027 30196 40288 57004 71011 8805/==
34759 41440 80304 11008 21011 30143 40279 57007 78581==
34772 42560 80704 11022 21044 30289 40292 53003 885//==
34785 42560 80604 11037 21060 30313 40289 57003 885//==
34798 42/60 80605 11044 21075 30424 40394 54000 8805/==
34824 41940 80504 11012 21034 30259 40264 57001 71011 80001==
34838 42660 80404 11005 21033 30161 40261 54001 885//==
34845 42570 80703 11008 21026 30155 40266 57007 885// 333 11100==
34858 41/20 80602 11002 21003 30153 40264 57010 71022 8801/==
34861 41540 80707 11013 21026 30018 40268 57009 71022 885//==
34866 41460 80604 10002 21013 30280 40271 57004 70282 889//==
34880 41440 80603 11040 21066 30307 40279 57004 77171 8672/==
34887 41540 80904 11045 21058 30296 40272 58001 71022 885//==
34949 41560 80507 11026 21030 39685 40250 57007 77172 8655/ 333 90760 91110==
34954 42560 80402 11002 21021 30077 40256 57007 885//==
34958 42570 80603 11001 21002 30048 40253 57011 885//==
34975 42470 81003 11014 21028 30266 40262 57002 885// 333 88619==
34984 42/60 80404 11033 21050 30300 40268 57002 8007/==
35217 42/// 21006 11100 21126 30315 40358 52010 82080==
35302 425// 81204 11065 21098 30321 40343 52008 885//==
35315 429// 00806 11092 21122 30290 40349 52007 555 1/110=
35344 425// 80710 11052 21070 30110 40410 51006 885// 555 1/106=
35358 42/// 70507 11104 21124 30194 40374 57004 87040==
35368 419// 00710 11068 21097 30105 40384 57012 73630 555 1/108=
35386 415// 50805 11090 21119 39865 40413 57003 73633 85500 333 91115 555 1/110=
35394 41560 80506 11093 21127 39697 40409 57004 77173 8672/==
35404 419// 81003 11053 21071 30313 40322 52002 70272 8807/ 555 14105=
35406 415// 80904 11063 21078 30320 40322 52003 70272 885//==
35416 429// 01004 11102 21133 30227 40355 52008==
35426 425// 50705 11094 21124 30062 40370 53002 82501==
35437 419// 60513 11096 21132 30136 40470 52004 73632 80003 333 91018 91118 555 1/114=
35449 429// 00304 11118 21146 30275 40385 57005 555 1/114=
35497 419// 00507 11100 21117 39814 40676 57012 73630==
35498 429// 00502 11138 21155 39461 40396 57007 555 1/122=
35514 42598 70705 11084 21103 30539 40535 52007 87500 555 1/109=
35522 429// 01103 11098 21140 30058 40323 57001 555 1/114=
35542 429// 00503 11110 21130 30223 40380 58004 555 1/114=
35563 41594 61202 11133 21142 39583 40402 57004 71022 86500 555 1/115=
35576 429// 00603 11142 21166 39905 40386 57006==
35582 429// 00502 11137 21172 39750 40391 57008 555 1/116=
35594 429// 01102 11178 21198 39498 40404 57008 555 1/122=
35605 42598 80704 11038 21056 30317 40295 58004 885// 555 14105=
35633 429// 00505 11110 21133 30133 40360 52003 555 1/113=
35671 41940 00605 11111 21130 39917 40371 57001 71030==
35699 419// 00506 11106 21165 39561 40353 57006 70230==
35700 42470 80902 11041 21050 30314 40290 52003 887//==
35715 42997 01005 11065 21093 30316 40301 52002 555 14108=
35739 429// 00906 11112 21148 30177 40324 54000 555 1/113=
35746 429// 00406 11093 21109 30259 40330 58001==
35777 429// 00000 11166 21192 30009 40384 52008 555 1/118=
35796 42960 00403 11127 21159 39882 40343 57010==
35849 429// 00603 11085 21117 30219 40309 57001==
35895 42997 03603 11155 21174 39882 40359 57006 555 1/117=
35907 42598 70408 11023 21042 30300 40269 52004 87500=
35925 419// 00704 11063 21075 30178 40294 58002 71000==
35927 429// 01104 11043 21070 30277 58004=
35953 429// 00612 11098 21124 30161 40297 57003 333 90760 91116==
35969 429// 00903 11110 21154 30126 40308 57002==
35997 419// 00000 11167 21193 39877 40346 57004 71000 333 91104 555 1/118=
36259 12984 00201 11377 21413 38374 48657 57002 60002 333 21379 48011 55080==
36335 415// 80204 11118 21138 39339 40418 57005 70272 885// 555 1/109=
36358 426// 83606 11128 21152 39332 40406 57007 885// 555 1/114=
36394 429// 11404 11251 21268 39970 40442 57004 80001=
36397 42/// 30000 11248 21262 39815 40443 58006 83070==
36403 419// 60000 11266 21281 30033 40439 57004 71071 86030 555 1/131=
36418 429// 20000 11270 21285 39766 40458 58007 80003 555 1/132=
36421 429// 00000 11335 21354 39825 40478 58001 555 1/136=
36428 429// 00000 11313 21350 39894 40469 56005==
36439 429// 01702 11143 21193 39069 48556 58002 555 1/121=
36498 419// 00109 11171 21211 39540 40390 57003 73630 555 1/119=
36501 419// 80000 11168 21173 39605 40414 57008 77172 8802/ 555 1/119=
36535 429// 00000 11318 21345 39752 40477 58005==
36546 429// 32801 11301 21318 39850 40465 57008 80001 555 1/132=
36619 429// 03602 11193 21213 555 1/122=
36622 429// 03608 11208 21250 39537 40414 53001 555 1/122=
36639 429// 01401 11230 21258 39715 40381 53002==
36643 429// 00201 11271 21289 39716 40461 58004 555 1/130=
36665 419// 01701 11232 21246 39636 40437 57002 71000 555 1/126=
36666 429// 00000 11315 21339 39903 40469 57003=
36729 42998 02502 11192 21208 39826 40347 58002 333 91116 555 1/125=
36736 429// 00902 11090 21169 39776 40353 53002 555 1/112=
36744 429// 00102 11188 21207 39855 40342 57003 333 91105 555 1/124=
36770 429// 50000 11240 21240 39569 40372 53004 80001 333 91103 555 1/131=
36786 42999 02502 11174 21186 39360 40346 54000 333 91104=
36796 42998 00000 11259 21277 39080 48488 52002 333 91100=
36803 42999 00000 11171 21186 39860 40344 54000 333 91118=
36806 429// 01716 11153 21213 39897 40400 52009 333 91018 91127 555 91129=
36819 419// 62701 11168 21182 39670 40328 53001 71022 82021 333 91104=
36821 41/// 82101 11180 21185 39811 40341 54000 71011 8802/ 333 90760 91105==
36839 42998 23401 11153 21197 39141 40344 58017 81041 333 91104=
36843 429// 02801 11120 21142 39094 40329 53003 333 91104=
36846 429// 03607 11097 21207 38638 48527 52002 333 91110=
36859 429// 00101 11126 21139 39551 40382 58002 333 90760 91105==
36870 429// 00000 11092 21099 39246 40302 57004 333 90760 91102==
36874 429// 01801 11211 21232 39631 40494 57002 333 91104=
36877 429// 02001 11166 21172 39674 40766 57001 333 91104=
36885 429// 00000 11097 21141 39136 40315 57005 333 91106=
36889 429// 01602 11113 21244 37040 47057 54002 333 91105=
36894 429// 00502 11125 21144 39546 40329 58011 333 91104=
36905 429// 01401 11092 21149 38782 48536 53002 333 91103=
36911 429// 00000 11093 21096 39280 40306 58015 555 1/110=
36927 42697 53602 11057 21100 38370 48539 52003 82950=
36934 42597 73402 11027 21106 38285 48420 54000 87932=
36953 429// 03401 11176 21186 38227 48508 52005 333 91103 555 1/129=
36963 429// 21101 11163 21243 37026 48/// 54000 80001 555 17123=
36974 429// 00000 11170 21196 38024 48581 58003 555 17127=
36982 429// 31002 11216 21282 36508 47137 54000 80001=
37018 42660 70304 10035 21038 30092 40168 57011 83441 333 91010 90760 91111==
37031 42560 80704 10007 21031 30039 40239 57006 885//==
37054 41440 80602 11010 21020 39851 40247 56011 71022 885//==
37061 41420 80603 10003 21002 30078 40252 57012 75185 886//==
37085 41540 80504 11004 21016 30282 40254 57007 70262 885//==
37171 41540 80702 10035 20022 30150 40169 57009 78082 889// 333 88932==
37228 41420 83401 11023 21034 39369 40228 57011 71022 885//==
37235 41340 80802 11002 21003 39913 40238 57011 71022 886//==
37472 41540 83102 10019 20010 30263 40240 57010 76162 8872/==
38149 42970 03403 11070 21087 30210 40292 52017==
38178 429// 00000 11062 21093 39955 40255 52004==
38262 429// 00402 11048 21068 30173 40259 58002==
38264 42970 00203 11040 21062 30156 40253 57003==
38345 42998 00000 11072 21106 38841 48522 53005 555 1/110=
38353 429// 21601 11076 21106 39359 40305 54000 80001=
38388 42998 00000 11035 21083 30156 40230 58002 555 14106=
38392 42997 00503 11015 21049 30133 40240 58008 555 14102=
38396 42960 30602 11015 21051 30115 40243 57005 80001==
38403 429// 00503 11004 21091 30127 40252 58002==
38413 429// 00903 10001 21070 39961 40259 58020==
38457 42960 73602 10018 21055 39652 40252 54000 80004==
38462 429// 03401 11045 21169 38787 48523 57002==
38507 42996 00502 10005 21031 30096 40202 57013 555 10101=
38545 42997 00201 11019 21025 30054 40236 57002 555 14106=
38565 129// 00000 11039 21061 39620 40194 57004 60002==
38579 129// 00000 11010 21022 39809 40241 57005 60002==
38583 11920 40501 11010 21022 39920 40253 57003 60002 71011 80001==
38599 41995 00303 10004 21023 39716 40268 52003 71000=
38611 42/60 53203 10003 21051 39691 40268 57003 85040==
38613 429// 00101 11031 21070 39347 40284 57004 333 1////=
38616 429// 01801 11036 21072 39238 40292 56001=
38618 42/// 81101 11017 21039 39559 40272 52001 85031==
38647 42997 61004 10006 21044 30139 40182 57012 80006 555 14102=
38656 42998 00502 10007 21032 30104 40216 58016 555 10102=
38683 41940 00702 10011 21031 39948 40232 57002 71000==
38687 42997 00904 10018 21036 301982 40224 57010 555 10000=
38696 129// 01401 10006 21023 39371 40248 53002 60002==
38713 429// 01802 11012 21079 39067 48520 54000=
38750 42997 62501 10036 20007 30214 40185 58021 86030 555 10003=
38763 42997 00601 11008 21033 30093 40202 58012 555 10103=
38774 42995 02301 10036 21053 30007 40206 57011 555 10103=
38799 42997 00901 11006 21024 39989 40228 58008 555 11102=
38806 42997 00000 10036 21008 39943 40208 58006 555 14101=
38812 42960 00704 10020 21023 39769 40233 53003==
38836 419// 00902 10016 20016 39283 40240 58014 71000=
38880 42997 02102 10022 21024 39944 40204 57013 555 10101=
38886 42997 02502 10027 21022 39982 40215 57008 555 14101=
38895 42996 00000 10008 21028 39922 40221 58006 555 11102=
38911 42997 00802 10036 21020 39946 40247 54000 555 10003=
38915 42997 00000 10056 21011 39899 40227 58007 555 14101=
38927 11956 00503 10033 21020 39853 40237 56004 60002 71000==
38933 429// 00000 10020 21020 39746 40274 53008=
38944 429// 03602 10038 20004 39648 40192 52003=
38954 428// 50000 11080 21113 37967 48580 52006 84901=
38974 42998 00000 10033 21021 39874 40214 58004 555 10003=
38987 42996 00000 11002 21036 39471 40237 58009 555 14101=
40100 43970 73215 10121 20078 30054 40070 53001 6///1 333 58///=
40180 11557 72508 10115 20083 30036 40085 57011 60011 78162 8700/ 333 70000==
40199 02/// /2802 333 70000==
40255 36/// /2711 10063 29056 3//// 4//// 5////=
40270 11550 52626 10064 20037 39160 40058 57025 60101 76062 85400 333 83720 84825=
40272 11520 62530 10060 20037 39226 40062 57084 60071 70700 86800 333 86825=
40296 36/// /2511 10173 29047 4//// 5////=
40340 31856 42910 10152 20039 30094 40158 52004 70500 84000 333 84458=
40356 11560 32618 10078 20040 39090 48410 69922 75000 83600 333 59048 83730 555 04410 50055=
40357 32960 02910 10102 20030 39425 40050 333 59030=
40360 12560 62614 10100 20030 39481 40066 69902 86500 333 59050 86630=
40361 31956 02207 10079 20020 39317 40128 70500 333 59016=
40362 32960 02807 10114 20000 39560 40063 333 59027=
40373 12660 43610 10154 20060 39650 40055 69982 84500 333 59063 84635=
40375 32960 00000 10090 20000 39227 40097 333 59005=
40394 32960 02104 10104 21030 38964 48451 333 59029 555 04410 50067=
40400 32960 30204 10160 20100 30092 40120 80001 333 58005 83070=
40405 32960 03204 10169 20000 39343 40079 333 59040=
40417 32960 51512 10180 20080 30085 40100 85020 333 59068 85460=
40420 32960 41605 10135 21070 39893 40105 84030 333 59063 84360=
40430 32660 12313 10225 20130 39362 40090 81500 333 59025 81640=
40437 32960 31704 10185 21110 39393 40077 83030 333 59058 83358=
40439 32960 02910 10192 20130 30083 40101 333 58000=
40582 41858 61719 10186 20048 40067 56011 70700 86030 333 00016 55300 00000 10078 20000 30000 41280 51356 60000 55407 40000 86458 90467 91023 91133 91223 91321=
40703 11660 80605 10012 21001 38827 40084 57013 69981 77172 8552/ 333 70008 85635 88557 555 10007 29091=
40706 11457 80710 10024 21012 38559 40081 57021 69931 70586 8332/ 333 70003 81715 82930 88457 555 10010 29077=
40712 11/06 90000 10001 20001 38576 40075 57022 60101 77577 333 70100 89/06 555 10001 29100=
40713 11960 81010 10031 21013 38552 40054 57014 69921 70276 8801/ 333 70002 88459 555 10014 29073=
40718 11550 83204 10088 20077 30208 40179 57016 60061 76162 8452/ 333 70062 84620 88557 555 10083 29093=
40723 12960 49901 11051 21102 38950 40202 57009 60001 80001 333 70000 84072 555 11063 29067=
40726 11658 80000 10002 21011 38552 40072 57024 60071 71072 8452/ 333 70066 84635 88458 555 11003 29091=
40727 12660 80000 10013 20004 38374 40054 57022 60001 883// 333 70000 82935 86640 555 10010 29094=
40732 11457 80000 10094 20064 30189 40164 57016 60001 71022 8662/ 333 70000 86717 88458 555 10080 29081=
40736 12960 60000 10094 20077 30200 40174 57012 60001 80006 333 70000 86269 555 10086 29089=
40737 12560 80000 10077 20063 30146 40164 58012 60001 8452/ 333 70000 84630 88460 555 10071 29091=
40738 11950 60000 10031 20019 30194 40196 55009 60001 71021 80006 333 70000 86269 555 10027 29092=
40739 12665 70102 10038 21099 38670 40164 56007 60001 82506 333 70000 82640 87269 555 11008 29036=
40741 12960 01902 10018 21039 39862 40197 58013 60001 333 70000 555 11002 29066=
40743 12962 00804 10056 21119 39041 40150 57011 60001 333 70000 555 10003 29027=
40745 12960 72602 10015 21034 39038 40190 57011 60001 80006 333 70000 87267 555 11004 29070=
40747 12660 83602 10045 20001 38531 40048 57016 60001 8632/ 333 79999 82935 85840 88458 555 10027 29073=
40754 12660 51205 10096 21063 38771 40100 57024 60001 81532 333 70000 81640 83360 555 10037 29032=
40762 12962 03002 11010 21137 38543 40175 56011 60001 333 70000 555 11042 29037=
40766 12865 61207 10080 21097 38601 40047 58006 60001 82051 333 70000 82357 86070 555 10020 29027=
40768 12665 81604 10055 21088 38170 40044 57015 60001 8347/ 333 70000 83640 88459 555 10006 29035=
40769 12960 10000 10007 21064 38214 40065 57019 60001 80001 333 70000 81068 555 11018 29059=
40780 11658 11304 10075 21043 38594 40064 58004 60001 70500 81500 333 70000 81645 555 10030 29043=
40782 12660 11205 10121 21096 38781 40053 57018 60001 81500 333 70000 81640 555 10044 29021=
40785 12960 00000 10037 21058 39034 40121 57015 60001 333 70000 555 10005 29050=
40791 12962 01602 10061 21159 39316 40135 56011 60001 333 70000 555 11002 29019=
40792 12962 21002 10049 21148 38697 40140 57009 60001 80002 333 70000 82069 555 11010 29023=
40798 12960 02204 10043 21156 37901 40072 57021 60001 333 70000 555 11018 29022=
40800 12960 00000 11004 21120 38410 40120 55002 60001 333 70000 555 11038 29041=
40809 12962 01007 10036 21141 38488 40148 57010 60001 333 70000 555 11017 29026=
40811 12660 41607 10178 20037 30059 40084 55008 60001 84500 333 70000 84640 555 10112 29039=
40812 12960 81102 10150 21026 39705 40073 57016 60001 8802/ 333 70000 88460 555 10078 29030=
40821 12962 11402 10074 21113 38734 40099 57011 60001 80001 333 70000 81070 555 10014 29025=
40829 12960 00603 10011 21157 39620 40199 58010 60001 333 70000 555 11031 29027=
40831 11657 71409 10180 20130 30080 40088 53003 69981 76396 87320 333 70008 83935 85640 87559 555 10152 29073=
40833 12660 71008 10196 20025 30065 40096 56021 60001 87300 333 70000 82935 85640 555 10117 29032=
40841 12960 31003 10019 21096 38228 40132 57006 60001 80002 333 70000 83070 555 11019 29042=
40848 12960 61102 10074 21158 38495 40112 57012 60001 84011 333 70000 84460 83070 555 10006 29017=
40854 12960 02702 10114 21035 38921 40100 57017 60001 333 70000 555 10054 29035=
40856 12960 01903 10003 21098 38653 40188 56007 60001 333 70000 555 11028 29047=
40859 12660 50000 10038 21105 38694 40146 58012 60001 82570 333 70000 82640 83460 555 11006 29034=
40875 11940 03403 10143 20113 30150 40161 58002 60001 71000 333 70000 555 10127 29082=
40879 12962 00202 10108 21069 39487 40165 58013 60001 333 70000 555 10045 29028=
40882 11950 40802 10175 20129 30115 40150 58010 60001 70510 83031 333 70000 83360 555 10149 29074=
40883 11957 00503 10155 20108 30125 40152 56011 60001 70500 333 70000 555 10130 29074=
40893 12960 00702 10192 20118 30153 40159 55002 60001 333 70000 555 10151 29062=
40898 12960 00000 10179 20109 30152 40161 57019 60001 333 70000 555 10141 29063=
41024 22960 03504 10241 20210 30078 40104 333 59003 60005==
41036 22960 03009 10160 20110 38534 48484 333 59020 60005==
41055 22960 00000 10150 20040 38335 48479 333 59017 60005==
41061 22960 01604 10139 21130 39396 40092 333 59038 60005==
41084 22960 01905 10139 21110 38816 48475 333 59023 60005==
41112 22960 02210 10144 21100 37928 48492 333 59011 60005==
41114 22960 00000 10129 21070 37967 48496 333 59010 60005==
41128 22960 02902 10140 21140 38779 48488 333 59041 60005==
41136 22960 02406 10141 21190 39290 40093 333 59045 60005==
41140 21959 01303 10237 20170 30097 40102 70540 333 59010 60005==
41150 32966 71413 10190 20107 40112 8707/ 333 59060 87468=
41176 34/68 /1707 10200 20150 30125 40131 333 59043=
41184 31958 22302 10110 20077 40162 70600 80001 333 59022 82070=
41194 11957 10806 10176 20128 30145 40151 60001 70500 80001 333 59024 70000 81075=
41196 11957 21003 10143 20109 30118 40160 60001 70500 82031 333 59021 82368=
41216 31958 00702 10160 20132 30147 40152 70500 333 59024=
41217 31958 01005 10146 20114 30118 40148 70500 333 59024=
41246 36/// /2102 10187 20136 30148 40150 333 0E019 55300 25022 59022=
41263 36/// /1700 10148 20076 39569 40144 333 0E016 55300 20000 59012=
41267 36/// /1805 10198 20110 30139 40152 333 0E018 59017=
41268 36/// /2405 10169 20115 30098 40146 333 0E017 55300 25022 59019=
41275 36/// /1102 10129 20078 39998 40173 333 0E014 55300 20000 59015=
41288 36/// /0805 10198 20136 30132 40155 333 0E020 59019=
41304 36/// /1201 10145 20145 39824 40148 333 0E014 55300 20000 59028=
41315 36/70 /1503 10152 20135 39313 47958 333 0E021 55300 27865 59016=
41316 32682 53605 10200 20147 30120 40150 85500 333 59013 55000 55407 55408 55507 55508 85635=
41396 12965 01404 10168 20088 39406 40138 60002 333 59013=
41480 11758 40715 10242 20160 30128 40136 60002 70544 84500 333 59014 84640=
41506 12420 40000 10025 20014 38534 48310 60001 83520 333 56880 58025==
41508 12440 50000 10006 21008 38680 48430 60001 83520 333 56880 58032==
41515 12420 30000 10007 21023 38572 48320 60001 83500 333 56800 58004==
41516 12940 50000 10035 21003 38545 48020 60001 85010 333 56080 58019==
41517 11940 00000 10000 21036 37778 48150 60001 70400 333 58028==
41518 12440 41801 10044 21044 30001 48010 60001 82520 333 56880 58000==
41519 12440 30000 10065 21026 38770 48040 60001 83500 333 56800 59005==
41523 12440 30000 10025 21015 39119 48140 60001 83500 333 56800 58033==
41535 12440 50000 10015 20002 38736 48950 60001 84520 333 56880 58035==
41536 12940 00000 10050 20014 39061 48140 60001 333 59032==
41560 12940 01301 11020 21065 38278 48150 60001 333 59005==
41571 11900 00502 10065 20019 39611 40220 60002 70500 333 58039==
41598 11920 42301 10075 20053 39901 40185 60001 71020 84070 333 56080 58031==
41600 11920 00000 10070 20059 39878 40186 60001 71000 333 58021==
41620 11940 02301 11005 21090 38590 48890 60001 70500 333 58006==
41624 11920 03101 10090 20045 39977 40185 60001 70400 333 58031==
41630 11940 02701 10090 20069 30000 40195 60001 70400 333 58038==
41640 11920 00000 10110 20079 39932 40190 60001 70400 333 58037==
41660 12900 02302 11010 21111 38456 48480 60001 333 58023==
41678 11940 00000 10090 20045 30000 40159 60001 70400 333 58015==
41696 12940 00000 11050 21080 38010 48540 60001 333 58004==
41697 12940 00000 10085 20026 39988 40152 60001 333 58006==
41700 11910 00000 10090 20069 30009 40142 60001 71000 333 58008==
41710 12940 00502 10075 21067 39398 40199 60002 333 58001==
41712 12940 00000 10060 21016 39213 48040 60002 333 59004==
41715 11905 00000 10090 20057 30096 40163 60001 70400 333 58015==
41718 11920 00000 10060 20023 30066 40176 60001 70400 333 58028==
41725 11940 00502 10120 20056 30076 40156 60001 70500 333 58012==
41739 12940 00503 10065 20005 39065 48030 60001 333 59003==
41744 12940 00000 10045 21020 38783 48970 60002 333 58003==
41749 11920 00000 10100 20079 30125 40158 60001 70400 333 58004==
41756 11920 00000 10150 20103 30101 40169 60001 70504 333 58001==
41757 12940 00000 10130 20091 30156 40169 60002 333 58007==
41764 12940 00000 10125 20049 30096 40143 60001 333 59004==
41768 02996 00000 10010 20046 30141 40148 60002 333 58012 60007=
41780 11940 00000 10130 20043 30139 40168 60001 70500 333 58009==
41785 12940 00000 10110 20068 30146 40159 60001 333 58003==
41859 01430 31802 10179 20170 30072 40110 70510 82530 333 58007 70000 82618 83362==
41883 01930 00000 10174 20160 30091 40112 70500 333 58002 70000==
41891 31915 00902 10170 20150 30084 40124 71000 333 58011 70000=
41907 01908 00000 10158 20150 30097 40113 74300 89/// 333 58006 70000==
41923 01930 00000 10186 20170 30106 40116 70500 333 58006 70000==
41936 01903 00000 10160 20160 30099 40107 74644 333 59008 70000==
41943 01415 80000 10167 20160 30111 40119 71044 8452/ 333 58011 70000 84617 88460==
41950 01903 00000 10194 20194 30116 40118 74740 89/// 333 58003 70000==
41978 01312 30000 10188 20170 30115 40121 71010 83700 333 58012 70000 83712==
41992 01920 00302 10190 20150 30114 40116 70500 333 58010 70000==
42027 22596 62301 10005 21004 38439 48527 84520 333 58048 6990/=
42071 31994 00000 10072 20063 40194 71000 333 58038=
42101 31995 03201 10096 20092 40189 71000 333 58034=
42111 31994 02702 10080 20072 39437 40166 71000 333 58030=
42123 32996 00000 10090 20069 40186 333 58034=
42131 31995 00000 10070 20061 40186 71000 333 58029=
42165 32996 00000 10104 20025 40168 333 58022=
42182 31995 00000 10102 20094 40169 71000 333 58027=
42189 31995 03204 10126 20086 40145 70500 333 58022=
42309 21494 80000 10174 20171 40118 75052 8532/ 333 58009 6992/=
42314 31594 60000 10172 20162 40120 71021 82530 333 58011 82620 86360=
42328 32996 00000 10108 20041 40156 333 58025=
42339 31995 00000 10110 20016 40174 70500 333 58021=
42348 31995 09902 10112 20030 40153 70500 333 58025=
42361 31994 00000 10090 20069 40169 71000 333 58030=
42369 31995 02703 10124 20075 40143 70500 333 58021=
42379 31995 02703 10142 20100 40112 70500 333 58013=
42410 31594 30000 10158 20151 40118 71000 82530 333 58005 82620 83360=
42415 31594 60000 10190 20170 40120 71022 83530 333 58005 83620 85360=
42452 31995 00000 10096 20062 40166 71000 333 58021=
42559 32996 00000 10108 20046 40160 333 58031=
42571 31995 00000 10122 20099 40161 70500 333 58043=
42591 31994 00000 10166 20126 40144 71000 333 58023=
42623 31494 40000 10118 20111 39246 40139 71000 84500 333 59005 84618=
42634 32996 00000 10154 20019 40156 333 58008=
42647 31996 00505 10160 20051 40146 70400 333 58004=
42667 32996 00207 10126 20084 39557 40166 333 58022=
42675 31995 03601 10156 20119 40157 70500 333 58041=
42701 31994 03406 10180 20125 39384 40119 70500 333 58010=
42724 31993 00000 10158 20155 40117 71000 333 59001=
42737 32996 00204 10138 20031 40149 333 59006=
42754 31996 00506 10144 20079 39495 40148 70500 333 58008=
42779 32996 33606 10170 20140 39436 40147 83030 333 58023 83360=
42798 31995 03202 10206 20170 40112 71000 333 58002=
42809 31993 00000 10220 20208 40117 74440 333 58007=
42840 32996 03602 10180 20106 40118 333 59016=
42867 31995 00204 10206 20163 40128 70500 333 58016=
42874 31995 01403 10226 20175 40120 70500 333 58014=
42886 31594 30000 10200 20160 40124 71000 81530 333 58007 81620 83360=
42895 31595 40202 10236 20227 40112 70500 82530 333 58002 82620 83360=
42909 32996 00203 10174 20065 40139 333 59003=
42971 31/91 91803 10240 20231 40109 74740 333 59006=
43003 31995 00000 10190 20138 40097 70400 333 59018=
43014 31995 00000 10180 20147 39459 40116 70542 333 59004=
43041 31995 00000 10192 20166 39500 40122 71000 333 58002=
43063 32996 00000 10156 20136 39484 40123 333 59010=
43086 31995 00000 10190 20172 39919 40100 70500 333 59002=
43110 31995 00901 10198 20172 40094 70544 333 59013=
43117 32996 00000 10234 20175 40100 333 59005=
43128 31996 00000 10206 20158 39503 40114 70500 333 59001=
43150 31995 32502 10238 20207 30052 40113 70500 80001 333 58001 83075=
43185 31596 10000 10226 20210 30101 40105 70500 81500 333 58005 81620=
43189 31595 20000 10224 20205 30105 40114 70511 81530 333 58004=
43201 32996 02001 10184 20110 39359 40094 333 59009=
43213 31995 00000 10220 20181 39773 40093 70500 333 59003=
43233 32996 10903 10194 20162 39292 40118 80001 333 59008=
43237 31996 10000 10180 20138 39684 40085 70500 80001 333 59006 81075=
43245 31596 20000 10232 20211 30082 40106 70500 82500 333 58003=
43279 31595 40000 10220 20208 30096 40114 71020 82532 333 58000 82620 83075=
43284 31995 30000 10240 20213 39975 40091 71000 80001 333 59008 83075=
43295 32996 10000 10180 20154 39090 48491 80001 333 59011 81075=
43314 32596 20000 10258 20235 40091 81501 333 59009=
43321 31495 40204 10202 20166 39654 40107 71000 81501 333 59011 81615 84070=
43329 31595 30000 10224 20212 30091 40104 70511 82501 333 59006=
43333 31495 40000 10242 20230 40106 70510 83401 333 58010 81618 83820=
43344 31495 60203 10226 20204 30002 40103 71022 82531 333 59012 82616 83360=
43353 31495 29902 10248 20212 40092 71021 81530 333 56790 59011 81620=
43369 32596 30000 10252 20243 40091 83500 333 59008 83620=
43371 31995 10000 10234 20216 30017 40090 71000 80001 333 59014 81071=
44212 42/// 71801 11250 21290 39297 40581 52001 87010 333 21332 3/134 47018 55055==
44213 42/// 80000 11221 21259 38920 40546 52001 8802/ 333 21302 3/135 47014==
44214 42970 03603 11217 21280 38396 40596 52005 333 21242 3/127==
44215 429// 01901 11254 21294 38530 40618 52004 333 21258 3/130 46002==
44217 32998 00000 11301 21340 37942 40735 53004 333 21308 47002 91200 555 31350=
44218 42/// 62602 11202 21249 38740 40565 52005 86070 333 21248 3/129 47004==
44219 32999 00000 11304 21334 38750 40640 52006 333 21305 47005 91204 555 31334=
44265 429// 01201 11295 21328 38951 40571 52003 333 21295 3/132 43008==
44266 329// 03507 11149 21226 37836 40502 52003 333 21220 45000 91116 91211 555 31275=
44404 42956 00903 10052 20028 38122 48473 80000 333 58000=
44416 42956 00000 10076 20068 39349 40112 80000 333 58002=
44424 42958 00000 11038 21076 37671 47030 80000 333 58006=
44434 42456 13404 10126 20089 39206 48495 81100 333 59001=
44438 41940 02804 10120 20106 39978 40106 71044 80000 333 58001=
44449 41940 03503 10136 20136 39946 40101 710// 80000 333 58001=
44454 42456 20904 10075 20062 38642 48483 82100 333 59004=
44462 42460 10901 10090 20053 38231 48455 81100 333 58006=
44474 41910 00000 10077 20070 38232 48479 710// 80000 333 58000=
44477 41440 10000 10104 20097 38794 48501 710// 81100 333 59002=
44478 42/0/ ///// 11//// 2//// 3//// 4////=
48020 41910 00000 10135 20127 71044 333 20125==
48025 11110 62201 10163 20123 39982 40126 58015 60002 74044 85840==
48048 41940 00000 10157 20157 30040 40099 71000 333 20150 58009==
48052 32450 20000 10153 20142 82400 333 20148 56900=
48062 41440 33601 10182 20165 30097 40104 71011 83500 333 20133 58007==
48064 42940 02201 10174 20154 30022 40081 333 20155 58013==
48094 41950 00000 10200 20190 30092 40102 74044 333 20192 58007==
48109 42420 10000 10205 20195 30108 40111 81500 333 20163 58000==
51076 14068 00900 11221 21249 39469 40451 54000 60001 333 11107 21228 3/103 4/025 59026 70000 90761 91102==
51087 14077 01101 11217 21260 39319 40455 52003 60001 333 11086 21223 3/106 4/018 59021 70000 90761 91103==
51156 14080 03403 11160 21243 38770 40413 57005 60001 333 11046 21163 3/117 59025 70000 90761 91106==
51243 14/57 /3200 11214 21242 39836 40448 57002 60001 333 11115 21214 3/115 59023 70000 90761 91103==
51334 14033 01502 11182 21203 39992 40440 52002 60001 70500 333 11095 21219 3/111 4/012 59013 90761 91103==
51379 14034 01502 11270 21301 39402 40469 57003 60001 70500 333 11116 21271 3/107 4/023 59017 70000 90761 91103==
51463 14069 01503 11166 21195 39128 40433 57004 60001 333 11129 21185 3/101 4/037 59023 70000 90761 91104==
51573 14/70 /0102 11036 21138 30319 40371 52006 60001 333 10049 21064 3/111 59007 70000 90761 91103==
51644 14/60 /3601 11086 21116 39038 40363 52001 60001 333 10009 21122 3/106 4/003 59006 70000 90761 91102==
51656 14/38 /0601 11083 21113 39253 40370 52003 60001 70500 333 10019 21113 3/110 59002 70000 90761 91104==
51709 14/61 /2902 11089 21174 38697 40353 57002 60001 333 10008 21090 3/111 58005 70000 90761 91104==
51711 14/60 /2603 11121 21175 38051 40311 57003 60001 333 11032 21130 3/117 59010 70000 90761 91105==
51716 14057 00000 11097 21147 39000 40365 52003 60001 333 10013 21097 3/115 58003 70000 90761 91102==
51765 14/56 /1900 11107 21141 39318 40375 52003 60001 70500 333 10031 21118 3/115 58000 70000 90761 91103==
51811 14060 00000 11081 21156 38865 40348 57001 60001 333 10029 21081 3/114 58002 70000 90761 91103==
51818 14/58 /2001 11090 21188 38707 40348 54000 60001 333 10026 21100 3/116 58006 70000 90761 91102==
51886 14/80 /0301 11153 21264 37101 40305 52002 60001 333 11019 21155 3/120 58006 70000 90761 91105==
52203 14/78 /0703 11101 21174 39451 40394 52009 60001 333 10008 21140 3/120 58006 70000 90761 91105==
52602 14/80 /3304 11143 21341 37255 40313 52006 60001 333 10001 21144 3/121 58004 70000 90761 91108==
52818 14/80 /3001 11078 21269 37225 40239 52009 60001 333 10010 21088 3/108 58005 70000 90761 91106==
52908 14/80 /2605 11120 21208 35709 40104 52007 60001 333 10003 21137 3/116 59014 70000 90761 91112==
55228 14/80 /1702 11155 21258 35980 40212 52002 60001 333 11017 21155 3/120 58007 70000 90761 91115==
55299 14/64 /0102 11102 21284 35820 40047 52006 60001 333 10089 21161 3/121 59022 70000 90761 91112==
55578 14/80 /3301 11040 21226 36351 40037 52004 60001 333 10173 21077 3/111 59010 70000 90761 91116==
55591 14/78 /3302 10031 21246 36476 49947 52012 60001 333 10190 21021 3/110 59016 70000 90761 91111==
55664 14/80 /3401 11110 21225 36001 40148 52001 60001 333 10109 21110 3/117 59014 70000 90761 91117==
55773 14/65 /0401 11100 21117 35997 40129 52002 60001 333 10119 21130 3/116 59014 70000 90761 91108==
56004 14/80 /3102 11138 21263 35777 40090 52011 60001 333 10045 21155 3/121 59009 70000 90761 91115==
56018 14/79 /2602 11023 21299 36127 49965 52024 60001 333 10106 21045 3/114 59012 70000 90761 91108==
56312 14/80 /2102 10046 21029 37066 40092 52006 60001 333 10155 20040 3/004 59003 70000 90761 91112==
62306 42560 43217 10138 20045 40211 57009 84200==
62309 42560 42811 10142 20037 40184 57007 84500==
62332 11560 62917 10140 20073 40134 57013 69921 70282 86800==
62366 45560 32713 10130 20042 40163 57013 83200==
62387 42960 03203 10100 20062 40189 54000==
62393 42960 03610 10116 20066 40208 52001==
62405 42960 03306 10165 20062 40164 57002==
62414 42960 03605 10144 20043 40152 57006==
62419 42960 03508 10157 20050 40160 57008==
62435 42/60 53506 10150 20047 40178 57004 85050==
41256 32960 02403 10167 20117 30128 40145 92348 333 59026 55000 55407 55408 55507 55508=
43192 32996 03602 10226 20208 40089 333 59012=
