41504 22997 50000 10085 21098 37837 48481 85030 333 56090 58029 60007 85360 RH26%=
41505 22696 53106 10085 21075 38/// 48/// 82120 333 56990 58/// 82840 83360 31%=
41506 226697 63606 10120 21070 38524 48523 86020 333 56090 58014 60007 86460 26%=
41507 22997 02302 10190 20026 39275 49786 333 58013 60007 34%=
41508 22997 02302 10151 21038 38665 48537 333 59005 60007 26%=
41509 22997 21802 10145 21084 38765 48509 80001 333 56009 58016 60007 82070 RH 20%=
41510 22997 00000 10065 21018 37903 48505 333 58001 60007 55%=
41515 22997 30000 10107 21102 38565 48527 83020 333 56090 58004 60007 83460 22%=
41516 22696 32704 10150 21049 38549 48508 82130 333 56990 58037 60007 82840 81360 RH25%=
41517 22697 10000 10090 21066 37786 48499 81500 333 56900 58026 60007 81640 33%=
41518 22697 40000 10144 21071 38/// 48/// 60001 83230 333 56990 5//// 60007 83840 81362 22%=
41519 22697 33602 10165 21061 38763 48507 83200 333 56900 58026 60007 83840 RH21%=
41520 22697 11802 10055 21113 37631 48266 81100 333 56900 58020 60007 81840 29%=
41523 22997 00000 10180 20009 39096 48523 333 58002 60007 32%=
41524 22997 00000 10185 20033 39362 40218 333 58006 60007 36%=
41525 22997 03104 10060 21025 37672 48391 333 58006 60007 54%=
41528 22997 00000 10215 20052 39225 48533 333 58002 60007 35%=
41529 22996 03604 10230 21045 39796 40172 333 58004 60007 RH 16%=
41530 22997 53116 10220 21153 39745 40152 80001 333 56009 59006 60007 81070 07%=
41534 22997 02304 10215 20007 39752 40161 333 59003 60007 25%=
41535 22997 02302 10150 21072 38720 48491 333 59003 60007 RH21%=
41536 22997 00000 10190 21026 39047 48527 333 58000 60007 23%=
41560 22997 02306 10120 21070 38337 48562 333 59006 60007 RH26%=
41562 22997 40902 10220 21023 39702 40159 84030 333 56090 58000 60007 84360 RH 20=
41565 22996 23104 10139 21010 38670 48538 82020 333 56090 58000 60007 82460 RH 36% =
41567 21996 20502 10225 21033 39726 40136 70501 80001 333 56009 59010 60007 82070 17%=
41572 21996 23116 10200 21072 39522 40140 70500 82030 333 56090 59010 60007 82360 RH15%=
41573 22697 21304 10105 20008 37967 48497 81520 333 56990 59012 60007 81640 81460 51% =
41574 22697 21304 10130 20002 38354 48532 82500 333 56900 58001 60007 82640 41%=
41576 22997 13108 10250 21041 40166 81030 333 56090 59007 60007 81360 14%=
41577 21996 22304 10220 21044 39549 40154 70500 82030 333 56090 59012 60007 82360 RH 17%=
41593 21996 20000 10260 21039 39945 40154 70511 84070 333 59001 60007 84460 14%=
41597 22997 33102 10245 21030 40163 83030 333 56090 59004 60007 83362 16%=
41598 21996 23104 10240 21043 39885 40152 70500 82030 333 56090 59007 60007 82360 15%=
41599 21996 32712 10230 21045 39868 40153 70502 83030 333 56090 59006 60007 83360 16%=
41600 21996 23102 10225 20026 40144 70512 82030 333 56090 59003 60007 82463 27%=
41620 32996 02702 10180 21049 38595 48500 333 59008 60007 21%=
41624 22997 30000 10245 20062 40159 83020 333 56090 58005 60007 83460 31%=
41625 21996 20504 10245 21008 39943 40139 70500 82030 333 56090 59008 60007 82360 19%=
41630 21996 43102 10240 20081 40167 70510 84030 333 56090 58003 60007 84360 36%=
41633 21996 40000 10250 21017 4//// 70400 84030 333 56090 5//// 60007 84360 17%=
41634 22997 23104 10205 21025 3//// 4//// 80001 333 56009 5//// 60007 82075 20%=
41635 21997 40000 10265 21003 3//// 4//// 84030 333 56090 5//// 60007 84362 17%=
41636 21996 32302 10250 20091 39987 40187 70500 83030 333 56090 58002 60007 83362 35%=
41638 21996 33104 10240 20106 4//// 70511 83030 333 56090 5//// 60007 83360 43%=
41639 22997 32304 10225 20026 4//// 83030 333 56090 5//// 60007 83360 27%=
41640 21996 32702 10245 20012 39909 40154 70522 83030 333 56090 59003 60007 83360 22%=
41641 21996 33312 10230 20035 39888 40160 70511 83030 333 56090 58003 60007 83360 28%=
41642 21696 53108 10230 20051 3//// 4//// 70500 83530 333 56990 5//// 60007 83640 83460 RH31%=
41643 21996 32704 10230 20079 39872 40144 70510 83070 333 56090 59008 60007 83460 38%=
41644 21696 33104 10220 20090 4//// 70400 83020 333 56090 5//// 60007 83460 43%=
41646 21996 40502 10240 20068 39968 40179 70500 84090 333 56090 58000 60007 84460 33%=
41652 21996 01302 10250 20055 39992 40168 70500 333 59001 60007 29%=
41660 22997 33108 10155 21110 38461 48550 83030 333 56090 59022 60007 83360 RH15%=
41661 22997 43102 10180 21046 38418 48543 60001 84030 333 56090 59016 60007 84360 21%=
41669 22997 01302 10260 20073 3//// 4//// 333 5//// 60007 30%=
41670 21996 00502 10245 20030 3//// 4//// 70500 333 5//// 60007 25%=
41674 21996 02304 10240 20106 3//// 4//// 70500 333 5//// 60007 43%=
41675 21995 22308 10255 20091 30015 40156 70500 82030 333 56090 59008 60007 82360 35%=
41676 21996 31302 10245 20101 30028 40183 70500 83020 333 56090 59003 60007 83460 40%=
41677 21996 30000 10250 20084 39989 40153 70500 83030 333 56090 59006 60007 83362 35%=
41678 21996 00000 10260 20099 40169 70500 333 58002 60007 36%=
41679 21696 72302 10240 20038 4//// 70522 83570 333 56990 5//// 60007 83640 84460 27%=
41680 21996 33104 10245 20062 40162 70510 83030 333 56090 59002 60007 83362 31%=
41685 22997 02302 10220 21069 38922 48516 333 59018 60007 RH14%=
41696 22697 52306 10160 21049 38016 48524 83520 333 56990 58000 60007 83640 82460 Rh23%=
41697 22997 00000 10300 21026 40139 333 59022 60007 RH12%=
41700 21996 02304 10265 20094 40150 70500 333 59010 60007 34%=
41701 21996 01304 10265 20106 30024 40164 70500 333 59013 60007 37%=
41710 22997 31302 10220 21044 40137 83030 333 56090 59036 60007 83360 RH17%=
41712 12997 31802 10220 21022 39226 48554 60001 80008 333 56009 58032 83270 RH20%=
41715 21996 00000 10265 20042 40154 70500 333 58015 60007 RH25%=
41716 21996 00000 10280 20048 40163 70500 333 59012 60007 23%=
41718 21995 02302 10280 20078 40155 70500 333 59013 60007 28%=
41724 21996 00000 10285 20072 40168 70500 333 59016 60007 RH26%=
41725 22996 00504 10275 20069 40140 333 59018 60007 RH27%=
41726 21995 01304 10290 20119 30103 40173 70500 333 59007 60007 RH 35%=
41738 22996 02705 10310 21022 39991 40165 333 59011 60007 RH12%=
41739 22996 42304 10240 20051 39070 48549 84030 333 56090 58003 60007 84360 RH29%=
41742 22997 02302 10325 20071 40149 333 59011 60007 RH21%=
41743 21996 01302 10280 20104 70400 333 60007 RH 33%=
41744 22996 00000 10240 21065 38802 48535 333 59012 60007 RH 13%=
41745 22996 01302 10285 20100 333 60007 RH31%=
41746 22996 01802 10285 20100 40144 333 59036 60007 RH31%=
41747 21996 01304 10280 20048 40148 70500 333 59013 60007 RH23%=
41748 21996 01802 10270 20089 40150 70500 333 59029 60007 RH32%=
41749 22996 01306 10295 20103 40157 333 59016 60007 RH30%=
41756 22996 02704 10275 20121 40173 333 59005 60007 RH38%=
41757 22996 02308 10295 20127 30161 40173 333 59005 60007 RH36%=
41759 22996 00902 10285 20100 40168 333 59013 60007 RH31%=
41760 01996 02314 10275 20121 40151 70500 333 58002 60007 RH 38%=
41764 22996 00000 10315 20051 30101 40150 333 59018 60007 RH19%=
41765 22996 02304 10310 20088 30123 40157 333 59025 60007 RH25%=
41766 21996 02302 10305 20130 40177 333 58005 60007 70000 RH34%=
41767 02996 00000 10320 20129 3//// 4//// 333 60007 RH31%=
41768 22996 03102 10320 20129 30151 40158 333 59003 60007 RH31%=
41780 21995 01806 10310 20088 30127 40154 70500 333 59009 60007 RH25%=
41783 02996 02702 10310 20058 30118 40147 60002 333 59017 60007 RH 20%=
41785 22996 00502 10300 20096 30136 40149 333 58000 60007 RH 29%=
41786 22996 00000 10320 20045 30113 40148 333 58006 60007 RH 18%=
41BAG 22697 22302 10060 21102 60002 82500 333 56900 60007 82640 30%=
41BKI 22996 22306 10220 21108 39739 40151 82030 333 56090 59013 60007 82360 RH10%=
41SKP 22997 33606 10225 20071 4//// 83030 333 56090 5//// 60007 83360 37%=
43532 22997 00000 10200 20012 39340 40131 333 58004 60007 28%=
43533 22997 23104 10215 20023 39223 48511 82030 333 56090 59003 60007 82360 28%=
43563 22997 00502 10228 21020 40142 333 59006 60007 19%=

Data Generated from File : D:/all data handling/Rmc_lhr/2025021309.FSU.txt
13/02/2025   09:57:27
____________________________________________________________________________________________
15020 27/39 31202 11048 21074 30045 40255 58009 7101/ 83070 333 55310 20919 60007 91003 90730 91103==
15090 27956 01202 11024 21056 30166 40264 57011 7101/ 333 55310 00350 21381 31243 60007 91004 90730 91104==
15108 22270 62604 11048 21198 38073 48491 57002 82550 333 55307 20854 60007 91005 90730 91105==
15150 27950 71603 11037 21068 30034 40260 57011 7101/ 80008 333 55310 21139 60007 91004 90730 91105==
15170 21/57 43501 11062 21106 39442 42823 58009 71011 83071 333 55309 20993 60007 91001 90730 91102==
15280 22/84 72902 11073 21273 37475 47014 54001 87070 333 55310 21102 60007 91004 90730 91104==
15310 27959 01702 10000 21058 30182 40272 57009 7101/ 333 55310 00660 21640 31566 60007 91007 90730 91107==
15335 24965 01803 10016 21054 30272 40279 57008 333 55310 21522 60007 91004 90730 91104==
15350 24964 02105 10005 21058 30148 40274 58007 333 55310 20929 60007 91008 90730 91108==
15360 24963 00000 10023 21049 30264 40282 57004 333 55310 21321 60007 91001 90730 91102==
15420 22/60 33001 10009 21060 30155 40271 57007 81031 333 55310 21210 60007 91002 90730 91102==
15460 24/63 21501 10021 21044 30248 40274 57009 82070 333 55310 21449 60007 91003 90730 91103==
15470 27/59 70401 11022 21065 30143 40276 57006 7101/ 87070 333 55301 20687 60007 91002 90730 91102==
15480 27959 01203 10017 21039 30263 40282 57005 7101/ 333 55310 00660 21474 30576 60007 91004 90730 91104==
15549 42970 52002 10037 21085 39826 40252 57010 84031 333 10040 21042 555 541//=
15552 42960 21402 10054 20004 30230 40280 57004 80001 333 10056 21029 555 570// 92032 92437=
15640 42972 30000 10024 21041 39966 40290 58004 82031 333 10024 21035 555 562//=
15655 42560 22502 10018 21039 30250 40284 57005 81530 333 10018 21039 555 562// 92032 92437=
15730 42665 80000 10031 21068 39865 40274 57007 82277 333 10031 21024 555 548//=
16627 42565 70000 10054 21010 30275 40282 58007 81170 333 81825 87358 90730 91105==
16650 42560 61205 10088 20004 30274 40283 56001 81131 333 81825 83358 90730 91109==
16667 42560 20905 10092 20021 30279 40291 51004 82100 333 90730 91109==
16706 42560 10210 10094 20034 30268 40274 54000 81100==
16723 42560 30210 10098 20017 30260 40274 54000 83200 333 90730 91116==
16742 42460 13510 10088 21003 30106 40266 52004 81100 333 90730 91119==
16749 42960 03010 10108 20000 30235 40250 52005 333 90730 91117==
16754 42560 20104 10128 20051 30227 40276 52002 82101 333 90730 91110==
16760 42560 10107 10100 20018 40274 52002 81240 333 90730 91114==
16765 42560 13313 10130 20012 40262 52004 81100 333 90730 91122==
17022 41568 71601 10038 20037 30108 40280 52005 70282 85270 333 85831 87359 90730 91107==
17024 41570 62108 10042 20037 30180 40260 52004 70162 84570 333 84632 86359 90730 91115==
17026 42570 43111 10073 20037 30214 40254 50000 84200 333 84830 90730 91117==
17031 41465 73512 10078 20038 30228 40234 53002 72588 87200 333 83712 87825 90730 91120==
17034 41564 72305 10058 20039 30184 40231 58006 78088 84250 333 84830 87358 90730 91107==
17038 41670 79901 10084 20025 30168 40217 57012 70262 87500 333 87635 90730 91108==
17042 42970 62901 10091 20012 30184 40224 57014 80008 333 86270 90730 91107==
17050 42/70 31503 10037 21022 30226 40291 57009 83030 333 83359 90730 91105==
17056 42970 00803 10055 20014 30276 40281 57016 333 90730 91105==
17060 42660 31401 10071 20006 30247 40283 50000 83100 333 83845 90730 91109==
17070 41562 71901 10007 21021 39366 40267 51003 72277 85520 333 85630 87460 90730 91103==
17074 41560 82101 10017 20011 39287 40248 52003 77077 8552/ 333 85630 88460 90730 91107==
17084 42670 73506 10039 20022 39292 40217 55000 84550 333 84635 87360 90730 91116==
17085 42670 73606 10058 20005 39708 40208 57008 85570 333 85640 87360 90730 91112==
17092 41360 71904 10026 21006 38849 48476 57007 72272 85750 333 82708 85620 87357 90730 91108==
17096 41660 70812 11038 21075 38223 48497 57010 70272 84550 333 84635 87358 90730 91123==
17098 42660 13004 11020 21093 38199 48517 57012 81500 333 81640 90730 91108==
17100 42970 00000 10044 21086 39232 40260 57017 333 90730 91105==
17112 42/65 33204 10065 20027 30278 40281 57009 83030 333 83360 90730 91105==
17115 42660 30303 10063 20007 30238 40291 57002 83100 333 83835 90730 91110==
17116 41557 62901 10052 20047 30163 40289 58002 71022 84240 333 82720 83833 85360 90730 91104==
17124 42560 72710 10009 21026 39328 40283 52003 87500 333 87625 90730 91115==
17128 42670 60112 10037 21068 39103 40235 50000 84250 333 84835 86360 90730 91119==
17135 42670 73506 10043 21023 39317 40215 58001 84570 333 84635 87360 90730 91118==
17140 41420 80607 11010 21025 38685 48469 52002 77577 8652/ 333 83710 86630 88457 91017 90730 91123==
17150 42460 60802 10056 20012 30159 40287 50000 86200 333 83715 85835 90730 91107==
17160 41511 83611 11002 21025 39009 48471 52003 77377 8552/ 333 85633 88457 90730 91118==
17170 42560 33207 10034 21079 38329 48503 57014 83500 333 83630 90730 91113==
17175 42965 00102 10083 21007 30273 40277 58003 333 90730 91107==
17184 42/70 13502 10081 21011 30164 40278 57005 81030 333 81360 90730 91107==
17190 41670 63002 11006 21037 39037 48520 52005 70372 84550 333 84635 86360 90730 91109==
17195 41456 82808 11005 21017 38950 48464 52007 72277 8652/ 333 83715 86620 88457 90730 91110==
17200 41470 80202 10039 20019 39180 40183 50000 70172 8562/ 333 83711 85630 88458 90730 91109==
17202 41460 81109 10046 20018 39130 40188 58001 72372 8552/ 333 82712 85630 88458 90730 91116==
17203 41505 81801 10003 21008 38886 48532 58004 77377 8552/ 333 85630 88457 90730 91105==
17210 42670 72303 10070 21008 39159 40204 50000 84520 333 84635 87459 90730 91105==
17219 42565 12202 10086 21013 30131 40280 57003 81100 333 81830 90730 91112==
17234 42970 00903 10079 21019 30208 40278 51003 333 90730 91107==
17237 42670 23601 10063 21028 39759 40278 58005 82200 333 82840 90730 91106==
17240 42570 30212 10030 21049 39067 40248 58006 83200 333 83830 91025 90730 91125==
17244 41670 73220 10006 21062 39009 48495 52004 72272 85550 333 85635 86358 90730 91132==
17248 41515 82305 11021 21038 38983 48481 52006 77377 8452/ 333 84630 88458 90730 91109==
17250 41670 72109 11024 21041 38790 48477 52007 72272 84550 333 84640 87360 90730 91116==
17260 41357 81605 10048 20035 39320 40147 58002 76062 8672/ 333 84708 86620 88457 90730 91112==
17270 42670 71403 10076 20037 39534 40190 58003 85520 333 85640 87460 90730 91108==
17275 42670 71103 10038 20013 38991 48507 58002 84550 333 84640 87360 91017 90730 91124==
17280 41532 81301 10043 20039 39402 40211 51002 76166 87520 333 82722 85635 87459 90730 91110==
17290 42970 03605 10114 21057 30233 40266 52001 333 90730 91112==
17292 42970 03504 10061 21103 39469 40248 58001 333 90730 91114==
17300 42960 03322 10110 21068 30154 40226 58004 333 90730 91129==
17310 42970 02402 10135 21030 30184 40191 52005 333 90730 91105==
17330 42670 63004 10119 21042 30159 40177 53002 83230 333 83840 86360 90730 91121==
17350 41457 71108 10083 20055 30080 40159 56002 78022 85250 333 83717 85825 87357==
17370 42670 50000 10116 20054 30162 40166 58003 83230 333 83835 85360==
17375 42970 01801 10133 21044 30215 40217 55000 333 90730 91108==
33088 42960 01504 11039 21068 30047 40247 57010==
33135 41/05 91201 11080 21080 30123 40281 57012 74944 89///==
33177 42970 21602 11030 21070 39981 40228 57008 80001==
33317 42970 01504 11029 21071 39897 40248 57009==
33393 41/58 61503 11033 21064 39821 40229 57007 71011 84031==
33415 42970 00000 11049 21077 39827 40244 57010==
33429 42960 01706 11032 21065 39808 40248 57009==
33466 42965 41701 11021 21057 30080 40276 57009 80001 333 31///==
33506 42/60 13201 11040 21085 30076 40282 56007 81030==
33562 42960 01802 11004 21070 39953 40268 57011==
33587 42960 01701 11016 21068 39998 40272 57010==
33658 41221 61102 11078 21082 39936 40254 57007 72842 83630 333 83705==
33663 42970 00000 11041 21075 30167 40268 57008==
33664 42998 01503 11024 21054 39921 40251 57006=
33678 42997 01803 11067 21072 30064 40288 57002 333 93503=
33679 42997 01302 11016 21068 30078 40277 53001=
33711 42960 00902 11012 21059 30056 40274 57007==
33745 42997 01003 11014 21044 30074 40276 57009=
33748 42997 01403 11016 21068 39964 40260 57004=
33754 42998 00000 11028 21085 30120 40274 57009=
33761 42970 01702 11014 21055 30041 40273 57007==
33791 42967 00201 11008 21073 30148 40281 57009==
33815 42997 01601 11012 21063 30050 40266 57008=
33837 42960 20601 11006 21040 30222 40276 57005 80001==
33881 42997 01803 11006 21054 30062 40266 57007=
33883 42998 01704 11011 21062 30097 40268 57007=
33885 42997 02003 11014 21062 30135 40276 57007=
33892 42998 01802 11012 21085 30055 40275 57004=
33902 42960 20301 10002 21062 30217 40279 57006 80001==
33924 41410 70302 11017 21022 30264 40277 58001 71022 87600==
33946 41965 80607 11022 21030 30039 40270 57003 70242 80001==
33983 42560 60105 10002 21031 30195 40258 57002 84531==
34300 42960 00000 11033 21087 30093 40279 57010==
34336 41960 52401 11096 21113 30176 40287 57009 70274 80001==
34344 42/70 80000 11101 21102 30189 40283 57011 8801/==
34356 42/60 53101 11104 21122 30124 40282 57008 82056==
34357 41470 63201 11106 21125 30112 40278 57010 70282 86500==
34398 41360 82701 11069 21082 30261 40274 58005 71022 887//==
34415 42970 30501 11032 21079 30177 40278 58012 80001==
34438 42960 63001 11106 21129 30080 40285 57011 80009==
34445 41570 62501 11110 21117 30162 40284 57003 72874 82501==
34461 41460 62601 11097 21119 30222 40281 58009 72272 86500==
34473 41495 82403 11091 21102 30235 40276 58008 71022 886//=
34476 41420 82602 11084 21097 30274 40282 57003 71022 886//==
34504 42965 00501 11021 21084 30098 40279 57008==
34535 41940 80000 11115 21135 30213 40291 57010 71022 80005==
34545 41/60 82101 11097 21113 30167 40286 57010 77072 8001/==
34555 41/60 82301 11091 21106 30195 40292 57010 70277 8802/==
34560 41240 82901 11091 21096 30077 40280 57009 77774 886// 333 88704==
34578 41340 82801 11070 21091 30276 40284 58007 71042 886//==
34579 41510 82401 11068 21073 30237 40282 57006 71022 885//==
34644 41540 83601 11078 21087 30198 40279 58006 71042 885//==
34646 41460 80301 11060 21076 30192 40278 57008 72072 886//==
34655 42560 80601 11068 21078 30219 40283 58010 885//==
34662 42470 82601 11061 21076 30270 40282 57011 886// 333 88715==
34691 42/70 20000 11016 21168 30502 40489 58008 82030==
34720 41460 20401 11076 21093 30238 40280 57007 70171 82600==
34727 41/02 90603 11072 21082 30248 40280 57005 74544 89///==
34743 41440 81101 11068 21077 30186 40280 57009 71022 885//==
34759 42560 81001 11052 21069 30140 40278 57009 885//==
34772 41570 81401 11050 21063 30280 40283 57008 70242 885//==
34785 41440 81502 11048 21058 30307 40283 58007 71042 886//==
34798 42/60 81002 11030 21057 30437 40407 58008 8805/==
34824 41540 80502 11053 21068 30267 40272 57004 71022 885//==
34838 41360 80501 11051 21065 30166 40267 57007 70242 886//==
34845 41/40 80902 11056 21065 30155 40268 57010 71022 8007/==
34858 41420 81301 11059 21066 30162 40275 57007 72874 886//==
34861 41440 81601 11065 21078 30020 40276 57009 71072 886//==
34866 41440 80301 11053 21055 30285 40276 57011 71042 886//==
34880 41460 81702 11028 21063 30305 40278 57009 72272 8672/==
34887 42/70 81402 11027 21050 30303 40280 58007 8807/==
34949 42960 01202 10004 21053 39689 40248 57007==
34954 42970 20802 11005 21050 30080 40259 57014 80001==
34958 42570 81701 11054 21054 30062 40271 57011 885//==
34975 42970 22201 10003 21063 30273 40269 58011 82001==
34984 42570 81102 11019 21050 30304 40273 58012 885//==
35217 41/10 82602 11086 21093 30231 40273 58006 71042 8802/==
35302 41540 83003 11072 21081 30251 40273 58007 71042 886//==
35315 35315 42998 01403 11084 21107 30214 40274 58009=
35344 42999 22607 11063 21103 39954 40251 58005 80001=
35358 42960 02302 11052 21093 30102 40278 52009==
35368 41999 02309 11040 21090 39987 40260 58007 73630=
35386 41598 82404 11038 21063 39715 40244 57005 73633 889//=
35394 41540 82307 11048 21072 39557 40247 57005 77173 8672/ 333 90730 91116==
35404 41596 80000 11070 21075 30271 40280 58005 71042 885//=
35406 42960 00000 11029 21071 30275 40277 58006==
35416 41670 61903 11070 21091 30159 40284 57004 70242 86500==
35426 42/84 82303 11069 21107 39981 40283 58006 8807/==
35437 42998 82305 11078 21114 30048 40377 58025 8807/=
35449 42998 02105 11066 21108 30166 40273 58007=
35497 41/60 82304 11048 21058 39742 40580 57006 77177 8802/==
35498 41998 62506 11048 21068 39377 40271 57011 70272 86020=
35514 42998 01603 11050 21063 30514 40510 58006=
35522 41598 82502 11088 21108 30028 40291 58003 70277 885//=
35542 42998 02703 11050 21091 30125 40277 58005=
35563 41598 73206 11040 21101 39478 40260 58008 73633 87500=
35576 41570 82307 11022 21044 39824 40279 57006 70272 885//==
35582 41597 82311 11036 21064 39729 40343 52014 77173 8872/ 333 91118=
35594 41997 82307 11038 21056 39429 40279 57005 77173 8807/=
35605 42998 82002 11050 21063 30306 40284 58006 8801/=
35633 41495 82302 11080 21090 30067 40290 58007 71022 886//=
35671 41540 72405 11010 21026 39848 40281 58005 71022 87500==
35699 42560 82302 11064 21104 39542 40320 58008 885//==
35700 41440 72501 11037 21039 30313 40289 58006 71041 87700==
35715 42999 71501 11022 21076 30307 40292 58005 80007=
35739 42599 80000 11048 21097 30146 40290 58005 886//=
35746 42570 83302 11010 21056 30213 40281 58007 8355/==
35777 41597 62003 10000 21065 39954 40303 58007 70272 86500=
35796 42/60 82102 11067 21099 39886 40336 58008 8801/==
35849 42570 82004 10006 21030 30188 40275 58005 883//==
35895 42998 41603 11012 21048 39879 40330 57009 84030=
35907 42998 81103 11023 21052 30311 40280 58007 8802/=
35925 42670 60201 11041 21055 30181 40296 58003 86500==
35927 42698 61602 11017 21078 30289 58006 86500=
35953 42584 61805 10024 21050 30151 40281 58009 86500==
35969 42584 82301 10026 21072 30129 40304 58016 885//==
35997 42998 40501 11012 21083 39888 40329 58016 83055=
36259 42584 82702 11148 21198 38171 48460 57013 85902==
36335 41596 82108 11056 21093 39219 40258 57003 73832 8253/ 333 91119=
36358 42999 62409 11110 21138 39225 40279 53004 82032=
36394 42697 72107 11060 21113 39845 40278 58003 85530=
36397 42/84 52010 11068 21119 39708 40285 52002 82041 333 90730 91120==
36403 42798 71608 11048 21115 39920 40288 58003 82581=
36418 41999 71203 11105 21136 39695 40337 58006 72272 85033=
36421 41996 81101 11110 21144 39740 40330 58005 77172 8802/=
36428 41670 82102 11115 21181 39816 40342 58005 71522 8357/==
36439 42798 80000 11087 21128 39002 48507 58003 8357/=
36498 42998 11305 11116 21138 39503 40331 58006 80001=
36501 41998 02012 11092 21135 39486 40261 57003 73630=
36535 41684 70000 11140 21160 39681 40350 58003 70272 86530==
36546 41996 60901 11120 21143 39776 40343 58009 71022 84043=
36619 42999 22303 11067 21122 82030=
36622 41994 51814 11103 21109 39494 40330 58008 73833 85030 333 91016 91118=
36639 41/84 61401 11066 21121 39730 40354 58003 70272 86070==
36643 42899 10402 11128 21161 39643 40340 58005 81040=
36665 42999 01002 11102 21146 39565 40320 58003=
36666 42999 22702 11136 21181 39821 40342 57007 82030=
36729 41596 81302 11054 21072 39868 40364 58002 77172 885//=
36736 41999 72401 11051 21100 39796 40365 58003 70272 87050=
36744 42998 01402 11007 21087 39872 40327 58013=
36770 42998 80301 11040 21058 39597 40340 58010 8805/=
36786 42999 73602 11053 21081 39397 40339 58008 87070=
36796 42998 82701 11048 21120 39102 48545 58004 8807/=
36803 41596 80702 11056 21074 39905 40369 58003 77172 8562/=
36806 42998 81502 11052 21168 39875 40357 58004 8805/=
36819 42598 80901 11012 21069 39704 40325 57010 8252/=
36821 41/40 80000 11026 21046 39836 40335 58013 71022 8807/==
36839 42999 50701 11008 21082 39167 40306 57014 80001=
36843 42998 31101 11005 21066 39124 40307 57010 80002=
36846 42999 10203 11063 21074 38663 48544 58012 80002=
36859 42570 71402 10008 21033 39574 40364 58016 82575==
36870 41/40 80501 11006 21032 39282 40305 57011 71072 8807/==
36874 42698 83602 11006 21046 39662 40459 57014 86506=
36877 42999 80901 11005 21032 39718 40746 57015 8807/=
36885 41596 83402 11018 21035 39166 40311 57011 71042 886//=
36889 42999 20000 11098 21174 37033 47046 58007 80002=
36894 41996 30702 10020 21029 39567 40308 57017 71011 80002=
36905 41597 70702 11032 21054 38800 48556 58015 74022 87500=
36911 41998 72502 10024 20011 39304 40281 57016 702// 87070=
36927 41699 71404 10017 21113 38365 48535 58014 715// 85950=
36934 42597 51203 10019 21083 38285 48420 58006 82932=
36953 42899 60501 11066 21107 38233 48508 57008 83044=
36963 42698 81102 11096 21160 37016 48/// 58009 8655/=
36974 42998 71802 11004 21075 38005 48541 57013 87010=
36982 41996 80605 11145 21174 36494 47066 58005 771// 8802/=
37018 42970 10702 10099 21017 30150 40225 57009 80001==
37031 42960 23402 10009 21050 30048 40248 57010 80001==
37054 41440 80401 11038 21050 39866 40267 57011 71022 885//==
37061 41/20 81901 11052 21061 30099 40277 58010 71074 8801/==
37085 42570 60501 10014 21058 30297 40271 58015 82502==
37171 42970 81501 10104 20025 30204 40222 58011 80001==
37228 42960 03201 10032 21040 39382 40224 57013==
37235 42970 00803 10004 21043 39928 40253 57015==
37472 41540 72901 10020 20001 30287 40363 57015 71011 83571==
38149 42570 80303 11020 21035 30205 40284 58002 885//==
38178 41/60 81402 10026 21013 39953 40243 57012 71044 8802/==
38262 41570 82301 11008 21033 30190 40274 58004 70277 885//==
38264 41370 8//01 11021 21036 30180 40277 57011 70272 886// 333 88709==
38345 42698 80901 10008 21053 38850 48540 57009 885//=
38353 41596 83301 11006 21027 39390 40312 57009 702// 885//=
38388 42598 52202 11008 21053 30219 40292 58016 85500=
38392 42597 62803 11007 21042 30167 40274 58015 86500 333 86623=
38396 41460 70402 11015 21051 30149 40279 58015 70172 87500 333 87617==
38403 42/60 80503 10019 20019 30148 40271 58008 8802/==
38413 42/70 82202 10053 21002 39957 40250 57018 8802/==
38457 42/60 72501 10068 21018 39683 40273 57022 84041==
38462 41584 70000 10027 21028 38797 48532 58015 70277 85950==
38507 42698 71404 10053 21005 30171 40276 58011 84530=
38545 41998 62602 10044 20023 30094 40272 58013 70282 86070=
38565 12/70 30000 10075 20004 39647 40223 57018 60002 83040==
38579 12560 70703 10066 21001 39845 40266 57017 60002 86971==
38583 12/60 60501 10085 20002 39949 40271 57020 60002 83041==
38599 41996 80607 10066 20005 39731 40272 57021 71022 81031=
38611 41740 72101 10067 20010 39704 40268 57018 71022 83540==
38613 42997 72101 10058 21003 40263 57023 87020=
38616 41596 72701 10026 21007 39254 40284 58014 710// 87500=
38618 42660 80801 10048 20001 39576 40273 57020 8457/==
38647 42998 00402 10079 21007 30219 40261 57015=
38656 42998 60202 10050 20003 30172 40284 58007 86080=
38683 42560 62004 10084 20006 39984 40261 58019 86500 333 86631==
38687 42697 72302 10085 20025 30032 40269 58018 87500=
38696 12960 72701 10085 21041 39387 40241 57023 60002 80009==
38713 42597 80502 10036 21020 39079 48540 58012 84504=
38750 42997 40903 10100 20004 30308 40279 57005 80001=
38763 41997 20000 10038 20012 30170 40278 57007 70340 80001=
38774 42998 83001 10057 21003 30094 40293 58012 8807/=
38799 42997 60901 10074 20032 30040 40274 57012 80003=
38806 42997 31403 10090 20017 39990 40250 58016 80002=
38812 42960 20103 10095 20009 39791 40244 58021 80001==
38880 42597 63005 10072 20001 30011 40268 57012 85530 333 85626=
38886 42997 40801 10082 20002 30037 40266 58014 84030=
38895 42996 70000 10082 20013 39974 40265 58017 80008=
38911 42998 63403 10102 20013 39961 40254 58013 80002=
38915 42997 20000 10107 21027 39918 40240 57032 80001=
38927 12/60 70602 10116 20027 39860 40233 57030 60002 87031==
38933 42997 22702 10117 20046 39756 40267 57018 80001=
38944 42998 30000 10098 20023 39655 40187 58030 83030=
38954 42899 12902 10015 21135 37973 48560 58024 81200=
38974 42998 82902 10067 20018 39927 40266 58018 80008=
38987 42996 71601 10046 20010 39509 40264 58011 8701/=
40100 43/70 72717 10137 20080 30204 40220 52005 333 58///=
40180 01660 71804 10141 20088 30176 40226 57002 76121 8700/ 333 70000==
40199 02/// /3503 10179 20024 30214 40239 57007 333 70000==
40265 41540 62310 10100 20076 39425 40232 57004 70522 86200 333 86820=
40270 41456 42617 10090 20047 39310 40224 57004 70762 84200 333 82715 83825=
40272 41540 42722 10100 20011 39380 40226 52025 74522 84800 333 84830=
40340 42660 23307 10157 20018 40247 57005 82100 333 82845=
40356 42660 32708 10099 20000 39226 48530 83100 333 58016 83840 555 04410 50208=
40357 42960 03304 10152 20000 39562 40203 333 58016=
40360 42660 42708 10140 21010 39621 40221 84400 333 58017 84640=
40361 42960 00105 10145 21010 39438 40240 333 58030=
40362 41958 30000 10183 20050 39695 40212 70544 80002 333 58043 83070=
40373 41656 70109 10142 20120 39787 40210 71042 87500 333 58039 87635=
40375 42960 01504 10121 21010 39329 40218 333 58031=
40394 42960 40606 10148 21020 39066 48538 84040 333 58046 84360 555 04410 50199=
40400 42960 03013 10236 20030 30146 40174 333 58007=
40405 42660 50508 10155 20110 39455 40204 85500 333 58051 85640=
40417 42660 81406 10207 20180 30158 40173 8252/ 333 58002 82640 86460=
40420 41658 80110 10222 20140 39966 40172 70564 8442/ 333 58009 84640 88460=
40430 42660 70513 10206 20060 39421 40161 82520 333 58015 82640 85460=
40437 41650 81403 10183 20130 39474 40174 70500 885// 333 58020 88640=
40439 42660 72605 10254 20040 30125 40143 82531 333 59001 82640 83360=
40582 31858 53610 10177 20128 40198 58011 70522 85030 333 55306 01096 10000 21709 30282 41172 51402 61991 55407 41426 85358 90400 91017 91117 91211 91307=
40703 42960 01804 10034 21052 38944 40252 57014 333 70000 555 10004 29053 66666 01008 11014 20002 30022 50054 90086=
40706 41556 72403 10030 21067 38679 40263 57011 70522 81476 333 70000 81630 87267 555 11005 29049 66666 00057 10016 20022 30035 50050 90072=
40712 41658 51102 10006 21084 38704 40267 57008 70521 84502 333 70000 84640 84067 555 11021 29051 66666 00006 10010 20017 30020 50036 90054=
40713 41412 82701 10021 21043 38683 40247 58006 70522 83677 333 70000 82715 85459 88267 555 11003 29063 66666 00013 10025 20040 30050 50067 90095=
40718 42560 53203 10098 20072 30278 40249 57019 85300 222// 0//// 20301 333 70000 81920 84620 555 10086 29084 66666 00102 10082 20078 30080 50092 90112=
40723 41959 79901 10056 21074 38989 40257 58016 70521 81076 333 70000 81363 86266 555 10012 29038 66666 00026 10000 20016 30028 50046 90070=
40726 41640 80000 10006 21054 38683 40260 58008 70522 8452/ 333 70010 84635 88458 555 11015 29064 66666 00008 10008 20030 30030 50046 90080=
40727 41640 89901 10004 21018 38506 40260 57007 71022 886// 333 70000 88740 555 11005 29085 66666 01007 10011 20022 30029 50039 90072=
40732 42560 41204 10118 20047 30269 40244 57014 84300 333 70000 81923 84627 555 10086 29062 66666 00106 10094 20092 30092 50102 90124=
40736 42960 60703 10110 20024 30283 40257 57016 80008 333 70000 86270 555 10074 29055 66666 00080 10074 20070 30080 50090 90116 77777 00/// 10032 20035 30034 50036 70/// 99///=
40738 41950 61103 10096 20025 30275 40277 58012 70522 80006 333 70000 86269 555 10066 29061 66666 00078 10064 20064 30078 50096 90120=
40739 42662 82002 10040 21042 38715 40245 58009 8351/ 333 70000 83635 88460 555 10010 29055 66666 00048 10052 20022 30032 50046 90083=
40741 42660 72706 10078 20050 39917 40260 57020 83506 333 70000 83635 87269 555 10065 29082 66666 00072 10056 20054 30067 50084 90113=
40743 42660 71803 10066 21042 39101 40246 57007 85502 333 70000 85635 555 10026 29046 66666 00072 10048 20046 30071 50100 90128=
40745 41857 61104 10057 21010 39066 40245 58018 70521 85074 333 70000 85358 555 10028 29062 66666 00006 10006 20024 30042 50058 90100=
40747 42660 60000 10055 21036 38665 40237 57008 83570 333 70000 83640 85360 555 10021 29052 66666 00074 10040 20039 30049 50060 90090=
40754 41520 72202 10035 20007 38869 40243 58010 71022 86370 333 70004 83725 81935 83640 87459 555 10024 29082=
40762 42662 71402 10057 21063 38570 40233 58008 84432 333 70000 84635 85069 555 10014 29042 66666 00008 10010 20016 30030 50056 90089=
40766 41557 41402 10094 20013 38717 40215 58006 70521 83330 333 70000 83930 84356 555 10058 29057 66666 00084 10054 20044 30052 50062 90100=
40768 41615 83201 10003 21026 38284 40273 58003 77072 8332/ 333 70032 81935 83640 88559 555 11008 29081 66666 01002 11001 20005 30017 50026 90053=
40769 41520 80501 10031 20001 38318 40235 58003 71077 8472/ 333 70135 82720 84635 88458 555 10019 29081 66666 00016 10018 20028 30036 50058 90100=
40780 42660 31501 10118 20023 38703 40203 58004 83500 333 70000 83635 555 10074 29052 66666 00092 10074 20062 30062 50076 90092=
40782 42560 42802 10111 20048 38890 40200 58009 84200 333 70072 82825 555 10081 29065 66666 00128 10096 20080 30068 50094 90114=
40785 42660 82701 10057 20035 39143 40262 57011 8452/ 333 70041 84640 88460 555 10048 29086 66666 00084 10074 20070 30074 50092 90152 77777 00/// 10000 20/// 30/// 50/// 70/// 99///=
40791 42560 81801 10121 20016 39384 40212 57013 8472/ 333 70004 84730 88460 555 10075 29049 66666 00112 10114 20112 30118 50130 90158=
40792 41560 71203 10079 20016 38736 40204 57019 70262 84520 333 70003 84630 87459 555 10051 29064 66666 00074 10072 20072 30080 50112 90124=
40798 42660 62411 10096 21033 37963 40170 58004 82506 333 82640 85269 555 10042 29040 66666 00085 10061 20041 30047 50060 90079=
40800 41650 52201 10107 20035 38482 40203 57007 70511 85500 333 70015 85635 555 10073 29061 66666 00102 10052 20062 30068 50090 90118=
40809 41560 80000 10103 21011 38517 40182 58010 70262 8332/ 333 79999 81725 83930 88458 555 10054 29045 66666 00099 10086 20086 30094 50105 90129=
40811 42660 73202 10197 20149 30165 40191 58003 84570 333 70007 84640 87460 555 10169 29074 66666 00192 10172 20168 30172 50186 90208=
40812 42660 40000 10206 20118 39802 40176 57009 84500 333 70111 84640 555 10156 29057 66666 00184 10166 20150 30154 50166 90196=
40821 41658 32601 10083 20005 38817 40226 57017 70522 81102 333 79999 81840 555 10050 29058 66666 00108 10091 20089 30097 50110 90136=
40829 42960 70203 10186 21018 39626 40196 57026 87070 333 70000 87359 555 10098 29025 66666 00192 10160 20148 30146 50156 90178=
40831 42960 73205 10190 20134 30189 40198 58005 87070 333 70034 87460 555 10158 29070 66666 00190 10174 20170 30176 50200 90224=
40833 42660 71102 10229 20118 30161 40193 58004 83106 333 70003 83840 87270 555 10167 29050 66666 00220 10200 20178 30180 50196 90216=
40841 42560 81004 10112 20070 38272 40181 57016 84320 333 70074 82930 84635 88459 555 10090 29075 66666 00102 10096 20090 30092 50116 90146=
40845 41558 80604 10186 20156 30183 40188 58008 71022 8492/ 333 70059 81930 84640 88460 555 10169 29083 66666 00174 10170 20168 30174 50186 90202=
40848 41425 81202 10082 20080 38555 40210 57016 76266 8532/ 333 70470 82710 81925 84635 88557 555 10081 29099 66666 00082 10078 20080 30082 50088 90116=
40854 42660 70000 10192 21003 38966 40156 57014 85370 333 70000 83835 82940 84360 555 10102 29027 66666 00218 10164 20152 30164 50178 90202=
40856 41658 62408 10187 20013 38660 40158 57015 70711 81470 333 70004 81640 86460 555 10103 29031 66666 00164 10130 20110 30108 50130 90142=
40859 41457 83003 10114 20080 38749 40211 57015 76182 8632/ 333 70024 81715 82930 85635 88558 555 10096 29079 66666 00124 10116 20110 30120 50130 90150=
40875 41858 71802 10290 20087 30163 40174 58012 70521 86078 333 86358 84270 555 10178 29028 66666 00324 10240 20226 30220 50238 90248=
40879 42962 62502 10274 20020 39505 40169 57025 81076 333 70000 81360 86270 555 10147 29019 66666 00282 10248 20216 30218 50222 90238=
40882 42960 61004 10270 20076 30133 40168 58016 82036 333 70000 82360 85269 555 10166 29029 66666 00258 10228 20218 30224 50226 90244=
40883 42960 31006 10280 20079 30140 40167 56020 83030 333 70000 83360 555 10171 29028 66666 00260 10234 20230 30228 50234 90242=
40893 41958 01802 10250 20127 30162 40168 58018 70500 333 70000 555 10179 29046 66666 00269 10255 20248 30250 50258 90253=
40898 41958 00000 10259 20156 30146 40155 57027 70500 222// 00238 20900 333 70000 555 10196 29053 66666 00344 10292 20250 30266 50268 90268=
41024 42660 53408 10274 20150 30118 40144 85500 333 58001 85640=
41036 42560 60000 10212 20120 38582 48532 86800 333 58021 86830 555 04410 50150=
41055 42560 51310 10202 20090 38378 48524 85400 333 58016 85630 555 04410 50137=
41061 42960 30106 10303 21020 39422 40107 83030 333 59001 83358=
41084 42560 50605 10249 20070 38862 48523 85400 333 58016 85630 555 04410 50103=
41112 42560 22010 10204 20060 37965 48529 82400 333 58007 82620 555 04410 50108=
41114 42560 22115 10214 20060 37999 48528 82400 333 58003 82622 555 04410 50103=
41128 42960 00106 10306 20000 38810 48523 333 58003 555 04410 50101=
41136 41956 02016 10326 21030 39314 40105 70700 333 59001=
41140 42560 42208 10303 20230 30132 40142 84400 333 59001 84630=
41150 41970 83615 10219 20175 40180 72162 8807/ 333 58007 88459=
41176 44/69 /1808 10253 20164 30153 40159 333 59006=
41184 42960 23106 10317 20115 40162 80001 333 59003 82070=
41194 42960 02007 10312 20092 30154 40160 333 59004=
41196 42960 29903 10315 20089 30125 40165 82030 333 20173 59004 82362=
41216 42960 21608 10298 20073 30156 40160 82030 333 59004 82368=
41217 42960 31509 10305 20067 30128 40157 80001 333 59005 83075=
41240 36/// /0302 10264 20213 30158 40188 333 0E/// 55300 25022 59005=
41244 36/// /1605 10301 20061 39737 40142 333 0E022 55300 25022 59009=
41246 36/// /0707 10251 20200 30167 40169 333 0E020 55300 25022 59008=
41253 36/// /3502 10270 20146 39803 40159 333 0E017 55300 25022 59002=
41254 36/// /1907 10216 21039 38089 49829 333 0E006 55300 25022 59001=
41256 32960 03212 10264 20199 30156 40173 333 59010 55407 55408 55507 55508=
41257 36/// /0406 10302 20037 39675 40158 333 0E019 55300 21634 59006=
41262 36/// /1306 10300 20065 39962 40154 333 0E019 55300 22995 59009=
41265 36/// /1405 10316 21000 39575 40124 333 0E019 55300 23063 59007=
41267 36/// /3316 10251 20201 30152 40164 333 0E018 59016=
41268 36/// /0110 10306 20116 30106 40153 333 0E019 55300 25022 59015=
41275 36/// /1606 10284 20114 30006 40172 333 0E015 55300 23165 59011=
41288 32560 10405 10257 20198 30147 40169 81500 333 59010 81620=
41315 36/70 /1707 10236 20149 39341 48245 333 0E023 55300 27865 59001=
41316 32570 11808 10268 20183 30138 40168 81500 333 59005 55407 55408 55507 55508 81625=
41396 42960 01306 10291 20065 39425 40128 333 58005=
41480 41456 20816 10283 20202 30145 40153 70544 82500 333 59007 82618=
41506 12660 63603 10120 21070 38524 48230 60001 86020 333 56080 58014==
41508 12960 02301 10151 21038 38665 48370 60001 333 59005==
41515 12960 30000 10107 21102 38565 48270 60001 83020 333 56080 58004==
41516 12440 32702 10150 21049 38549 48080 60001 81130 333 56880 58037==
41517 12460 10000 10090 21066 37786 48990 60001 81500 333 56800 58026==
41518 12460 40000 10144 21071 30001 48010 60001 81230 333 56880 58000==
41519 12460 33601 10165 21061 38763 48070 60001 83200 333 56800 58026==
41523 12960 00000 10180 20009 39096 48230 60001 333 58002==
41535 12960 02301 10150 21072 38720 48910 60001 333 59003==
41536 12960 00000 10190 21026 39047 48270 60001 333 58000==
41560 12960 02303 10120 21070 38337 48620 60001 333 59006==
41598 11940 23102 10240 21043 39885 40152 60001 70500 82030 333 56080 59007==
41600 11940 23101 10225 20026 30000 40144 60001 70512 82030 333 56080 59003==
41620 12940 02701 10180 21049 38595 48000 60001 333 59008==
41624 12960 30000 10245 20062 30000 40159 60001 83020 333 56080 58005==
41630 11940 43101 10240 20081 30000 40167 60001 70510 84030 333 56080 58003==
41640 11940 32701 10245 20012 39909 40154 60001 70522 83030 333 56080 59003==
41660 12960 33104 10155 21110 38461 48500 60001 83030 333 56080 59022==
41678 11940 00000 10260 20099 30000 40169 60001 70500 333 58002==
41696 12460 52303 10160 21049 38016 48240 60001 82520 333 56880 58000==
41697 12960 00000 10300 21026 30000 40139 60001 333 59022==
41700 11940 02302 10265 20094 30000 40150 60001 70500 333 59010==
41710 12960 31301 10220 21044 30000 40137 60001 83030 333 56080 59036==
41712 12960 31801 10220 21022 39226 48540 60001 80008 333 56008 58032==
41715 11940 00000 10265 20042 30000 40154 60001 70500 333 58015==
41718 11920 02301 10280 20078 30000 40155 60001 70500 333 59013==
41725 12940 00502 10275 20069 30000 40140 60001 333 59018==
41739 12940 42302 10240 20051 39070 48490 60001 84030 333 56080 58003==
41744 12940 00000 10240 21065 38802 48350 60001 333 59012==
41749 12940 01303 10295 20103 30000 40157 60001 333 59016==
41756 12940 02702 10275 20121 30000 40173 60001 333 59005==
41757 12940 02304 10295 20127 30161 40173 60001 333 59005==
41759 12940 00901 10285 20100 30000 40168 60001 333 59013==
41764 12940 00000 10315 20051 30101 40150 60001 333 59018==
41768 12940 03101 10320 20129 30151 40158 60001 333 59003==
41780 11920 01803 10310 20088 30127 40154 60001 70500 333 59009==
41785 12940 00501 10300 20096 30136 40149 60001 333 58000==
42027 32996 43201 10130 21036 38416 48502 80001 333 59004=
42071 32996 32910 10220 20026 40153 83030 333 58000 83360=
42101 32696 33404 10224 20074 40153 83500 333 58005 83635=
42111 31596 43203 10230 20082 39405 40093 70511 81831 333 59003 81620 81830 82360 84070=
42123 32996 33201 10262 20017 40153 80001 333 58003 83070=
42131 32996 23203 10244 20030 40168 80001 333 58005=
42165 32996 00000 10274 20020 40146 333 58003=
42182 31996 02707 10240 20067 40138 70500 333 58002=
42189 21020 03206 10236 20042 40107 70500 333 59003 60005==
42309 21495 70506 10178 20147 40110 71062 84730 333 59015 6002/=
42314 21496 70210 10184 20135 40109 71792 83930 333 57910 59011 6990/ 83618 81925 87360=
42328 32996 20000 10300 20119 40120 80001 333 59008 82070=
42339 31995 00501 10288 20048 40145 70500 333 59002=
42348 32996 03406 10260 21073 40151 333 58002=
42361 21020 00503 10262 20031 40135 70500 333 58003 60005==
42369 31996 02910 10264 20042 40115 70500 333 58001=
42379 31995 02708 10248 20079 40097 70500 333 59002=
42410 31595 43404 10260 20159 40092 70511 82530 333 59019 82620 83360 /054=
42415 31995 00000 10242 20152 40095 70500 333 59020=
42452 31996 03602 10260 20053 40141 70500 333 58005=
42492 22040 02705 10254 20083 40105 333 59001 60005==
42559 32996 02902 10272 20037 40123 333 58010=
42571 31996 02702 10266 20025 40119 70500 333 58013=
42591 32996 02710 10278 20035 40115 333 59002=
42623 31496 42704 10262 20085 39231 40077 70500 825300 333 59016 82618 84360=
42634 32996 00502 10340 20046 40154 333 59003=
42647 31996 00504 10316 20064 40144 70400 333 58002=
42667 32996 03204 10252 20150 39555 40137 333 58010=
42675 32996 03203 10260 20082 40128 333 58015=
42701 32996 03204 10250 20032 39380 40097 333 58001=
42724 31496 32302 10302 20181 40092 70500 83800 333 59021 82618=
42737 32996 01106 10336 20014 40144 333 59006=
42754 22040 00204 10270 20103 39504 40130 333 58005 60005==
42779 32996 03603 10270 20055 39424 40109 333 58010=
42798 31996 03404 10320 20095 40090 70500 333 59003=
42809 31995 23201 10291 20180 40099 70500 82030 333 59008 82360=
42840 32996 00000 10336 20084 40134 333 59004=
42867 31996 00204 10314 20047 40121 70500 333 58014=
42874 31996 00000 10312 20136 40115 70500 333 58014=
42886 32997 02309 10340 20046 40104 333 58012=
42895 32996 01404 10320 20203 40095 333 59007=
42909 32996 00204 10346 20079 40151 222// 20000 333 58007=
42971 31996 03202 10350 20134 40101 70500 333 59004=
43003 31995 03206 10342 20154 40111 70400 333 59013=
43014 31996 02702 10326 20164 39475 40100 70544 333 58003=
43041 31596 33203 10330 20136 39496 40091 70500 81530 333 59002 81625 83360=
43063 32997 01801 10328 20055 39500 40104 333 58006=
43086 32997 00000 10332 20200 39939 40113 333 58005=
43110 31996 02704 10356 20173 40112 70544 333 59005=
43117 32997 03202 10352 20212 40098 333 58004=
43128 32997 12703 10344 20156 39512 40096 80001 333 58001 81070=
43150 31596 22306 10302 20229 30049 40110 70500 81501 333 59008 81620=
43185 22060 01803 10332 20237 30104 40107 333 59005 60005==
43189 32597 10000 10332 20192 30103 40112 81500 333 59004=
43192 32996 01403 10340 20224 40106 333 59003=
43198 22940 20205 10328 20067 39291 40087 80001 333 59002 60005 82075==
43201 32997 40501 10350 20085 39369 40064 80001 333 59011 84075=
43213 32997 00502 10370 20116 39776 40081 333 59004=
43233 32997 10000 10232 20202 39329 40147 80001 333 10340 20160 59008 555 10000=
43237 32997 10702 10362 20128 39687 40063 80001 333 59005 81075=
43245 32997 11803 10332 20192 30085 40111 80001 333 59007=
43279 32997 11406 10320 20196 30100 40117 80001 333 59006 81075=
43284 31996 00704 10236 20175 30015 40131 70500 333 10337 20214 59001 555 10036=
43295 32997 10902 10224 20161 39129 48537 80001 333 10336 20170 59001 81075 555 10005=
43314 32997 12306 10328 20249 40102 80001 333 59002=
43321 31996 30910 10340 20067 39659 40092 70500 80001 333 59003 83070=
43329 32997 01402 10298 20215 30104 40118 333 58000=
43333 31496 20903 10296 20213 40103 70510 81501 333 59005 81618=
43344 31496 50505 10326 20177 30015 40112 70521 82531 333 58003 82616 83360=
43353 31496 22506 10304 20235 40100 70521 81530 333 56790 59002 81620=
43369 32597 53203 10318 20247 40107 83530 333 59001 83620 85358=
43371 31596 32503 10326 20227 30032 40103 70500 81501 333 58003 81620=
44212 42984 53002 11195 21249 39093 40320 57015 80008==
44213 42/84 20303 11169 21216 38729 40285 57013 82040==
44214 42/70 53208 11025 21188 38212 40193 57006 85050==
44215 41/70 62709 11005 21181 38324 40157 57009 73632 82048==
44217 32998 52008 11095 21191 37809 40289 58002 83044 333 91212=
44218 42/84 32903 11088 21140 38534 40232 56011 82044==
44219 32999 63002 11107 21148 38561 40259 57004 84086 333 91202=
44265 42984 01402 11110 21177 38873 40356 56006==
44266 32999 22511 11022 21208 37704 40184 57006 80008 333 91112 91211=
44404 42358 10903 10184 20023 38096 48424 81100 333 59020=
44416 42660 12707 10256 20063 39319 40087 81100 333 59019=
44424 42960 32512 10178 21078 37594 47051 80002 333 59033=
44434 41557 31405 10220 20095 39178 48463 70140 83800 333 59010=
44438 42956 02407 10230 20134 39972 40101 80000 333 58005=
44449 42956 02204 10226 20178 39936 40093 80000 333 59002=
44454 42458 22207 10204 20067 38612 48448 82100 333 59016=
44462 42462 32703 10170 20067 38220 48436 83200 333 59009=
44474 41015 60603 10145 20041 38213 48451 70544 86500 333 59009=
44477 41330 72205 10180 20101 38779 48486 70544 87400 333 59010=
44478 41940 02714 10251 20171 30003 40085 70544 80000 333 59010=
48010 42557 31801 10310 20189 39922 40071 83800 333 59020==
48020 42960 00000 10295 20149==
48025 41230 43201 10303 20119 39948 40084 59011 70511 84800==
48048 42958 02202 10356 20235 30031 40075 333 59023==
48052 32958 01401 10364 20177 333=
48062 42558 23203 10295 20248 30101 40108 82500 333 59012==
48064 42958 00401 10326 20234 30023 40079 333 58002==
48094 42960 00902 10338 20210 30096 40106 333 58000==
48109 42960 00000 10300 20223 30103 40106 333 59016==
51076 14/80 /1601 11119 21183 39419 40377 57005 60001 333 11064 21211 3/103 4/025 58014 70000 90761 91103==
51087 14/73 /1902 11105 21176 39269 40375 57002 60001 333 11060 21203 3/106 4/018 58014 70000 90761 91105==
51156 14/79 /0905 11059 21159 38718 40328 52001 60001 333 11042 21150 3/117 58013 70000 90761 91108==
51243 14/50 /0802 11109 21171 39769 40366 57005 60001 70500 333 11083 21193 3/116 58014 70000 90761 91105==
51334 14/50 /0501 11055 21120 39918 40354 57006 60001 70500 333 11054 21186 3/111 4/012 58007 70000 90761 91103==
51379 14/62 /2601 11036 21165 39354 40374 57004 60001 333 11035 21236 3/107 4/022 58033 70000 90761 91105==
51463 14/80 /0403 11027 21117 39094 40350 57005 60001 333 10001 21146 3/101 4/035 58031 70000 90761 91106==
51573 14/68 /2002 10056 21190 30242 40293 57016 60001 333 10057 21059 3/112 59021 70000 90761 91104==
51644 14/56 /2202 10026 21106 38989 40293 57015 60001 70600 333 10032 21081 3/106 59013 70000 90761 91105==
51656 14/50 /2903 10020 21160 39201 40304 57017 60001 70600 333 10023 21116 3/114 59011 70000 90761 91105==
51709 14/56 /1603 10041 21142 38637 40257 57023 60001 70600 333 10042 21079 3/110 59029 70000 90761 91106==
51711 14/59 /0903 11018 21142 38012 40228 57013 60001 333 11015 21131 3/118 59010 70000 90761 91107==
51716 14/35 /2702 10047 21164 38941 40264 57021 60001 70600 333 10047 21056 3/109 59021 70000 90761 91107==
51765 14/62 /2702 10046 21184 39265 40298 57014 60001 333 10048 21098 3/114 59010 70000 90761 91106==
51811 14046 01002 10068 21173 38808 40249 57020 60001 333 10068 21067 3/112 59028 70000 90761 91104==
51818 14/50 /0703 10075 21160 38649 40235 57024 60001 70600 333 10078 21034 3/108 59029 70000 90761 91106==
51886 14/80 /2502 11037 21274 37086 40273 57011 60001 333 11023 21164 3/122 59012 70000 90761 91106==
52203 14/72 /2802 10034 21201 39372 40299 57009 60001 333 10035 21144 3/119 59025 70000 90761 91105==
52602 14/80 /2706 11026 21301 37242 40300 57006 60001 333 11020 21204 3/126 59026 70000 90761 91110==
52818 14/80 /0301 11015 21256 37210 40246 57004 60001 333 11004 21134 3/119 59022 70000 90761 91106==
52908 14/80 /2808 11095 21294 35677 40207 57003 60001 333 11088 21236 3/128 59023 70000 90761 91115==
55228 14/80 /2609 11005 21322 35962 40083 57031 60001 333 11002 21125 3/120 58000 70000 90761 91115==
55299 14/80 /2808 11038 21260 35772 40070 54000 60001 333 11013 21137 3/119 59004 70000 90761 91118==
55578 14/80 /2905 10097 21377 36263 49886 57026 60001 333 10109 21056 3/111 59001 70000 90761 91116==
55591 14/78 /1702 10083 21273 36410 49896 57020 60001 333 10110 21005 3/111 59004 70000 90761 91112==
55664 14/37 /2812 10049 21369 35927 49961 57019 60001 70500 333 10055 21057 3/112 58000 70000 90761 91128==
55773 14/74 /1907 11026 21111 35955 40096 57012 60001 333 11002 21094 3/112 59010 70000 90761 91114==
56004 14/80 /2906 11086 21223 35738 40126 52001 60001 333 11072 21180 3/123 59015 90761 91113==
56018 14/77 /0701 11040 21110 36095 40078 57006 69971 333 11014 21096 3/110 59009 70007 90761 91104==
56312 14/80 /1205 10066 21078 37009 40043 57019 60001 333 10084 21004 3/001 59015 70001 90761 91111==
62306 42560 43210 10157 20068 40274 52009 84500==
62309 42560 33608 10168 20046 40256 52004 83200==
62325 42560 63106 10170 20060 40250 52004 83200==
62332 42560 22712 10154 20056 40246 52003 82100==
62337 42560 52611 10151 20061 40239 52001 83520==
62366 45560 33309 10150 20029 40250 54000 83200==
62387 42960 03615 10150 20041 40253 52002==
62393 42960 00212 10139 20032 40263 54000==
62405 42960 03306 10178 20011 40211 57006==
62414 41958 03612 10180 20016 40202 54000 70700==
62419 42960 00212 10173 20021 40202 52002==
62420 42960 00511 10151==
62435 42960 00414 10158 20020 40234 52002==
62440 42960 03609 10156 20065 40251 52002==
62455 42960 03410 10158 20042 40248 54000==
62458 42960 03406 10173 21020 40235 57003==
62459 42960 03018 10170 20050 40207 57002==
62465 42960 03222 10190 20064 40188 52004==
