SMPK OPKC 131200=
41504 02997 70000 10070 21082 37828 48471 60002 87050 333 10095 56090 58034 60007 83360 86460 RH 33%=
41505 22696 52302 10065 21018 38/// 48/// 60002 82520 333 10090 56990 58/// 82640 86460 RH 55%=
41516 02696 32304 10140 21048 38532 48491 60002 82130 333 10157 56990 58035 60007 82840 81360 RH 27%=
41517 02697 20000 10060 21079 37777 48498 60002 82500 333 10094 56900 58025 60007 82640 RH 36%=
41518 02697 41802 10150 21049 38/// 48/// 60002 83230 333 10167 56990 5//// 60007 83840 81362 RH 25%=
41519 02997 03602 10160 21028 38749 48493 60002 333 10185 58034 60007 RH 27%=
41520 02997 01806 10035 21103 37621 48262 60002 333 10065 58017 60007 RH 36%= 
41530 02997 41306 10220 21153 39731 40137 60002 82031 333 10225 56099 59003 60007 82360 82070 RH 07%=
41620 32696 23604 10185 21037 38584 48489 60002 82500 333 10190 56900 59012 60007 82640 RH 22%=
41660 02997 72312 10160 21029 38441 48530 60002 86031 333 10175 56099 59033 60007 86358 83068 RH 28%=
41661 02697 63102 10175 21002 38397 48523 60002 82530 333 10195 56990 59025 60007 82635 84360= 
41685 02997 12304 10225 21055 38906 48501 60002 81020 333 10235 56090 59014 60007 81460 RH 15%=
41696 02697 52302 10150 21030 38011 48520 60002 83520 333 10170 56990 59001 60007 83640 82460 RH 29%=
41697 02997 02304 10290 20015 39975 40127 60002 333 10310 59018 60007 RH 17%= 
41710 12697 70000 10230 21067 39368 40126 60002 83510 333 10235 56990 59033 83640 87460 RH 13%=
41712 12997 62302 10240 20020 39198 48532 60002 86010 333 10250 56090 59006 86460 RH 24%=
41715 01996 00000 10260 20042 30077 40140 60002 70500 333 10270 58015 60007 RH 25%=
41724 01996 00000 10285 20086 30069 40145 60002 70500 333 10305 59017 60007 RH 29%=
41725 02996 00504 10275 20069 30052 40129 60002 333 10280 59018 60007 RH 27%=
41726 01995 00000 10280 20128 30091 40161 60002 70500 333 10300 59018 60007 RH 39%=
41738 02996 02305 10320 21017 39966 40140 60002 333 10325 59016 60007 RH 11%= 
41739 02996 52306 10250 20068 39053 48526 60002 85030 333 10255 56090 58000 60007 85360 RH 31%=
41742 12997 01802 10320 20045 30021 40121 60002 333 10330 59014 RH 18%=
41743 21996 01302 10295 20179 60002 70400 333 10310 60007 RH 50%=
41743 21996 01302 10295 20115 60002 70400 333 10310 60007 RH 33%CORR=
41744 12996 00000 10235 21053 38790 48530 60002 333 10245 59008 RH 14%=
41745 02996 01304 10290 20108 60002 333 10300 60007 RH 32%=
41746 02996 01802 10290 20142 30068 40120 60002 333 10295 59038 60007 RH 40%=
41747 01996 01302 10275 20054 30057 40116 60002 70500 333 10290 59033 60007 RH 24%=
41748 01996 00000 10285 20124 30074 40136 60002 70500 333 10295 59022 60007 RH 37%=
41749 02996 01306 10300 20111 30097 40130 60002 333 10310 59025 60007 RH 31%=
41756 02996 02304 10290 20108 30087 40151 60002 333 10295 59010 60007 RH 32%=
41757 12996 02312 10275 20132 30142 40154 60002 333 10300 59015 RH 41%=
41760 01996 02316 10260 20182 30130 40143 60002 70500 333 10280 58000 60007 RH 62%=
41764 02996 01810 10315 20034 30076 40125 60002 333 10322 59023 60007 RH 17%=
41765 02996 02306 10310 20073 30103 40137 60002 333 10320 59015 60007 RH 23%=
41766 02996 01802 10285 20146 30117 40146 60002 333 10315 59018 60007 RH 43%=
41767 02996 00000 10320 20141 3//// 4//// 60002 333 10325 60007 RH 34%=
41768 02996 02302 10320 20162 30125 40132 60002 333 10325 59013 60007 RH 39%=
41780 01995 02308 10295 20103 30112 40139 60002 70500 333 10314 59011 60007 RH 30%=
41783 22996 02704 10320 20077 30101 40130 333 10330 59012 60007 RH 22%=
41785 02996 00000 1032/ 20118 30118 40131 60002 333 10330 59006 60007 RH 29%=
41786 02996 03102 10320 20062 30094 40129 60002 333 10340 58000 60007 RH 20%=
41BAG 02696 22302 10050 21098 60002 82500 333 10065 56900 60007 82640 RH 33%=

SMPK OPLA 131200=
=================
41506 02697 60000 10120 20049 38511 48509 60002 86020 333 10131 56090 85011 60007 86460 30%=
41507 02997 01802 10180 20025 39264 49776 60002 333 10200 58003 60007 35%=
41508 02697 22304 10111 21090 38659 48529 60002 82200 333 10175 56900 58002 60007 82835 24%=
41509 02997 21304 10135 21037 38751 48495 60002 82030 333 10165 56090 58011 60007 82362 30%=
41510 02997 10000 10035 21014 37899 48513 60002 81030 333 10090 56090 58007 60007 81460 70%=
41515 02697 50000 10116 21139 38552 48515 60002 82520 333 10140 56990 58003 60007 82650 83460 15%=
41523 02997 00000 10180 20009 39081 48509 60002 333 10200 59005 60007 32%=
41524 02997 00000 10195 20034 39351 40204 60002 333 10218 59013 60007 34%=
41525 12997 00000 10040 21008 37669 48393 60002 333 10070 58009 71%=
41528 02997 00000 10220 20073 39205 48514 60002 333 10236 59003 60007 39%=
41529 02996 00000 10220 21002 39770 40146 60002 333 10245 59001 60007 RH 23%=
41534 02997 20000 10210 20048 39734 40144 60002 82030 333 10238 56090 59001 60007 82362 34%=
41535 02997 03102 10140 21010 38709 48481 60002 333 10155 59005 60007 36%=
41536 02997 00000 10160 20007 39032 48508 60002 333 10195 59002 60007 35%=
41560 02997 02306 10100 21030 38327 48554 60002 333 10145 59007 60007 RH40%=
41562 02697 51302 10210 21024 39680 40138 60002 81530 333 10230 56990 59006 60007 81640 84360 21%=
41565 02996 33104 10106 21016  38661 48527 60002 83020 333 10145 56090 59001 60007 83460 RH 43%=
41567 01996 20000 10225 21033 39711 40121 60002 70500 80001 333 10235 56009 58000 60007 82070 17%=
41571 12997 23116 10190 21026 39570 40148 60002 80001 333 10211 56009 59003 RH23%=
41573 02997 01304 10080 21013 37964 48491 60002 333 10118 59006 60007 52%=
41574 02697 21304 10135 20009 38341 48518 60002 82500 333 10140 59003 60007 82640 42%=
41576 02997 13114 10220 21074 40155 60002 81030 333 10250 56090 59013 60007 81360 13%=
41577 01696 52304 10195 21036 39533 40143 60002 70510 82530 333 10225 56990 59019 60007 82640 83362 RH 21%=
41593 01996 40000 10250 21017 39927 40137 60002 70511 84070 333 10264 56090 59005 60007 84460 17%=
41597 02997 33102 10245 21030 39863 40149 60002 83030 333 10257 56090 59011 60007 83362 16%=
41598 01996 03110 10240 21072 39867 40134 60002 70500 333 10255 59002 60007 12%=
41599 01996 22308 10235 21058 39847 40132 60002 70500 82030 333 10248 56090 59008 60007 82360 14%=
41599 01996 22308 10235 21058 39847 40132 60002 70500 82030 333 10248 56090 59008 60007 82360 14%=
41600 01996 03104 10225 20009 39835 40126 60002 70511 333 10243 59009 60007 24%=
41624 01996 30502 10240 20068 39936 40133 60002 70510 83020 333 10255 56090 59007 60007 83460 31%=
41625 01996 30502 10235 20010 39925 40123 60002 70400 83030 333 10251 56090 59008 60007 83360 23%=
41630 01696 63102 10230 20079 40149 60002 70521 83530 333 10245 56990 59007 60007 83640 84360 38%=
41633 01996 40000 10240 20002 4//// 60002 70400 84030 333 10265 56090 5//// 60007 84360 21%=
41634 02997 03102 10210 21045 3//// 4//// 60002 333 10220 5//// 60007 18%=
41635 01997 42704 10250 21017 3//// 4//// 60002 84030 333 56090 10270 5//// 60007 84362 17%=
41636 01996 60000 10245 20076 39971 40153 60002 70500 86070 333 10265 56090 59002 60007 86460 34%=
41638 01696 63204 10240 20081 4//// 60002 70521 82530 333 10252 56990 5//// 60007 82640 84360 36%=
41639 02997 02702 10230 20019 3//// 4//// 60002 333 10245 5//// 60007 25% corr=
41639 02997 32702 10230 20019 3//// 4//// 60002 333 10245 5//// 60007 25%=
41640 01696 52702 10220 20017 39895 40142 60002 70522 82530 333 10250 56990 59007 60007 82640 83460 26%=
41641 01996 33112 10225 20051 39872 40142 60002 70511 83030 333 10235 56090 59002 60007 83360 31% corr=
41641 01996 33112 10225 20051 39872 40142 60002 70511 83030 3333 10235 56090 59002 60007 83360 31%=
41642 01996 33108 10210 20015 3//// 4//// 60002 70500 83030 333 10235 56090 5//// 60007 83460 RH27%=
41643 01996 32702 10210 20062 39858 40132 60002 70510 83030 333 10236 56090 59010 60007 83360 38%=
41644 01696 30000 10220 20113 3//// 4//// 60002 70400 83020 333 56090 10235 5//// 60007 83460 51%=
41646 01996 70000 10240 20094 39954 40165 60002 70500 87070 333 10245 56090 59003 60007 87460 39%=
41652 01996 01302 10250 20040 39972 40148 60002 70500 333 10260 59006 60007 26%=
41669 02997 00502 10245 20062 3//// 4//// 60002 333 10265 5//// 60007 31%=
41670 01996 00000 10250 20084 3//// 4//// 60002 70500 333 10265 5//// 60007 35%=
41674 01996 01306 10240 20106 3//// 4//// 60002 70500 333 10260 5//// 60007 43%=
41675 01996 21306 10245 20089 39994 40135 60002 70500 82030 333 10262 56090 59013 60007 82360 37%=
41676 01996 00502 10250 20096 30015 40170 60002 70500 333 10253 59003 60007 38%=
41677 01996 00000 10230 20115 39970 40135 60002 70500 333 10255 59013 60007 48%=
41678 01996 03104 10260 20073 40137 60002 70500 333 10280 59009 60007 30%=
41679 01696 73102 10220 20017 4//// 60002 70522 83570 333 10255 56990 5//// 60007 83640 84460 26%=
41680 01996 40000 10250 20084 39948 40144 60002 70510 84070 333 10258 56090 59010 60007 84460 35%=
41700 01996 00504 10260 20086 30005 40130 60002 70500 333 10274 59019 60007 33%=
41701 01996 00506 10265 20094 30004 40144 60002 70500 333 10272 59015 60007 34%=
41716 01996 00000 10290 20015 30038 40138 60001 70500 333 10300 59018 60007 17%=
41718 01995 00000 10280 20149 30023 40124 60002 70500 333 10302 59021 60007 45%=
41BKI 02997 22306 10220 20090 39727 40139 60002 82030 333 10235 56090 59004 60007 82360 RH43%=
41SKP 02997 43602 10210 20088 3//// 4//// 60002 84030 333 10228 56090 5//// 60007 84360 45%=
43532 02997 00000 10220 20032 39321 40105 60002 333 10237 58010 60007 29%=
43533 02997 00000 10190 20026 39220 48502 60002 333 10230 58006 60007 34%=
43563 02997 00502 10217 21013 39447 40124 60002 333 10236 59012 60007 22%=

==================
41526 Not Received
41533 Not Received
41564 Not Received
41568 Not Received
41592 Not Received
41594 Not Received
41672 Not Received
41759 Not Received
41781 Not Received
==================

UPPK OPKC 131200=
=================
PPAA 6312/ 41517 NO ASCENT DUE TO AIR MOMENT=
PPAA 6312/ 41764 NO ASCENT DUE TO PAF FLYING=
PPAA 6312/ 41739 NO ASCENT DUE TO SECURITY RISK=
PPAA 6312/ 41749 NO ASCENT DUE TO TECHNICAL FAULT=
PPAA 63111 41780 NO ASCENT DUE TO RED BALLOON SHORTAGE=
PPAA 6312/ 41715 NO ASCENT DUE TO BALLOONS OUT OF STOCK=

PPAA 63121 41675 55285 32012 31027 77999=
PPBB 63121 41675 90/12 00000 13503 09503 9037/ 09504 32019=
PPAA 63121 41600 55285 30015 03011 77999=
PPBB 63121 41600 90/12 31004 26007 29012 9037/ 28514 01514=
PPAA 63121 41640 55185 29008 77999=
PPBB 63121 41640 90/12 27002 25004 26504 9037/ 27506 29511=
PPAA 63121 41624 55285 08006 05009 77999=
PPBB 63121 41624 90/12 04502 03504 06004 9037/ 06004 10506 912// 03010=
PPAA 63121 41678 55285 31507 36006 77999=
PPBB 63121 41678 90/12 31004 31005 30008 9037/ 30008 34006 912// 12005=
PPAA 63111 41718 55285 23504 27513 77999=
PPBB 63111 41718 90/12 00000 32003 31003 9037/ 22001 29507 9125/ 27515 26517=
PPAA 6312/ 41598 MISDA DUE TO STRONG WIND=
PPAA 6312/ 41646 MISDA DUE TO TECHNICAL FAULT=
PPAA 6312/ 41515 MISDA DUE TO TECHNICAL PROBLEM=
PPAA 6312/ 41506 MISDA DUE TO TECHNICAL PROBLEM=

Data Generated from File : D:/all data handling/Rmc_lhr/2025021312.FSU.txt
13/02/2025   13:05:24
__________________________________________________________________________
15020 07/58 31202 10009 21055 30024 40229 58021 60001 7101/ 81041 333 55310 21790 60007 91003 90760 91104==
15090 04962 11801 10033 21060 30142 40238 57023 60001 80001 333 55310 00930 21895 31550 60007 91005 90760 91105==
15108 02270 62705 11045 21179 38062 48480 58011 60001 82550 333 49081 55308 21290 60007 91007 90760 91108==
15150 04/60 71804 10006 21061 30015 40236 58019 60001 82038 333 55310 21548 60007 91006 90760 91107==
15170 04/66 71301 10019 21114 39417 42806 58026 60001 81048 333 55310 21645 60007 91002 90760 91102==
15280 02284 82205 11086 21131 37467 47004 58008 60001 8151/ 333 49078 55310 22003 60007 91007 90760 91107==
15310 04970 11903 10060 21055 30157 40245 58025 60001 80001 333 55310 01010 21995 30918 60007 91007 90760 91108==
15335 04966 01504 10057 21040 30248 40255 58024 60001 333 55310 21938 60007 91006 90760 91107==
15350 04970 32106 10053 21053 30124 40247 58024 60001 80001 333 55310 21309 60007 91008 90760 91109==
15360 04966 01705 10016 21039 30245 40263 58020 60001 333 60007 91006 90760 91107==
15420 04963 32601 10057 21050 30132 40246 58023 60001 80001 333 55310 21786 60007 91004 90760 91104==
15460 04/68 22602 10076 21039 30224 40249 58024 60001 82070 333 55310 22056 60007 91004 90760 91104==
15470 04965 72101 10034 21051 30122 40252 57020 60001 80006 333 55310 21299 60007 91002 90760 91103==
15480 04963 01303 10048 21006 30239 40257 58024 60001 333 55310 01040 22072 31289 60007 91006 90760 91106==
16627 12570 80000 10070 20032 30259 40266 57016 60001 8117/ 333 81825 88358 90730 91104==
16650 12560 71204 10094 21007 30258 40267 57016 60001 81170 333 81825 87358 90730 91108==
16667 12960 00704 10102 20017 30260 40273 58019 60001 333 90730 91108==
16706 12560 19903 10106 20028 30253 40259 57015 60001 81400==
16723 12560 10107 10112 20018 30250 40263 56010 60001 81200 333 90730 91115==
16742 12460 13408 10108 20000 30093 40251 57013 60001 81100 333 90730 91118==
16749 12960 02711 10130 20007 30219 40234 57016 60001 333 90730 91120==
16754 12560 30204 10134 20059 30212 40259 57015 60001 82151 333 82820 83068 90730 91108==
16760 12560 49903 10116 20022 40257 57014 60001 81201 333 81820 84068 90730 91116==
16765 12560 23216 10134 20024 40251 57010 60001 82100 333 90730 91124==
17022 11670 53304 10058 20001 30099 40270 57009 60011 70182 85200 333 85834 90760 91109==
17024 11470 52506 10059 20045 30169 40249 57011 69921 72065 83550 333 81717 83635 85360 90760 91120==
17026 12570 43116 10074 20027 30210 40250 56004 60001 84200 333 84830 90760 91122==
17031 11470 73318 10070 20019 30226 40232 55002 69901 70182 87200 333 83715 87830 90760 91126==
17034 11560 72404 10060 20041 30180 40227 55004 60061 78088 84250 333 84830 87358 90760 91108==
17038 11670 72905 10086 20028 30156 40205 57012 69901 70262 87500 333 87635 90760 91111==
17042 12970 72901 10089 20023 30170 40210 57014 60001 80008 333 87270 90760 91107==
17050 12670 51504 10084 21011 30199 40263 57027 60001 82530 333 82635 85358 90760 91108==
17056 12970 01406 10063 20027 30270 40275 58006 60001 333 90760 91107==
17060 12660 32206 10084 21008 30232 40267 57015 60001 83100 333 83835 90760 91110==
17070 11557 82602 10022 21024 39356 40254 57010 69921 77072 8552/ 333 85630 88458 90760 91105==
17074 11560 83004 10024 20018 39281 40240 55006 69901 77077 8552/ 333 85630 88460 90760 91112==
17084 12670 83504 10032 20019 39288 40215 55004 60001 8552/ 333 85635 88460 90760 91116==
17085 11550 83507 10050 21003 39708 40209 55000 69901 76022 8672/ 333 83720 84630 88457 90760 91117==
17092 11360 72106 10045 21015 38829 48459 57020 69901 70272 85750 333 82708 84635 87357 90760 91113==
17096 11560 70913 11040 21068 38210 48487 56013 69901 70272 85550 333 85625 87358 90760 91124==
17098 12660 10308 11008 21090 38184 48501 57015 60001 81500 333 81640 90760 91112==
17100 12/70 20000 10056 21082 39206 40233 57026 60001 82030 333 82360 90760 91105==
17112 12965 53101 10091 21013 30258 40261 57020 60001 80001 333 85070 90760 91107==
17115 12660 30203 10075 20006 30222 40274 57016 60001 83100 333 83835 90760 91110==
17116 12565 62701 10088 20015 30145 40270 57018 60001 84240 333 84833 86359 90760 91105==
17124 12560 73205 10033 21041 39314 40262 57014 60001 87500 333 87625 90760 91115==
17128 12670 60315 10046 21076 39095 40223 57008 60001 83130 333 83840 85362 90760 91120==
17135 12670 70107 10049 21028 39315 40210 55002 60001 84570 333 84635 87360 90760 91118==
17140 11430 80605 11011 21020 38685 48469 55000 60051 77377 8652/ 333 82710 86630 88457 90760 91123==
17150 12660 40104 10078 21006 30138 40265 57021 60001 84100 333 84835 90760 91108==
17160 11518 83410 10000 21023 39011 48473 53002 60031 77377 8552/ 333 85633 88457 90760 91121==
17170 12560 52406 10053 21082 38310 48484 57019 60001 83250 333 83830 85358 90760 91118==
17175 12965 03402 10099 21025 30254 40258 57019 60001 333 90760 91107==
17184 12670 12101 10097 21017 30142 40256 57022 60001 81100 333 81840 90760 91107==
17190 11670 63403 10023 21068 39024 48511 57013 69901 70272 84550 333 84635 86360 90760 91109==
17195 11460 82811 10010 21035 38949 48465 55001 69941 71072 8652/ 333 83715 86625 88457 90760 91115==
17200 11460 83606 10052 20024 39163 40161 57017 69901 70272 8562/ 333 83710 85630 88458 90760 91109==
17202 11460 81208 10050 20008 39114 40169 57016 69921 72176 8552/ 333 82712 85630 88458 90760 91116==
17203 11506 80000 10005 21004 38865 48513 57021 60081 77377 8552/ 333 85630 88457 90760 91105==
17210 12670 72102 10072 21001 39136 40178 57023 60001 84520 333 84635 87459 90760 91110==
17219 12565 13405 10105 21010 30110 40259 57021 60001 81100 333 81830 90760 91112==
17234 12970 02301 10116 21023 30185 40255 57023 60001 333 90760 91108==
17237 12670 10000 10094 21036 39740 40256 57019 60001 81100 333 81840 90760 91106==
17240 12570 33605 10062 21055 39058 40233 57009 60001 83200 333 83830 90760 91125==
17244 11670 53219 10034 21047 39007 48496 55002 69901 70172 84530 333 84635 84359 90760 91132==
17248 11520 82204 11010 21027 38979 48478 55004 60031 77177 8452/ 333 84630 88458 90760 91112==
17250 11670 72205 11029 21047 38794 48480 52004 69941 70272 84550 333 84640 87360 90760 91116==
17260 11560 71408 10053 20025 39301 40126 57019 69961 70262 84250 333 84820 87358 90760 91113==
17270 11670 71604 10087 20029 39510 40164 57024 69921 70262 85520 333 85640 87460 90760 91111==
17275 16/63 /1504 10055 20024 38967 40172 57024 60001==
17280 11660 70403 10079 20041 39373 40172 57029 60061 72162 85520 333 85635 87459 90760 91110==
17290 12970 03505 10140 21034 30218 40251 58015 60001 333 90760 91112==
17292 12970 00603 10096 21111 39458 40232 57011 60001 333 90760 91114==
17300 12960 03113 10139 21044 30140 40212 57014 60001 333 90760 91129==
17310 12970 02204 10155 21035 30173 40180 57011 60001 333 90760 91106==
17330 12/70 42903 10135 21042 30152 40170 58007 60001 84030 333 84360 91015 90760 91121==
17350 11560 70109 10076 20045 30073 40153 57007 60031 76082 84520 333 82721 84630 87457==
17370 11558 70000 10076 20053 30165 40169 53003 60061 78088 85230 333 85830 87357==
17375 12970 02004 10138 21007 30199 40201 57016 60001 333 90760 91111==
33088 32997 01704 10016 21070 30019 40215 57028 555 1/007=
33135 31997 60000 11022 21058 30098 40252 57025 70242 80001 555 1/002=
33177 32598 71303 10033 21049 39958 40199 57023 87500 555 1/004=
33317 32999 01604 10018 21070 39874 40218 57023 555 1/006=
33393 32960 51503 10046 21072 39799 40194 57022 82031=
33415 32998 21403 10021 21035 39805 40210 57022 80001 555 1/007=
33429 32997 01504 10017 21061 39788 40219 57020 555 1/011=
33466 32998 21803 10009 21063 30056 40249 58024 80001 555 11006=
33506 32997 12601 11005 21099 30055 40258 57021 80001 555 1/000=
33562 32960 31502 10023 21064 39928 40239 57025 80001 555 1/000=
33587 32998 21902 10027 21090 39975 40246 57023 80001 555 1/009=
33658 31961 61004 11003 21055 39915 40224 57021 70342 83031 555 1/009=
33663 32998 01302 10039 21065 30138 40236 57029 555 1/010=
33664 42998 01503 10014 21060 39900 40224 57021=
33678 42998 01203 10023 21082 30036 40255 57023=
33679 42997 01103 10026 21068 30051 40247 58027=
33711 32960 02202 10024 21067 30036 40251 57020 555 1/003=
33745 45997 01303 10028 21049 30048 40246 57026 555 11013=
33748 42997 02103 10026 21048 39942 40233 57022=
33754 42998 01203 10034 21083 30094 40244 57026=
33761 32970 11803 10027 21075 30019 40247 57022 80001 555 1/009=
33791 32973 01902 10027 21055 30128 40259 57020 555 1/009=
33815 42998 01804 10035 21059 30028 40240 57022 555 1/005=
33837 32962 01502 10023 21013 30202 40255 58020 555 1/015=
33881 42998 01704 10044 21054 30035 40235 57027=
33883 42998 01705 10034 21056 30072 40242 57025 555 11008=
33885 42998 22006 10036 21063 30110 40257 57025 80001=
33892 42998 01803 10021 21066 30034 40252 57021=
33902 32997 00000 10052 21059 30198 40259 57019 555 1/013=
33924 42460 30102 10006 21020 30247 40260 57017 82605==
33946 41965 80605 10004 21028 30026 40254 57013 70342 80001==
33983 42560 50106 10005 21031 30186 40249 57009 85500==
34300 32997 02402 10017 21121 30072 40254 57021 555 1/003=
34336 41960 62202 11096 21113 30158 40287 57018 70274 80001==
34344 42970 52402 11086 21113 30171 40265 56018 80001==
34356 42960 60000 11090 21113 30105 40262 58019 80006==
34357 41970 62002 11093 21119 30094 40259 56018 70282 80004==
34398 42570 62701 11056 21078 30248 40261 57013 86500==
34415 32970 02501 10024 21059 30153 40252 57024 555 1/008=
34438 42960 82901 11080 21122 30065 40268 57015 80004==
34445 41970 62402 11102 21118 30146 40268 57016 70374 80001==
34461 41560 72601 11083 21110 30204 40263 57017 70372 85530==
34473 41496 82003 11083 21093 30221 40262 57014 71022 886// 555 1/106=
34476 41440 82103 11084 21097 30259 40267 58015 71022 886//==
34504 32967 01202 10010 21075 30079 40258 57019=
34535 42970 80101 11075 21124 30194 40271 57019 80005==
34545 41/70 62701 11084 21107 30149 40267 56018 70372 80031==
34555 41570 80000 11089 21104 30179 40276 57016 70272 8653/==
34560 41260 81902 11075 21079 30060 40261 57017 70274 886// 333 88704==
34578 41340 80000 11056 21078 30261 40268 57015 71042 886//==
34579 41520 82301 11060 21064 30224 40269 57013 71022 885//==
34644 41540 80000 11057 21070 30181 40262 56017 71042 885//==
34646 41470 80702 11054 21070 30176 40262 57016 70272 886//==
34655 42560 70000 11046 21080 30201 40264 57018 87500==
34662 42470 81301 11038 21071 30253 40264 56018 886// 333 88716==
34691 42/70 30000 10005 21065 30486 40473 57016 83030==
34720 41/60 20501 11045 21085 30221 40263 56017 70271 81031==
34727 41420 80702 11061 21070 30233 40265 58010 72844 885//==
34743 42/60 21201 11038 21076 30167 40260 57019 82030==
34759 42560 21301 11022 21061 30123 40259 57017 82501==
34772 41570 80502 11040 21052 30265 40268 57015 70242 885//==
34785 41470 81202 11027 21061 30294 40270 58013 70342 886//==
34798 42/60 81701 11018 21067 30422 40392 58015 8805/==
34824 42560 80403 11044 21067 30255 40260 57012 885//==
34838 41460 80203 11038 21056 30151 40252 56015 70242 886//==
34845 41/40 80602 11047 21055 30139 40252 57016 71022 8007/==
34858 41540 71301 11034 21067 30143 40256 57019 71074 87500==
34861 41570 81401 11055 21076 30006 40260 57014 70272 885//==
34866 42570 81101 11037 21053 30271 40261 57014 885//==
34880 41660 81502 11017 21064 30292 40265 57013 70272 885//==
34887 42970 80000 11013 21060 30287 40264 57016 885//==
34949 42970 30303 10030 21056 39674 40227 57015 80001==
34954 42970 01102 10026 21041 30060 40237 56020==
34958 42570 81301 11038 21038 30048 40256 56014 885//==
34975 42970 02401 10020 21065 30258 40254 57015==
34984 42570 80602 11014 21053 30294 40263 57010 885//==
35217 41/60 82304 11082 21096 30224 40266 57007 70242 8802/==
35302 41570 82202 11062 21078 30239 40261 57012 70242 885//==
35315 42998 01902 11047 21078 30207 40266 57007 555 1/104=
35344 42999 22706 11064 21105 39959 40256 53005 82040 555 1/106=
35358 42960 02302 11056 21098 30093 40262 57009==
35368 41999 02008 11052 21097 39991 40265 53004 73630 555 1/106=
35386 41598 62404 11046 21073 39722 40252 53007 73633 86900 555 1/105=
35394 41540 82305 11040 21062 39564 40252 53007 77173 8672/ 333 90760 91116==
35404 41598 82601 11058 21065 30260 40269 57011 70242 885// 555 14101=
35406 42960 02401 11006 21066 30266 40268 57009==
35416 42670 81904 11059 21086 30154 40279 57005 885//==
35426 42/84 82103 11069 21111 39978 40280 57003 8807/==
35437 42998 82502 11070 21113 30012 40339 57036 8807/ 555 1/109=
35449 42998 02105 11058 21106 30162 40269 57004 555 1/106=
35497 41/60 82306 11045 21054 39750 40588 53008 77173 8802/==
35498 41998 82706 11060 21075 39385 40284 52008 77072 8802/ 555 1/105=
35514 42998 01603 11017 21048 30503 40499 57011 555 1/101=
35522 41598 82602 11065 21093 30023 40284 57005 70272 885// 555 1/105=
35542 42998 02704 11043 21082 30120 40272 57005 555 1/104=
35563 41598 82904 11043 21088 39487 40271 53009 70232 885// 555 1/105=
35576 41570 82407 11019 21050 39828 40283 53004 70272 8657/==
35582 41698 82311 11030 21060 39729 40342 54000 73673 885// 333 91118 555 1/103=
35594 41997 82406 11033 21050 39433 40282 53004 77173 8807/ 555 1/104=
35605 42598 82002 11023 21055 30295 40273 57011 885// 555 11002=
35633 41596 52304 11058 21073 30062 40283 57005 71022 85500 555 1/104=
35671 41540 82304 11009 21025 39848 40281 54000 71022 885//==
35699 42560 82302 11066 21082 39547 40326 53005 885//==
35700 41470 72101 11025 21051 30308 40284 57005 70242 87700==
35715 42999 72101 11019 21080 30299 40284 57008 80007 555 11001=
35739 42699 73202 11044 21105 30140 40283 58006 87500 555 1/102=
35746 42/70 33203 11004 21061 30210 40278 57003 83050==
35777 42597 72003 10004 21058 39952 40300 57002 87500 555 1/000=
35796 42/60 82102 11049 21066 39886 40333 54000 8807/==
35849 42570 81704 10007 21043 30186 40273 57002 8537/==
35895 42998 01704 11036 21057 39879 40333 54000 555 1/106=
35907 42998 80804 11017 21051 30297 40266 57014 8802/=
35925 42670 60202 11024 21042 30170 40284 57011 86500==
35927 42698 31601 11009 21063 30277 57012 83500=
35953 42584 62202 10013 21042 30149 40280 57002 86500==
35969 42584 30000 10047 21061 30119 40292 57010 83500==
35997 42998 21102 11009 21083 39886 40327 57002 82030 555 1/104=
36259 12584 80402 11147 21189 38168 48458 57003 60002 85902 333 11133==
36335 41995 82310 11050 21084 39215 40251 57004 77173 8802/ 333 91017 91119 555 1/106=
36358 42999 62308 11102 21130 39228 40279 52003 82032 555 1/112=
36394 42697 72106 11066 21112 39847 40281 53002 86540=
36397 42/84 62314 11074 21127 39711 40289 52003 82041 333 91018 90760 91118==
36403 42698 81407 11053 21123 39924 40293 53004 8697/ 555 1/107=
36418 41999 70601 11139 21155 39700 40351 53005 70272 85033 555 1/112=
36421 419// 70501 11122 21149 39744 40337 53004 70272 83031 555 1/114=
36428 41660 82501 11125 21187 39820 40348 53004 77172 8252/==
36439 427// 73202 11095 21119 39008 48515 53006 83530 555 1/111=
36498 42698 71604 11112 21131 39509 40336 53006 83531 555 1/112=
36501 41699 52317 11095 21134 39495 40272 53009 73633 85500 333 91020 91120 555 1/114=
36535 41684 70000 11148 21170 39687 40359 53006 70272 87500==
36546 41996 81201 11132 21152 39781 40350 53005 71022 8807/ 555 1/116=
36619 42999 01901 11088 21126 555 1/111=
36622 41594 62313 11109 21113 39505 40344 53011 73833 82940 333 91015 91117 555 1/111=
36639 41/84 50401 11097 21132 39733 40365 53003 70272 85070==
36643 426// 20501 11150 21180 39653 40357 53010 82500 555 1/119=
36665 42999 02401 11123 21161 39574 40336 53009 555 1/115=
36666 42999 02703 11191 21214 39834 40367 53013=
36729 41598 81203 11058 21073 39864 40361 57004 70272 885// 555 1/105=
36736 41999 73401 11112 21129 39799 40382 53003 70272 84055 555 1/113=
36744 42998 00000 11034 21103 39872 40332 54000 555 1/109=
36770 42998 80000 11044 21056 39599 40343 53002 8805/ 555 1/103=
36786 42999 60000 11057 21079 39395 40339 57002 86070=
36796 42998 50000 11065 21122 39101 48541 56001 85070=
36803 41699 81502 11069 21094 39902 40369 57003 70272 8451/=
36806 42998 81602 11069 21174 39871 40351 57004 8805/=
36819 42598 80000 11024 21049 39703 40327 56001 8252/=
36821 42/84 81001 11026 21049 39836 40335 54000 8807/==
36839 42999 30501 11043 21108 39173 40328 53006 80001=
36843 42998 80701 11029 21055 39129 40323 53005 8807/=
36846 42999 00501 11054 21074 38662 48544 56001=
36859 42/84 60000 11002 21029 39574 40367 54000 82045==
36870 41/40 80401 11009 21039 39285 40310 53003 71022 8807/==
36874 42697 83601 11014 21043 39664 40464 53002 885//=
36877 42999 80601 11012 21030 39725 40757 53007 8807/=
36885 41698 60502 11020 21050 39168 40314 53002 70242 83530=
36889 42599 51801 11114 21146 37038 47057 53005 82602=
36894 41996 30000 10013 21031 39568 40311 53001 71011 82042=
36905 41597 80000 11044 21044 38802 48556 53002 74022 886//=
36911 42998 80000 11008 21014 39317 40309 53013 8807/ 555 14103=
36927 42699 60902 10006 21084 38364 48525 57001 82950=
36934 42599 51002 10007 21083 38284 48410 56001 82932=
36953 42899 60000 11096 21124 38240 48508 53007 83044 555 1/114=
36963 41799 72302 11109 21153 37022 48/// 53006 77072 84551 555 17113=
36974 42998 71802 11014 21086 38001 48533 57004 87010 555 17000=
36982 41498 60504 11146 21213 36493 47066 57001 70272 83530=
37018 42970 12303 10125 20030 30134 40208 57016 80001==
37031 42960 03503 10035 21039 30031 40230 57017==
37054 42570 80502 11023 21047 39852 40251 56013 885//==
37061 41540 81602 11033 21040 30083 40259 57016 71074 86507==
37085 42570 60201 10032 21055 30283 40256 57014 82501==
37171 42970 82904 10094 20034 30184 40202 57002 80001==
37228 42970 03301 10054 21042 39371 40206 57011==
37235 42/70 21003 11010 21038 39919 40246 57008 8004/==
37472 41940 02202 10027 21013 30273 40250 57014 71011==
38149 42570 83603 11013 21046 30200 40279 57005 885//==
38178 42770 81902 10022 21038 39950 40240 57003 87400==
38262 42570 81501 11003 21027 30183 40267 57007 885//==
38264 42470 73502 11011 21037 30175 40272 57005 875// 333 87613==
38345 42698 80901 10003 21048 38848 48539 57002 8652/ 555 11001=
38353 41597 82602 11006 21040 39394 40316 53004 70242 8655/=
38388 42598 63602 11015 21067 30208 40281 57011 86900 555 11005=
38392 42597 73203 11003 21043 30159 40266 57008 87500 333 87624 555 11005=
38396 41560 72703 11011 21050 30145 40274 57004 70272 875// 333 87621==
38403 42/60 80902 10014 20014 30137 40260 57011 8802/==
38413 42/70 83403 10041 21008 39944 40238 57013 8802/==
38457 42/60 63401 10072 21027 39676 40266 57007 85041==
38462 42584 70501 10015 21051 38791 48523 57006 86950==
38507 42598 81403 10048 21015 30156 40261 57015 8557/ 333 85628 91004 555 10007=
38545 42598 73002 10036 20103 30086 40264 57008 70282 85570 555 12007=
38565 12/70 30000 10076 20002 39635 40210 57012 60002 83040==
38579 12560 71202 10082 20025 39831 40249 57014 60002 83971==
38583 12/60 63401 10087 21014 39938 40260 57011 60002 83041==
38599 42997 80706 10065 21007 39721 40261 57010 80001=
38611 41720 72103 10060 20009 39696 40261 57015 71022 83540==
38613 42997 81801 10043 21005 39354 40265 56002 8802/ 555 12005=
38616 41596 72701 10024 21009 39248 40279 56006 71022 87500=
38618 42660 82301 10051 20007 39568 40265 57008 8257/==
38647 42998 00503 10076 20000 30209 40252 57010 555 10016=
38656 42998 53202 10066 21025 30153 40263 57019 85080 555 10014=
38683 42660 40000 10090 20002 39969 40244 57015 84500 333 84636==
38687 42697 52202 10099 20015 30016 40250 57016 85500 555 10014=
38696 12660 40501 10074 21019 39381 40237 57006 60002 82104==
38713 42597 80903 10024 21012 39075 48540 56004 82504=
38750 42997 00903 10116 21017 30287 40258 58021 555 10016=
38763 41997 00000 10074 21009 30147 40253 57023 70140 555 10014=
38774 42898 83101 10065 20001 30071 40268 57023 8807/ 555 10010=
38799 42997 60000 10096 20036 30025 40256 57015 80001 555 11015=
38806 42997 30901 10098 20023 39975 40234 57015 80002 555 11014=
38812 42960 03503 10089 21005 39781 40233 57010==
38836 42899 40000 10118 21009 39265 40185 57013 83202=
38880 42697 83203 10074 20000 39998 40255 57012 889// 333 88936 555 11010=
38886 42997 62701 10100 21005 30025 40253 57012 86030 555 10016=
38895 42996 60000 10090 20006 39963 40253 57011 80008 555 12012=
38911 42998 70201 10110 20009 39947 40239 57014 83072 555 10016=
38915 42597 63103 10118 21009 39909 40230 57009 86500 555 11014=
38927 12/60 81302 10127 20015 39841 40211 57019 60002 8805/==
38933 42997 72701 10143 20051 39720 40224 57036 80002=
38944 42698 60000 10118 20027 39636 40163 57019 85530=
38954 42999 53002 10000 21132 37960 48550 57013 80001=
38974 42998 80000 10083 21027 39903 40238 57024 80008 555 11009=
38987 42996 71601 10044 20011 39500 40255 57009 8701/ 555 12007=
40100 43970 42615 10153 20053 30200 40216 58004 6///1 333 58///=
40180 11660 42807 10162 20064 30162 40211 57014 60001 70261 84100 333 70000==
40199 12/// /3503 10210 20007 30186 40211 57028 60001 333 70000==
40265 11550 62708 10105 20052 39411 40217 57014 69921 70562 86200 333 86820=
40270 11456 62612 10088 20044 39299 40213 57011 69931 75062 86200 333 85718 85826=
40272 31550 52719 10106 20025 39366 40213 57014 70722 85800 333 82825 83630=
40340 32960 03606 10186 21004 40219 57028=
40356 32660 32314 10117 21020 39206 48510 83100 333 58016 83840 555 04410 50190=
40357 32960 02406 10182 21020 39540 40181 333 58014=
40360 32660 42810 10161 21030 39600 40200 84400 333 58016 84640=
40361 32960 02403 10173 21020 39413 40205 333 58021=
40362 32960 00306 10193 21020 39671 40189 333 58038=
40373 31657 73607 10141 20120 39770 40193 71042 87500 333 58034 87635=
40375 32960 01404 10163 21030 39300 40183 333 58021=
40394 32960 50606 10162 21070 39046 48519 85040 333 58038 85360 555 04410 50178=
40400 32960 03018 10238 20050 30128 40156 333 58006=
40405 32660 50408 10151 20100 39436 40182 85500 333 58054 85640=
40417 11660 83510 10205 20170 30142 40157 60034 76166 8252/ 333 58013 82640 86460=
40420 12660 80413 10219 20150 39942 40148 69912 8442/ 333 58014 84640 88460=
40430 32660 60707 10230 20070 39403 40135 82520 333 58016 82640 84460=
40437 11650 83510 10181 20150 39467 40167 60032 71000 885// 333 58035 88640=
40439 32660 60404 10280 20040 30109 40127 82531 333 58005 82640=
40582 31957 60109 10184 20128 40185 55013 70522 86040 333 00020 55300 00351 10000 20723 30127 41070 51213 60850 55407 40595 86460 90401 91011 91117 91213 91309=
40703 12960 02408 10048 21036 38921 40228 57023 60001 333 70000 555 10017 29055=
40706 11556 32903 10044 21059 38660 40234 57019 60001 70521 81401 333 70000 83067 555 10008 29047=
40712 11658 31203 10006 21063 38690 40250 57014 60001 70521 83300 333 70000 81935 83640 555 11016 29060=
40713 11625 32503 10060 21025 38663 40209 57020 60001 70521 81101 333 70000 83068 555 10027 29054=
40718 12560 83302 10102 20071 30263 40234 57015 60001 8552/ 222// 0//// 20301 333 70000 85620 8845 7 555 10087 29081=
40723 11959 72704 10052 21044 38975 40250 57014 60001 70521 87070 333 87462 555 10017 29050=
40726 11658 20000 10032 21032 38665 40231 57018 60001 70510 82500 333 70010 82635 555 10008 29063=
40727 11657 72001 10038 20003 38486 40224 57020 60001 70522 87300 333 70000 82935 85640 555 10024 29078=
40732 12560 61506 10102 20038 30252 40227 55017 60001 86300 333 70000 82923 86626 555 10074 29064=
40736 12960 43604 10100 20030 30263 40237 57020 60001 80002 333 70000 84070 555 10070 29062=
40738 11950 21104 10121 20017 30251 40253 56024 60001 70510 80002 333 70000 82069 555 10077 29049=
40739 12662 62003 10046 21033 38704 40231 56011 60001 86500 333 70000 86635 555 10016 29056=
40741 12660 70000 10089 20023 39907 40250 56010 60001 84506 333 70000 84635 87269 555 10061 29063=
40743 12660 72104 10065 21009 39092 40239 55009 60001 84502 333 70000 84635 85070 555 10035 29059=
40745 11558 81204 10059 21006 39059 40238 55007 60001 70521 86370 333 70000 82930 85835 555 10030 29063=
40747 12660 42702 10091 21019 38641 40199 57024 60001 83570 333 70000 83640 555 10046 29046=
40754 11525 82203 10046 20006 38857 40229 56012 60001 70522 8472/ 333 70004 82725 83635 88459 555 10029 29075=
40762 11558 82802 10029 21029 38562 40228 56008 69901 78082 86307 333 79999 81930 85635 88269 555 10007 29066=
40766 12660 42004 10109 21017 38699 40186 57018 60001 82220 333 70000 82835 84557 555 10056 29042=
40768 11630 30801 10012 21031 38270 40246 56014 69901 70572 82470 333 70032 82640 555 11005 29073=
40769 11515 70102 10022 21002 38306 40223 57012 69931 71072 84710 333 70135 82720 84635 87459 555 10012 29084=
40780 12660 32003 10123 20013 38690 40189 57013 60001 83100 333 70000 83835 555 10073 29047=
40782 12660 32904 10130 20028 38875 40179 56015 60001 83300 333 70070 81935 555 10082 29050=
40785 12660 80302 10061 20041 39132 40250 57011 69951 8452/ 333 70041 84640 88460 555 10052 29087=
40791 12660 33403 10142 20021 39370 40195 57014 60001 83370 333 70004 83940 555 10087 29044=
40792 11660 73002 10063 20026 38728 40200 57008 69911 70262 84520 333 70004 84635 86459 555 10047 29077=
40798 12660 52405 10094 21053 37961 40170 58002 60001 82506 333 82640 84269 555 10035 29035=
40800 11650 53501 10129 20030 38461 40170 57021 60001 70511 85500 333 70015 85635 555 10081 29051=
40809 11560 71602 10132 20002 38503 40159 56014 69901 70162 84370 333 79999 81930 83635 86459 555 10073 29041=
40811 12660 73302 10224 20132 30145 40171 57020 60001 82170 333 70005 82835 85460 555 10171 29056=
40812 12660 52701 10210 20106 39787 40160 57015 60001 85800 333 70096 82835 85640 555 10152 29051=
40821 11658 63003 10108 20013 38802 40205 55015 60001 70521 81106 333 79999 81840 86270 555 10066 29052=
40829 12960 60203 10196 21017 39610 40180 57016 60001 86070 333 70000 86359 555 10103 29024=
40831 12660 63305 10206 20137 30172 40181 57017 60001 82570 333 70034 82640 86460 555 10166 29064=
40833 12660 71603 10230 20131 30145 40177 57016 60001 84570 333 70000 84640 87460 555 10173 29054=
40841 11559 81203 10102 20079 38265 40175 56007 69911 76262 8432/ 333 70156 82930 84635 88558 555 10090 29084=
40845 11550 81002 10174 20155 30171 40176 57012 69971 72122 8492/ 333 70021 81930 84640 88460 555 10163 29089=
40848 11414 80000 10089 20087 38549 40199 55006 60141 76366 8532/ 333 70486 82710 81925 84635 88557 555 10088 29099=
40854 12660 70403 10169 20005 38949 40142 57017 60001 87300 333 70000 84635 83940 555 10094 29033=
40856 11658 82708 10191 20040 38656 40153 56004 60001 70711 8342/ 333 70004 82840 88460 555 10114 29037=
40859 11420 80000 10102 20091 38744 40208 58005 60041 76186 8632/ 333 70052 83715 82930 85635 8855 8 555 10096 29093=
40875 11958 71903 10267 20096 30147 40158 56016 60001 70522 86071 333 70000 86360 555 10172 29034=
40879 12960 62806 10280 20046 39487 40152 56018 60001 80006 333 70000 86270 555 10157 29023=
40882 12960 61503 10265 20143 30125 40159 55008 60001 82036 333 70000 82360 85269 555 10192 29047=
40883 12960 31504 10257 20147 30128 40155 56012 60001 83030 333 70000 83360 555 10191 29051=
40893 11958 02203 10255 20175 30141 40147 57021 60001 70500 222// 00240 20300 333 70000 555 10205 29062=
40898 11958 00000 10274 20176 30119 40128 57027 60001 70500 222// 00236 20900 333 70000 555 10212 29055=
41024 22660 63011 10267 20160 30107 40133 86500 333 58006 60005 86640==
41036 12560 70000 10188 20150 38566 48516 60132 87900 333 58018 86830 81925==
41055 22560 62303 10191 20120 38369 48515 86400 333 58019 60005 86630==
41061 22/60 30210 10333 21030 39399 40081 83030 333 58008 60005 83358==
41084 12560 50305 10255 20070 38844 48505 69942 85400 333 58029 85630==
41112 22560 42112 10208 20050 37950 48514 84200 333 58002 60005 84820==
41114 22560 32312 10214 20060 37986 48515 83400 333 58003 60005 83622==
41128 22560 20106 10320 21030 38785 48498 82400 333 58004 60005 82630==
41136 22960 02315 10349 21070 39290 40082 333 59001 60005==
41140 22560 22410 10293 20220 30110 40122 82100 333 59001 60005 82830==
41150 11962 80807 10213 20157 40154 69992 72162 8807/ 333 58005 88459=
41176 34/65 /0809 10242 20174 30141 40147 333 58009=
41184 32960 23413 10291 20113 40152 80001 333 58004 82070=
41194 12960 33113 10292 20116 30140 40146 60001 83030 333 58002 83368=
41196 12960 43111 10287 20119 30111 40151 60001 84030 333 58002 84362=
41216 32960 69902 10321 20080 30141 40145 86030 333 58004 86368=
41217 32960 42705 10318 20064 30113 40141 84030 333 58004 84368=
41244 36/// /1910 10321 20017 39715 40117 333 0E022 55300 25022 58001=
41246 36/// /0908 10263 20190 30149 40152 333 0E020 55300 25022 58002=
41263 36/// /1804 10323 21015 39563 40106 333 0E018 55300 22752 59003=
41265 36/// /1607 10330 21013 39556 40102 333 0E019 55300 22551 59007=
41267 36/// /3310 10250 20199 30145 40158 333 0E018 59011=
41268 36/// /0513 10257 20173 30100 40147 333 0E019 55300 25022 59009=
41275 36/// /2005 10323 20046 39987 40151 333 0E015 55300 22861 59007=
41316 32960 09907 10262 20187 30121 40151 333 59006 55407 55408 55507 55508=
41396 12962 01407 10322 20023 39394 40088 6///2 333 59006=
41480 11550 20916 10276 20212 30122 40129 60002 70644 333 59007 82620=
41506 12660 60000 10120 20049 38511 48090 60001 86020 333 10130 56080 58000==
41508 12460 22302 10111 21090 38659 48290 60001 82200 333 10174 56800 58002==
41515 12460 50000 10116 21139 38552 48150 60001 83520 333 10140 56880 58003==
41516 12440 32302 10140 21048 38532 48910 60001 81130 333 10156 56880 58035==
41517 12460 20000 10060 21079 37777 48980 60001 82500 333 10094 56800 58025==
41518 12460 41801 10150 21049 30001 48010 60001 81230 333 10166 56880 58000==
41519 12960 03601 10160 21028 38749 48930 60001 333 10184 58034==
41523 12960 00000 10180 20009 39081 48090 60001 333 10200 59005==
41535 12960 03101 10140 21010 38709 48810 60001 333 10154 59005==
41536 12960 00000 10160 20007 39032 48080 60001 333 10194 59002==
41560 12960 02303 10100 21030 38327 48540 60001 333 10144 59007==
41571 12960 23108 10190 21026 39570 40148 60002 80001 333 10210 56008 59003==
41598 11940 03105 10240 21072 39867 40134 60001 70500 333 10254 59002==
41600 11940 03102 10225 20009 39835 40126 60001 70511 333 10242 59009==
41620 12440 23602 10185 21037 38584 48890 60001 82500 333 10190 56800 59012==
41624 11940 30501 10240 20068 39936 40133 60001 70510 83020 333 10254 56080 59007==
41630 11440 63101 10230 20079 30000 40149 60001 70521 84530 333 10244 56880 59007==
41640 11440 52701 10220 20017 39895 40142 60001 70522 83530 333 10250 56880 59007==
41660 12960 72306 10160 21029 38441 48300 60001 86031 333 10174 56088 59033==
41678 11940 03102 10260 20073 30000 40137 60001 70500 333 10280 59009==
41696 12460 52301 10150 21030 38011 48200 60001 82520 333 10170 56880 59001==
41697 12960 02302 10290 20015 39975 40127 60001 333 10310 59018==
41700 11940 00502 10260 20086 30005 40130 60001 70500 333 10274 59019==
41710 12460 70000 10230 21067 39368 40126 60002 87510 333 10234 56880 59033==
41712 12960 62301 10240 20020 39198 48320 60002 86010 333 10250 56080 59006==
41715 11940 00000 10260 20042 30077 40140 60001 70500 333 10270 58015==
41718 11920 00000 10280 20149 30023 40124 60001 70500 333 10302 59021==
41725 12940 00502 10275 20069 30052 40129 60001 333 10280 59018==
41739 12940 52303 10250 20068 39053 48260 60001 85030 333 10254 56080 58000==
41744 12940 00000 10235 21053 38790 48300 60002 333 10244 59008==
41749 12940 01303 10300 20111 30097 40130 60001 333 10310 59025==
41756 12940 02302 10290 20108 30087 40151 60001 333 10294 59010==
41764 12940 01805 10315 20034 30076 40125 60001 333 10322 59023==
41768 12940 02301 10320 20162 30125 40132 60001 333 10324 59013==
41780 11920 02304 10295 20103 30112 40139 60001 70500 333 10314 59011==
41785 02996 00000 1032/ 20118 30118 40131 60002 333 10330 59006 60007=
41859 01440 42702 10240 20110 30056 40093 70522 82520 333 10281 58003 70000 82618 84458==
41883 02940 00000 10250 20130 30070 40090 333 10300 59008 70000==
41891 01435 33102 10250 20180 30054 40093 70511 81530 333 10290 59014 70010 81615 83365==
41907 01940 00000 10243 20170 30073 40088 70500 333 10303 59011 70000==
41923 01940 00000 10268 20150 30085 40094 70510 333 10304 59013 70000==
41936 01918 00000 10262 20200 30080 40087 70500 333 10304 59014 70000==
41943 01430 52105 10250 20200 30091 40098 70522 83530 333 10305 59012 70000 83616 84362==
41950 02450 20000 10260 20220 30091 40093 82500 333 10308 59014 70000 82617==
41978 01450 32105 10254 20210 30098 40105 70511 83500 333 10294 59013 70000 83616==
41992 01925 00000 10258 20220 30108 40110 70500 333 10307 59013 70000==
42027 32996 03202 10134 21043 38401 48487 333 10141 59001=
42071 32996 22706 10196 20062 40141 82070 333 10228 59005 82359=
42101 32996 42901 10198 20088 40139 80001 333 10236 59003 84070=
42111 31995 10000 10204 20074 39389 40081 70510 81030 333 10240 59013 81360=
42123 32996 32701 10228 20059 40147 80002 333 10270 58005 83070=
42131 32996 33203 10220 20051 40156 80001 333 10244 59003=
42165 32996 00000 10278 20055 40124 333 10283 59010=
42182 31996 02706 10224 20058 40128 70500 333 10248 59005=
42189 31995 03204 10216 20039 40102 70500 333 10240 59005=
42309 21495 70503 10162 20148 40117 71062 84570 333 10184 59008 6002/=
42314 21496 60206 10160 20131 40117 71092 83930 333 10194 57930 59004 6990/ 83618 81925 86360=
42328 32996 02702 10298 20116 40105 333 10312 59015=
42339 31995 00000 10284 20040 40128 70500 333 10301 59012=
42348 32996 03208 10256 21080 40137 333 10268 59001=
42361 31995 00000 10238 20069 40132 70500 333 10271 58001=
42369 31996 02906 10228 20059 40115 70500 333 10264 58004=
42379 31995 00000 10230 20093 40090 70500 333 10252 58000=
42398 31995 22504 10228 20152 40079 70500 82030 333 10266 59009=
42410 31595 40000 10228 20170 40094 70511 82530 333 10268 59010 82620 83360=
42415 31595 31403 10208 20139 40104 70500 82430 333 10246 59010 82620=
42452 31996 00504 10250 20042 40132 70500 333 10262 58005=
42492 31996 02704 10254 20083 40102 70500 333 10260 58005=
42559 32996 03601 10250 20054 40119 333 10284 58004=
42571 31996 02701 10238 20052 40118 70500 333 10272 58011=
42591 32996 00000 10228 20086 40116 333 10285 58004=
42623 31496 42704 10212 20101 39228 40088 70511 82530 333 10263 59014 82618 83360=
42634 32996 00000 10336 20052 40136 333 10354 59008=
42647 31996 03604 10308 20061 40131 70400 333 10324 58002=
42667 32996 03405 10248 20069 39546 40129 333 10266 58002=
42675 32996 03201 10244 20073 40118 333 10262 58004=
42701 32996 02302 10240 21002 39369 40087 333 10252 59005=
42724 31595 10000 10276 20210 40090 70500 81500 333 10304 59016 81620=
42737 32996 03406 10330 20078 40132 333 10350 59004=
42754 32996 03403 10260 20148 39495 40123 333 10273 59000=
42779 32996 00000 10248 20052 39418 40107 333 10277 58004=
42798 31996 01102 10294 20066 40090 70500 333 10322 58002=
42809 31995 03201 10278 20156 40096 70500 333 10295 59007=
42840 32996 03202 10320 20152 40119 333 10344 59010=
42867 31996 03202 10288 20090 40117 70500 333 10324 58014=
42874 31996 00000 10294 20150 40108 70500 333 10349 58008=
42886 32996 02704 10294 20068 40103 333 10350 58008=
42895 31995 00000 10270 20232 40098 70500 333 10335 59006=
42909 32996 00503 10338 20093 40135 222// 20000 333 10356 58012=
42971 31996 03201 10320 20157 40101 70500 333 10354 59004=
43003 31995 03206 10316 20138 40101 70400 333 10360 59012=
43014 31996 03202 10314 20163 39466 40093 70544 333 10338 58003=
43041 31996 13402 10302 20143 39489 40087 70500 81030 333 10335 59006 81360=
43063 32997 00901 10328 20086 39489 40091 333 10347 58001=
43086 32997 00000 10322 20123 39922 40095 333 10338 58002=
43110 31996 03203 10314 20192 40101 70544 333 10360 59007=
43117 32997 03202 10344 20195 40084 333 10366 58000=
43128 32997 03203 10326 20151 39503 40090 333 10352 59005=
43150 31996 22005 10276 20229 30049 40110 70500 80001 222// 20000 333 10311 59004 82075=
43185 32997 01608 10288 20206 30100 40103 333 10336 59001=
43189 32597 20000 10312 20200 30097 40106 81501 333 10335 59007=
43192 32996 02303 10312 20240 40097 333 10342 59001=
43198 32996 20205 10322 20062 39282 40076 80001 333 10336 59001 82075=
43201 32997 00000 10334 20054 39370 40069 333 10356 59010=
43213 32997 00502 10356 20113 39769 40074 333 10376 59003=
43233 32997 20905 10334 20151 39294 40081 80001 333 10345 59004=
43237 32997 10702 10350 20119 39679 40057 80001 333 10371 59004 81075=
43245 32597 21403 10304 20194 30082 40108 81501 333 10340 59004=
43279 32997 11406 10286 20197 30097 40114 80001 333 10329 59006 81075=
43284 31496 12710 10308 20226 39980 40094 70500 81500 333 10331 58004 81615=
43295 32997 11404 10302 20113 39094 48520 80001 333 10333 59006 81075=
43310 32496 43202 10294 20258 40094 82211 333 10296 59007=
43314 32996 12302 10328 20246 40095 80001 333 10342 58000=
43321 31996 30911 10338 20010 39651 40084 70500 80001 333 10351 59005 83070=
43329 32997 01402 10280 20211 30097 40110 333 10312 59001=
43333 31496 20000 10274 20211 40102 70510 81501 333 10305 59011 81618=
43344 31496 30908 10322 20159 30007 40104 70500 82501 333 10337 58004 82616=
43353 31496 02706 10296 20232 40093 70521 80000 333 10316 56000 58002=
43369 32597 33203 10298 20225 40100 83500 333 10322 58002 83620=
43371 31996 32302 10310 20222 30026 40098 70500 80001 333 10336 58000 83072=
43404 22/70 20403 10276 20213 30100 40103 52000 333 10325 20197 3/018 553// 20093 59001 60008 91005 555 60008==
43410 22970 00504 10279 20201 30105 40109 55003 333 10299 20276 3/024 59002 60008 555 60008==
43413 22470 53503 10288 20228 30100 40105 5/004 82106 333 10308 20236 3/022 553// 20090 58000 60008 91006==
43415 22470 10702 10290 20244 30002 40110 53000 81000 333 10317 20244 3/018 58004 60008 555 60008==
43418 22970 20501 10278 20215 30070 40111 57001 333 10297 20261 3/020 59003 60008 555 60008==
43421 22470 20402 10294 20196 39996 40100 55001 82100 333 10333 20215 3/019 553// 20078 59002 60008 91006==
43422 22470 20602 10300 20210 39966 40098 56002 82000 333 10318 20242 3/019 59005 60008 555 60008==
43424 22470 10503 10290 20222 30093 40095 58005 81100 333 10325 3/021 58001 60008 555 60008==
43436 22470 30501 10281 20212 30099 40102 54000 83000 333 10297 20256 3/022 59006 60008 555 60008==
43441 22970 00902 10317 20192 39952 40082 58004 333 10341 20254 3/019 59003 60008 555 60008==
43444 22970 00902 10295 20181 39560 40090 52004 333 20206 3/016 59003 60008 555 60008==
43450 21/65 13007 10292 20234 30088 40100 55000 70500 333 10332 20259 58003 60008 81/18 555 60008==
43466 22970 03203 10295 20199 30087 40095 52001 333 10325 20250 3/023 553// 20070 58002 60008 91006 555 60008==
43467 21465 12904 10302 20223 30087 40093 57005 70511 81100 333 10328 3/023 58000 60008 555 60008==
43473 22970 00903 10189 21060 38128 48490 52000 333 10226 20088 3/004 553// 20106 59001 60008 91005 555 60008==
43475 22470 60402 10288 20204 30098 40103 57001 82106 333 10315 20232 553// 20080 59001 60008 91006 555 60008==
43476 21460 10501 10222 20172 38773 48520 54000 70500 81000 333 10269 20170 58001 60008 555 60008==
43479 22470 33302 10250 20190 39258 57002 82100 333 10279 20174 59004 60008 555 60008==
43486 21460 42602 10305 20226 39988 40086 56002 70500 84000 333 10366 20227 553// 20073 58000 60008 91006==
43495 22470 31103 10298 20228 30077 40090 57004 83000 333 10323 59003 60008 555 60008==
43497 22/70 10703 10283 30071 40088 57005 333 10338 20233 553// 20094 59002 60008 91006 555 60008==
44212 429// 51601 11236 21271 39084 40332 57009 80008 333 11173==
44213 42/// 50000 11223 21254 38728 40320 57001 85030 333 11161==
44214 42670 42709 11053 21191 38218 40223 53006 84500 333 11024==
44215 41/// 62505 11041 21176 38330 40191 52006 70233 85074 333 11004==
44217 32998 60000 11110 21207 37815 40334 53006 84044 333 11068 91208=
44218 42/// 31801 11135 21176 38544 40277 52010 82044 333 11025==
44219 32999 21001 11140 21176 38563 40285 52002 82040 333 11076 91203=
44265 429// 00702 11170 21225 38881 40403 53008 333 11103==
44266 329// 03105 11070 21211 37717 40253 53013 333 10002 91112 91211=
44404 22358 10903 10132 20054 38088 48422 81100 333 10184 59023 60008 70000=
44416 22760 12707 10194 20104 39318 40086 81050 333 10260 59014 60008 70000=
44424 22460 12409 10129 21055 37609 47093 81100 333 10180 59018 60008 70000=
44434 22556 61306 10188 20114 39180 48465 84860 333 10222 59009 60008 70000=
44438 22956 02604 10222 20150 39969 40098 80000 333 10240 58009 60008 70000=
44449 21950 02301 10212 20188 39931 40088 70544 80000 333 10230 59002 60008 70000=
44454 21450 42307 10152 20108 38615 48451 70500 84800 333 10219 59014 60008 70000=
44462 22358 50902 10118 20065 38216 48437 85400 333 10191 59005 60008 70000=
44474 21010 80902 10115 20045 38212 48453 70544 888// 333 10167 59009 60008 70000=
44477 21330 52603 10134 20086 38773 48480 71044 85200 333 10210 59010 60008 70000=
44478 22956 02504 10210 20164 30007 40089 80000 333 10258 59001 60008 70000=
48020 42940 00000 10265 20172 333 10300==
48025 11430 40000 10308 20207 39942 40079 59014 60002 70511 84800==
48048 42940 01802 10323 20236 30011 40066 333 10362 59024==
48052 32956 00000 10360 20156 333 10372 60002=
48062 42440 23203 10265 20246 30067 40031 82500 333 10300 59006==
48064 42950 02201 10320 20215 30001 40057 333 10338 59009==
48094 42956 03101 10295 20215 30091 40101 333 10340 59002==
48109 42940 00000 10280 20233 30095 40097 333 10313 59018==
51076 14/80 /0000 11164 21208 39427 40398 52008 60001 333 11111 21211 3/103 4/025 58036 70000 90761 91103==
51087 14/73 /0902 11164 21201 39274 40397 52005 60001 333 11095 21203 3/106 4/018 58029 70000 90761 91105==
51156 14/77 /0901 11088 21140 38726 40344 52008 60001 333 11051 21150 3/116 58025 70000 90761 91108==
51243 14/44 /0602 11134 21177 39779 40382 52010 60001 70500 333 11106 21193 3/116 58028 70000 90761 91105==
51334 14/50 /0801 11086 21127 39927 40366 52009 60001 70500 333 11052 21186 3/111 4/012 58015 70000 90761 91103==
51379 14/61 /1502 11099 21164 39354 40390 54000 60001 333 11035 21236 3/107 4/022 58036 70000 90761 91105==
51463 14/71 /1101 11050 21126 39100 40366 52006 60001 333 10001 21146 3/101 4/036 58041 70000 90761 91106==
51573 14/61 /2201 10030 21184 30248 40300 52006 60001 333 10059 21059 3/112 58000 70000 90761 91104==
51644 14/57 /2102 10010 21093 38991 40298 52002 60001 333 10032 21081 3/106 58002 70000 90761 91105==
51656 14/50 /0000 11008 21133 39205 40320 52004 60001 70600 333 10024 21116 3/114 58007 70000 90761 91105==
51709 14/50 /1402 10035 21137 38642 40266 52005 60001 70600 333 10049 21079 3/110 59018 70000 90761 91106==
51711 14/57 /0902 11033 21156 38021 40251 52009 60001 333 11015 21131 3/118 58002 70000 90761 91107==
51716 14/24 /0601 10028 21139 38943 40277 52002 60001 70600 333 10054 21056 3/109 59011 70000 90761 91107==
51765 14/61 /3201 10005 21177 39267 40310 52002 60001 333 10050 21098 3/114 58006 70000 90761 91106==
51811 14048 01101 10052 21166 38806 40258 57002 60001 70600 333 10070 21067 3/112 59023 70000 90761 91105==
51818 14/41 /0902 10054 21158 38652 40243 52003 60001 70600 333 10078 21034 3/106 59022 70000 90761 91107==
51886 14/77 /1401 11063 21268 37098 40311 52012 60001 333 11026 21164 3/121 58005 70000 90761 91106==
52203 14/70 /3002 11016 21206 39380 40319 52008 60001 333 10035 21144 3/119 59006 70000 90761 91105==
52602 14/69 /2607 11092 21292 37252 40358 52010 60001 333 11020 21204 3/126 59011 70000 90761 91110==
52818 14/72 /3302 11047 21237 37223 40269 52013 60001 333 11012 21134 3/114 59007 70000 90761 91106==
52908 14/62 /0307 11136 21209 35694 40294 52017 60001 333 11088 21236 3/128 59006 70000 90761 91115==
55228 14/59 /2808 11024 21336 35970 40130 52008 60001 333 11002 21125 3/120 58020 70000 90761 91119==
55299 14/72 /2805 11051 21278 35780 40116 52008 60001 333 11024 21137 3/119 58009 70000 90761 91118==
55578 14/63 /2506 10078 21349 36263 49948 54000 60001 333 10102 21056 3/111 58008 70000 90761 91116==
55591 14/66 /1002 10070 21266 36407 49916 57003 60001 333 10089 21005 3/111 58006 70000 90761 91112==
55664 14/72 /2511 10020 21245 35930 40004 52003 60001 333 10054 21057 3/112 59007 70000 90761 91128==
55773 14/79 /2005 11058 21109 35962 40140 52007 60001 72200 333 11002 21094 3/112 59001 70000 90761 91114==
56004 14/59 /2604 11121 21166 35754 40221 52016 60001 77000 333 11072 21180 3/123 58000 70000 90761 91114==
56018 14/75 /0701 11057 21103 36103 40106 52008 69911 333 11039 21096 3/110 59018 70007 90761 91105==
56312 14/80 /1105 10039 21067 37032 40096 52023 60001 333 10084 21004 3/001 59003 70001 90761 91112==
62306 42560 43110 10166 20061 40259 57015 84500==
62309 42560 53107 10182 20071 40242 57014 85800==
62325 42560 43204 10176 20054 40239 57011 84200==
62332 42560 23114 10162 20055 40234 57012 82100==
62337 42560 43011 10171 20062 40224 57015 84200==
62366 45560 53111 10171 20021 40230 57019 85200==
62387 42960 03613 10177 20054 40227 57026==
62393 42960 00314 10169 20007 40240 57023==
62405 42960 03606 10212 20000 40188 57022==
62414 42960 00109 10216 20001 40177 57023==
62419 42960 00610 10212 20043 40170 57029==
62420 42960 00110 10184 20035 40232 57027==
62435 42960 00112 10190 20014 40208 57024==
62440 42960 03512 10182 20052 40239 57012==
62455 42960 03111 10173 20027 40226 57022==
62458 42960 03211 10191 20033 40211 57024==
62459 42960 03025 10179 20076 40183 57024==
62465 42960 03316 10202 20076 40166 57022==
63210 32680 10223 10266 20220 40105 81200 333 10318 59008 81833=
41256 32960 00206 10252 20190 30137 40154 91145 333 59010 55407 55408 55507 55508=

==================
42747 Not Received
42686 Not Received
==================