SIPK OPKC 120900= 
41504 22697 50000 10095 21101 37808 48446 85800 333 56900 59028 60007 83640 82846 RH24%=
41505 22696 52304 10075 21036 38/// 48/// 82520 333 56990 58/// 82640 84360 45%=
41506 22697 61804 10110 20028 38510 48506 83520 333 56990 59008 60007 83640 84460 57%=
41507 22697 31802 10185 20084 39262 49772 83500 333 56900 59002 60007 83640 52%=
41508 22696 62302 10106 20000 38670 48539 86200 333 56900 58003 60007 86835 48%=
41509 22697 42308 10140 20007 38749 48493 84500 333 56900 59018 60007 84840 RH 40%=
41515 22697 50504 10110 21066 38552 48515 82520 333 56990 59009 60007 82650 83460 29%=
41516 22696 51804 10160 21019 38512 48471 82510 333 56990 59015 60007 82640 83460 RH30%=
41517 21696 31312 10090 21113 37760 48472 70600 83400 333 56900 59019 60007 83840 22%=
41518 22596 73602 10128 21009 38/// 48/// 85720 333 56990 5//// 60007 82730 83640 85460 RH38%=
41519 22697 33602 10155 21019 38737 48482 60001 83200 333 56900 59014 60007 83840 RH30%=
41520 22697 61806 10055 21088 37611 48244 83470 333 56990 59001 60007 83840 83762 35%=
41523 22697 42302 10175 20032 39094 48521 84500 333 56900 59004 60007 84640 38%=
41535 22697 31302 10155 21019 38723 48494 83200 333 56900 58010 60007 RH30%=
41524 22697 82702 10165 20044 39356 40218 8652/ 333 5699/ 59009 60007 86640 82460 45%=
41525 22697 42304 10060 21010 37666 48384 84400 333 56900 59001 60007 84840 61%=
41528 22997 00000 10190 20054 39222 48522 333 58002 60007 41%=
41529 22996 03102 10230 21021 39792 40167 333 58004 60007 RH 19%=
41530 21697 20506 10220 21075 39751 40158 82400 333 56900 59002 60007 82840 13%=
41534 22997 03102 10215 20041 39755 40164 333 58005 60007 32%=
41536 22597 30000 10180 20009 39047 48525 83200 333 56900 59007 60007 83830 32%=
41560 22997 02305 10115 21059 38343 48569 333 58011 60007 RH29%=
41565 22997 03102 10133 21018 38667 48535 333 59002 60007 RH 35%=
41567 21996 00502 10225 21033 39736 40147 70500 333 58013 60007 17%=
41571 21696 11318 10200 20012 39587 40165 70500 81800 333 56900 58014 60007 RH28%=
41573 22697 41304 10100 21014 37979 48502 84500 333 56900 58012 60007 84640 45%=
41574 22697 31302 10130 20002 38353 48531 83400 333 56900 58008 60007 83640 41%=
41576 22997 03116 10240 21019 40175 333 58017 60007 18%=
41577 21696 11304 10205 20021 39561 40170 70500 81200 333 56900 58026 60007 81840 RH 29%=
41577 21696 11304 10205 20021 39561 40170 70500 81200 333 56900 58026 60007 81840 RH 29%=
41593 21996 22302 10255 20049 39946 40156 70510 82030 333 56090 58016 60007 82360 27%=
41597 22997 02702 10250 20040 40167 333 58012 60007 26%=
41598 21996 03108 10250 20004 39892 40159 70500 333 58030 60007 20%=
41599 21696 23112 10230 20051 39874 40159 70500 82400 333 56090 58017 60007 82640 31%=
41600 21996 03104 10250 20055 40145 70500 333 58011 60007 29%=
41620 32996 01304 10160 21135 38603 48508 333 58013 60007 12%=
41624 22997 03102 10270 20028 40152 333 58007 60007 21%=
41625 21996 33110 10250 21149 39951 40148 70500 83030 333 56090 58018 60007 83360 06%=
41630 21996 23104 10240 20081 40164 70500 82030 333 56090 58015 60007 82360 36%=
41633 22997 00000 10260 20042 4//// 333 5//// 60007 25%=
41635 21996 22704 10245 21019 3//// 4//// 82030 333 56090 5//// 60007 82362 18%=
41636 21996 23402 10260 20058 39985 40167 70500 82030 333 56090 58013 60007 82360 27%=
41638 21996 03604 10235 20059 4//// 70500 333 5//// 60007 32%=
41639 22997 03104 10245 20062 4//// 333 5//// 60007 31%=
41640 21996 03104 10240 20053 39912 40158 70500 333 58021 60007 30%=
41641 21996 23418 10230 20035 39885 40155 70500 82030 333 56090 58015 60007 82360 28%=
41642 21996 00000 10230 20079 3//// 4//// 70500 333 5//// 60007 38%=
41643 21996 03106 10240 20106 39880 40153 70500 333 58013 60007 43%=
41644 21996 00000 10235 20086 4//// 70400 333 5//// 60007 39%=
41646 21996 00502 10240 20068 39968 40179 70500 333 58020 60007 33%=
41652 21996 01306 10260 20111 40169 70500 333 58024 60007 39%=
41660 22997 43112 10125 21139 38479 48569 81031 333 56099 58029 60007 81360 83070 RH14%=
41661 22997 03104 10125 21108 38434 48561 333 58027 60007 19%=
41669 22997 03104 10260 20025 3//// 4//// 333 5//// 60007 22%=
41670 21996 00000 10240 20081 3//// 4//// 70500 333 5//// 60007 36%=
41674 21996 00504 10245 20089 3//// 4//// 70500 333 5//// 60007 37%=
41675 21996 00506 10245 20089 30023 40164 70500 333 58028 60007 37%=
41676 21996 00502 10260 20086 30031 40185 70500 333 58013 60007 33%=
41677 21996 00504 10250 20108 39995 40159 70500 333 58029 60007 41%=
41678 21996 03106 10240 20094 40168 70500 333 58031 60007 39%=
41679 21996 03102 10255 20049 4//// 70500 333 5//// 60007 27%=
41680 21996 02704 10235 20059 40165 70500 333 58018 60007 32%=
41680 21996 02704 10235 20059 40165 70500 333 58018 60007 32%=
41685 22997 03604 10200 21270 38940 48532 333 58023 60007 RH 03%=
41696 22997 03102 10120 21049 38016 48531 333 58007 60007 Rh30%=
41697 22997 00000 10290 21057 40162 333 58028 60007 RH10%=
41700 21995 00506 10255 20104 40160 70500 333 58032 60007 39%=
41701 21995 00506 10250 20120 30037 40179 70500 333 58033 60007 44%=
41710 22997 21302 10210 21045 40175 80001 333 56009 58012 60007 82070 RH18%=
41712 22997 00508 10180 20025 39194 48515 333 58001 60007 RH35%=
41715 21996 03602 10270 20009 40169 70500 333 58028 60007 RH18%=
41716 21996 20000 10260 20073 40176 70500 80001 333 56009 58032 60007 82080 30%=
41718 21995 20504 10255 20115 40169 70510 82030 333 56090 58033 60007 82362 42%=
41724 21996 00504 10275 20084 40184 70500 333 58030 60007 RH30%=
41725 22996 00504 10270 20089 40158 333 58021 60007 RH32%=
41726 21996 00502 10280 20116 30110 40180 70500 333 58032 60007 RH 36%=
41738 22996 00505 10305 21037 30002 40176 333 58019 60007 RH11%=
41739 22996 03606 10230 21042 39067 48537 333 58008 60007 RH16%=
41742 22997 03104 10305 21037 40161 333 58022 60007 RH 11%=
41743 21996 03102 10250 20084 70400 333 60007 RH 35%=
41744 22996 03102 10225 21083 38814 48545 333 58023 60007 RH 12%=
41745 21996 03602 10270 20101 70400 333 60007 RH35%=
41746 22996 03604 10270 20089 40128 333 58053 60007 RH32%=
41746 22996 03604 10270 20089 40181 333 58053 60007 RH32% COR=
41747 21996 03108 10285 21019 40161 70500 333 58028 60007 RH14%=
41748 22996 00506 10265 20106 40180 333 58032 60007 RH37%=
41749 22996 03108 10295 20090 40173 333 58033 60007 RH28%=
41756 22996 02302 10295 20076 40177 333 58012 60007 RH25%=
41757 22996 01808 10290 20081 30166 40178 60001 333 58004 60007 RH27%=
41759 22996 00902 10265 20071 40182 333 58021 60007 RH31%=
41760 01996 00906 10280 20116 40149 70500 333 58006 60007 RH 36%=
41764 21996 00306 10280 20048 30119 40168 70400 333 58036 60007 RH23%=
41765 22996 02304 10290 20119 30148 40183 333 58045 60007 RH35%=
41766 21996 00502 10280 20104 40172 333 58027 60007 70000 RH33%=
41767 22996 03606 10290 20119 3//// 4//// 333 60007 RH35%=
41768 22996 00502 10315 20134 30154 40161 333 58025 60007 RH37%=
41780 21996 00706 10310 20058 30136 40163 70500 333 58027 60007 RH20%=
41783 02996 00504 10290 20081 30135 40164 60002 333 58029 60007 RH 27%=
41785 22996 03104 10280 20104 30136 40149 333 58000 60007 RH 33%=
41786 22996 00904 10315 20034 30107 40142 333 58015 60007 RH 17%=
41BKI 22696 11304 10225 21011 39752 40164 81500 333 56900 58008 60007 81640 21%=
41SKP 22997 03602 10230 20104 4//// 333 5//// 60007 45%=
43532 22997 00000 10190 20041 39336 40130 333 59010 60007 37%=
43533 22697 33102 10200 20042 39226 48510 83800 333 56900 59001 60007 83840 35%=
43563 22997 02304 10228 20034 40149 333 58021 60007 28%=
41BAG 22697 22302 10055 21088 60002 82500 333 56900 60007 82640 35%=





Data Generated from File : D:/all data handling/Rmc_lhr/2025021209.FSU.txt
12/02/2025   09:56:41
____________________________________________________________________________________________
15020 27450 81202 11063 21086 30159 40373 57002 7101/ 886// 333 55300 20279 60007 91003 90730 91104==
15090 27457 80000 11064 21086 30279 40379 54001 7101/ 886// 333 55300 00160 20303 30301 60007 91002 90730 91104==
15108 22970 01304 11071 21196 38124 48544 54001 333 55310 21479 60007 91006 90730 91106==
15150 27458 80000 11053 21086 30144 40374 54001 7101/ 886// 333 55300 20417 60007 91002 90730 91104==
15170 24970 00000 11060 21119 39514 42882 58006 333 55310 21197 60007 91001 90730 91102==
15280 22984 00704 11116 21194 37505 47037 52003 333 55310 22139 60007 91005 90730 91107==
15310 27957 00203 11041 21078 30269 40361 54001 7101/ 333 55310 00580 21489 31403 60007 91007 90730 91107==
15335 24961 03203 11031 21078 30349 40356 54001 333 55310 21391 60007 91004 90730 91105==
15350 24962 00404 11024 21075 30238 40366 58002 333 55310 20887 60007 91006 90730 91107==
15360 27957 50109 11028 21045 30326 40344 52002 7101/ 83630 333 55303 20782 60007 91011 90730 91111==
15420 24560 80802 11027 21076 30244 40363 51004 8357/ 333 55300 20695 60007 91004 90730 91106==
15460 27/59 80102 11032 21075 30333 40359 52004 7101/ 8807/ 333 55300 20487 60007 91004 90730 91104==
15470 24961 00803 11017 21061 30226 40361 54000 333 55310 21236 60007==
15480 24/62 21101 10001 21041 30325 40344 52005 82030 333 55307 00450 21090 30513 60007 91005 90730 91105==
15549 41556 60202 11041 21056 39905 40347 52003 71022 86500 333 11040 21063 555 588//=
15552 42460 63203 10017 21040 30275 40326 52002 85530 333 10017 21016 555 562// 92034 92437=
15640 42674 13201 10021 21046 30011 40336 52006 81500 333 10021 21042 555 561//=
15655 42568 30000 10040 21030 30294 40328 52002 83500 333 10040 21001 555 560// 92032 92437=
15730 42670 61601 10003 21017 39919 40334 52004 81151 333 10008 21072 555 586//=
16627 42560 30312 10050 21036 30310 40316 54000 81150 333 81830 83358 90730 91118==
16650 42560 30513 10066 21014 30302 40311 52004 83100 333 90730 91123==
16667 42560 23510 10074 21010 30275 40287 58004 82100 333 90730 91121==
16706 42560 60112 10074 21004 30275 40282 52006 86500==
16723 42560 33609 10072 20007 30260 40275 53013 83200 333 90730 91115==
16742 42560 33418 10082 20001 30090 40250 52007 83100 333 90730 91132==
16749 42460 12917 10100 20008 30211 40226 52005 81100 333 90730 91126==
16754 42460 63513 10108 20036 30234 40283 51013 86800 333 82818 86625 90730 91123==
16760 42560 73613 10074 20012 40279 53007 87800 333 84820 85625 90730 91120==
16765 42460 43224 10116 21006 40243 52007 84800 333 82818 83625 90730 91134==
17022 42670 72602 10058 20013 30110 40282 52003 84250 333 84834 87360 90730 91110==
17024 41562 72103 10048 20046 30186 40266 51001 76066 85520 333 85628 87458 90730 91118==
17026 41560 82904 10061 20048 30230 40270 55000 76166 8552/ 333 85630 88458 90730 91110==
17031 42470 73004 10066 20040 30255 40262 57002 84250 333 82710 84830 86360 90730 91108==
17034 42670 63504 10086 20040 30218 40265 58003 82130 333 82835 86360 90730 91106==
17038 42670 40604 10089 20024 30206 40255 57006 84200 333 84835 90730 91108==
17042 42670 42902 10081 20023 30224 40265 57008 82130 333 82835 84360 90730 91108==
17050 42/70 23404 10039 21045 30268 40333 50001 82030 333 82359 90730 91111==
17056 42670 62906 10028 21015 30311 40316 50004 83530 333 83635 86360 90730 91112==
17060 41345 73406 10038 20020 30258 40300 52003 78022 87200 333 84708 87825 90730 91113==
17070 42565 60803 10003 21043 39369 40272 57003 83520 333 83630 85460 90730 91106==
17074 41562 80000 10015 20009 39296 40259 58002 77077 8552/ 333 85630 88458 90730 91104==
17084 41560 83301 10010 20004 39324 40260 54000 77177 8452/ 333 84630 88460 90730 91102==
17085 41457 83105 10022 20012 39752 40259 56002 76076 8552/ 333 81716 84627 88458 90730 91107==
17092 42560 70000 11019 21071 38906 48523 58002 85550 333 85633 85359 90730 91104==
17096 42660 51405 11065 21107 38265 48542 57008 83550 333 83635 85357 90730 91112==
17098 42960 02704 11062 21115 38236 48557 57006 333 90730 91109==
17100 42970 03101 10028 21092 39275 40314 58008 333 90730 91106==
17112 42670 30406 10042 21023 30307 40310 52002 83200 333 83835 90730 91111==
17115 41460 73613 10046 20008 30252 40305 52009 70282 87200 333 84715 86830 90730 91118==
17116 42660 50101 10052 21010 30171 40297 50002 82130 333 82835 85360 90730 91105==
17124 42660 33502 10021 21061 39324 40281 58001 83500 333 83640 90730 91113==
17128 42460 49902 10003 21060 39125 40266 56003 84500 333 81712 84630 90730 91109==
17135 42670 32303 10044 21011 39347 40250 57007 83100 333 83840 90730 91105==
17140 42665 72001 10004 21054 38723 48504 57003 84250 333 84838 87358 90730 91106==
17150 41460 63507 10036 20015 30167 40296 52005 70182 86200 333 82713 86830 90730 91112==
17160 42670 83202 10004 21068 39054 48512 55002 8452/ 333 84636 88459 90730 91108==
17170 42560 12808 10021 21085 38366 48539 57006 81500 333 81630 90730 91111==
17175 42665 20405 10070 21024 30285 40289 52005 82100 333 82840 90730 91110==
17184 42670 33506 10041 21024 30168 40284 51004 83200 333 83840 90730 91114==
17190 41556 70201 11016 21050 39031 48514 55000 77077 87500 333 87630 90730 91106==
17195 41458 83004 11007 21027 39001 48509 50000 71072 8652/ 333 84715 86625 88457 90730 91107==
17200 41357 80204 10027 20018 39235 40246 50001 76062 8652/ 333 83707 85630 88458 90730 91108==
17202 41365 80710 10028 20028 39180 40246 50000 70272 8652/ 333 83707 85630 88458 90730 91114==
17203 41512 81902 10001 21017 38927 48569 58002 77177 8552/ 333 85629 88457 90730 91104==
17210 42670 62501 10087 21021 39185 40233 58007 83130 333 83840 86360==
17219 42565 23616 10062 21038 30130 40280 52002 82100 333 82830 90730 91123==
17234 42970 01901 10077 21035 30196 40266 52007 333 90730 91105==
17237 42670 13302 10041 21062 39747 40268 56001 81100 333 81840 90730 91107==
17240 42970 00105 10029 21057 39054 40231 58007 333 90730 91111==
17244 42560 50406 10004 21062 39031 48512 50000 85500 333 85630 90730 91113==
17248 42665 83002 10009 21037 39006 48505 58001 8352/ 333 83640 88460 90730 91105==
17250 41670 70404 10003 21046 38823 48508 56002 72272 84550 333 84640 87360 90730 91111==
17260 42360 80507 10048 20031 39364 40199 50001 8652/ 333 84709 86620 88457 90730 91113==
17270 41658 70000 10055 20045 39576 40240 50001 76022 85520 333 85635 87459 90730 91108==
17275 42670 60000 10059 20007 39028 48540 50003 83530 333 83640 86360 90730 91109==
17280 41330 72703 10017 20012 39444 40259 58002 76072 85520 333 82707 85635 87459 90730 91106==
17290 42970 03310 10087 21042 30220 40253 52008 333 90730 91116==
17292 42970 03302 10031 21074 39454 40234 52005 333 90730 91110==
17300 42560 10109 10112 21044 30144 40216 58004 81100 333 81830 90730 91119==
17310 42670 31404 10139 21018 30189 40196 58002 83200 333 83835 90730 91108==
17330 42670 62703 10117 21035 30194 40212 58007 83250 333 83840 86360 90730 91114==
17350 42/60 40411 10142 20040 30121 40200 54000 82051 333 82360 84067==
17370 42670 30000 10142 20045 30200 40204 58001 83100 333 83835==
17375 42670 31501 10125 21004 30198 40200 57005 83200 333 83835 90730 91105==
33088 41/40 81302 11095 21103 30168 40375 57008 71072 8802/==
33135 42460 82702 11069 21090 30223 40381 57010 886// 333 88711==
33177 41540 81104 11070 21082 30101 40355 57004 71022 885//==
33317 41440 81303 11091 21100 30011 40375 57006 71022 885// 333 88618==
33393 41457 31203 11047 21075 39927 40341 57004 71011 83600==
33415 41240 80701 11072 21081 39937 40363 57004 71022 886// 333 88706==
33429 41220 81501 11085 21093 39917 40371 57005 71022 886// 333 88704==
33466 42961 20402 11069 21094 30172 40373 57006 80002 333 34///==
33506 42997 30902 11068 21092 30158 40368 57005 80001 555 1/101=
33562 42560 40802 11056 21082 30054 40379 57007 84500==
33587 42960 20502 11052 21093 30085 40366 57007 80001==
33658 41358 81205 11064 21078 30045 40365 57004 71022 886// 333 88708==
33663 42997 70301 11061 21084 30270 40373 57003 8707/ 555 1/101=
33664 41/93 91502 11079 21080 30032 40372 57004 74542=
33678 41996 62801 11077 21094 30162 40391 57008 71022 86070=
33679 42997 23301 11045 21076 30163 40367 57007 82030=
33711 42460 20303 11049 21081 30134 40357 57002 82600 333 82710==
33745 42597 80000 11060 21064 30183 40391 57002 8493/=
33748 41596 61101 11064 21076 30060 40365 57005 71011 86300=
33754 42998 33101 11058 21080 30208 40365 58008 53030=
33761 42/63 30404 11055 21075 30124 40362 57006 83030==
33791 42973 00504 11034 21082 30218 40353 58004==
33815 42997 23402 11057 21089 30139 40361 57001 80001=
33837 42960 00103 11025 21070 30291 40346 58004 555 1/006=
33881 42597 53302 11057 21074 30156 40366 58001 85300=
33883 42598 43403 11041 21074 30181 40358 58004 84500=
33885 41996 33403 11055 21085 30231 40370 53007 71000 83030=
33892 42998 00103 11056 21080 30134 40361 58016=
33902 42960 00505 11021 21080 30277 40340 58007==
33924 42560 80705 11015 21037 30310 40323 57002 885//==
33946 42469 20811 11010 21037 30079 40310 58001 82600 333 91013 90730 91114==
33983 42560 20607 10008 21031 30240 40303 58005 82500 333 91010 90730 91111==
34300 42960 53201 11076 21119 30179 40369 58015 80001==
34336 41/70 80302 11098 21111 30260 40372 57004 70272 8802/==
34344 42/70 63601 11092 21124 30273 40368 58004 86030==
34356 42560 33202 11117 21147 30200 40360 58003 82506==
34357 41570 80103 11093 21116 30188 40354 58005 72682 885//==
34398 42970 40303 11053 21094 30303 40316 58002 80001==
34415 42970 60502 11052 21089 30254 40357 58013 80005==
34438 42960 80203 11096 21120 30155 40360 57002 80001==
34445 41570 60303 11101 21120 30236 40359 58005 70172 82501==
34461 41460 83502 11077 21101 30291 40350 58004 70382 885//==
34473 42997 80203 11072 21102 30293 40334 58002 80003=
34476 41440 80304 11068 21080 30327 40335 58001 71022 886//==
34504 42965 00603 11059 21108 30169 40354 58004==
34535 42460 73102 11095 21131 30279 40357 58005 87600==
34545 42970 00204 11091 21124 30233 40352 54000==
34555 42560 20105 11072 21097 30255 40352 58003 82500==
34560 41260 80602 11066 21071 30139 40341 57003 77772 886// 333 88705==
34578 41340 80203 11057 21067 30323 40330 57002 71072 886//==
34579 42570 83403 11064 21088 30282 40328 58002 885//==
34644 42560 60403 11058 21082 30256 40338 57006 86500==
34646 41560 80403 11068 21075 30252 40339 57004 72074 885//==
34655 42560 83603 11065 21079 30276 40340 57005 885//==
34662 41440 80103 11069 21083 30328 40339 54001 77777 886// 333 88714==
34691 42970 00000 11031 21063 30534 40521 52002==
34720 42970 70203 11050 21087 30293 40335 58009 80001==
34727 42960 20604 11047 21080 30301 40333 57006 80001==
34743 41440 80202 11064 21078 30242 40337 57004 71022 8355/==
34759 41420 80103 11057 21057 30191 40330 58009 71082 889//==
34772 42570 83606 11057 21083 30321 40324 58001 885//==
34785 42970 00103 11029 21081 30331 40308 58002==
34798 42970 03503 11013 21030 30451 40420 52004==
34824 42960 20603 11018 21068 30317 40323 57008 80001==
34838 42960 60503 10004 21069 30217 40316 57008 80005==
34845 42/70 80702 11005 21049 30209 40321 58007 8005/==
34858 42660 60000 11024 21063 30211 40323 57005 82505==
34861 41410 80505 11067 21068 30067 40324 57005 71042 886//==
34866 42470 83504 11069 21078 30334 40325 52002 885//==
34880 41560 23402 11034 21074 30330 40302 54000 70281 82900==
34887 42970 03602 11016 21076 30330 40307 58001==
34949 42/// /0704 11004 21097 39743 40307 57007==
34954 42970 30302 10017 21083 30134 40313 57011 80001==
34958 42970 30501 10000 21060 30108 40314 57011 80001==
34975 42670 23604 11015 21056 30315 40311 58004 82100==
34984 42/70 33103 10004 21063 30333 40302 58008 80032==
35217 42960 03401 11084 21116 30266 40308 58002==
35302 42/70 83303 11082 21105 30293 40315 58003 8807/==
35315 42998 03101 11075 21125 30244 40303 58001=
35344 42998 72303 11073 21103 39990 40289 58011 87070=
35358 42/60 82501 11071 21109 30115 40292 57002 8802/==
35368 42999 80000 11074 21128 30020 40296 58012 8807/=
35386 42998 32102 11092 21131 39744 40285 57006 83040=
35394 42970 42004 11058 21128 39579 40273 57014 80001==
35404 42998 00402 11046 21089 30305 40314 52003=
35406 42960 00000 11035 21079 30304 40306 54000==
35416 42670 70000 11038 21071 30177 40301 58001 87500==
35426 42584 80000 11031 21086 39995 40294 58005 885//==
35437 42598 82502 11045 21093 30080 40406 58001 886//=
35449 42598 82402 11048 21080 30187 40294 58007 885//=
35497 42970 50000 11073 21111 39745 40592 58017 80002==
35498 42998 62001 11094 21138 39381 40293 57016 80004=
35514 42598 73201 11030 21061 30532 40528 52006 87500=
35522 42698 81401 11041 21087 30032 40291 52005 885//=
35542 42598 81802 11041 21057 30144 40295 58003 885//=
35563 42598 82604 11068 21104 39494 40286 57003 85502=
35576 42/70 62203 11165 21194 39837 40319 57007 86070==
35582 42998 72004 11110 21156 39676 40305 57012 80003=
35594 42999 80102 11075 21118 39424 40287 57014 80001=
35605 42598 60502 11015 21063 30322 40300 52006 86050=
35633 41598 31901 11019 21058 30075 40293 54000 70272 83500=
35671 42570 62502 11062 21093 39861 40305 58005 82501==
35699 42960 50000 11041 21094 39521 40291 57012 80003==
35700 42670 51101 10000 21042 30321 40297 52005 85100==
35715 41599 51102 11028 21079 30311 40296 52008 70171 85500=
35739 42599 81103 11044 21091 30144 40287 53004 8802/=
35746 42570 80602 11017 21055 30223 40291 57002 883//==
35777 42597 82303 11068 21130 39966 40324 58003 885//=
35796 42/60 81401 11107 21139 39864 40321 57009 82035==
35849 42570 81303 11012 21059 30198 40285 58006 885//==
35895 42998 71401 11115 21135 39863 40331 57008 87030=
35907 42598 23304 11024 21053 30323 40292 52006 82100=
35925 42560 70502 11028 21052 30167 40281 52005 86704==
35927 42598 61601 11027 21050 30274 52006 86500=
35953 41/84 81504 11012 21063 30169 40301 58007 70272 8805/==
35969 42584 80000 10002 21091 30156 40332 58007 885//==
35997 42698 80000 11059 21112 39876 40325 54000 8657/=
36259 42584 72701 11207 21242 38218 48510 57016 84902==
36335 42599 42205 11048 21102 39235 40272 57007 81502=
36358 42999 02002 11034 21083 39230 40253 57012=
36394 41997 31707 11058 21135 39837 40269 57025 73633 80001=
36397 41/70 21616 11086 21156 39697 40277 57016 73633 81041 333 91020 90730 91120==
36403 42998 71005 11037 21128 39900 40266 57017 84041=
36418 42999 30701 11119 21177 39682 40327 57019 82043=
36421 42999 71303 11165 21212 39735 40337 57019 80005=
36428 42/84 72102 11132 21214 39804 40333 57019 82049==
36439 42998 73101 11069 21137 38984 48493 57016 80005=
36498 42698 60000 11093 21159 39486 40305 58010 82531=
36501 42999 22305 11030 21104 39488 40245 57019 80002=
36535 42984 20000 11094 21162 39670 40327 57019 80001==
36546 42999 21102 11107 21160 39759 40322 57018 80001=
36619 42999 03402 11087 21146=
36622 42998 00000 11102 21167 39469 40303 57012=
36639 42984 01204 11071 21162 39692 40315 58001==
36643 42999 00102 11147 21174 39633 40335 57018=
36665 42999 02601 11170 21204 39557 40332 57011=
36666 42498 13202 11138 21168 39810 40331 57018 81600=
36729 42998 02505 11034 21103 39817 40307 54000=
36736 42999 02705 11050 21112 39744 40310 53009=
36744 42998 80801 11070 21108 39854 40319 54000 8807/=
36770 42999 02503 10010 21076 39572 40299 58007=
36786 42999 00702 11040 21096 39364 40298 52005=
36796 42998 00000 11062 21142 39072 48518 52003=
36803 42999 03302 11093 21123 39856 40324 52001=
36806 42999 01608 11106 21203 39839 40330 57005 333 91115=
36819 41597 82701 11004 21016 39688 40306 58002 77172 885//=
36821 42/84 80000 11002 21053 39811 40305 58008 8807/==
36839 42999 30501 11020 21109 39179 40324 53012 82041=
36843 42998 00701 10012 21087 39111 40285 58005=
36846 42999 00903 11079 21121 38654 48534 58004=
36859 42984 30502 10003 21073 39548 40338 58007 80006==
36870 42/60 80501 10015 21034 39275 40289 57006 8807/==
36874 42698 82702 11024 21071 39653 40455 57004 885//=
36877 42999 80502 10021 21042 39712 40729 58007 8807/=
36885 42998 62704 10001 21044 39162 40298 58005 84031=
36889 41597 80000 11111 21126 37041 47057 52001 77171 8361/=
36894 41996 32502 10021 21031 39559 40299 57006 71000 82082=
36905 41997 32302 10011 21050 38790 48546 58003 74000 82041=
36911 42998 80000 10022 20009 39313 40292 57002 8802/=
36927 41699 72716 10022 21103 38346 48515 57010 715// 87900=
36934 42598 81401 10032 21072 38264 48390 58009 85932=
36953 42999 03202 11002 21105 38197 48508 57005=
36963 41698 71103 11091 21141 37011 48/// 58008 770// 87600=
36974 42697 81102 11036 21084 38004 48538 58010 887//=
36982 42998 82505 11090 21192 36478 47041 57015 85036=
37018 42970 00703 10088 21048 30190 40266 57007==
37031 42960 30702 10047 21072 30096 40295 57014 80001==
37054 42/40 30701 11001 21048 39913 40310 57013 8009/==
37061 42/60 53602 10004 21063 30140 40315 58012 82035==
37085 42970 03105 10006 21057 30338 40311 58007==
37171 42970 02603 10093 21002 30243 40261 58008==
37228 42970 03501 10015 21052 39428 40280 57013==
37235 42970 03102 10012 21046 39976 40302 57013==
37472 42960 23303 10023 21054 30330 40306 58011 80001==
38149 41540 82202 10003 21010 30187 40266 58005 77177 885//==
38178 42/70 61704 10017 21069 39979 40261 58006 86080==
38262 42/70 82102 10014 21015 30183 40267 58009 8801/==
38264 42370 81803 10011 21009 30174 40270 57006 886// 333 88709==
38345 41596 82701 10006 21011 38861 48549 53002 710// 886//=
38353 41596 83502 10004 21002 39395 40314 58002 773// 885//=
38388 42598 72503 10016 21032 30221 40294 52005 87900=
38392 41297 82306 10021 20018 30165 40271 58008 72272 886// 333 88706=
38396 11/40 82106 10017 20006 30154 40282 58009 60002 76162 8802/ 333 88505==
38403 42/60 81804 10008 21012 30160 40285 58006 8807/==
38413 42/70 51903 10049 20005 30010 40305 58004 85030==
38457 41440 82401 10028 20004 39711 40311 57002 76076 8852/==
38462 41670 82302 10007 21019 38814 48541 54000 70277 8692/==
38507 42498 73006 10054 21001 30196 40300 54000 84530=
38545 42998 72003 10022 21003 30128 40309 53007 80003=
38565 12560 80000 10042 21016 39687 40265 58009 60002 8374/==
38579 42560 71402 10030 20006 39883 40310 58006 87500==
38583 41560 82301 10034 20005 39988 40318 58006 70277 8872/==
38599 41496 82307 10025 21001 39760 40310 57009 71052 886// 333 88710=
38611 41/20 82503 10042 20011 39724 40304 57010 71022 8802/ 333 81583==
38613 42995 80101 10023 20010 40308 52002 8802/=
38616 41596 72701 10010 20005 39277 40317 54000 710// 87500=
38618 41560 83401 10023 21002 39594 40299 57006 75052 886//==
38647 42698 52605 10084 21019 30241 40283 57010 85200=
38656 42698 62702 10068 20004 30193 40304 58007 83580=
38683 42460 81803 10029 20002 30037 40321 58008 885// 333 88615==
38687 42697 52003 10055 20018 30080 40320 58010 85500=
38696 42560 70201 10023 21010 39433 40309 58004 87900==
38713 41/93 93201 11016 21030 39108 48550 51003 74544=
38750 42997 00702 10099 20009 30349 40320 54000=
38763 42598 32605 10074 20002 30193 40300 58005 83200=
38774 42598 50502 10092 20015 30103 40299 58002 85200=
38799 42997 01802 10040 21012 30079 40316 58003=
38806 42997 61102 10026 21013 30040 40308 58005 80002=
38812 41540 72102 10044 20005 39843 40306 58015 71022 87330 333 84925==
38836 41698 80000 10072 20032 39315 40255 58015 71082 86932=
38880 42697 31104 10075 21005 30041 40299 58009 83500=
38886 42997 02501 10086 21007 30070 40300 58006=
38895 42996 01603 10062 20000 30025 40320 58005=
38911 42998 21803 10064 21001 30022 40322 52003 80002=
38915 42997 30000 10075 20013 39986 40315 57012 80001=
38927 12560 81202 10067 20009 39930 40313 56008 60002 884// 333 88630==
38933 41796 71802 10073 20019 39786 40306 58010 71022 86530=
38944 42697 50000 10068 20013 39711 40252 52003 82530=
38954 42899 80000 10033 21123 37945 48540 58023 86910=
38974 42998 01101 10104 20051 39948 40283 58012=
38987 42996 02601 10040 21047 39548 40309 58014=
40100 43/82 82213 10140 20069 30200 40216 51007 333 58///=
40180 01450 72303 10129 20104 30163 40212 52012 76262 8580/ 333 70000==
40199 02/// /0404 333 70000==
40255 46/// /2606 10114 29055 3//// 4//// 5////=
40265 41550 51604 10118 20051 39415 40220 54000 70510 84201 333 84825=
40270 41557 42407 10113 20024 39299 40209 52002 70500 84800 333 83825=
40272 41530 32006 10100 20072 39368 40213 52013 74522 83800 333 83830 83830=
40296 41659 21302 10202 20089 30682 40210 57001 70500 82200 333 82840=
40310 42960 00000 10110 20022 38974 48442 57001=
40340 42960 03511 10168 20050 40217 57001=
40356 42960 01610 10125 21050 39210 48513 333 58007 555 04410 50193=
40357 42960 00911 10141 21050 39546 40192 333 59007=
40360 42960 00000 10131 20020 39604 40203 333 58009=
40361 42960 00807 10145 21030 39408 40208 333 58001=
40362 42660 60908 10157 20050 39652 40170 86500 333 59025 86635=
40373 42660 51123 10148 20100 39748 40170 85500 333 59030 85635=
40375 42960 03006 10128 20000 39298 40181 333 58018=
40394 42960 01804 10190 20040 39020 48500 333 59010 555 04410 50140=
40400 42960 02606 10224 20080 30139 40167 333 58031=
40405 41658 52405 10202 20100 39404 40134 70600 85500 333 58000 85640=
40417 42660 60907 10265 21020 30156 40171 83430 333 59019 83640 86360=
40420 42660 41410 10261 20050 39957 40161 81402 333 59025 81645 83070=
40430 42660 23105 10242 20080 39406 40135 81530 333 58011 81640=
40437 42960 31409 10236 20000 39454 40146 83030 333 59013 83358=
40439 42660 33102 10234 20070 30126 40144 82501 333 58027 82640=
40582 41657 70915 10133 20119 40192 58011 76166 83470 333 55300 00208 10000 20256 30033 41346 51355 60289 55407 40223 83640 87358 90400 91019 91119 91215 91307=
40703 42960 01803 10016 21073 38980 40298 58007 333 70000 555 11012 29051 66666 01014 11020 20000 30020 50058 90088=
40706 41956 12502 10025 21104 38705 40301 57010 70500 80002 333 70000 81068 555 11016 29038 66666 00032 11008 20012 30033 50051 90073=
40712 41658 32702 11010 21104 38734 40317 58009 70500 81502 333 70000 81635 83067 555 11037 29049 66666 00006 10011 20017 30021 50036 90054=
40713 41614 30000 11004 21064 38712 40300 58003 70521 81508 333 70000 83268 555 11024 29064 66666 01010 10014 20037 30051 50069 90096=
40718 42560 10302 10106 20047 30319 40290 57012 81200 222// 0//// 20300 333 70000 81820 555 10080 29067 66666 00096 10068 20066 30076 50090 90110=
40723 41559 19901 10045 21059 39020 40297 58017 70500 81100 333 70000 555 10009 29047 66666 00024 10000 20016 30028 50048 90072=
40726 42660 21902 11008 21072 38716 40317 58003 82500 333 70000 82635 555 11028 29062 66666 00002 10006 20024 30030 50046 90080=
40727 41930 72602 11039 21046 38527 40311 57008 71022 80006 333 70000 87270 555 11040 29095 66666 01008 10010 20021 30029 50039 90072=
40732 42560 20805 10100 20024 30306 40281 58008 82200 333 70000 82826 555 10068 29059 66666 00080 10078 20078 30088 50104 90125=
40736 42960 00902 10116 20028 30320 40294 57009 333 70000 555 10078 29054 66666 00084 10070 20070 30068 50092 90118=
40738 41657 41003 10108 20037 30305 40307 58016 70500 81502 333 70000 81635 84070 555 10077 29062 66666 00080 10070 20064 30080 50096 90122=
40739 42660 62102 10026 21044 38750 40295 57015 86600 333 70000 86735 555 10001 29060 66666 00030 10036 20014 30030 50046 90084=
40741 42960 01202 10092 20029 39946 40290 58016 333 70000 555 10065 29065 66666 00090 10058 20059 30063 50083 90114=
40743 42965 01106 10044 21051 39145 40303 58010 333 70000 555 10011 29050 66666 00047 10026 20039 30068 50102 90132=
40745 41959 01203 10055 21021 39110 40299 58017 70500 333 70000 555 10026 29058 66666 01002 10000 20020 30040 50059 90105=
40747 42560 60302 10002 21083 38690 40291 58015 84170 333 70000 84830 84357 555 11025 29053 66666 00053 10021 20031 30046 50060 90091=
40754 41950 12004 10064 21087 38889 40270 57013 70500 81030 333 70000 81360 555 10014 29033=
40762 42965 00000 10036 21073 38608 40301 58010 333 70000 555 11001 29045 66666 00000 10008 20018 30024 50058 90090=
40766 42660 61305 10056 21027 38720 40239 58015 85320 333 70000 81940 84645 86459 555 10024 29055 66666 00028 10042 20040 30058 50070 90100=
40768 41540 53102 11069 21096 38305 40370 57006 71022 85600 333 70000 85730 555 11074 29081 66666 01005 11004 20006 30018 50030 90054=
40769 41410 80502 11018 21042 38336 40295 58010 71044 886// 333 70000 88715 555 11025 29084 66666 00008 10010 20026 30032 50060 90102=
40780 42660 61303 10115 21013 38703 40219 57013 82570 333 70000 82640 86459 555 10060 29041 66666 00068 10050 20050 30052 50072 90094=
40782 42660 72902 10107 21002 38890 40213 57021 86320 333 70000 82935 84640 87459 555 10060 29047 66666 00088 10068 20066 30062 50090 90114=
40785 42660 63302 10071 21026 39161 40286 57017 82510 333 70000 82640 86460 555 10034 29050 66666 00096 10071 20054 30062 50092 90152=
40791 42662 72002 10117 21050 39416 40254 57023 81510 333 70000 81640 87461 555 10054 29031 66666 00106 10104 20094 30108 50130 90160=
40792 42962 42901 10089 21060 38773 40258 58016 80001 333 70000 84070 555 10034 29034 66666 00102 10082 20064 30074 50112 90124=
40798 42560 81902 10078 21005 37979 40226 58009 8537/ 333 70000 81930 84635 85459 555 10042 29056 66666 00063 10037 20027 30043 50059 90079=
40800 42660 72101 10070 21054 38505 40257 57009 82570 333 70000 82640 87460 555 10024 29041 66666 00100 10054 20056 30068 50092 90120=
40809 42962 83602 10124 21106 38537 40231 58021 81037 333 70000 81360 88270 555 10043 29019 66666 00144 10097 20062 30082 50105 90129=
40811 41660 81503 10179 20103 30170 40196 58010 76086 8632/ 333 79999 81935 85640 88559 555 10138 29061 66666 00166 10160 20166 30176 50188 90210=
40812 42660 71503 10184 20050 39804 40180 57017 83570 333 70000 83640 87460 555 10118 29041 66666 00166 10152 20148 30158 50170 90196=
40821 42664 83203 10061 21044 38843 40262 58020 8251/ 333 70000 82640 88459 555 10022 29047 66666 00099 10091 20091 30100 50108 90132=
40829 42960 10104 10163 21018 39677 40258 58023 81050 333 70000 81359 555 10087 29029 66666 00176 10140 20132 30132 50154 90178=
40831 41650 81504 10146 20122 30204 40212 53006 76062 8432/ 333 70010 81935 83640 88560 555 10133 29086 66666 00154 10158 20174 30180 50200 90224=
40833 41558 81705 10173 20130 30176 40208 58004 78082 8837/ 333 70003 82930 84635 88459 555 10149 29076 66666 00176 10176 20182 30182 50196 90216=
40841 42660 81502 10143 20050 38272 40164 57023 8342/ 333 70011 83640 88458 555 10095 29054 66666 00112 10108 20090 30086 50110 90142=
40845 41560 81005 10176 20125 30201 40206 50000 76062 8492/ 333 70002 82930 84640 88560 555 10148 29072=
40848 41420 80000 10072 20064 38566 40228 57013 76162 8532/ 333 70207 81710 82930 83635 88558 555 10068 29095 66666 00088 10102 20094 30100 50100 90122=
40854 42660 11202 10168 21033 38991 40196 57019 81100 333 70000 81840 555 10083 29025 66666 00230 10154 20146 30162 50178 90201=
40856 42960 31205 10162 21034 38681 40206 57027 83070 333 70000 83360 555 10078 29026 66666 00152 10128 20108 30108 50130 90140=
40859 41540 83202 10104 20085 38760 40227 58002 71086 8632/ 333 70024 83720 82930 84635 88458 555 10094 29088 66666 00118 10108 20110 30118 50130 90150=
40875 41557 70705 10279 20056 30161 40172 57025 70522 82570 333 79999 82630 87360 555 10163 29024 66666 00328 10242 20226 30220 50238 90248=
40879 42962 52202 10244 20008 39519 40193 57030 80006 333 70000 85270 555 10131 29021 66666 00264 10230 20204 30206 50216 90234=
40882 42960 61207 10247 20126 30138 40173 57017 85051 333 70000 85359 555 10177 29047 66666 00242 10216 20212 30220 50224 90244=
40883 41557 71305 10234 20124 30158 40185 58003 70522 83130 333 70000 83830 84359 555 10171 29050 66666 00256 10232 20230 30228 50230 90242=
40893 41958 02402 10245 20166 30171 40177 58017 70500 333 70000 555 10196 29062 66666 00268 10250 20242 30244 50255 90247=
40898 42960 01505 10269 20129 30150 40159 58028 222// 00236 20900 333 70000 555 10187 29042 66666 00356 10294 20246 30250 50260 90268=
41024 42660 63510 10265 20140 30117 40143 86500 333 58021 86640=
41036 42560 32116 10244 20100 38561 48511 83800 333 58015 83830 555 04410 50116=
41055 42560 21610 10235 20080 38362 48507 82400 333 58002 82630 555 04410 50105=
41061 42960 31510 10260 20030 39423 40114 83030 333 59004 83358=
41084 42960 32103 10272 20030 38846 48508 83030 333 58005 83360 555 04410 50080=
41112 42560 21816 10205 21090 37958 48523 82400 333 58012 82620 555 04410 50098=
41114 42560 31916 10215 21090 37996 48527 83400 333 58016 83622 555 04410 50103=
41128 42960 40503 10302 21050 38807 48520 84030 333 58000 84359 555 04410 50096=
41136 41956 02018 10331 21070 39315 40105 70700 333 58003=
41140 42560 72206 10291 20210 30133 40142 84430 333 58015 84630 86360=
41150 41964 40908 10232 20124 40173 70161 84030 333 59020 84363=
41170 42960 50707 10234 20166 30155 40168 83032 333 59022 83362 84072=
41176 44/65 /0805 10229 20168 30159 40165 333 59025=
41184 42960 41102 10314 21014 40165 83031 333 59020 83360=
41194 42960 31507 10305 20108 30158 40164 83030 333 59017 83368=
41196 42960 21504 10302 20054 30130 40169 82030 333 59018 82368=
41216 42960 21608 10301 20064 30160 40164 82030 333 59018 82368=
41217 42960 21512 10296 20078 30134 40162 82030 333 59014 82368=
41246 36/// /0906 10252 20139 30175 40177 333 0E018 55300 25022 59007=
41262 36/// /1206 10283 20153 39971 40164 333 0E020 55300 22875 58007=
41263 36/// /2403 10299 20091 39586 40134 333 0E018 55300 22878 58001=
41265 36/// /1402 10303 20079 39582 40133 333 0E019 55300 22989 59001=
41267 36/// /3407 10255 20184 30168 40181 333 0E018 59000=
41268 36/// /0414 10270 20072 30121 40168 333 0E019 55300 25022 59003=
41275 36/// /1205 10291 20154 30017 40183 333 0E020 55300 22923 58005=
41288 32560 10908 10258 20177 30157 40179 81500 333 58000 81620=
41315 36/70 /1612 10230 20153 39342 48249 333 0E023 55300 27865 58003=
41316 32580 11407 10263 20186 30143 40173 81500 333 58005 55407 55408 55507 55508 81625=
41396 42960 01908 10298 20040 39420 40121 333 58006=
41480 41458 20617 10280 20217 30151 40160 70500 82100 333 58004 82818=
41506 12460 61802 10110 20028 38510 48060 60001 84520 333 56880 59008==
41515 12460 50502 10110 21066 38552 48150 60001 83520 333 56880 59009==
41516 12440 51802 10160 21019 38512 48710 60001 83510 333 56880 59015==
41517 11440 31306 10090 21113 37760 48720 60001 70600 83400 333 56800 59019==
41518 12440 73601 10128 21009 30001 48010 60001 85720 333 56880 58000==
41519 12460 33601 10155 21019 38737 48820 60001 83200 333 56800 59014==
41523 12460 42301 10175 20032 39094 48210 60001 84500 333 56800 59004==
41535 12660 31301 10155 21019 38723 48940 60001 83200 333 56800 58010==
41536 12460 30000 10180 20009 39047 48250 60001 83200 333 56800 59007==
41560 12960 02303 10115 21059 38343 48690 60001 333 58011==
41571 11640 11309 10200 20012 39587 40165 60001 70500 81800 333 56800 58014==
41598 11940 03104 10250 20004 39892 40159 60001 70500 333 58030==
41600 11940 03102 10250 20055 30000 40145 60001 70500 333 58011==
41620 12940 01302 10160 21135 38603 48080 60001 333 58013==
41624 12960 03101 10270 20028 30000 40152 60001 333 58007==
41630 11940 23102 10240 20081 30000 40164 60001 70500 82030 333 56080 58015==
41640 11940 03102 10240 20053 39912 40158 60001 70500 333 58021==
41660 12960 43106 10125 21139 38479 48690 60001 81031 333 56088 58029==
41678 11940 03103 10240 20094 30000 40168 60001 70500 333 58031==
41696 12960 03101 10120 21049 38016 48310 60001 333 58007==
41697 12960 00000 10290 21057 30000 40162 60001 333 58028==
41700 11920 00503 10255 20104 30000 40160 60001 70500 333 58032==
41710 12960 21301 10210 21045 30000 40175 60001 80001 333 56008 58012==
41712 12960 00504 10180 20025 39194 48150 60001 333 58001==
41715 11940 03601 10270 20009 30000 40169 60001 70500 333 58028==
41718 11920 20502 10255 20115 30000 40169 60001 70510 82030 333 56080 58033==
41725 12940 00502 10270 20089 30000 40158 60001 333 58021==
41739 12940 03603 10230 21042 39067 48370 60001 333 58008==
41744 12940 03101 10225 21083 38814 48450 60001 333 58023==
41749 12940 03104 10295 20090 30000 40173 60001 333 58033==
41756 12940 02301 10295 20076 30000 40177 60001 333 58012==
41757 12940 01804 10290 20081 30166 40178 60001 333 58004==
41759 12940 00901 10265 20071 30000 40182 60001 333 58021==
41764 11940 00303 10280 20048 30119 40168 60001 70400 333 58036==
41768 12940 00501 10315 20134 30154 40161 60001 333 58025==
41780 11940 00703 10310 20058 30136 40163 60001 70500 333 58027==
41785 12940 03102 10280 20104 30136 40149 60001 333 58000==
41859 01940 02302 10272 20130 30067 40104 70500 333 59002 70000==
41883 02956 00000 10290 20110 30088 40108 333 58000 70000==
41891 41435 22706 10270 20190 30076 40114 70522 82500 333 59005 82615==
41907 01940 02702 10310 20100 30093 40108 70500 333 58001 70000==
41923 01445 52702 10290 20180 30105 40115 70522 83430 333 58004 70000 82616 83365==
41936 01909 03604 10302 20200 30100 40107 74441 333 58000 70000==
41943 01430 42302 10295 20190 30106 40113 70500 82530 333 58000 70000 82616 83362==
41950 02450 30000 10292 20190 30108 40110 83400 333 58002 70000 83617==
41978 01956 02406 10279 20200 30113 40119 70511 333 59002 70000==
41992 01930 02404 10292 20190 30119 40121 70500 333 59004 70000==
42027 32596 23201 10114 21001 38420 48506 82100 333 58010=
42101 32996 03203 10246 20106 40145 333 58010=
42111 32596 13203 10246 20060 39408 40092 81100 333 59001 81830=
42123 32996 03202 10244 20084 40151 333 58023=
42131 32996 13203 10250 20035 40165 80001 333 58035=
42165 32996 10000 10274 20041 40143 80001 333 58034 81070=
42182 32996 22715 10256 20059 40134 80001 333 58016 82070=
42189 31995 03203 10258 20095 40109 70500 333 59004=
42309 21496 60210 10200 20145 40125 70522 84530 333 59009 6990/=
42314 31496 60208 10196 20145 40127 70592 83530 333 59006 83618 86360=
42328 32996 03604 10280 20098 40134 333 58031=
42339 31995 00000 10288 20055 40147 70500 333 58030=
42348 32996 03208 10264 21055 40147 333 58025=
42361 31995 03205 10268 20084 40132 70500 333 58015=
42369 31996 02710 10290 20130 40113 70500 333 59003=
42379 32996 02700 10284 20119 40098 333 58000=
42410 31595 10000 10242 20164 40112 70500 81500 333 58004 81620=
42415 31995 20000 10232 20160 40116 70500 82030 333 59004 82360=
42452 31996 00504 10280 20076 40133 70500 333 58026=
42492 32996 02704 10290 20113 40105 333 59004=
42559 32996 03202 10290 20065 40110 333 58007=
42571 31996 02701 10304 20105 40102 70500 333 59007=
42591 32996 00000 10302 20091 40116 333 59006=
42623 31596 22708 10244 20073 39247 40100 70500 82100 333 58008 82820=
42634 32996 00502 10324 20085 40157 333 58015=
42647 31996 03404 10320 20116 40142 70400 333 58003=
42667 32996 03407 10280 20103 39545 40122 333 58007=
42675 32996 02903 10304 20110 40106 333 58003=
42701 32996 00000 10292 20060 39379 40084 333 59003=
42724 31496 42303 10282 20196 40113 70521 82530 333 58002 82618 83360=
42737 32996 03207 10334 20113 40150 333 58010=
42754 32996 03403 10282 20111 39499 40120 333 58010=
42779 32996 03202 10312 20099 39414 40087 333 59002=
42798 31996 00502 10324 20073 40092 70500 333 59003=
42809 31595 30202 10298 20205 40107 70510 82530 333 59002 82620 84360=
42840 32996 03202 10310 20124 40140 333 59002=
42867 31996 02504 10340 20091 40103 70500 333 58003=
42874 32996 00000 10344 20173 40097 333 59001=
42886 31596 13206 10364 20117 40090 70500 81500 333 59008 81620=
42895 32996 30703 10312 20204 40102 83030 333 59006 83360=
42909 32996 02506 10294 20220 40139 222// 20000 333 59005=
42971 31596 32302 10344 20215 40105 70500 82530 333 59009 82620=
43003 31995 03205 10316 20179 40125 70400 333 59004=
43014 31996 02506 10344 20161 39472 40093 70544 333 58002=
43041 31596 23203 10328 20151 39498 40093 70500 82500 333 59002 82625=
43086 32997 00000 10338 20226 39934 40108 333 58000=
43128 32997 10000 10350 20169 39511 40095 80001 333 59006 81070=
43150 31996 01801 10304 20241 30057 40118 70500 333 59007=
43185 32997 01605 10320 20216 30109 40112 333 59008=
43189 32997 00000 10344 20185 30107 40116 333 59013=
43192 32996 03203 10330 20186 40109 333 59011=
43198 32996 20904 10330 20098 39293 40089 80001 333 59006 82075=
43201 32997 00502 10340 20100 39380 40078 333 59004=
43213 32997 01402 10370 20062 39780 40085 333 59007=
43233 32997 00506 10336 20088 39306 40093 333 59004=
43237 32997 00902 10360 20130 39692 40070 333 59004=
43245 32597 21104 10324 20214 30092 40118 81401 333 59006=
43279 32597 30903 10324 20222 30106 40123 82401 333 59003 82620=
43284 31996 02310 10332 20156 39983 40096 70500 333 59012=
43295 32997 00902 10320 20032 39105 48533 333 58000=
43314 32997 02304 10328 20213 40104 333 59005=
43321 31996 30906 10336 20106 39662 40095 70500 80001 333 59003 83070=
43329 32997 20902 10304 20225 30104 40117 80001 333 59003=
43333 31496 30502 10296 20213 40108 70511 81501 333 59002 81618 83070=
43344 31496 40705 10328 20206 30012 40109 70522 83401 333 59003 82616 83820=
43353 31496 42507 10312 20202 40102 70521 81530 333 56790 58000 81620=
43369 32597 33602 10316 20239 40108 83500 333 58001 83620=
43371 32596 12702 10326 20227 30029 40100 81400 333 58002 81620=
44212 42984 23301 11178 21233 39130 40353 57007 80004==
44213 42984 40000 11167 21228 38767 40328 57010 80004==
44214 42/70 32708 11024 21193 38233 40220 57016 83040==
44215 42/70 62704 10001 21181 38355 40190 57011 81049==
44217 32998 20000 11091 21184 37828 40331 57014 80004 333 91202=
44218 42/84 43302 11113 21174 38569 40292 57009 82044==
44219 32999 31004 11102 21182 38600 40302 57014 80008 333 91206=
44265 42984 01301 11117 21187 38885 40374 57026==
44266 32999 03206 10007 21226 37733 40193 57013 333 91111 91208=
44404 42358 10905 10173 20018 38116 48447 81100 333 59008=
44416 42560 11807 10264 20088 39338 40103 81100 333 59002=
44424 42960 01807 10154 21060 37627 47034 80000 333 59008=
44434 41456 61206 10224 20126 39188 48476 70342 82160 333 59003=
44438 41940 02306 10254 20152 39967 40095 70544 80000 333 59007=
44449 41925 01506 10246 20193 39938 40094 70544 80000 333 58004=
44454 42557 22112 10200 20087 38628 48464 82100 333 59002=
44462 42456 43008 10176 20046 38229 48445 84400 333 58013=
44474 41015 40806 10146 20058 38222 48460 70544 84500 333 58010=
44477 41330 52608 10184 20106 38789 48496 70544 85200 333 59004=
44478 41920 01905 10250 20191 30013 40095 70544 80000 333 58002=
48010 42557 21801 10295 20124 39941 40091 82100 333 58010==
48020 42960 00901 10300 20149==
48025 41430 21401 10315 20163 39958 40095 70511 82500 333 58000==
48048 42959 00401 10348 20237 30044 40098 333 58010==
48052 32958 01802 10370 20171 333=
48062 42558 23207 10290 20248 30113 40120 82500 333 58000==
48064 42958 01401 10325 20234 30021 40077 333 58001==
48094 42959 03202 10330 20150 30096 40106 333 59002==
48109 42960 00401 10298 20207 30119 40122 333 59003==
51076 14/75 /2001 11063 21168 39405 40353 57020 60001 333 11056 21219 3/103 4/025 59100 70000 90761 91103==
51087 14/73 /0000 11075 21159 39255 40363 57019 60001 333 11075 21230 3/106 4/018 59095 70000 90761 91103==
51156 14/80 /1003 11044 21160 38705 40317 57019 60001 333 11041 21166 3/119 59077 70000 90761 91104==
51243 14/61 /1601 11082 21159 39755 40347 57024 60001 333 11075 21178 3/116 59090 70000 90761 91104==
51334 14/31 /2001 11082 21157 39911 40353 57023 60001 70500 333 11082 21227 3/113 4/012 59090 70000 90761 91103==
51379 14/14 /2602 11103 21172 39321 40351 57019 60001 70500 333 11043 21237 3/107 4/022 59092 70000 90761 91104==
51463 14/17 /3101 11111 21162 39063 40334 57014 60001 70500 333 11077 21170 3/101 4/036 59079 70000 90761 91103==
51573 14/69 /2301 10050 21188 30263 40315 57036 60001 333 10058 21062 3/112 59067 70000 90761 91104==
51644 14/57 /2303 10017 21144 39002 40310 57033 60001 70600 333 10029 21105 3/108 59051 70000 90761 91105==
51656 14/49 /2705 10020 21160 39212 40317 57030 60001 70700 333 10021 21122 3/115 59060 70000 90761 91108==
51709 14/57 /1501 10012 21141 38666 40288 57035 60001 333 10051 21057 3/107 59029 70000 90761 91103==
51711 14/59 /0803 11035 21152 38022 40252 57026 60001 333 11021 21111 3/115 59051 70000 90761 91108==
51716 14/35 /0902 10032 21195 38962 40294 57033 60001 70600 333 10054 21060 3/110 59037 70000 90761 91104==
51765 14/80 /3202 10044 21216 39275 40317 57027 60001 333 10047 21139 3/119 59058 70000 90761 91104==
51811 14/33 /3501 10030 21190 38836 40291 57029 60001 70600 333 10058 21034 3/106 59025 70000 90761 91105==
51818 14/23 /3603 10023 21203 38678 40289 57025 60001 70600 333 10055 21060 3/111 59022 70000 90761 91106==
51886 14/80 /2102 11027 21302 37098 40284 57024 60001 333 11011 21191 3/125 59011 70000 90761 91105==
52203 14/74 /3002 10016 21202 39397 40330 57025 60001 333 10019 21153 3/120 59066 70000 90761 91105==
52602 14/79 /2502 11036 21332 37268 40343 57018 60001 333 11033 21226 3/127 58004 70000 90761 91106==
52818 14/80 /0402 11008 21287 37232 40264 57017 60001 333 11003 21132 3/120 59005 70000 90761 91107==
52908 14/80 /0304 11110 21235 35700 40276 57017 60001 333 11080 21242 3/127 59010 70000 90761 91107==
55299 14/80 /2808 11027 21265 35776 40089 57016 60001 333 11019 21148 3/118 59034 70000 90761 91117==
55591 14/70 /2706 10107 21329 36414 49893 57037 60001 333 10112 21021 3/107 59039 70000 90761 91113==
56004 14/80 /2806 11076 21247 35753 40145 57022 60001 333 11071 21168 3/119 59019 70000 90761 91113==
56018 14/75 /2803 11015 21210 36104 40081 57014 60001 333 11008 21126 3/115 59023 70000 90761 91109==
62306 32560 43410 10148 20043 40264 52015 84500=
62309 32560 63312 10165 20035 40242 52011 86800=
62332 32560 22614 10164 20078 40224 52007 82100=
62337 32560 42506 10166 20106 40213 52004 84200=
62366 35560 53310 10149 20051 40230 52004 85200=
62387 32560 23609 10154 20067 40240 52007 82100=
62393 32960 00116 10131 20059 40249 52005=
62405 32960 03206 10169 20022 40206 52005=
62414 32960 03509 10172 20006 40198 52007=
62419 32960 00110 10173 20021 40195 52006=
62420 32960 03610 10150 20046 40250 52009=
62423 N=
62432 32960 03616 10160 20027 40250 52001=
62435 32960 00212 10169 20032 40221 52008=
62440 32960 02709 10152 20080 40229 52005=
62455 32960 03208 10155 20069 40228 52005=
62458 32960 03210 10172 20035 40217 57001=
62459 32960 03019 10179 20070 40190 52002=
62465 32960 03222 10206 20064 40173 52003=
63210 32980 00316 10268 20220 40133 333 58008=
63227 32580 50816 10273 20140 40183 85200 333 58030 85828=
41256 32960 00108 10260 20112 30166 40183 90845 333 58000 55407 55408 55507 55508=
42071 32996 03211 10226 20080 40153 333 58016=
