SIPK OPKC 061500=
41504 22995 01802 10030 21089 37838 48494 333 58026 60007 41%=
41506 22695 40000 10060 20003 38534 48531 82520 333 56990 58026 60007 82640 83460 67%=
41507 22996 00906 10160 20023 39292 49809 333 58022 60007 40%=
41508 22996 00000 10047 21020 38697 48562 333 58005 60007 62%=
41509 22696 20000 10090 20009 38748 48488 82500 333 56900 59011 60007 82640 57%=
41510 22996 20000 11005 21018 37935 48563 82030 333 56090 58038 60007 82360 91%=
41515 22695 20000 10066 21026 38556 48518 82500 333 56900 58007 60007 82650 52%=
41516 22696 30000 10045 21044 38553 48510 83100 333 56900 58038 60007 83840 54%=
41517 21696 20000 10010 21080 37807 48541 70500 82500 333 56900 58045 60007 82635 51%=
41518 22696 41802 10061 21051 38/// 48/// 82520 333 56990 5//// 60007 83640 82462 45%=
41520 22995 11802 10000 21118 37637 48291 81030 333 56090 58035 60007 81362 41%=
41523 22996 00000 10110 20007 39119 48530 333 58028 60007 49%=
41524 22996 00000 10110 20035 39386 40265 333 58004 60007 60%=
41525 22996 00000 11010 21048 37692 48433 333 58026 60007 73%=
41528 21996 00000 10120 20071 39246 48528 70400 333 58012 60007 72%=
41530 219// 22306 10140 21044 39825 40202 70500 80001 333 5600958074 60007 82070 28%=
41534 22996 00000 10120 20056 39772 40196 333 58022 60007 65%=
41535 22996 00000 10075 21012 38748 48514 333 58028 60007 54%=
41536 22996 00000 10095 20015 39064 48526 333 58008 60007 58%=
41560 22996 00000 10065 21018 38314 48543 333 59009 60007 55%=
41562 22996 03102 10120 21002 39719 40192 333 58030 60007 43%=
41565 22995 03104 10067 21063 38656 48521 333 58007 60007 39%=
41567 21996 00000 10155 20063 39714 40133 70400 333 58002 60007 54%=
41571 219// 13108 10145 21010 39594 40215 70500 81030 333 56090 600007 58004 35%=
41572 21996 02708 10110 21008 39552 40193 70500 333 58026 60007 44%=
41573 22997 03602 10030 21051 37985 48522 333 58020 60007 55%=
41574 22997 00000 10080 20015 38352 48532 333 58008 60007 63%=
41576 21996 02306 10140 20013 40199 70500 333 58019 60007 42%=
41577 21996 00000 10140 20007 39567 40190 70500 333 56000 58014 60007 40%=
41593 21996 00000 10170 20070 39968 40185 70400 333 58023 60007 52%=
41597 21996 00000 10160 20028 40191 70500 333 58017 60007 41%=
41598 21996 00000 10140 20028 39899 40176 70500 333 58020 60007 47%=
41599 21996 02704 10145 20074 39887 40182 70400 333 58010 60007 63%=
41600 21996 03102 10155 20087 40174 70400 333 58017 60007 64%=
41620 32996 01302 10110 21090 38585 48488 333 58016 60007 24%=
41624 21996 00000 10155 20087 40195 70400 333 58035 60007 64%=
41625 21996 00000 10140 20068 40168 70400 333 58026 60007 62%=
41630 21996 00000 10150 20069 40192 70400 333 58022 60007 58%=
41633 21996 00000 10150 20103 4//// 70400 333 5//// 60007 73%=
41634 22996 00000 10115 20028 3//// 4//// 333 5//// 60007 55%=
41635 21996 00000 10145 20049 3//// 4//// 70400 333 5//// 60007 53%=
41636 21996 00000 10145 20074 30006 40195 70400 333 58030 60007 63%=
41638 21996 01802 10150 20092 4//// 70400 333 5//// 60007 68%=
41639 21996 02702 10160 20081 4//// 70400 333 5//// 60007 60%=
41640 21996 00000 10170 20070 39929 40182 70400 333 58024 60007 52%=
41641 21996 02604 10160 20069 39908 40186 70400 333 58014 60007 55%=
41642 21996 03104 10150 20081 4//// 70400 333 5//// 60007 63%=
41643 21995 00000 10150 20092 39893 40174 70400 333 58012 60007 68%=
41644 21996 00000 10145 20105 4//// 70400 333 5//// 60007 78%=
41646 21996 00000 10165 20099 40202 70400 333 58020 60007 65%=
41652 21996 20000 10145 20020 30020 40202 70500 82030 333 56090 58040 60007 82360 43%=
41661 22996 40000 10085 21021 38404 48533 84030 333 56090 58010 60007 84360 47%=
41669 21996 00000 10155 20098 3//// 4//// 70400 333 5//// 60007 69%=
41670 21996 00000 10155 20075 4//// 70400 333 5//// 60007 59%=
41674 21996 20000 10150 20081 3//// 4//// 70400 82030 333 56090 5//// 60007 82360 63%=
41675 21996 00000 10160 20043 30043 40189 70500 333 58028 60007 46%=
41676 21996 03102 10160 20104 30047 40208 70400 333 58033 60007 69%=
41677 21996 00000 10130 20068 30011 40183 70400 333 58031 60007 66%=
41678 21996 00000 10190 20072 40180 70500 333 58018 60007 46%=
41679 21996 03102 10160 20081 4//// 70400 333 5//// 60007 60%=
41680 21996 00000 10160 20081 40193 70400 333 58036 60007 60%=
41685 22997 32302 10125 21109 38945 48524 83020 333 56090 58020 60007 83460 18%=
41685 22997 32302 10125 21109 38945 48524 83020 333 56090 58020 60007 83460 18%=
41696 22996 40000 10090 21029 38003 48522 80001 333 56009 59004 60007 84080 43%= 
41697 22996 00000 10190 20072 40172 333 58028 60007 46%=
41700 21995 00000 10165 20076 40177 70400 333 58023 60007 56%=
41701 21995 00000 10170 20105 40197 70400 333 58030 60007 65%=
41710 22697 70502 10190 21139 40116 83510 333 56990 59026 60007 83640 84460 10%=
41715 21995 00000 10190 20118 40182 70500 333 58020 60007 63%=
41716 21996 00505 10170 20070 40192 70400 333 58021 60007 52%=
41718 21995 00000 10150 20069 40183 70400 333 58023 60007 58%=
41724 21995 00000 10170 20082 40197 70500 333 58018 60007 56%=
41725 22996 30000 10200 20074 40179 83030 333 56090 58024 60007 83360 44%=
41726 21995 00000 10200 20086 30130 40201 70500 333 58032 60007 48%=
41738 22996 41812 10240 21043 40171 84030 333 56090 58006 60007 84460 15%=
41739 22996 22304 10195 20086 39068 48533 82030 333 56090 58005 60007 82360 49%=
41742 22996 41802 10215 20025 40163 80001 333 56009 58016 60007 84070 28%=
41743 21996 00000 10180 20083 70400 333 60007 53%=
41744 22996 00000 10150 20007 38807 48541 333 58023 60007 38%=
41745 21996 00000 10195 20079 70400 333 60007 47%=
41746 22996 23602 10160 20081 40182 80001 333 56009 58018 60007 82070 60%=
41747 21995 00000 10140 20056 40167 70400 333 58012 60007 57%=
41748 21995 00000 10185 20090 40191 70500 333 58020 60007 54%=
41749 22996 03104 10180 20083 40176 333 58008 60007 53%=
41756 21996 41802 10215 20106 40170 70500 80001 333 56009 58008 60007 84070 50%=
41757 22996 01804 10210 20100 30158 40171 333 58002 60007 49%=
41759 22996 22304 10210 20132 40176 82030 333 56090 58010 60007 82360 61%=
41764 22996 03610 10220 20017 30114 40165 333 58002 60007 26%=
41765 22996 02304 10205 20068 30154 40190 333 58029 60007 41%=
41766 21996 03102 10180 20083 40180 70400 333 58010 60007 53%=
41767 22996 00000 10195 20053 3//// 4//// 333 60007 39%=
41768 22996 03602 10190 20072 30156 40163 333 58006 60007 46%=
41780 22996 00506 10210 21024 30139 40166 333 58009 60007 21%=
41783 22996 00502 10200 20031 30125 40155 333 58007 60007 33%=
41786 22996 00406 10195 20067 30107 40144 333 58002 60007 43%=
41BKI 22996 00000 10140 20028 39769 40194 333 58030 60007 47%=
41SKP 21996 00000 10135 20085 4//// 70400 333 5//// 60007 72%=
43532 22996 00000 10130 20021 39347 40159 70400 333 58011 60007 48%=
43533 22997 00000 10140 20048 39237 48506 333 58002 60007 54%=
43563 22997 00000 10139 20048 40175 333 58009 60007 54%=
41660 229// 52708 10080 21110 38452 48543 81031 333 56099 58001 60007 81362 84070 24%=
41712 22996 00000 10160 21049 39203 48518 333 59005 60007 23%=
41519 22996 00000 10125 21018 38770 48510 333 58035 60007 37%=
41785 22996 03104 10200 20061 30154 40167 333 58005 60007 40%=
41529 22996 01802 10110 20043 39815 40207 333 58027 60007 63%=





Data Generated from File : D:/all data handling/Rmc_lhr/2025020615.FSU.txt
06/02/2025   16:04:50
____________________________________________________________________________________________
15020 24570 83201 10001 21065 30188 40397 52010 8557/ 333 55300 20110 60007 91003 90730 91105==
15090 21570 80102 10010 21050 30293 40391 52012 70182 8547/ 333 55300 00020 20135 30134 69907 91003 90730 91105==
15108 22284 20101 11126 21139 38155 48581 51009 82500 333 55303 20361 60007 91005 90730 91105==
15150 24570 83403 11002 21057 30168 40393 52011 8557/ 333 55300 20160 60007 91005 90730 91107==
15170 24570 10203 10007 21088 39538 42908 52005 81100 333 55310 20757 60007 91005 90730 91105==
15280 21/00 90209 11147 21165 37524 47049 52010 74943 89/// 333 55301 20342 60007 91015 90730 91115==
15310 27570 73404 10008 21044 30279 40370 53009 7616/ 85570 333 55305 00050 20412 30234 69907 91008 90730 91108==
15335 27570 70204 10010 21037 30355 40363 53012 724// 85260 333 55300 20120 69907 91006 90730 91107==
15350 24570 40206 10021 21087 30246 40371 52011 84200 333 55301 20269 60007 91010 90730 91112==
15360 22570 63610 10016 21035 30328 40346 53012 84530 333 55305 20578 60007 91012 90730 91114==
15420 24570 60502 10024 21044 30249 40365 52007 83360 333 55302 20330 60007 91003 90730 91104==
15460 24570 60403 10016 21048 30339 40365 52012 86500 333 55300 20218 60007 91006 90730 91108==
15470 24/70 31005 10027 21044 30229 40361 52006 83040 333 55307 20659 60007 91007 90730 91107==
15480 24570 63002 10016 21050 30332 40351 52012 86500 333 55302 00080 20298 30261 60007 91006 90730 91106==
15549 42570 60503 11001 21063 39913 40349 53005 86500 333 10015 21034 555 559//=
15552 41470 33605 10013 21046 30285 40336 52003 70171 83500 333 10041 21020 555 56100 64099 92035 92438=
15640 42668 33410 10021 21029 30019 40345 53003 82540 333 10034 20004 555 570//=
15655 42575 33412 10031 21067 30305 40339 53007 83200 333 10048 21016 91116 555 549// 92037 92438=
15730 42670 80705 10026 21043 39915 40326 57003 85577 333 10044 20007 555 560//=
16627 42565 20510 10062 21049 30311 40318 53002 82100 333 90730 91120==
16650 42560 30414 10074 21037 30309 40318 52006 81140 333 90730 91123==
16667 42560 20209 10074 21030 30282 40294 54000 82100 333 90730 91123==
16706 42660 20220 10094 20012 30265 40271 51009 82100==
16723 42560 33612 10094 21021 30245 40258 51005 83200 333 90730 91132==
16742 42560 33620 10088 21003 30073 40233 57003 83100 333 90730 91132==
16749 42460 13213 10112 21029 30193 40207 56001 81100 333 90730 91124==
16754 42560 53319 10104 20025 30225 40274 57001 85800 333 81820 85625 90730 91129==
16760 42460 63617 10078 21004 40268 52002 86800 333 82818 86625 90730 91135==
16765 42560 33327 10102 21001 40222 54000 83500 333 90730 91142==
17022 41545 70211 10009 20008 30122 40296 52015 78511 85270 333 85830 87358 90730 91121==
17024 42568 73506 10029 21003 30187 40268 52008 85570 333 83828 85632 87360 90730 91128==
17026 42570 73009 10048 20019 30216 40256 52016 84270 333 84830 87359 90730 91130==
17031 41456 72914 10041 21003 30231 40238 52011 78382 85270 333 83714 85828 87358 90730 91130==
17034 41470 72105 10040 20003 30191 40239 52010 72162 87500 333 84712 87628 90730 91120==
17038 42670 73109 10067 21010 30172 40221 52017 87500 333 87635 90730 91118==
17042 41560 81101 10044 20032 30194 40235 52019 76166 8552/ 333 85630 88458 90730 91107==
17050 42/70 23504 10051 21059 30272 40337 53005 82030 333 82360 90730 91115==
17056 42/70 30313 10047 21030 30318 40323 53007 83030 333 83360 90730 91119==
17060 41660 73617 10039 21038 30272 40314 52022 78388 85250 333 85835 86357 90730 91135==
17070 41562 70603 11013 21066 39365 40274 52010 70172 85520 333 85630 87460 90730 91110==
17074 41570 73302 11017 21066 39295 40268 52021 70272 84520 333 84628 87458 90730 91116==
17084 42670 73306 10004 21062 39301 40239 52012 84550 333 84635 87360 90730 91115==
17085 42670 33306 10024 21078 39730 40237 52012 81530 333 81640 83360 90730 91127==
17092 42670 72901 11016 21080 38816 48445 52019 84550 333 84635 87357 90730 91110==
17096 41556 70716 11035 21078 38158 48432 52020 71072 85550 333 85625 87357 90730 91128==
17098 41540 80409 11040 21056 38126 48444 52016 77122 8552/ 333 85625 88457 90730 91119==
17100 41436 70000 10013 20007 39130 40146 52011 71022 84730 333 84715 87357 90730 91102==
17112 42670 30311 10070 21079 30304 40307 50000 83200 333 83835 90730 91119==
17115 42660 60118 10046 21035 30260 40313 53005 84250 333 84835 86360 90730 91126==
17116 41557 70901 10019 20017 30182 40310 52014 78382 85250 333 85830 86359 90730 91113==
17124 41557 63209 11002 21064 39322 40278 52010 71582 86200 333 86825 90730 91119==
17128 42670 30212 11011 21115 39108 40254 52015 83200 333 83840 90730 91126==
17135 42670 63306 10014 21087 39323 40228 50012 83550 333 83640 86360 90730 91114==
17140 41665 30703 11047 21081 38700 48480 52012 70271 83500 333 83640 90730 91113==
17150 42460 70114 10040 21015 30169 40298 52008 87100 333 83715 86835 90730 91126==
17160 41670 50107 11013 21101 39028 48483 52014 70172 85500 333 85640 90730 91119==
17170 42460 70605 10021 21060 38214 48389 52019 84750 333 81715 84630 87357 90730 91116==
17175 42665 20606 10067 21067 30285 40289 52007 82100 333 82840 90730 91115==
17184 42670 50104 10042 21030 30171 40287 51002 85200 333 85840 90730 91114==
17190 41560 53506 11010 21093 39022 48505 52009 77000 85500 333 85630 90730 91115==
17195 41570 70211 11029 21070 38966 48475 52016 70272 85570 333 85630 87358 90730 91116==
17200 42660 63114 10014 21081 39136 40140 52021 83530 333 83635 86359 90730 91123==
17202 42460 82107 10006 21006 39065 40124 52021 8652/ 333 82712 85635 88458 90730 91114==
17203 41670 72402 10006 21028 38784 48440 52016 70272 8352/ 333 83640 87460 90730 91108==
17210 42570 82301 10065 20045 39019 40050 52017 8452/ 333 84633 88459==
17219 42565 30220 10061 21040 30126 40276 52004 83200 333 83830 90730 91133==
17234 42670 13203 10084 21042 30181 40251 50006 81100 333 81840 90730 91111==
17237 42670 33404 10068 21088 39726 40246 53001 83200 333 83835 90730 91116==
17240 42570 53309 10010 21065 39049 40234 52008 83550 333 83630 85360 90730 91125==
17244 41670 63612 11004 21087 39002 48485 52008 72682 84250 333 84835 86359 90730 91126==
17248 41656 80904 11020 21067 38973 48470 52016 77022 84420 333 84635 87460 90730 91114==
17250 42670 70209 11032 21084 38792 48477 52019 84570 333 84640 87360 90730 91124==
17260 42660 73612 10068 21072 39237 40054 52034 82230 333 82840 87360 90730 91126==
17270 42670 70000 10073 21001 39425 40073 52021 85520 333 85640 87460 91012 90730 91114==
17275 41640 80000 10034 20024 38867 48393 52021 76022 8552/ 333 85635 88459==
17280 41670 83013 10052 20017 39275 40064 52020 70362 8552/ 333 85635 88460 90730 91122==
17290 42970 03409 10090 21030 30204 40237 52001 333 90730 91125==
17292 42970 03504 10046 21104 39440 40219 51004 333 90730 91112==
17300 42560 23426 10097 21090 30123 40196 52012 82100 333 82830 91038 90730 91140==
17310 42970 00505 10120 21109 30132 40139 52022 333 90730 91117==
17330 42970 02805 10099 21077 30110 40128 52023 333 91018 90730 91124==
17350 42960 03413 10110 21075 30029 40108 51029==
17370 42670 33315 10131 21008 30107 40111 52031 83100 333 83835 90730 91124==
17375 42970 03603 10112 21098 30171 40173 52016 333 90730 91112==
33088 42560 80000 11002 21064 30208 40409 52011 885//==
33135 42660 80802 11004 21056 30260 40415 52015 885// 333 88637==
33177 42570 60101 10005 21047 30152 40400 52007 82539==
33317 42/70 73401 11012 21084 30049 40403 52010 87030==
33393 41357 82401 11002 21010 39983 40392 52007 71072 886// 333 88708==
33415 42560 70000 11008 21068 39983 40400 53010 87500 333 87628==
33429 42560 80802 11014 21080 39956 40400 52011 8655/ 333 86631==
33466 41559 80302 11012 21032 30202 40399 52018 78582 889//==
33506 42560 80404 11043 21062 30184 40393 52011 885//==
33562 41560 80202 11008 21030 30086 40406 52013 78582 8695/==
33587 41560 80201 11010 21071 30116 40392 52018 70282 8595/==
33658 42684 70503 11004 21062 30085 40399 52011 87500 333 87634==
33663 42560 63602 10012 21054 30288 40388 52010 85530==
33664 42598 80000 11002 21070 30059 40391 52010 8657/=
33678 41598 72801 11017 21031 30185 40407 52012 78582 84970=
33679 42497 83402 11001 21047 30178 40377 52005 889// 333 88916=
33711 42560 70404 11016 21057 30157 40378 52016 84301 333 84925==
33745 42597 73302 10001 21026 30204 40407 52014 86930=
33748 42597 70202 11004 21052 30083 40382 52016 84330=
33754 42598 83502 10004 21043 30227 40380 52015 8435/=
33761 42/70 80304 11012 21050 30148 40382 52018 8805/==
33791 42475 80304 11033 21061 30236 40371 52013 886// 333 88714==
33815 41598 80503 10000 21056 30152 40369 52014 70282 889//=
33837 42475 60104 11010 21045 30307 40362 53019 86500 333 85715==
33881 42598 73403 10000 21039 30170 40376 52011 87300=
33883 42598 73605 10001 21042 30197 40365 52011 87300=
33885 42597 60104 11005 21055 30237 40378 52009 83340=
33892 41598 80203 11007 21048 30160 40383 53016 70282 883//=
33902 42560 60507 11008 21044 30290 40352 52016 86500==
33924 22560 80407 10005 21031 30316 40329 53015 889// 333 60042 91012 90730 91112==
33946 21409 80310 11024 21027 30078 40310 52013 77572 8672/ 333 60022 88518 91013 90730 91114==
33983 21460 80411 10010 21004 30206 40269 53016 72683 8635/ 333 60032 91017 90730 91118==
34300 42560 80202 11031 21067 30205 40392 53010 885//==
34336 22660 60604 11062 21092 30271 40381 52014 83504 333 11019 69902==
34344 22970 20401 11085 21101 30284 40379 52015 80001 333 11025 60002==
34356 22970 50402 11084 21108 30216 40374 52013 80006 333 11062 60002==
34357 22/70 20405 11081 21106 30202 40367 52014 81031 333 11037 60002==
34398 429// 21007 11030 21068 30354 40367 52013 80001 333 11017==
34415 42660 80502 11020 21066 30266 40367 53005 885//==
34438 22/60 20405 11077 21098 30156 40361 52011 82040 333 11022 60002 90730 91110==
34445 22970 00304 11091 21108 30245 40368 53013 333 11032 60002==
34461 22460 80403 11053 21083 30304 40362 52011 885// 333 11045 60002==
34473 /25// 50605 11047 21079 30317 40357 52015 82501 333 11034 555 69902=
34476 21/70 70404 11044 21071 30342 40350 52012 70272 83034 333 11024 69902 90730 91110==
34504 42470 80305 11037 21059 30186 40370 52010 886//==
34535 22570 10303 11063 21097 30282 40358 53022 81500 333 11017 60002==
34545 22/70 50403 11074 21098 30234 40353 53016 80040 333 11024 69902 90730 91110==
34555 22570 80509 11048 21079 30259 40356 53017 885// 333 11020 60002 91013 90730 91113==
34560 41440 80607 11048 21066 30149 40350 52015 77772 886// 333 11048 88712 91010 90730 91111==
34578 21540 80504 11027 21028 30327 40335 53013 71022 885// 333 11027 60002==
34579 22570 20103 11036 21061 30290 40335 52012 82500 333 11025 60002==
34644 22560 80404 11041 21065 30252 40333 52018 8657/ 333 11016 60002 90730 91110==
34646 21440 80705 11034 21062 30247 40333 52018 77772 886// 333 11008 60002 90730 91110==
34655 22560 80506 11043 21077 30274 40337 52018 885// 333 11013 60002 90730 91111==
34662 22470 70404 11035 21068 30327 40339 52015 87500 333 11030 69902 87617==
34691 22/70 20704 11016 21076 30547 40534 53015 82030 333 10008 60002==
34720 22470 80504 11014 21043 30283 40325 52016 886// 333 11009 69932 90730 91111==
34727 22560 80707 11008 21034 30282 40314 52015 883// 333 11007 69922 91012 90730 91114==
34743 21560 80604 11037 21060 30235 40329 52021 70282 8495/ 333 11010 69932==
34759 22460 80405 11042 21058 30184 40321 52019 889// 333 11008 69902 90730 91110==
34772 22560 80506 11018 21042 30317 40320 53014 885// 333 11018 60002==
34785 22960 00404 11020 21043 30335 40312 53012 333 11008 69902==
34798 22960 00804 11016 21076 30447 40417 53018 333 10024 60002==
34824 21560 80605 10000 21023 30291 40297 52017 72682 885// 333 10001 69982 90730 91113==
34838 22460 80504 11006 21037 30193 40293 52017 886// 333 10007 69942 90730 91112==
34845 21440 80704 11028 21043 30195 40308 53019 77172 8872/ 333 11001 69912 90730 91110==
34858 21440 80603 11033 21066 30195 40308 52016 77172 885// 333 11001 69902==
34861 21440 80706 11053 21083 30057 40312 52019 77772 886// 333 11019 69902 90730 91112==
34866 22560 80405 11030 21063 30319 40309 52015 885// 333 11028 69902==
34880 22960 00702 11002 21040 30327 40300 52014 333 10009 69902==
34887 21540 80504 11001 21015 30317 40294 53017 71011 885// 333 10018 69902==
34949 22/// /0606 11061 21068 39726 40301 52022 333 11018 69992==
34954 22560 80702 11033 21069 30121 40303 52019 885// 333 10001 69952==
34958 22570 80603 11040 21064 30093 40302 52019 885// 333 11001 69932==
34975 22470 80101 11026 21046 30296 40292 52013 885// 333 11020 69902 88619==
34984 22460 80204 11007 21023 30321 40290 53017 886// 333 10013 60002==
35217 12/// 50704 11052 21093 30359 40401 52010 60002 85080 333 11020==
35302 12/// 21115 11040 21074 30371 40393 52014 60002 82040 333 11021 91016 90730 91120==
35315 325// 50807 11053 21086 30325 40384 52003 82502 333 11025=
35344 /29// 50506 11090 21124 30113 40418 53007 85030 333 11042 555 69902=
35358 11/// 20507 11096 21126 30192 40372 52004 60002 70230 82040 333 11072==
35368 319// 00708 11132 21167 30094 40379 57004 73630 333 11065=
35386 319// 01007 11156 21183 39832 40392 53003 73733 333 11120=
35394 11970 00305 11174 21209 39669 40402 54000 60002 77600 333 11126==
35404 329// 21009 11031 21059 30353 40362 52012 80001 333 11014=
35406 129// 30805 11044 21083 30363 40365 52010 60002 80001 333 11009==
35416 115// 60710 11057 21105 30250 40376 53004 60002 73631 86500 333 11024 91016 90730 91118==
35426 115// 70607 11054 21092 30083 40386 52001 60002 73632 87500 333 11040==
35437 319// 80711 11061 21092 30145 40475 58004 73632 8807/ 333 11056 91015 91115=
35449 319// 00207 11096 21132 30268 40377 57001 73630 333 11044=
35497 129// 00504 11127 21169 39783 40652 57007 60002 333 11078==
35498 329// 03401 11176 21201 39434 40381 52002 333 11102=
35514 32998 00706 11050 21078 30572 40568 52006 333 11019=
35522 329// 60804 11057 21100 30104 40366 52006 70333 86030 333 11042=
35542 329// 00507 11093 21123 30226 40382 53001 333 11035=
35563 32598 80802 11127 39558 40373 53003 82502 333 11104=
35576 129// 00504 11156 21184 39871 40353 54000 60002 333 11092==
35582 329// 00506 11150 21189 39717 40359 57003 333 11095=
35594 329// 00701 11183 21203 39465 40370 57003 333 11113=
35605 32998 00506 11030 21064 30352 40330 52011 333 11010=
35633 325// 80408 11074 21104 30137 40361 53005 885// 333 11052=
35671 12970 00203 11138 21165 39893 40351 54000 60002 333 11074==
35699 129// 20503 11121 21177 39546 40342 54000 60002 80001 333 11072==
35700 12970 00608 11026 21056 30344 40310 52011 60002 333 10006==
35715 32997 00906 11038 21083 30335 40320 53008 333 10001=
35739 329// 00505 11080 21137 30175 40321 53001 333 11046=
35746 129// 00308 11069 21098 30251 40321 57001 60002 333 11040==
35777 329// 00505 11153 21187 39967 40336 57003 333 11078=
35796 12960 00503 11157 21181 39878 40345 52003 60002 333 11096==
35849 129// 00204 11058 21120 30207 40296 53002 60002 333 10005==
35895 32997 03503 11149 21162 39866 40341 54000 333 11104=
35907 32998 00310 10006 21017 30300 40269 53014 333 10018=
35925 129// 20507 11047 21081 30182 40297 53010 60002 80002 333 11018==
35927 329// 01106 11024 21074 30288 53011 333 11001=
35953 129// 00512 11065 21120 30153 40288 54000 60002 333 11013 90730 91118==
35969 129// 00704 11083 21152 30115 40296 53001 60002 333 11022==
35997 319// 20000 11136 21171 39863 40324 53002 71000 80001 333 11097=
36259 42984 00702 11342 21373 38345 48631 57001==
36335 329// 00000 11199 21226 39316 40429 53004 333 11100=
36358 319// 03604 11184 21206 39322 40420 54000 71000 333 11128=
36394 329// 01302 11263 21279 39964 40438 52002 333 11153=
36397 12/// 10000 11239 21262 39808 40433 52002 60002 81040 333 11138==
36403 /19// 01701 11241 21253 30024 40426 52002 71000 333 11119 555 69902=
36418 329// 02401 11250 21268 39760 40445 53001 333 11187=
36421 329// 00000 11294 21319 39812 40452 53005 333 11199=
36428 129// 03602 11286 21324 39886 40454 53005 60002 333 11189==
36439 329// 01902 11154 21184 39056 48546 53002 333 11051=
36498 319// 00104 11151 21209 39528 40370 58004 70230 333 11087=
36501 /19// 70000 11180 21198 39601 40414 58002 72842 87030 333 11117 555 69902=
36535 129// 00000 11300 21330 39746 40466 52002 60002 333 11195==
36546 329// 03001 11288 21312 39845 40456 53003 333 11204=
36619 329// 00501 11164 21198 333 11074=
36622 329// 03606 11188 21218 39530 40399 53003 333 11128=
36639 129// 00601 11149 21219 39708 40352 54000 60002 333 11015==
36643 329// 02101 11262 21277 39708 40449 51001 333 11187=
36665 319// 02401 11220 21238 39629 40426 52003 71000 333 11206=
36666 324// 12502 11298 21319 39895 40456 54000 81600 333 11214=
36729 32998 02301 11154 21168 39826 40340 54000 333 11076=
36736 329// 30903 11093 21149 39772 40349 52005 82041 333 10005=
36744 329// 50502 11152 21183 39848 40328 53003 80001 333 11101=
36770 329// 00000 11158 21158 39563 40338 54000 333 11050=
36786 32999 00000 11107 21151 39362 40322 53001 333 11002=
36796 329// 00000 11199 21238 39081 48505 53002 333 11118=
36803 32999 03001 11146 21182 39858 40336 58007 333 11075=
36806 329// 81611 11140 21213 39858 40356 53006 80002 333 11110 91017 91122=
36819 319// 80901 11110 21129 39666 40309 58006 71022 8802/ 333 11095=
36821 119// 50000 11095 21116 39805 40316 52002 60002 71022 80002 333 11046==
36839 32998 00000 11116 21176 39147 40333 52005 333 10008=
36843 329// 02302 11084 21115 39100 40317 52003 333 10040=
36846 329// 20701 11077 21183 38647 48534 52003 80005 333 10007=
36859 129// 00000 11070 21086 39544 40356 52005 60002 333 10039==
36870 12/// 30501 11036 21070 39246 40278 52001 60002 83030 333 10045==
36874 326// 21801 11152 21176 39525 40358 53093 82500 333 11031=
36877 329// 20000 11093 21113 39673 40733 52002 82030 333 10007=
36885 329// 21402 11050 21096 39138 40294 52002 82030 333 10040=
36889 329// 01802 11120 21241 37052 47068 52003 333 11050=
36894 329// 20000 11039 21104 39538 40295 51004 80001 333 10003=
36905 329// 21602 11056 21112 38785 48546 52004 80002 333 10020=
36911 129// 30702 10024 21047 39320 40325 52041 6//// 80001 333 10091 555 530//=
36927 12697 53202 11016 21098 38376 48544 52008 6//// 85900 333 10040 555 530//=
36934 12697 20301 11018 21063 38291 48420 53004 6//// 82502 333 1//// 555 530//=
36953 329// 22601 11148 21158 38236 48508 52008 80001 333 11028=
36963 129// 51402 11146 21227 37033 48/// 52006 6//// 80001 333 11063 555 530//=
36974 129// 43601 11118 21162 38027 48582 53011 6//// 80001 333 11020 555 530//=
36982 129// 20301 11171 21254 36512 47119 52007 6//// 80001 333 11077 555 530//=
37018 22660 80104 10042 21024 30135 40211 52019 85834 333 10063 69932 90730 91112==
37031 22560 80605 11018 21055 30077 40280 52023 8657/ 333 10015 69912 90730 91110==
37054 21440 80503 11035 21046 39890 40291 52021 77177 8872/ 333 11003 60022==
37061 21540 80503 11037 21054 30123 40300 52019 78582 883// 333 11004 69922==
37085 22540 80306 10000 21009 30311 40284 52020 885// 333 10005 69902 90730 91110==
37171 21440 80000 10063 20035 30187 40206 52017 70282 889// 333 10068 69932 84716==
37228 21420 80701 11015 21032 39400 40260 52020 77172 8872/ 333 11014 69952==
37235 21340 80901 11006 21009 39945 40272 52022 77777 886// 333 11003 60022==
37472 21540 83303 10028 20018 30282 40259 52021 72162 8657/ 333 10029 60042==
38149 12970 00203 11018 21092 30169 40248 53003 60002 333 10030==
38178 129// 00203 11008 21097 39918 40222 57002 60002 333 10043==
38262 129// 00403 11022 21081 30154 40238 57003 60002 333 10027==
38264 12970 00104 11013 21089 30142 40239 52007 60002 333 10045==
38345 12998 80901 11007 21045 38831 48520 52006 6//// 86036 333 10086 555 530//=
38353 129// 71401 10000 21053 39356 40273 52002 6//// 80006 333 10095 555 530//=
38388 12998 50504 10066 21032 30110 40181 54000 6//// 85030 333 10112 555 530//=
38392 12997 20306 10020 21077 30109 40214 53009 6//// 80002 333 10104 555 530//=
38396 12960 00406 10017 21087 30091 40219 53008 60002 333 10097==
38403 129// 00204 10061 21083 30095 40216 57008 60002 333 10119==
38413 129// 01103 10069 21038 39923 40214 57004 60002 333 10108==
38457 12960 00101 10073 21036 39631 40217 57002 60002 333 10153==
38462 129// 00000 11004 21112 38781 48514 57003 60002 333 10094==
38507 12996 70508 10092 21030 30046 40148 57011 6//// 87030 333 10127 555 530//=
38545 12998 50703 10098 21027 30013 40187 53003 6//// 80003 333 10150 555 530//=
38565 129// 00000 10062 21027 39596 40170 53001 60002 333 10155==
38579 129// 00000 10084 20000 39790 40206 57003 60002 333 10152==
38583 12960 01401 10069 21004 39895 40217 57003 60002 333 10144==
38599 31995 00703 10041 21025 39697 40240 54000 71000 333 10098=
38611 11940 03403 10040 21040 39678 40257 52006 60002 71000 333 10107==
38613 129// 20101 10022 21028 40261 53006 6//// 80001 333 10100 555 530//=
38616 129// 00901 10004 21050 39238 40276 53015 6//// 333 10080 555 530//=
38618 129// 00000 10018 21016 39545 40248 52005 60002 333 10105==
38647 12997 80904 10097 21009 30094 40136 52001 6//// 80007 333 10120 555 530//=
38656 12998 60702 10124 21030 30050 40158 53004 6//// 85080 333 10156 555 530//=
38683 11940 00204 10084 21012 39911 40186 53002 60002 70500 333 10173==
38687 12797 70903 10116 21005 39946 40179 54000 6//// 87500 333 10174 555 530//=
38696 129// 01401 10081 21019 39349 40200 53002 60002 333 10154==
38713 329// 01403 10022 21074 39058 48520 54000 333 10118=
38750 12997 62501 10089 20046 30176 40148 53005 6//// 80001 333 10113 555 530//=
38763 12597 60804 10088 20002 30040 40144 57002 6//// 86500 333 10110 86630 555 530//=
38774 12995 61002 10106 20021 39964 40156 53003 6//// 80008 333 10132 555 530//=
38799 32597 61404 10143 20041 39940 40166 57003 86500 333 10192=
38806 32997 00902 10114 21022 39907 40164 54000 333 10174=
38812 12960 41202 10115 20011 39728 40174 53002 60002 80001 333 10188==
38836 329// 00000 10086 20019 39257 40187 52002 333 10137=
38880 12796 60902 10104 20005 39893 40145 55001 60002 8//// 333 10130 555 530//=
38886 12997 63201 10106 20019 39922 40147 57005 6//// 85030 333 10153 555 530//=
38895 32996 00902 10140 21022 39870 40152 57003 333 10194=
38911 31996 61509 10142 20009 39881 40169 57006 70522 85072 333 10186=
38915 32997 31408 10144 21044 39864 40180 57003 80001 333 10191=
38927 11956 30603 10085 20002 39824 40200 53004 60002 70500 80001 333 10183==
38933 329// 03601 10103 20015 39703 40213 57004 333 10175=
38944 329// 03604 10102 21012 39601 40129 57017 333 10160=
38954 328// 30000 11033 21116 37972 48560 54000 82901 333 10004=
38974 12998 81401 10142 20050 39798 40123 57005 6//// 80008 333 10198 555 530//=
38987 32996 70000 10120 20038 39411 40138 54000 87070 333 10192=
40100 43/58 81206 10089 20067 30134 40150 53025 333 58///=
40180 01560 73002 10108 20064 30094 40144 52015 72162 8520/ 333 70000==
40199 02/// /3402 10168 20009 30140 40165 52015 333 70000==
40265 41540 32910 10060 20000 39331 40138 52024 70511 83300 333 81825 83630=
40270 41440 73015 10053 20009 39224 40137 52023 75465 87200 333 85710 82825=
40272 41550 72819 10052 20029 39288 40136 52024 70722 87800 333 82825 85630=
40340 41550 63615 10158 20000 30105 40170 52015 70511 86100 333 84825=
40356 41558 52722 10065 21010 39116 48421 70722 85500 333 58011 85630 555 04410 50104=
40357 42560 53422 10107 21010 39450 40091 85500 333 58027 85630=
40360 41557 73122 10086 20000 39522 40117 70722 87500 333 58020 87630=
40361 41620 33125 10096 21040 39336 40144 70700 83500 333 58017 83640=
40362 41915 02916 10153 21030 39574 40089 70731 333 58022=
40373 42960 02508 10200 20010 39669 40082 333 58014=
40375 41957 03117 10154 21060 39224 40099 70700 333 58006=
40394 42960 02718 10186 21080 38959 48440 333 58001 555 04410 50077=
40400 42660 63118 10190 20070 30110 40138 83502 333 58030 83640 83070=
40405 42960 00606 10218 20020 39335 40058 333 59006=
40417 41956 51508 10238 20010 30062 40077 70610 82032 333 59050 82360 84070=
40430 42960 42213 10248 21050 39362 40088 80006 333 58000 84070=
40437 41630 52702 10271 20100 39382 40067 70600 85400 333 59028 85640=
40439 42960 42720 10232 20090 30090 40108 81031 333 58009 81360 83070=
40582 41957 20000 10206 20037 40080 53016 70500 82030 333 55300 00000 10266 20018 30005 41062 51341 60023 55407 40013 82360 90400 91005 91113 91209 91305=
40703 41660 80000 10008 21010 38828 40110 53010 70272 8452/ 333 10018 21002 70147 84635 88458 555 10001 29087 66666 00020 10020 20038 30046 50062 90090=
40706 42460 80308 10020 21045 38553 40095 52010 83377 333 10056 20018 70003 81710 82930 85458 88267 555 11005 29062=
40712 41204 80204 10005 20005 38566 40080 52007 77377 8672/ 333 10015 20001 70288 84706 84620 88457 555 10005 29100 66666 00005 10011 20018 30021 50036 90054=
40713 41658 80910 10047 21023 38530 40037 53006 76022 8452/ 333 10060 20028 70002 84635 88458 555 10020 29061 66666 00054 10052 20056 30061 50074 90097=
40718 41456 83606 10086 20077 30194 40165 52011 76366 8532/ 222// 0//// 20203 333 10095 20080 70142 82912 84615 88556 555 10082 29094 66666 00094 10096 20096 30098 50110 90128=
40723 42660 43003 10082 21083 38885 40132 55003 81576 333 10130 21052 70000 81640 84270 555 10025 29030 66666 00050 10052 20034 30034 50048 90070=
40726 41620 80000 10004 21009 38534 40070 51006 71072 8452/ 333 10044 20004 70161 84635 88458 555 11001 29091 66666 00030 10030 20044 30040 50052 90084=
40727 41560 81902 10011 20002 38357 40056 52018 72672 8632/ 333 10086 20006 70023 82930 85635 88458 555 10008 29094 66666 00027 10043 20038 30038 50043 90074=
40732 41550 83104 10090 20073 30162 40138 53004 72162 87320 333 10114 20090 70008 82920 85625 88458 555 10082 29089 66666 00098 10098 20096 30096 50106 90128=
40736 42560 82402 10103 20077 30175 40149 53016 8662/ 333 10131 20088 70000 86720 88459 555 10091 29084 66666 00103 10104 20093 30092 50096 90120=
40738 41530 82103 10089 20064 30161 40163 52018 76022 8662/ 333 10134 20038 70001 86720 88558 555 10078 29084 66666 00100 10092 20082 30084 50098 90122=
40739 42665 50602 10086 21093 38622 40108 53003 81508 333 10134 20046 70000 81635 84268 555 10024 29027 66666 00094 10096 20080 30070 50066 90087=
40741 42660 50000 10123 21005 39800 40135 53006 82502 333 10190 20025 70000 82635 85070 555 10070 29041 66666 00119 10119 20103 30094 50097 90117=
40743 42665 40204 10114 21085 38994 40104 53004 82402 333 10185 20056 70000 82635 84070 555 10043 29024 66666 00135 10135 20115 30108 50119 90134=
40745 42960 62103 10100 21011 38987 40141 53001 80008 333 10141 20002 70000 86269 555 10049 29046 66666 00100 10104 20084 30072 50074 90105=
40747 41557 82403 10037 20016 38509 40039 52008 78082 8532/ 333 10104 20033 70022 81930 84635 88558 555 10028 29086 66666 00071 10075 20069 30065 50069 90093=
40754 41560 80607 10086 21024 38740 40075 52011 70282 8432/ 333 10132 20074 79999 81930 83635 88460 555 10041 29046=
40762 41558 60602 10082 21111 38510 40145 53003 70522 81408 333 10106 21009 70000 81630 86269 555 10018 29024 66666 00064 10068 20076 30054 50066 90090=
40766 41560 80502 10035 20026 38582 40057 53008 76066 85892/ 333 10098 20034 70123 83930 85640 87557 555 10031 29094 66666 00046 10054 20066 30072 50078 90098=
40768 41510 82101 10001 20001 38139 40048 50003 77372 8442/ 333 10082 21001 70058 84630 88557 555 10001 29100 66666 00035 10038 20047 30049 50040 90058=
40769 42560 83403 10042 21002 38171 40043 57006 8132/ 333 10101 21001 70001 81930 88458 555 10023 29073 66666 00064 10064 20064 30056 50066 90102=
40780 41656 80701 10018 20002 38576 40079 52017 76196 8532/ 333 10093 20018 70088 81935 84640 88557 555 10011 29089 66666 00054 10070 20074 30074 50080 90100=
40782 41520 80000 10048 20040 38757 40053 53005 76596 8732/ 333 10125 20048 70130 82930 85635 88556 555 10045 29095 66666 00070 10082 20084 30080 50100 90116=
40785 42660 23104 10119 21110 38978 40071 53008 82500 333 10166 20020 70000 82640 555 10041 29019 66666 00130 10130 20110 30100 50110 90160=
40791 41656 62902 10138 21080 39277 40100 55013 70622 83570 333 10176 20054 70000 83640 85360 555 10059 29021 66666 00140 10142 20130 30130 50138 90164=
40792 42660 81502 10123 21067 38666 40109 53008 8352/ 333 10155 20046 70000 83635 88460 555 10050 29026 66666 00130 10134 20120 30096 50114 90124=
40798 42560 62207 10037 21034 37878 40089 58009 83306 333 10071 21004 70003 81930 83635 85269 555 10009 29060 66666 00049 10056 20051 30049 50060 90080=
40800 42660 32505 10110 21043 38368 40073 55002 83500 333 10138 20041 70001 83640 555 10048 29034 66666 00088 10106 20080 30068 50084 90120=
40809 42660 51206 10094 21131 38458 40126 53005 82572 333 10156 20042 70000 82640 84460 555 10022 29019 66666 00112 10109 20093 30087 50101 90128=
40811 41950 21905 10193 20118 30046 40072 52020 70600 82030 333 10238 20130 70023 82360 555 10151 29062 66666 00196 10194 20180 30180 50188 90208=
40812 42660 81609 10188 20066 39686 40052 52006 8637/ 333 10207 20135 70000 82935 84640 88459 555 10126 29045 66666 00184 10180 20176 30164 50170 90194=
40821 42665 41102 10157 21037 38697 40057 54000 81502 333 10190 20074 70000 81640 84070 555 10075 29026 66666 00139 10130 20109 30107 50114 90134=
40829 42960 63204 10148 21093 39584 40166 53008 86070 333 10217 20010 70000 86359 555 10063 29018 66666 0//// 10152 20124 30110 50142 90178=
40831 41940 01804 10188 20067 30062 40070 52007 70521 333 10234 20164 70058 555 10127 29045 66666 00206 10220 20200 30196 50202 90224=
40833 41650 71608 10218 20065 30061 40092 52004 70722 87300 333 10252 20160 70007 81935 86640 555 10140 29037 66666 00228 10222 20206 30192 50196 90216=
40841 42660 70502 10090 21019 38211 40133 53002 84370 333 10168 20017 70000 81935 83640 87360 555 10044 29046 66666 00090 10090 20080 30088 50110 90144=
40845 41650 71708 10208 20151 30090 40095 53009 70622 83470 333 10220 20190 70005 83640 87460 555 10174 29070 66666 00190 10190 20180 30180 50186 90202=
40848 42660 70000 10100 21046 38490 40128 53003 84370 333 10126 20068 79999 81935 83640 87460 555 10042 29035 66666 00086 10090 20090 30092 50102 90124=
40854 42660 42603 10197 21053 38903 40082 52013 81470 333 10232 20112 70000 81640 83461 555 10092 29018 66666 00180 10180 20167 30162 50170 90196=
40856 42660 72006 10108 21102 38630 40175 52011 82512 333 10156 20008 70000 82640 86459 555 10035 29022 66666 00126 10134 20118 30098 50110 90136=
40859 42660 72004 10132 21071 38681 40150 50002 83372 333 10146 20022 79999 82935 83640 87459 555 10054 29024 66666 00128 10126 20116 30116 50126 90149=
40875 41556 61502 10218 20164 30138 40150 52009 70522 82135 333 10245 70000 82830 84270 555 10185 29071 66666 00246 10256 20230 30216 50225 90244=
40879 42962 62003 10221 21060 39478 40156 52020 85072 333 10263 20103 70000 85360 555 10105 29015 66666 00242 10244 20210 30202 50204 90234=
40882 41558 71104 10218 20137 30095 40130 53003 70522 84506 333 10236 20186 70000 84630 84269 555 10171 29060 66666 00230 10232 20220 30220 50218 90244=
40883 41950 40902 10212 20122 30105 40133 50002 70521 80008 333 10240 20170 70000 84270 555 10161 29056 66666 00232 10234 20220 30216 50228 90246=
40893 42960 41406 10224 20148 30146 40152 52013 80008 333 10232 20187 70000 84267 555 10179 29062 66666 00264 10262 20242 30242 50240 90244=
40898 42960 21604 10218 20125 30157 40166 55011 80002 222// 00230 20900 333 10240 20176 70000 82069 555 10165 29055 66666 00230 10252 20252 30256 50256 90266=
41024 42660 53317 10248 20160 30092 40117 85500 333 58023 85640=
41036 42560 42718 10200 20110 38534 48484 84800 333 59002 84830 555 04410 50099=
41055 42960 02312 10200 20070 38344 48490 333 58002 555 04410 50107=
41061 42960 00302 10291 21100 39372 40067 333 59022=
41084 42960 02811 10282 20040 38806 48464 333 59011 555 04410 50057=
41112 42960 01911 10174 20090 37935 48500 333 58005 555 04410 50087=
41114 42960 01806 10188 20080 37971 48503 333 58003 555 04410 50093=
41128 42960 01008 10315 21100 38754 48464 333 59022 555 04410 50053=
41136 42960 02108 10307 21090 39266 40068 333 59031=
41140 42960 02306 10274 20190 30097 40103 333 58002=
41150 42662 71210 10207 20133 40093 81531 333 59046 81635 85075=
41170 42960 81110 10207 20144 30090 40103 80002 333 59045 88070=
41176 44/58 /1207 10218 20165 30092 40098 333 5////=
41184 42960 59903 10220 20054 40143 80001 333 59019 85070=
41194 42960 20409 10244 20132 30125 40131 80001 333 59023 82075=
41196 42960 30210 10228 20130 30097 40138 80001 333 59023 83075=
41216 42960 20903 10263 20071 30120 40124 80001 333 59033 82075=
41217 42960 51105 10263 20055 30093 40122 80001 333 59030 85075=
41244 36/// /1706 10244 20067 39702 40113 333 0E019 55300 25022 59016=
41246 36/// /1207 10226 20172 30146 40149 333 0E018 55300 25022 59004=
41254 36/// /1705 10116 20012 38052 49842 333 0E003 55300 25022 59005=
41263 36/// /1508 10243 20048 39561 40118 333 0E014 55300 20236 59006=
41265 36/// /1408 10238 20057 39560 40121 333 0E017 55300 20244 59009=
41267 36/// /1310 10230 20139 30143 40155 333 0E017 59012=
41268 36/// /1310 10228 20138 30100 40147 333 0E016 55300 25022 59012=
41275 36/// /1516 10245 20127 39987 40156 333 0E012 55300 20140 59012=
41288 36/// /1010 10232 20141 30136 40159 333 0E019 59010=
41315 36/70 /1613 1//// 2//// 39310 47910 333 0E020 55300 27865 59021=
41316 32586 29904 10234 20161 30114 40144 82500 333 59020 55272 55407 55408 55507 55508 82625=
41396 42965 01406 10293 21009 39370 40069 333 59025=
41480 42560 10910 10253 20181 30115 40124 81500 333 59015 81620=
41506 22695 40000 10060 20003 38534 48531 82520 333 56990 58026 60007 82640 83460=
41508 22996 00000 10047 21020 38697 48562 333 58005 60007=
41515 22695 20000 10066 21026 38556 48518 82500 333 56900 58007 60007 82650=
41516 22696 30000 10045 21044 38553 48510 83100 333 56900 58038 60007 83840=
41517 21696 20000 10010 21080 37807 48541 70500 82500 333 56900 58045 60007 82635=
41518 22696 41802 10061 21051 38/// 48/// 82520 333 56990 5//// 60007 83640 82462=
41519 22996 00000 10125 21018 38770 48510 333 58035 60007=
41523 22996 00000 10110 20007 39119 48530 333 58028 60007=
41535 22996 00000 10075 21012 38748 48514 333 58028 60007=
41536 22996 00000 10095 20015 39064 48526 333 58008 60007=
41560 22996 00000 10065 21018 38314 48543 333 59009 60007=
41571 219// 13108 10145 21010 39594 40215 70500 81030 333 56090 60007 58004=
41598 21996 00000 10140 20028 39899 40176 70500 333 58020 60007=
41600 21996 03102 10155 20087 40174 70400 333 58017 60007=
41620 32996 01302 10110 21090 38585 48488 333 58016 60007=
41624 21996 00000 10155 20087 40195 70400 333 58035 60007=
41630 21996 00000 10150 20069 40192 70400 333 58022 60007=
41640 21996 00000 10170 20070 39929 40182 70400 333 58024 60007=
41660 229// 52708 10080 21110 38452 48543 81031 333 56099 58001 60007 81362 84070=
41678 21996 00000 10190 20072 40180 70500 333 58018 60007=
41696 22996 40000 10090 21029 38003 48522 80001 333 56009 59004 60007 84080=
41697 22996 00000 10190 20072 40172 333 58028 60007=
41700 21995 00000 10165 20076 40177 70400 333 58023 60007=
41710 22697 70502 10190 21139 40116 83510 333 56990 59026 60007 83640 84460=
41712 22996 00000 10160 21049 39203 48518 333 59005 60007=
41715 21995 00000 10190 20118 40182 70500 333 58020 60007=
41718 21995 00000 10150 20069 40183 70400 333 58023 60007=
41725 22996 30000 10200 20074 40179 83030 333 56090 58024 60007 83360=
41739 22996 22304 10195 20086 39068 48533 82030 333 56090 58005 60007 82360=
41744 22996 00000 10150 20007 38807 48541 333 58023 60007=
41749 22996 03104 10180 20083 40176 333 58008 60007=
41756 21996 41802 10215 20106 40170 70500 80001 333 56009 58008 60007 84070=
41757 22996 01804 10210 20100 30158 40171 333 58002 60007=
41759 22996 22304 10210 20132 40176 82030 333 56090 58010 60007 82360=
41764 22996 03610 10220 20017 30114 40165 333 58002 60007=
41768 22996 03602 10190 20072 30156 40163 333 58006 60007=
41780 22996 00506 10210 21024 30139 40166 333 58009 60007=
41785 22996 03104 10200 20061 30154 40167 333 58005 60007=
41859 01930 02302 10190 20140 30086 40124 70500 333 58013 70000==
41883 02930 00000 10194 20090 30105 40125 333 58020 70000==
41891 01930 00000 10204 20170 30080 40120 70500 333 58003 70000==
41907 01930 00000 10167 20150 30109 40124 70500 333 58017 70000==
41923 01940 00000 10225 20130 30114 40124 70500 333 58010 70000==
41936 01916 00000 10192 20170 30114 40121 70500 333 58014 70000==
41943 01925 00000 10188 20180 30112 40120 71000 333 58003 70000==
41950 01940 00000 10204 20204 30121 40123 70500 333 58008 70000==
41978 01935 02603 10237 20200 30111 40117 70500 333 59001 70000==
41992 01925 00000 10232 20210 30118 40120 70500 333 58001 70000==
42027 32996 02302 10046 21022 38443 48530 333 58034=
42071 31996 02706 10118 20073 40187 70500 333 58012=
42101 32996 13404 10146 20073 40175 81030 333 59001 81360=
42111 31994 00000 10114 20075 39428 40146 71000 333 59002=
42123 32996 20000 10156 20090 40189 80001 333 58020 82070=
42131 32696 33202 10130 20086 40181 83500 333 58006=
42165 32996 10000 10186 20020 40170 80001 333 58014 81070=
42182 31996 02702 10160 20081 40173 70500 333 58006=
42189 31995 01803 10156 20066 40145 70500 333 58000=
42309 21494 70000 10168 20165 40130 71022 83570 333 58018 6998/=
42314 21495 60203 10176 20166 40125 71022 82530 333 58016 6992/ 82618 85360=
42328 32996 50000 10182 20086 40156 80001 333 58015 85070=
42339 31995 00000 10176 20002 40170 70500 333 58009=
42348 31996 03403 10186 21008 40175 70500 333 58018=
42361 31995 00000 10150 20073 40172 70500 333 58008=
42369 32295 02706 10165 20076 40155 333 58008=
42379 31995 02704 10196 20099 40126 70500 333 58016=
42410 31594 30000 10196 20173 40124 71000 81530 333 58013 81620 83360=
42415 31995 10502 10208 20165 40125 71040 81030 333 58013 81360=
42452 31994 00000 10190 20061 39851 40169 70500 333 58010=
42492 31995 01401 10186 20113 40139 70500 333 58030=
42559 32996 00000 10166 20070 40163 333 58007=
42571 31996 00000 10158 20083 40165 70500 333 58016=
42591 31996 00000 10152 20085 40148 70500 333 58014=
42623 31495 20000 10168 20119 39249 40126 70500 82500 333 58009 82618=
42634 32996 00502 10216 20026 40155 333 58002=
42647 31996 00706 10230 20044 40147 70400 333 58001=
42667 32996 00208 10154 20056 39571 40175 333 58013=
42675 31996 00000 10158 20092 40166 70500 333 58017=
42701 31996 00000 10194 20055 39401 40132 70500 333 58018=
42724 31995 00000 10212 20196 40118 71000 333 58006=
42737 32996 00702 10224 20040 40147 333 59002=
42754 31996 00506 10198 20039 39511 40153 70500 333 58007=
42779 32996 03602 10176 20054 39453 40162 333 58023=
42798 31995 00000 10240 20117 40123 70500 333 58022=
42809 31995 00000 10222 20159 40126 70500 333 58015=
42840 32996 00202 10258 20149 40125 333 59004=
42867 31996 00204 10236 20092 40146 70500 333 58029=
42874 31995 01802 10256 20154 40137 70500 333 58024=
42886 31995 00000 10244 20122 40136 70500 333 58024=
42895 32996 00000 10248 20215 40128 333 58018=
42909 32996 00203 10240 20072 40128 333 59011=
42971 31995 00902 10260 20192 40131 70500 333 58012=
43003 31995 00000 10264 20189 40102 70400 333 59010=
43014 31995 03603 10248 20194 39472 40113 70544 333 58001=
43041 31996 00000 10248 20177 39507 40119 70500 333 58002=
43063 32596 30000 10250 20147 39495 40116 82500 333 58009 83626=
43086 32996 00000 10250 20213 39936 40114 333 58006=
43110 31996 00000 10260 20212 40111 70544 333 59001=
43117 32996 00000 10290 20192 40101 333 58004=
43128 31996 10905 10276 20175 39516 40114 70511 80001 333 58005 81070=
43150 31996 32302 10264 20213 30060 40121 70500 80001 333 59004 83075=
43185 32996 32001 10262 20229 30111 40114 80002 333 58000 83070=
43189 32996 00000 10276 20213 30113 40122 333 59001=
43192 32996 00000 10272 20240 40100 333 59001=
43201 32996 00000 10246 20109 39368 40088 333 58001=
43213 32996 29901 10288 20142 39780 40093 80001 333 58005=
43233 32996 00703 10240 20123 39301 40114 333 58004=
43237 32996 11102 10284 20109 39689 40075 80001 333 58004 81075=
43245 32996 11102 10278 20221 30087 40113 80001 333 59005=
43279 31996 20502 10250 20220 30104 40122 71000 80001 333 58000 82075=
43284 32996 20000 10278 20219 39984 40099 80001 333 58003 82075=
43295 32996 11403 10240 20161 39103 48514 80001 333 58000 81075=
43314 32596 10000 10294 20245 40097 81400 333 58002=
43321 31996 39903 10268 20149 39664 40108 70500 80001 333 58003 83070=
43329 32996 10000 10256 20226 30101 40115 80001 333 58004=
43333 31495 30502 10254 20212 40104 70510 82401 333 59017 81618=
43344 31496 30705 10270 20219 30013 40112 70500 81501 333 58005 81616 82075=
43353 31496 29902 10282 20218 40095 70521 81530 333 56790 59002 81620=
43369 32596 30000 10276 20244 40097 83500 333 58002 83620=
43371 31596 10000 10270 20229 30025 40098 71040 81100 333 59001 81820=
43404 22470 40401 10245 20245 30105 40108 51023 81000 333 553// 20000 58004 60008 91002 555 60008==
43410 22470 20505 10273 20235 30108 40111 52021 81100 333 58000 60008 555 60008==
43413 22470 20506 10273 20246 30107 40112 5/026 82000 333 553// 20000 58003 60008 91008==
43415 22470 10000 10254 20233 30005 40113 52016 81000 333 58000 60008 555 60008==
43418 22470 30501 10263 20229 30064 40105 52011 83100 333 59003 60008 83/18 555 60008==
43421 22970 00503 10252 20251 30002 40108 52024 333 553// 20000 59001 60008 91005==
43422 22/69 20701 10248 20225 39971 40106 52024 333 59003 60008 555 60008==
43424 22970 00503 10260 20228 30093 40095 58019 333 59004 60008 555 60008==
43436 22470 30502 10275 20247 30101 40104 52017 83000 333 59001 60008 555 60008==
43441 22970 00901 10268 20207 39957 40089 52021 333 59006 60008 555 60008==
43444 22968 00901 10240 20201 39564 40098 53023 333 59004 60008 555 60008==
43450 22/68 10102 10278 20211 30082 40094 52016 333 59005 60008 81/18 555 60008==
43466 22970 00801 10287 20187 30084 40092 56022 333 553// 20010 59003 60008 91002 555 60008==
43467 21/65 10000 10288 20245 30080 40086 52014 70500 333 59010 60008 555 60008==
43473 22970 00901 10127 20127 38124 48494 52014 333 553// 20000 58000 60008 91003 555 60008==
43475 22470 33602 10275 20225 30102 40107 52023 83200 333 553// 20000 59001 60008 91004 555 60008==
43476 21460 40000 10184 20178 38773 48516 5/020 70510 84000 333 59001 60008 555 60008==
43479 22470 40401 10215 20201 39265 52022 84100 333 59003 60008 555 60008==
43486 21460 50901 10263 20248 39994 40094 51025 70521 81000 333 553// 20000 59001 60008 91002==
43495 21468 13601 10276 20247 30082 40095 52025 70500 81000 333 59001 60008 555 60008==
43497 22970 00402 10265 30080 40097 52027 333 553// 20000 58001 60008 91005 555 60008==
44212 429// 01703 11288 21332 39278 40581 57006==
44213 426// 80000 11216 21247 38912 40533 52003 885//==
44214 42970 03402 11200 21261 38372 40550 52003==
44215 429// 02302 11214 21254 38509 40556 54000==
44217 32998 00000 11272 21318 37917 40662 54001 333 91200=
44218 429// 02601 11229 21259 38726 40570 51004==
44219 329// 61002 11185 21223 38749 40543 57002 84036 333 91204=
44265 429// 00503 11216 21246 38947 40510 52004==
44266 329// 03405 11195 21252 37846 40572 52005 333 91205=
44454 42558 11002 10136 20026 38650 48486 81100 333 58001=
48064 42940 01401 10267 20191 30007 40064 333 58019==
48094 42950 00000 10240 20210 30091 40101 333 59006==
51076 14/67 /0501 11180 21209 39462 40435 52001 60001 333 11080 21226 3/103 4/025 59008 70000 90761 91102==
51087 14/66 /1001 11158 21197 39311 40435 52002 60001 333 11072 21223 3/106 4/018 59007 70000 90761 91103==
51156 14/80 /3302 11125 21191 38769 40401 52001 60001 333 11010 21163 3/114 59008 70000 90761 91105==
51243 14/50 /0000 11197 21228 39826 40441 57001 60001 705// 333 11135 21216 3/114 59013 70000 90761 91103==
51463 14/56 /1602 11148 21181 39125 40418 52001 60001 705// 333 11097 21174 3/101 4/036 59007 70000 90761 91103==
51573 14/69 /3402 11006 21149 30311 40363 52001 60001 333 10048 21063 3/106 58010 70000 90761 91104==
51644 14/57 /1101 11043 21105 39044 40371 52009 60001 333 10003 21089 3/105 4/003 58004 70000 90761 91104==
51656 14/41 /2201 11038 21113 39256 40374 52005 60001 705// 333 10003 21092 3/106 58007 70000 90761 91105==
51709 14/62 /0201 11043 21147 38708 40377 52013 60001 333 10007 21093 3/109 58005 70000 90761 91105==
51716 14/50 /1501 11059 21144 39001 40377 52010 60001 705// 333 10029 21108 3/110 59001 70000 90761 91104==
51765 14/56 /3201 11038 21154 39315 40370 52002 60001 706// 333 10026 21113 3/108 58005 70000 90761 91103==
51811 14/25 /0000 11046 21168 38871 40370 52011 60001 706// 333 10026 21086 3/110 58002 70000 90761 91105==
51886 14/80 /0802 11065 21304 37105 40304 54000 60001 333 11031 21165 3/109 58013 70000 90761 91104==
52203 14/61 /0901 11089 21179 39440 40384 54000 60001 333 10015 21140 3/114 58006 70000 90761 91105==
52602 14/80 /2804 11092 21261 37258 40301 52006 60001 333 10007 21149 3/112 58019 70000 90761 91111==
52818 14/63 /1801 11077 21268 37233 40277 52008 60001 333 11012 21079 3/110 58029 70000 90761 91106==
55228 04980 /2504 11088 21301 36001 40249 52012 60002 700// 333 11036 21170 3/112 58021 60001 70000 90720 91117=
55299 14/64 /3401 11046 21340 35800 40044 52017 60001 333 10069 21114 3/115 58005 70000 90761 91122==
55578 04980 /2505 10070 21302 36327 49983 52025 60002 700// 333 10134 21045 3/101 54415 59008 60001 70000 90720 91115=
55591 14/78 /2603 10099 21215 36446 49884 52015 60001 333 10167 20024 3/103 58005 70000 90761 91114==
55664 04980 /3104 10001 21251 35993 40133 52020 60002 700// 333 10083 21124 3/107 54415 59003 60001 70000 90720 91119=
55773 04966 /3301 11060 21127 35999 40194 52011 60002 700// 333 10062 21102 3/112 54415 58005 60001 70000 90720 91114=
56004 14/80 /2902 11099 21254 35771 40124 52018 60001 333 10018 21155 3/116 58018 70000 90761 91126==
56312 04980 /1902 10063 21028 37068 40096 52015 60002 700// 333 10132 20045 3/006 54415 58008 60001 70000 90720 91112=
62306 32560 63317 10133 20040 40227 52002 86800=
62309 32560 63413 10137 20010 40193 54000 86800=
62332 32560 63114 10137 20053 40177 52011 86800=
62337 32560 62710 10124 20058 40164 52014 86800=
62366 35560 63313 10133 20033 40187 52014 85800=
62387 32960 03411 10164 20045 40187 57001=
62393 32960 03613 10154 20046 40203 57001=
62405 32960 03211 10186 20034 40166 52004=
62414 31950 43512 10190 20003 40161 52002 70700 84030=
62419 32960 03610 10216 20018 40151 57003=
62420 32960 03305 10159 20027 40200 54000=
62435 32960 63509 10182 20037 40182 57001 86010=
62440 32960 03218 10158 20073 40181 52013=
62455 32560 23011 10152 20027 40178 52011 82200=
62458 32960 03407 10162 20007 40173 52005=
62459 31956 03220 10168 20016 40152 57009 70700=
62465 32960 03405 10193 20063 40141 52003=
41256 32660 20711 10233 20165 30124 40141 82400 91443 333 59012 55032 55407 55408 55507 55508 82635=
40420 42660 71504 10248 21090 39878 40081 81410 91447 333 59039 81640 86460=
