SIPK OPKC 100300=
41504 22697 51302 11025 21082 37902 48571 82510 333 21050 56990 59015 60007 70000 82640 83460 RH61%=
41505 22696 50000 10000 21026 38/// 48/// 80020 333 21020 56090 58/// 60007 70000 85460 82%=
41506 22697 80000 10060 20003 38524 48521 8452/ 333 20033 5699/ 59030 60007 70000 84640 85460 67%=
41507 22696 80000 10090 20048 39240 49768 8452/ 333 20065 5699/ 59048 60007 70000 84640 84460 75%=
41508 22696 80504 10064 21010 38679 48545 8452/ 333 20018 5699/ 59005 60007 70000 84635 85460 59%=
41509 22697 70000 10060 20013 38774 48509 84530 333 20018 56990 59051 60007 70000 84640 86360 RH 72%=
41510 22696 80000 10010 21002 37914 48528 82520 333 21007 56990 59014 60007 70000 82640 86460 92%=
41515 22696 80000 10028 20005 38605 48563 8352/ 333 20006 5699/ 59002 60007 70000 83650 85460 84%=
41516 22996 70000 10040 21027 38558 48515 87010 333 21002 56090 59040 60007 70000 87460 RH62%=
41517 21496 80000 10020 21018 37819 48552 70422 8562/ 333 21040 5699/ 59020 60007 70000 82718 83635 88460 76%=
41518 22596 81802 10056 21016 38/// 48/// 8472/ 333 20025 5699/ 5//// 60007 70000 81730 83640 88461 58%=
41519 22696 70000 10080 21021 38792 48526 83520 333 20060 56990 59024 60007 70000 83640 85462 RH49%=
41520 21596 61802 10000 21041 37635 48290 72272 85670 333 21035 40999 56990 59029 69907 79999 82720 83640 86762 74%=
41523 22696 80000 10060 20013 39090 48494 8352/ 333 20027 5699/ 59013 60007 70000 83640 85460 72%=
41524 22697 80000 10135 20014 39365 40236 8252/ 333 20120 5699/ 59014 60007 70000 82640 86460 44%=
41525 22696 81804 10040 20005 37675 48400 8252/ 333 20030 5699/ 59002 60007 70000 83640 85460 78%=
41528 22697 70000 10080 20048 39226 48500 83520 333 20051 56990 59011 60007 70000 83640 85460 80%=
41528 22697 70000 10080 20048 39226 48500 83520 333 20051 56990 59011 60007 70000 83640 85460 80%=
41528 22697 70000 10080 20048 39226 48500 83520 333 20051 56990 59011 60007 70000 83640 85460 80%=
41528 22697 70000 10080 20048 39226 48500 83520 333 20051 56990 59011 60007 70000 83640 85460 80%=
41529 22696 70000 10140 20068 39760 40140 82530 333 20100 56990 59026 60007 70000 82640 85360 RH 62%=
41530 21695 72704 10155 20012 39723 40140 70522 82430 333 20150 56990 59027 60007 79999 82840 87360 37%=
41534 22696 60000 10140 20056 39724 40144 83530 333 20080 56990 59021 60007 70000 83640 83362 57%=
41535 22697 70000 10075 20017 38700 48467 83520 333 20000 56990 59025 60007 70000 83635 86460 RH67%=
41536 22597 83603 10155 20015 39038 48514 8352/ 333 20055 5699/ 59019 60007 70000 83630 88460 39%=
41560 22697 51302 10005 21007 38306 48539 82520 333 21035 56990 58017 60007 70000 82630 83460 RH91%=
41562 22697 70506 10100 20044 39690 40166 83520 333 20085 56990 59006 60007 70000 83640 84460 RH 68%=
41565 22696 83102 10061 21051 38637 48503 83520 333 20045 56990 58001 60007 70000 83640 85460 45%=
41567 21696 50000 10105 20062 39727 40155 70422 83570 333 20050 56990 58015 60007 70000 83640 83360 75%=
41567 21696 50000 10105 20062 39727 40155 70422 83570 333 20050 56990 58015 60007 70000 83640 83360 75%=
41567 21696 50000 10105 20062 39727 40155 70422 83570 333 20050 56990 58015 60007 70000 83640 83360 75%=
41567 21696 50000 10105 20062 39727 40155 70422 83570 333 20050 56990 58015 60007 70000 83640 83360 75%=
41571 21996 52304 10140 21010 39558 40147 70522 82031 333 20094 56099 59027 60007 79999 RH36%=
41571 21996 52304 10140 21010 39558 40147 70522 82031 333 20094 56099 59027 60007 79999 RH36%=
41572 21696 43104 10110 20007 39497 40134 70500 81530 333 20091 56990 59026 60007 70000 81640 83460 RH 49%=
41573 22697 71306 10060 21025 37964 48495 83520 333 20010 56990 59014 60007 70000 83640 84460 54%=
41573 22697 71306 10060 21025 37964 48495 83520 333 20010 56990 59014 60007 70000 83640 84460 54%=
41573 22697 71306 10060 21025 37964 48495 83520 333 20010 56990 59014 60007 70000 83640 84460 54%=
41573 22697 71306 10060 21025 37964 48495 83520 333 20010 56990 59014 60007 70000 83640 84460 54%=
41574 22697 72302 10020 21004 38358 48541 85520 333 20000 56990 58002 60007 70000 85640 84460 84%=
41574 22697 72302 10020 21004 38358 48541 85520 333 20000 56990 58002 60007 70000 85640 84460 84%=
41574 22697 72302 10020 21004 38358 48541 85520 333 20000 56990 58002 60007 70000 85640 84460 84%=
41574 22697 72302 10020 21004 38358 48541 85520 333 20000 56990 58002 60007 70000 85640 84460 84%=
41576 21995 42306 10110 20043 40155 70400 84070 333 20047 56090 59025 60007 70000 84460 63%=
41576 21995 42306 10110 20043 40155 70400 84070 333 20047 56090 59025 60007 70000 84460 63%=
41576 21995 42306 10110 20043 40155 70400 84070 333 20047 56090 59025 60007 70000 84460 63%=
41576 21995 42306 10110 20043 40155 70400 84070 333 20047 56090 59025 60007 70000 84460 63%=
41577 21696 53102 10110 20022 39527 40151 70422 83530 333 20065 56990 59022 60007 70000 83640 83460 RH 54%=
41593 21996 40000 10105 20074 39914 40136 70421 84070 333 20086 56090 59025 60007 70000 84460 81%=
41593 21996 40000 10105 20074 39914 40136 70421 84070 333 20086 56090 59025 60007 70000 84460 81%=
41593 21996 40000 10105 20074 39914 40136 70421 84070 333 20086 56090 59025 60007 70000 84460 81%=
41593 21996 40000 10105 20074 39914 40136 70421 84070 333 20086 56090 59025 60007 70000 84460 81%=
41597 21996 60000 10120 20079 39854 40154 70422 86070 333 20082 56090 59020 60007 70000 86461 76%=
41597 21996 60000 10120 20079 39854 40154 70422 86070 333 20082 56090 59020 60007 70000 86461 76%=
41597 21996 60000 10120 20079 39854 40154 70422 86070 333 20082 56090 59020 60007 70000 86461 76%=
41597 21996 60000 10120 20079 39854 40154 70422 86070 333 20082 56090 59020 60007 70000 86461 76%=
41598 21994 40000 10115 20085 39860 40137 71000 84030 333 20074 56090 59030 60007 70000 84360 82%=
41598 21994 40000 10115 20085 39860 40137 71000 84030 333 20074 56090 59030 60007 70000 84360 82%=
41598 21994 40000 10115 20085 39860 40137 71000 84030 333 20074 56090 59030 60007 70000 84360 82%=
41598 21994 40000 10115 20085 39860 40137 71000 84030 333 20074 56090 59030 60007 70000 84360 82%=
41599 21995 50000 10115 20074 39845 40143 70420 85070 333 20073 56090 59020 60007 70000 85460 76% 1ST TEN DAYS RAIN IS NILL=
41600 21696 50000 10110 20090 39845 40147 70422 82470 333 20083 56990 59013 60007 70000 82640 83460 87%=
41600 21696 50000 10110 20090 39845 40147 70422 82470 333 20083 56990 59013 60007 70000 82640 83460 87%=
41600 21696 50000 10110 20090 39845 40147 70422 82470 333 20083 56990 59013 60007 70000 82640 83460 87%=
41600 21696 50000 10110 20090 39845 40147 70422 82470 333 20083 56990 59013 60007 70000 82640 83460 87%=
41600 21696 50000 10110 20090 39845 40147 70422 82470 333 20083 56990 59013 60007 70000 82640100225/0300Z=
41600 21696 50000 10110 20090 39845 40147 70422 82470 333 20083 56990 59013 60007 70000 82640100225/0300Z=
41600 21696 50000 10110 20090 39845 40147 70422 82470 333 20083 56990 59013 60007 70000 82640100225/0300Z=
41600 21696 50000 10110 20090 39845 40147 70422 82470 333 20083 56990 59013 60007 70000 82640100225/0300Z=
41600 21996 20000 10120 20090 39843 40144 70411 82020 333 56090 59009 60007 82460 82%=
41600 21996 20000 10120 20090 39843 40144 70411 82020 333 56090 59009 60007 82460 82%=
41600 21996 20000 10120 20090 39843 40144 70411 82020 333 56090 59009 60007 82460 82%=
41600 21996 20000 10120 20090 39843 40144 70411 82020 333 56090 59009 60007 82460 82%=
41620 31696 42702 10060 21033 38576 48478 70500 84500 333 20025 56900 59022 60007 70000 84640 51%=
41624 21995 00000 10115 20068 39932 40137 70400 83020 333 20115 56090 59022 60007 70000 83460 66%=
41624 21995 00000 10115 20068 39932 40137 70400 83020 333 20115 56090 59022 60007 70000 83460 66%=
41624 21995 00000 10115 20068 39932 40137 70400 83020 333 20115 56090 59022 60007 70000 83460 66%=
41624 21995 00000 10115 20068 39932 40137 70400 83020 333 20115 56090 59022 60007 70000 83460 66%=
41625 21696 50000 10130 20068 39916 40120 70400 83530 333 20070 56990 59025 60007 70000 83640 82360 66%=
41625 21696 50000 10130 20068 39916 40120 70400 83530 333 20070 56990 59025 60007 70000 83640 82360 66%=
41625 21696 50000 10130 20068 39916 40120 70400 83530 333 20070 56990 59025 60007 70000 83640 82360 66%=
41625 21696 50000 10130 20068 39916 40120 70400 83530 333 20070 56990 59025 60007 70000 83640 82360 66%=
41630 21994 40000 10110 20079 40143 71000 84030 333 20078 56090 59025 60007 70000 84360 81% TEN DAYS RAINFALL IS NIL=
41633 21996 40000 10100 20068 4//// 70400 84030 333 20083 56090 5//// 60007 70000 84360 81%=
41633 21996 40000 10100 20068 4//// 70400 84030 333 20083 56090 5//// 60007 70000 84360 81%=
41633 21996 40000 10100 20068 4//// 70400 84030 333 20083 56090 5//// 60007 70000 84360 81%=
41633 21996 40000 10100 20068 4//// 70400 84030 333 20083 56090 5//// 60007 70000 84360 81%=
41634 22997 23102 10110 21036 3//// 4//// 80001 333 20055 56009 5//// 60007 70000 82075 47%=
41634 22997 23102 10110 21036 3//// 4//// 80001 333 20055 56009 5//// 60007 70000 82075 47%=
41634 22997 23102 10110 21036 3//// 4//// 80001 333 20055 56009 5//// 60007 70000 82075 47%=
41634 22997 23102 10110 21036 3//// 4//// 80001 333 20055 56009 5//// 60007 70000 82075 47%=
41635 21996 30000 10110 20068 3//// 4//// 70400 83030 333 20075 56090 5//// 60007 70000 83360 75% =
41635 21996 30000 10110 20068 3//// 4//// 70400 83030 333 20075 56090 5//// 60007 70000 83360 75% TEN DAYS RAINFALL IS NILL =
41635 21996 30000 10110 20068 3//// 4//// 70400 83030 333 20075 56090 5//// 60007 70000 83360 75% TEN DAYS RAINFALL IS NILL =
41635 21996 30000 10110 20068 3//// 4//// 70400 83030 333 20075 56090 5//// 60007 70000 83360 75% TEN DAYS RAINFALL IS NILL =
41636 21996 20000 10110 20090 39975 40164 70400 82030 333 20080 56090 59005 60007 70000 82362 87%=
41636 21996 20000 10110 20090 39975 40164 70400 82030 333 20080 56090 59005 60007 70000 82362 87%=
41636 21996 20000 10110 20090 39975 40164 70400 82030 333 20080 56090 59005 60007 70000 82362 87%=
41636 21996 20000 10110 20090 39975 40164 70400 82030 333 20080 56090 59005 60007 70000 82362 87%=
41638 21995 30000 10115 20085 4//// 71000 83070 333 20088 56090 5//// 60007 70000 83460 82% TEN DAYS RAINFALL IS NILL=
41638 21995 30000 10115 20085 4//// 71000 83070 333 20088 56090 5//// 60007 70000 83460 82% TEN DAYS RAINFALL IS NILL=
41638 21995 30000 10115 20085 4//// 71000 83070 333 20088 56090 5//// 60007 70000 83460 82% TEN DAYS RAINFALL IS NILL=
41638 21995 30000 10115 20085 4//// 71000 83070 333 20088 56090 5//// 60007 70000 83460 82%=
41639 21996 33102 10115 20062 3//// 4//// 70400 83030 333 20085 56090 5//// 60007 70000 83460 70%=
41639 21996 33102 10115 20062 3//// 4//// 70400 83030 333 20085 56090 5//// 60007 70000 83460 70%=
41639 21996 33102 10115 20062 3//// 4//// 70400 83030 333 20085 56090 5//// 60007 70000 83460 70%=
41639 21996 33102 10115 20062 3//// 4//// 70400 83030 333 20085 56090 5//// 60007 70000 83460 70%=
41640 21996 20000 10125 20085 39889 40144 70400 82030 333 20097 56090 59019 60007 70000 82360 77%=
41640 21996 20000 10125 20085 39889 40144 70400 82030 333 20097 56090 59019 60007 70000 82360 77%=
41640 21996 20000 10125 20085 39889 40144 70400 82030 333 20097 56090 59019 60007 70000 82360 77%=
41640 21996 20000 10125 20085 39889 40144 70400 82030 333 20097 56090 59019 60007 70000 82360 77%=
41641 21994 30000 10115 20074 39865 40146 70411 83030 333 20085 56090 59019 60007 70000 83360 76%=
41642 21995 30000 10115 20085 3//// 4//// 71000 83030 333 20080 56090 5//// 60007 70000 83361 82%=
41642 21995 30000 10115 20085 3//// 4//// 71000 83030 333 20080 56090 5//// 60007 70000 83361 82%=
41642 21995 30000 10115 20085 3//// 4//// 71000 83030 333 20080 56090 5//// 60007 70000 83361 82%=
41642 21995 30000 10115 20085 3//// 4//// 71000 83030 333 20080 56090 5//// 60007 70000 83361 82%=
41643 21694 72702 10110 20079 39857 40141 71021 83570 333 20072 56990 59018 60007 70000 83640 85460 81%=
41643 21694 72702 10110 20079 39857 40141 71021 83570 333 20072 56990 59018 60007 70000 83640 85460 81%=
41643 21694 72702 10110 20079 39857 40141 71021 83570 333 20072 56990 59018 60007 70000 83640 85460 81%=
41643 21694 72702 10110 20079 39857 40141 71021 83570 333 20072 56990 59018 60007 70000 83640 85460 81%=
41644 21995 40000 10100 20079 4//// 71000 84020 333 20075 56090 5//// 60007 70000 84460 87%=
41644 21995 40000 10100 20079 4//// 71000 84020 333 20075 56090 5//// 60007 70000 84460 87%=
41644 21995 40000 10100 20079 4//// 71000 84020 333 20075 56090 5//// 60007 70000 84460 87%=
41644 21995 40000 10100 20079 4//// 71000 84020 333 20075 56090 5//// 60007 70000 84460 87%=
41646 21994 00000 10120 20090 39945 40166 71000 333 20095 59017 60007 70000 82%=
41646 21994 00000 10120 20090 39945 40166 71000 333 20095 59017 60007 70000 82%=
41646 21994 00000 10120 20090 39945 40166 71000 333 20095 59017 60007 70000 82%=
41646 21994 00000 10120 20090 39945 40166 71000 333 20095 59017 60007 70000 82%=
41652 21996 03102 10095 20038 39965 40150 70400 333 20083 59018 60007 70000 68%=
41652 21996 03102 10095 20038 39965 40150 70400 333 20083 59018 60007 70000 68%=
41652 21996 03102 10095 20038 39965 40150 70400 333 20083 59018 60007 70000 68%=
41652 21996 03102 10095 20038 39965 40150 70400 333 20083 59018 60007 70000 68%=
41660 22697 51306 10060 20016 38419 48511 81530 333 20055 56990 59014 60007 79999 81640 83360 72%=
41661 22697 20000 10050 20004 38363 48494 82500 333 20020 56900 59025 69997 70000 82635 72%=
41669 21996 50000 10135 20096 3//// 4//// 70422 85030 333 20080 56090 5//// 60007 70000 85360 77%=
41669 21996 50000 10135 20096 3//// 4//// 70422 85030 333 20080 56090 5//// 60007 70000 85360 77%=
41669 21996 50000 10135 20096 3//// 4//// 70422 85030 333 20080 56090 5//// 60007 70000 85360 77%=
41669 21996 50000 10135 20096 3//// 4//// 70422 85030 333 20080 56090 5//// 60007 70000 85360 77%=
41670 21996 00000 10100 20068 4//// 70400 333 20083 5//// 60007 70000 81%=
41670 21996 00000 10100 20068 4//// 70400 333 20083 5//// 60007 70000 81%=
41670 21996 00000 10100 20068 4//// 70400 333 20083 5//// 60007 70000 81%=
41670 21996 00000 10100 20068 4//// 70400 333 20083 5//// 60007 70000 81%=
41674 21994 00000 10100 20079 3//// 4//// 71000 333 20077 5//// 60007 70000 87%=
41674 21994 00000 10100 20079 3//// 4//// 71000 333 20077 5//// 60007 70000 87%=
41674 21994 00000 10100 20079 3//// 4//// 71000 333 20077 5//// 60007 70000 87%=
41674 21994 00000 10100 20079 3//// 4//// 71000 333 20077 5//// 60007 70000 87%=
41675 21993 00000 10115 20085 39994 40142 71000 333 20087 59014 60007 70000 82%=
41676 21995 00000 10100 20057 39995 40158 70400 333 20095 59020 60007 70000 74%=
41676 21995 00000 10100 20057 39995 40158 70400 333 20095 59020 60007 70000 74%=
41676 21995 00000 10100 20057 39995 40158 70400 333 20095 59020 60007 70000 74%=
41676 21995 00000 10100 20057 39995 40158 70400 333 20095 59020 60007 70000 74%=
41677 21995 30000 10090 20080 39960 40133 71000 83030 333 20075 56090 59016 60007 70000 83360 93%=
41677 21995 30000 10090 20080 39960 40133 71000 83030 333 20075 56090 59016 60007 70000 83360 93%=
41677 21995 30000 10090 20080 39960 40133 71000 83030 333 20075 56090 59016 60007 70000 83360 93%=
41677 21995 30000 10090 20080 39960 40133 71000 83030 333 20075 56090 59016 60007 70000 83360 93%=
41678 21996 30000 10130 20068 40153 70400 83020 333 20115 56090 59014 60007 70000 83460 66%=
41678 21996 30000 10130 20068 40153 70400 83020 333 20115 56090 59014 60007 70000 83460 66%=
41678 21996 30000 10130 20068 40153 70400 83020 333 20115 56090 59014 60007 70000 83460 66%=
41678 21996 30000 10130 20068 40153 70400 83020 333 20115 56090 59014 60007 70000 83460 66%=
41679 21696 50000 10100 20079 4//// 70411 82570 333 20085 56990 5//// 60007 70000 82640 83460 87%=
41680 21995 30000 10110 20090 39939 40144 71011 83070 333 20088 56090 59020 60007 70000 83462 87% 10 days rain fall is NILL=
41680 21995 30000 10110 20090 39939 40144 71011 83070 333 20088 56090 59020 60007 70000 83462 87% 10 days rain fall is NILL=
41680 21995 30000 10110 20090 39939 40144 71011 83070 333 20088 56090 59020 60007 70000 83462 87% 10 days rain fall is NILL=
41680 21995 30000 10110 20090 39939 40144 71011 83070 333 20088 56090 59020 60007 70000 83462 87%=
41685 22997 00502 10090 21040 38910 48486 333 20075 59012 60007 70000 RH39%=
41696 22697 50000 10050 20017 37993 48519 82520 333 20035 56990 59008 60007 70020 82640 83460 RH79%=
41697 22997 00000 10090 20045 39990 40153 333 20070 58011 60007 70000 RH73%=
41700 21694 50000 10105 20074 39996 40129 71022 81530 333 20090 56990 59017 60007 70000 81640 84360 81%=
41700 21694 50000 10105 20074 39996 40129 71022 81530 333 20090 56990 59017 60007 70000 81640 84360 81%=
41700 21694 50000 10105 20074 39996 40129 71022 81530 333 20090 56990 59017 60007 70000 81640 84360 81%=
41700 21694 50000 10105 20074 39996 40129 71022 81530 333 20090 56990 59017 60007 70000 81640 84360 81%=
41701 21994 40504 10100 20079 39997 40145 71000 84030 333 20078 56090 59023 60007 70000 84360 87%=
41701 21994 40504 10100 20079 39997 40145 71000 84030 333 20078 56090 59023 60007 70000 84360 87%=
41701 21994 40504 10100 20079 39997 40145 71000 84030 333 20078 56090 59023 60007 70000 84360 87%=
41701 21994 40504 10100 20079 39997 40145 71000 84030 333 20078 56090 59023 60007 70000 84360 87%=
41710 22997 23104 10135 20066 39324 40100 82010 333 20120 56090 59006 60007 79999 82460 RH63%=
41712 22696 30000 10105 20065 39156 48463 83500 333 20100 56900 59016 60007 79999 83640 RH76%=
41715 21994 20000 10140 20091 30071 40138 70400 80001 333 20095 56009 59022 60007 70000 82070 RH72%=
41716 21995 00504 10120 20079 30040 40146 70400 333 20108 59013 60007 70000 76%=
41716 21995 00504 10120 20079 30040 40146 70400 333 20108 59013 60007 70000 76%=
41716 21995 00504 10120 20079 30040 40146 70400 333 20108 59013 60007 70000 76%=
41716 21995 00504 10120 20079 30040 40146 70400 333 20108 59013 60007 70000 76%=
41718 21995 40000 10105 20074 30023 40130 71000 84030 333 20088 56090 59021 60007 70000 84360 81%=
41718 21995 40000 10105 20074 30023 40130 71000 84030 333 20088 56090 59021 60007 70000 84360 81%=
41718 21995 40000 10105 20074 30023 40130 71000 84030 333 20088 56090 59021 60007 70000 84360 81%=
41718 21995 40000 10105 20074 30023 40130 71000 84030 333 20088 56090 59021 60007 70000 84360 81%=
41724 21995 60000 10140 20091 30071 40152 70400 86360 333 20095 56090 59016 60007 70000 86360 RH72%=
41725 21696 60504 10160 20093 30052 40131 70500 83530 333 20120 56900 59017 60007 70000 83640 83360 RH64%=
41726 21995 00000 10100 20057 30098 40172 71000 333 20085 59023 60007 70000 RH74%=
41726 21995 00000 10100 20057 30098 40172 71000 333 20085 59023 60007 70000 RH74%=
41738 22996 20000 10170 20135 39967 40150 80001 333 20135 5y6009 59001 60007 70000 82072 RH80%=
41739 22696 70000 10120 20048 39056 48505 83530 333 56990 59013 60007 83635 84360 RH61%=
41742 22996 42702 10140 20068 30045 40152 82031 333 20085 56099 59014 60007 70000 82360 82070 RH62%=
41743 21996 60000 10125 20085 70400 80001 333 20095 56009 60007 70000 86170 RH77%=
41744 22696 60000 10080 21021 38780 48498 82520 333 20055 56990 59016 60007 70000 82630 84460 RH 49%=
41745 21996 20000 10125 20085 70400 82030 333 20105 56090 60007 70000 82360 RH77%=
41746 21995 30000 10120 20090 30070 40125 70400 83030 333 20080 56090 59028 60007 70000 83360 RH82%=
41747 21994 40000 10115 20085 30067 40129 71000 84030 333 20075 56090 59012 60007 70000 84360 RH82%=
41748 21996 40502 10150 20092 30077 40142 70500 82530 333 20110 56990 59020 60007 70000 82640 82360 RH68%=
41749 21995 30000 10120 20090 30103 40139 70400 80001 333 20110 59017 60007 70000 83070 RH82%=
41756 21996 30000 10200 20149 30080 40146 70504 80001 333 20125 56009 59003 60007 70000 83070 RH73%=
41757 22996 20000 10130 20091 30138 40151 82010 333 20120 56090 59024 60007 70000 82462 RH77%=
41759 21995 00000 10155 20146 30140 40146 71010 82030 333 20100 56090 58007 60007 70000 82360 RH95%=
41760 21595 70000 10165 20139 30138 40151 71000 82601 333 20120 56909 58009 60007 70000 82720 85080 RH84%=
41764 21996 00000 10140 20091 30088 40140 70400 333 20130 58000 60007 70000 RH77%=
41765 21996 40000 10150 20103 30103 40139 70400 80001 333 20140 56009 59005 60007 70000 84070 RH73%=
41766 21994 40000 10105 20085 30108 40139 84030 74000 333 20100 56090 59019 60007 70000 82630 82360 RH87%=
41767 21995 00000 10115 20095 3//// 4//// 70400 333 20095 60007 70000 RH88%=
41768 22996 00000 10120 20079 30128 40135 333 20075 59007 60007 70000 RH76%=
41780 21995 40000 10160 20124 30117 40145 70400 80001 333 20125 56009 58005 60007 70000 84070 RH79%=
41783 22996 02302 10170 20135 30104 40134 333 20155 58000 60007 70000 RH80%=
41785 22996 00000 10135 20085 30132 40145 333 20098 59011 60007 70000 RH72%=
41786 22996 20000 10090 20032 30086 40124 82030 333 20065 56090 59019 60007 70000 82362 RH67%=
41BAG 22696 40502 10005 21063 84500 333 21020 56900 60007 70000 84640 65%=
41BKI 22696 72304 10155 20035 39718 40138 83520 333 20110 56990 59021 60007 79999 83640 85460 45%=
41SKP 21996 30000 10090 20069 4//// 70400 83030 333 20073 56090 5//// 60007 70000 83360 86%=
41SKP 21996 30000 10090 20069 4//// 70400 83030 333 20073 56090 5//// 60007 70000 83360 86%=
41SKP 21996 30000 10090 20069 4//// 70400 83030 333 20073 56090 5//// 60007 70000 83360 86%=
41SKP 21996 30000 10090 20069 4//// 70400 83030 333 20073 56090 5//// 60007 70000 83360 86%=
43532 22697 60000 10095 20042 39339 40161 83520 333 20070 56990 58000 60007 70000 83640 83460 69%=
43532 22697 60000 10095 20042 39339 40161 83520 333 20070 56990 58000 60007 70000 83640 83460 69%=
43532 22697 60000 10095 20042 39339 40161 83520 333 20070 56990 58000 60007 70000 83640 83460 69%=
43532 22697 60000 10095 20042 39339 40161 83520 333 20070 56990 58000 60007 70000 83640 83460 69%=
43533 22997 60000 10080 20036 39236 48491 86020 333 20055 56090 58000 60007 70000 86460 74%=
43533 22997 60000 10080 20036 39236 48491 86020 333 20055 56090 58000 60007 70000 86460 74%=
43533 22997 60000 10080 20036 39236 48491 86020 333 20055 56090 58000 60007 70000 86460 74%=
43533 22997 60000 10080 20036 39236 48491 86020 333 20055 56090 58000 60007 70000 86460 74%=
43536 31596 80000 10055 20000 38430 48517 70222 8451/ 333 20040 59020=
43563 22697 60504 10128 20021 39446 40145 82530 333 20060 56990 59024 60007 70000 82640 84360 48%=
43563 22697 60504 10128 20021 39446 40145 82530 333 20060 56990 59024 60007 70000 82640 84360 48%=
43563 22697 60504 10128 20021 39446 40145 82530 333 20060 56990 59024 60007 70000 82640 84360 48%=
43563 22697 60504 10128 20021 39446 40145 82530 333 20060 56990 59024 60007 70000 82640 84360 48%=


Data Generated from File : D:/all data handling/Rmc_lhr/2025021003.FSU.txt
10/02/2025   05:56:13
____________________________________________________________________________________________
15020 27/50 /3001 11096 21108 30144 40360 57008 7101/ 333 55300 20000 60007==
15090 27946 00000 11097 21108 30259 40360 57008 7101/ 333 55300 10240 20000 30000 60007 91001 90730 91101==
15108 22984 00903 11073 21290 38125 48546 57011 333 55300 20000 60007 91003 90730 91103==
15150 27950 03302 11092 21106 30126 40358 57011 7101/ 333 55300 20000 60007 91002 90730 91102==
15170 24963 01701 11147 21166 39510 42872 57006 333 55300 20000 60007 91001 90730 91102==
15280 22984 00106 11110 21338 37509 47042 57012 333 55300 20000 60007 91007 90730 91108==
15310 27/58 /0202 11068 21085 30253 40346 57008 7101/ 333 55300 10240 20000 30000 60007==
15335 27559 73402 11059 21079 30337 40344 57007 7101/ 87500 333 55300 20000 60007 91004 90730 91105==
15350 24/69 /3103 11072 21111 30223 40353 57010 333 55300 20000 60007==
15360 24/61 73510 11034 21048 30307 40325 55005 87070 333 55300 20000 60007 91012 90730 91113==
15420 27/57 /3101 11114 21126 30227 40349 57011 7101/ 333 55300 20000 60007==
15460 27/59 /2402 11076 21092 30317 40344 56010 7101/ 333 55300 20000 60007==
15470 24962 03603 11084 21110 30211 40348 57010 333 55300 20000 60007 91005 90730 91105==
15480 24466 83102 11022 21060 30310 40328 57009 886// 333 55300 10090 20000 30000 60007 91005 90730 91105==
15549 42968 02901 11079 21083 39887 40335 57010 333 11058 21087 555 597// 92602=
15552 42560 63406 11021 21051 30266 40318 57007 86500 333 11012 21021 555 578// 92036 92437=
15640 42670 20000 11042 21058 39993 40326 57013 82500 333 11019 21044 555 589//=
15655 42568 83404 10002 21007 30283 40318 57005 885// 333 10002 21008 555 594// 92035 92437=
15730 42970 00000 11065 21081 39906 40331 57011 333 11008 21065 555 589// 92600=
16627 42560 70000 10004 21050 30294 40300 56006 87800 333 82820 86630 90730 91110==
16650 42460 70412 10044 21023 30279 40289 56006 87600 333 82715 87625 90730 91120==
16723 42560 30210 10064 20014 30203 40218 58006 83200 333 90730 91118==
16742 42560 13513 10068 21005 30040 40200 57011 81100 333 90730 91120==
16749 42960 00000 10050 20015 30163 40178 57007 333 90730 91104==
16754 42460 63416 10086 20060 30181 40231 57008 86800 333 82818 86625 90730 91124==
16760 47/// /0112 10054 20033 39803 40230 57009 7414/ 333 90730 91120==
16765 46/// /3217 10107 20012 30172 40192 57006 333 90730 91126==
17022 41570 71504 10021 20020 30098 40270 55005 78382 86270 333 86830 87359 90730 91106==
17024 47/69 /2110 10010 20010 30177 40257 53001 722//==
17026 47/72 /3214 10048 20025 30211 40250 57004 723//==
17031 42570 62204 10033 20019 30238 40245 56004 84250 333 84830 86358 90730 91105==
17034 42670 72201 10049 20020 30204 40252 55003 83250 333 83835 87360 90730 91105==
17038 42670 52109 10054 21027 30190 40239 55003 85200 333 85835 90730 91114==
17042 46/74 /1103 10053 20009 30207 40249 50000==
17050 46/80 /0205 10001 21075 30250 40315 57010==
17056 42670 63308 10010 21027 30291 40296 55007 83530 333 83635 86360 90730 91116==
17060 42560 70109 10034 20008 30238 40280 57009 85270 333 85830 87360 90730 91115==
17070 41557 80000 11018 21038 39352 40254 57007 77077 8552/ 333 85630 88458 90730 91103==
17074 47/74 /1700 11014 21016 39280 40244 57006 724//==
17084 41670 82701 11010 21015 39307 40243 56003 77177 8452/ 333 84635 88460 90730 91107==
17085 41660 83301 10008 21007 39737 40242 55001 77011 8552/ 333 85635 88458 90730 91105==
17092 42960 00000 11134 21134 38887 48501 53003 333 90730 91105==
17096 42960 02602 11173 21173 38233 48512 55002 333 90730 91105==
17098 42660 42502 11117 21132 38193 48514 57005 84500 333 84635 90730 91104==
17100 41959 00000 11052 21092 39234 40271 55000 71000==
17112 46/80 /0303 10019 21035 30284 40290 56007==
17115 42460 73513 10025 20013 30225 40278 57010 87200 333 84710 86830 90730 91124==
17116 42665 70304 10035 21008 30144 40269 57009 84250 333 84835 86360 90730 91109==
17124 42660 42503 11016 21069 39308 40259 56004 84500 333 84640 90730 91110==
17128 42660 52803 11042 21079 39104 40244 57006 83150 333 83840 85360 90730 91105==
17135 41670 81601 10000 21004 39329 40230 56003 70172 8452/ 333 84635 88460 90730 91106==
17140 41556 80701 11038 21043 38703 48485 56003 77177 8652/ 333 86630 88457 90730 91107==
17150 41460 73506 10021 20007 30138 40266 56006 78388 87200 333 83715 87835 90730 91117==
17160 41665 83505 11022 21063 39031 48489 56003 77022 8452/ 333 84636 88459 90730 91108==
17170 42660 60606 11066 21125 38327 48503 55000 82530 333 82640 86357 90730 91109==
17175 42665 60602 10036 21025 30256 40260 56006 83250 333 83840 85360 90730 91114==
17184 42670 23505 10020 21017 30132 40247 57009 82200 333 82840 90730 91113==
17190 41670 73502 11025 21073 39010 48498 56004 77072 87500 333 87635 90730 91106==
17195 42460 80504 11042 21056 38980 48489 55001 8652/ 333 83710 85625 88457 90730 91108==
17200 42970 02305 11059 21071 39211 40238 55000 333 90730 91108==
17202 42670 72904 11006 21029 39153 40223 53003 85550 333 85635 87359 90730 91107==
17203 42670 70000 11023 21104 38894 48539 53001 85550 333 85640 87360 90730 91104==
17210 46/80 /0000 10020 21041 39155 40210 55001==
17219 42965 00114 10027 21019 30092 40241 57004 333 90730 91119==
17234 42970 03401 10031 21032 30151 40221 56005 333 90730 91105==
17237 42970 00000 10013 21037 39714 40232 55005 333 90730 91102==
17240 42/70 43303 11001 21058 39039 40213 56006 84030 333 84360 90730 91109==
17244 41560 73507 11019 21040 39005 48491 56005 77022 87500 333 87630 90730 91115==
17248 46/61 /0000 11021 21037 38985 40222 56002==
17250 46/65 /0102 11031 21061 38802 40230 56003==
17260 41558 70208 10031 20011 39333 40160 55003 71022 84550 333 84620 87358 90730 91111==
17270 42670 40802 10049 20008 39544 40200 55001 82240 333 82840 84360 90730 91107==
17275 46/67 /0000 10013 21012 38992 40213 55001==
17280 41460 62903 10022 20013 39408 40213 53002 70262 83530 333 82710 83635 86359 90730 91108==
17290 42970 00103 10068 21063 30168 40200 58007 333 90730 91113==
17292 42970 00201 10018 21072 39417 40188 56005 333 90730 91107==
17300 42960 03211 10070 21044 30120 40192 56008 333 90730 91116==
17310 42970 00803 10098 21032 30158 40165 57005 333 90730 91108==
17330 46/// /2903 10088 21044 30166 40177 56003==
17350 42660 70108 10082 21016 30087 40166 57010 82250 333 82835 87358==
17370 42670 50000 10117 20000 30171 40175 57004 83230 333 83835 85360 90730 91106==
17375 42670 60000 10088 20024 30169 40171 57008 83250 333 83834 86360 90730 91102==
33088 42960 00000 11107 21113 30176 40384 57002==
33135 419// 00701 11104 21112 30230 40391 57008 71000 333 55009==
33177 42960 00101 11103 21116 30108 40366 57009==
33317 429// 20901 11110 21118 30008 40374 57006 80001 333 55058==
33393 42960 01002 11064 21104 39930 40347 57009==
33415 42960 00000 11084 21112 39935 40363 57008==
33429 42960 00701 11101 21107 39911 40368 57007==
33466 41559 80303 11074 21087 30168 40369 57010 71022 886//==
33506 41940 00503 11110 21120 30149 40362 57009 71000 333 55039==
33562 41559 80603 11078 21084 30050 40377 57009 71022 885//==
33587 415// 80401 11077 21091 30082 40365 57010 71022 885// 333 88627==
33658 41957 01302 11096 21107 30035 40359 57008 71000 333 55066==
33663 42/60 81201 11062 21074 30261 40364 57007 8805/==
33664 41996 00702 11094 21101 30018 40360 57007 71000 333 55056 555 21096 7000/=
33678 42897 80802 11080 21093 30155 40381 57004 8805/ 555 21092 7000/=
33679 42497 80902 11076 21094 30164 40369 57008 885// 333 88617 555 21078 7000/=
33711 42960 03503 11090 21101 30124 40350 57011==
33745 42597 70802 11084 21088 30161 40371 57007 84930 333 55058 555 21104 7000/=
33748 42997 51103 11076 21082 30048 40353 57008 80001 555 21085 7000/=
33754 42997 80502 11074 21087 30200 40357 57010 8805/ 333 55066 555 21092 7000/=
33761 42/64 80403 11073 21080 30117 40356 57009 8802/==
33791 41958 00202 11100 21108 30207 40345 57012 71000==
33815 41596 80701 11073 21090 30129 40352 57009 78582 889// 333 55064 555 21073 7998/=
33837 41457 60104 11057 21075 30278 40333 57010 71022 86600 333 55060 86711==
33881 42997 00503 11066 21080 30140 40350 57008 555 21084 7000/=
33883 42597 80303 11071 21071 30172 40347 57008 885// 555 21087 7000/=
33885 41996 40303 11082 21091 30211 40357 57011 71000 84030 333 55096 555 21089 7000/=
33892 41996 80104 11074 21087 30118 40346 57009 71022 8805/ 333 55076 555 21083 7000/=
33902 42960 00405 11075 21088 30265 40329 57008 333 55081==
33924 22570 80904 11034 21059 30292 40305 57006 885// 333 21043 60002==
33946 21358 80506 11041 21048 30059 40292 57006 77772 886// 333 21042 55035 69932 88708==
33983 22560 20605 11038 21060 30212 40276 57006 82500 333 21040 55081 60002 90730 91112==
34300 42560 80503 11098 21113 30177 40369 57010 885//==
34336 22460 80502 11110 21133 30255 40368 57005 8472/ 333 21122 47009 60002==
34344 22970 81001 11105 21115 30267 40362 56007 885// 333 21129 47012 60002==
34356 22970 00803 11126 21145 30204 40364 57003 333 21126 43007 55089 60002==
34357 22/60 80603 11099 21118 30188 40355 57006 8805/ 333 21131 43016 60002==
34398 229// 20702 11108 21121 30338 40352 57009 80001 333 55074 60002==
34415 42/60 50000 11124 21141 30253 40358 57009 85030==
34438 21560 80603 11109 21122 30146 40353 57004 78581 883// 333 21132 47010 69902==
34445 21540 80502 11100 21112 30233 40356 57004 77022 885// 333 21138 43007 60002==
34461 22960 00501 11113 21136 30297 40356 57003 333 21114 43003 60002==
34473 329// 00503 11108 21123 30313 40355 57008 333 47003 55086 555 21109 7000/=
34476 22970 00404 11102 21122 30342 40350 58010 333 21102 43003 55080 60002==
34504 42961 00403 11101 21121 30156 40344 57009==
34535 22460 80000 11107 21127 30270 40348 57004 886// 333 21118 47011 60002==
34545 22570 80403 11075 21091 30225 40344 55001 885// 333 21101 43003 60002==
34555 22570 30503 11078 21096 30254 40351 58002 82530 333 21078 42997 60002==
34560 42960 00805 11111 21129 30147 40353 54000 333 21112==
34578 21940 00501 11100 21111 30334 40342 58006 71000 333 21100 60002==
34579 21940 00202 11116 21136 30297 40344 58006 71000 333 21116 43003 60002==
34644 22960 00403 11062 21079 30249 40330 57004 333 21090 60002==
34646 22570 80703 11046 21063 30246 40332 52001 885// 333 21070 55025 60002==
34655 22960 00801 11103 21117 30273 40338 54001 333 21103 47001 69952==
34662 22970 03101 11105 21126 30334 40346 54001 333 21105 69902==
34691 22970 00000 11120 21147 30555 40542 57012 333 55077 60002==
34720 21460 80503 11085 21094 30284 40327 57009 77172 8872/ 333 21094 43003 55076 69902==
34727 21440 80704 11088 21097 30288 40320 56005 71011 885// 333 21089 42997 60002==
34743 21940 00602 11090 21101 30236 40331 54000 71000 333 21090 60002==
34759 21940 02901 11114 21118 30189 40331 54000 71000 333 21114 55068 60002==
34772 22960 00301 11103 21123 30335 40338 58002 333 21103 60002==
34785 22960 00102 11128 21147 30355 40331 57007 333 21128 60002==
34798 22960 03501 11116 21136 30470 40438 57007 333 60002==
34824 21940 00604 11085 21102 30299 40305 57006 71000 333 21085 55032 60002==
34838 22960 00403 11085 21104 30200 40303 57006 333 21085 60002==
34845 21940 00802 11091 21102 30201 40316 57001 71000 333 21091 46997 60002==
34858 21940 00000 11101 21113 30206 40322 55000 71000 333 21101 60002==
34861 22960 00503 11094 21134 30066 40326 52001 333 21094 60002==
34866 22960 00803 11091 21103 30335 40326 53003 333 21092 60002==
34880 21560 20501 11084 21106 30352 40324 57005 70281 82930 333 21093 55084 69902==
34887 21940 00902 11098 21107 30349 40325 58002 71000 333 21099 60002==
34949 22/// /0703 11121 21140 39727 40316 57005 333 21124 60002==
34954 22970 00000 11119 21135 30131 40319 56003 333 21119 55034 60002==
34958 22970 00000 11129 21147 30106 40322 54000 333 21129 46001 60002==
34975 21940 00901 11084 21094 30321 40317 53002 71000 333 21084 34/// 60002==
34984 22960 00102 11098 21110 30353 40320 57001 333 21098 60002==
35217 129// 00905 11106 21126 30320 40363 57008 60002 333 47014==
35302 129// 00804 11098 21129 30341 40363 57010 60002 333 42001==
35315 329// 00606 11114 21158 30295 40356 57005 333 47005 555 21115 3/113 7000/=
35344 329// 00402 11148 21168 30087 40398 53004 333 47031 55093 555 21149 7000/=
35358 12960 00203 11165 21184 30202 40388 52006 60002 333 43022==
35368 32999 03601 11176 21210 30102 40393 53001 333 48042 55094 555 21177 7000/=
35386 31592 80000 11176 21194 39850 40417 52003 74641 885// 333 47028 555 21202 7000/=
35394 11/02 90000 11140 21154 39683 40408 52005 60002 74942 89/// 333 43030==
35404 329// 00802 11110 21123 30339 40348 57009 555 21110 34112 7000/=
35406 129// 00703 11119 21139 30344 40346 57005 60002 333 46002 55066==
35416 12/// 20601 11110 21159 30229 40357 51001 60002 82030 333 47009 55086==
35426 125// 20404 11118 21155 30054 40364 57004 60002 82500 333 47011==
35437 319// 00608 11122 21164 30128 40466 53001 73630 333 47015 55077 555 21123 7000/=
35449 329// 00104 11164 21189 30257 40369 57002 333 48016 555 21166 7000/=
35497 11/05 90000 11174 21178 39834 40724 52007 60002 74741 89/// 333 47048==
35498 31695 80000 11154 21161 39470 40412 52007 71041 885// 333 47049 555 21225 7000/=
35514 32998 00505 11120 21147 30560 40556 57007 333 42003 555 21124 7000/=
35522 329// 51403 11102 21152 30089 40356 58005 85030 333 47004 555 21102 7000/=
35542 329// 00504 11148 21179 30215 40374 53005 333 47008 55086 555 21149 7000/=
35563 32998 02101 11102 21148 39581 40390 53006 333 47026 55092 555 21110 7000/=
35576 12970 00603 11183 21210 39909 40398 53006 60002 333 47028==
35582 32998 00503 11181 21214 39759 40412 52006 333 47020 555 21182 7000/=
35594 32999 00000 11220 21252 39514 40438 52007 333 47030 555 21220 7000/=
35605 32998 30704 11114 21127 30346 40323 57004 83080 555 21116 7000/=
35633 329// 00203 11154 21181 30124 40355 52004 333 44004 55079 555 21154 7000/=
35671 12970 00703 11094 21115 39919 40370 53007 60002 333 47012==
35699 12960 00501 11092 21141 39587 40377 52011 60002 333 48018==
35700 12970 80602 11099 21107 30349 40324 57006 60002 80005 333 55094==
35715 32597 61104 11096 21132 30327 40311 57008 86500 555 21097 7000/=
35739 /15// 80506 11083 21125 30170 40316 53002 70273 8802/ 333 48006 555 21088 60022 7002/=
35746 429// 20404 11096 21148 30253 40324 53003 80001 333 47001 55015==
35777 32997 00205 11155 21174 39984 40355 58010 333 47011 555 21162 7000/=
35796 12960 20404 11147 21169 39920 40387 52012 60002 80001 333 47025 55094==
35849 129// 50000 11069 21106 30216 40305 57003 60002 80001 333 47001 55000==
35895 32998 03604 11134 21148 39909 40383 52013 333 47006 555 21143 7000/=
35907 32598 70504 11061 21092 30339 40307 57022 87500 555 21063 7000/=
35925 41/// 80704 11073 21082 30185 40303 57001 70272 8802/ 333 47997==
35927 /15// 80902 11067 21076 30295 58002 77172 8802/ 333 47002 555 21069 60012 7001/=
35953 12970 20404 11105 21141 30164 40301 57005 60002 80001 333 47002==
35969 12984 00507 11104 21148 30130 40313 53007 60002 333 47001==
35997 31996 00201 11175 21194 39907 40378 52016 71000 333 47002 555 21175 7000/=
36259 41584 62905 11167 21214 38204 48493 52026 73632 86902 333 90730 91111==
36335 31994 00000 11170 21193 39327 40428 52012 71041 333 48042 555 21182 7000/=
36358 32699 73302 11120 21144 39320 40389 52013 87500 333 47018 555 21140 7000/=
36394 /1996 82701 11113 21118 39931 40375 52015 77172 8802/ 333 48017 555 21132 69992 7001/=
36397 41/40 80000 11106 21121 39786 40377 52018 77177 8802/ 333 47009==
36403 /1996 80902 11129 21138 39993 40376 52015 77177 8807/ 333 48042 55000 555 21158 69962 7001/=
36418 32999 62806 11161 21186 39719 40377 52019 80003 333 48075 555 21241 7000/=
36421 /2999 71201 11296 21314 39792 40432 52021 87050 333 47100 555 21305 69932 7001/=
36428 42784 33402 11256 21289 39856 40415 52024 81541 333 47054 55042==
36439 /1798 51002 11248 21254 39028 48504 52027 70172 81541 333 48042 555 21250 60012 7002/=
36498 32998 03201 11149 21166 39552 40395 52020 333 48065 555 21162 7000/=
36501 /1698 50000 11118 21134 39588 40380 52017 70182 85300 333 47009 555 21136 69992 7999/=
36535 42/84 32902 11177 21214 39706 40387 52026 83030 333 48082 55066==
36546 32999 20000 11284 21301 39802 40409 52023 80001 333 47040 555 21295 7000/=
36619 32999 00000 11176 21208 333 47023 555 21198 7000/=
36622 /1598 60502 11125 21146 39537 40385 52015 72682 82350 333 48039 555 21153 69962 7996/=
36639 12984 01001 11258 21288 39727 40401 52021 60002 333 47064==
36643 /2699 72804 11102 21135 39684 40377 52020 82540 333 47016 555 21195 69922 7992/=
36665 /1799 71602 11140 21167 39597 40366 52024 70132 83580 333 47022 55075 555 21193 69912 7991/=
36666 /2599 72507 11126 21156 39856 40377 52024 82550 333 47018 55076 555 21200 69922 7992/=
36729 32998 02902 11113 21150 39856 40364 52011 333 43012 555 21124 7000/=
36736 32999 71402 11173 21183 39801 40399 52027 82031 333 44020 55092 555 21215 7000/=
36744 32998 00302 11188 21200 39887 40376 52017 333 47004 555 21201 7000/=
36770 32999 00000 11198 21198 39587 40378 52009 333 47025 555 21220 7000/=
36786 32999 02901 11138 21165 39389 40363 53014 333 43051 555 21138 7000/=
36796 32998 00000 11212 21248 39099 48513 53015 333 47070 555 21213 7000/=
36803 32999 01702 11130 21153 39895 40372 52020 333 43005 555 21160 7000/=
36806 32999 03202 11110 21181 39837 40347 53035 555 21221 7000/=
36819 31997 30000 11165 21178 39703 40363 52004 71011 80001 333 43004 55069 555 21165 7000/=
36821 11940 30000 11182 21187 39840 40372 52011 60002 71000 80002 333 42002==
36839 32999 01601 11167 21199 39152 40364 52002 333 43011 555 21205 7000/=
36843 32998 02301 11119 21138 39107 40343 52005 333 43033 555 21121 7000/=
36846 32999 00502 11113 21179 38639 48523 52004 333 43062 555 21155 7000/=
36859 12570 50000 11102 21106 39537 40358 52020 60002 85500 333 41002==
36870 12960 02401 11072 21101 39273 40323 52012 60002 333 43028==
36874 32999 01802 11195 21215 39661 40521 52013 333 47013 555 21198 7000/=
36877 32999 00000 11125 21138 39711 40789 52013 333 43017 555 21125 7000/=
36885 32999 01402 11075 21108 39159 40330 53013 333 43033 555 21078 7000/=
36889 /2999 01402 11101 21166 37043 47057 53003 333 47010 555 21104 69902 7990/=
36894 32999 02302 11031 21092 39540 40294 53009 333 43008 555 21082 7000/=
36905 32999 02001 11025 21118 38774 48526 53013 333 43023 55082 555 21028 7000/=
36911 12999 50000 11030 21040 39275 40271 58007 6//// 85040 333 21035 555 51007 530// 7000/=
36927 12699 23602 11038 21075 38346 48515 53002 6//// 82900 333 21038 555 50007 530// 7000/=
36934 12698 61201 11026 21063 38266 48400 53001 6//// 84944 333 2//// 555 11006 5//// 530// 7000/=
36953 32999 00000 11034 21062 38186 48508 58002 333 47019 55085 555 21072 7000/=
36963 12799 61601 11100 21142 37013 48/// 57002 6//// 82501 333 2//// 4/006 555 11078 5//// 530// 7000/=
36974 12798 70000 11090 21119 37991 48538 54000 6//// 8//// 333 2//// 4/002 555 11071 5//// 530// 7000/=
36982 12599 52801 11136 21158 36494 47063 53001 69932 82530 333 21178 47001 555 5//// 530// 7////=
37018 22660 80602 10014 21053 30165 40243 57003 86931 333 20008 55073 60002==
37031 22960 00000 11088 21108 30084 40293 57007 333 21089 55097 60002==
37054 22960 00701 11103 21124 39905 40318 55003 333 21114 43002 60002==
37061 21940 33301 11101 21119 30139 40321 54000 71000 80005 333 21107 41998 55088 60002==
37085 22940 00000 11081 21088 30343 40315 57002 333 21086 34/// 60002==
37171 22/40 80805 10039 20002 30220 40239 57001 8805/ 333 20018 60002==
37228 22460 82601 11062 21088 39419 40296 54000 885// 333 21062 47003 55000 60002==
37235 22/60 30000 11094 21105 39975 40314 54000 80041 333 21098 46001 60002==
37472 21940 03202 11060 21077 30333 40310 52001 71000 333 21062 34/// 55082 60002==
38149 12570 80601 11068 21106 30216 40297 57007 60002 885//==
38178 12/70 83602 11083 21135 40244 57010 60002 8802/ 333 55000==
38262 12920 82800 11083 21115 30200 40286 53003 60002 80002 333 55071==
38264 12/70 60000 11095 21125 30195 40294 52017 60002 86070==
38345 11/92 90000 11035 21035 38813 48499 53001 6//// 747// 333 21039 34104 555 5//// 530// 7000/=
38353 12998 52101 11021 21036 39352 40276 53005 6//// 80004 333 21032 3/106 41998 555 5//// 530// 7000/=
38388 32598 70000 11110 21154 30216 40292 53006 87500 333 21115 34114 55083 555 7000/=
38392 32997 70102 11075 21101 30177 40287 53009 87030 333 21110 34111 55088 555 7000/=
38396 12/60 73502 11067 21118 30155 40288 52007 60002 8707/ 333 21098==
38403 12/60 82302 11078 21100 30135 40263 53006 60002 8807/==
38413 12/70 82702 11065 21081 39980 40287 53015 60002 8802/ 333 55033==
38457 11310 82101 10020 20007 39613 40209 52007 60002 71022 8852/ 333 55002==
38462 12684 60000 11011 21099 38729 48469 57009 60002 83951 333 21026==
38507 32996 80000 11046 21089 30180 40289 54000 8807/ 333 21067 30105 55039 555 7000/=
38545 32598 83203 11072 21097 30087 40273 53003 885// 333 21096 3/104 46006 55058 555 7000/=
38565 12540 80000 11012 21024 39601 40174 52011 60002 886// 333 21027==
38579 41520 83503 11002 21011 39794 40224 52002 71022 885// 333 55000==
38583 12660 82902 10005 21006 39888 40217 53006 60002 885//==
38599 31195 82406 10011 20007 39667 40215 53006 71022 886// 333 20010 88702=
38611 11/02 91001 11010 21013 39631 40218 54000 60002 74544 89/// 333 55003==
38613 12996 80301 11010 21022 40214 55003 6//// 8802/ 333 21010 30101 555 10039 5//// 530// 7000/=
38616 11595 71801 10010 21001 39188 40218 53005 6//// 710// 87500 333 2//// 555 10042 5//// 530// 7000/=
38618 12/60 80000 10038 20012 39502 40196 57002 60002 8807/ 333 55024==
38647 32697 80902 11034 21055 30229 40274 52003 885// 333 21044 3/103 41998 555 7000/=
38656 11598 80000 11038 21067 30173 40288 53002 69982 72272 8802/ 333 21040 3/102 43001 55029 555 7998/=
38683 41/10 82505 11025 21028 39951 40239 53015 77187 8802/ 333 88506==
38687 11597 83404 11050 21057 30029 40278 53028 60042 72272 8802/ 333 21050 3/102 47002 55000 88523 555 7004/=
38696 12560 80202 11009 21012 39345 40224 53023 60002 889// 333 55000==
38713 21/92 93201 11014 21016 39020 48480 58018 74544 333 21015 55000 69932=
38750 32597 80902 10012 21011 30323 40293 53005 885// 333 20007 30001 55000 555 7001/=
38763 32597 70000 11028 21048 30174 40285 58001 87800 333 21028 3/102 46003 55000 87623 555 7990/=
38774 11495 80701 11027 21037 30089 40294 53006 60032 77177 8802/ 333 21030 3/000 47003 555 7003/=
38799 12597 83202 11040 21045 30023 40267 53006 60072 885// 333 21042 3/100 43006 555 7008/=
38806 11697 83602 11036 21044 39974 40247 53020 60072 72572 885// 333 21038 30106 46006 555 7007/=
38812 41420 82205 11019 21025 39784 40254 52026 78582 889// 333 88914==
38836 42698 82502 10030 20027 39242 40189 52016 8592/ 333 20024=
38880 11297 80801 11034 21038 30020 40289 52005 60052 77177 8802/ 333 21035 3/102 43004 88505 555 7007/=
38886 11496 70000 11041 21050 30045 40286 52005 60052 77177 87520 333 21042 3/104 47006 555 7009/=
38895 11496 83302 11042 21054 39982 40288 53024 60072 77172 8802/ 333 21042 3/102 48009 555 7011/=
38911 11698 82704 11022 21056 39944 40252 52008 60062 77072 8802/ 333 21026 34103 47002 55000 555 7006/=
38915 11597 80000 11011 21029 39929 40268 52037 60042 72172 885// 333 46001 21014 34101 555 7004/=
38927 41234 82507 11004 21010 39864 40254 52033 71082 889// 333 48001 55014 86704==
38933 21596 81402 10048 20007 39700 40222 52030 76062 8802/ 333 20046 69932=
38944 21596 81304 10034 20029 39617 40160 52027 78082 889// 333 20033 69902=
38974 11598 86402 11030 21040 39934 40285 52005 60052 72272 8872/ 333 47008 55000 88523 21031 3/102 555 7014/=
38987 12496 80601 11028 21035 39508 40284 52013 60082 885// 333 21031 37103 47018 55000 555 7029/=
40100 43/58 89905 10111 20080 30165 40181 55001 333 58///=
40180 01559 71505 10101 20094 30117 40167 57001 76162 8700/ 333 70000==
40199 02/// /3602 333 70000==
40255 46/// /0000 10062 29078 3//// 4//// 5////=
40265 41950 50000 10051 20030 39379 40186 52001 70522 85030 333 85360=
40270 41857 52106 10062 20035 39260 40172 57002 71022 85020 333 85458=
40272 41540 62407 10058 20051 39333 40180 57003 70522 86800 333 84830 85635=
40296 46/// /0000 10156 29051 4//// 5////=
40340 42860 40202 10126 20025 40185 52001 80070 333 84358=
40356 42960 01404 10002 21040 39183 48477 333 59017 555 04410 50183=
40357 42960 03503 10033 21040 39530 40182 333 59011=
40360 42660 40000 10040 21020 39572 40173 84400 333 59023 84640=
40361 42960 00404 10048 21040 39391 40219 333 59018=
40362 42960 01304 10045 21020 39659 40186 333 59015=
40373 42960 01004 10053 21020 39765 40191 333 59003=
40375 42960 02403 10050 21040 39271 40155 333 59024=
40394 42960 02404 10070 21050 39009 48482 333 59037 555 04410 50145=
40400 42960 20205 10148 20060 30112 40140 80001 333 59016 82070=
40405 42960 00604 10089 21040 39406 40169 333 59028=
40417 42960 03106 10070 20010 30177 40193 333 58020=
40420 42960 33604 10084 20020 39976 40193 80002 333 58014 83070=
40430 42960 03603 10143 21080 39393 40149 333 59034=
40437 42960 00803 10080 21050 39468 40184 333 58000=
40439 42960 00000 10136 20080 30096 40114 333 59024=
40582 32957 21703 10048 21026 40198 53003 80001 333 55300 00000 10186 20000 30000 40865 51050 60000 55407 40000 82070 90400 91003 91103 91203 91303=
40703 42960 00000 11106 21134 38942 40277 56003 333 11031 21110 70000 555 11109 29080 66666 01060 11058 20016 30028 50060 90090=
40706 42570 40402 11088 21140 38671 40287 54000 81402 333 11030 21094 70000 81630 84067 555 11097 29066 66666 01053 11014 20029 30045 50057 90076=
40712 42670 12704 11109 21154 38693 40285 55003 81500 333 11052 21110 70000 81635 555 11115 29070 66666 00009 10012 20018 30021 50036 90054=
40713 42964 00703 11082 21131 38663 40253 55004 333 11029 21086 70000 555 11091 29068 66666 00001 10030 20047 30057 50072 90097=
40718 42460 72802 10033 20013 30315 40285 55002 82520 333 10034 20020 70146 82615 87457 555 10026 29087=
40723 41110 82702 11064 21083 38988 40286 53006 77177 8752/ 333 11034 21068 70002 84703 86620 88456 555 11067 29086 66666 01018 11006 20020 30034 50050 90070=
40726 42960 00000 11096 21132 38671 40285 56002 333 11042 21100 70002 555 11102 29075 66666 00004 10010 20030 30034 50050 90082=
40727 42560 81603 11086 21101 38487 40286 56004 883// 333 11063 21090 70007 83930 86635 555 11087 29089 66666 01005 10012 20023 30031 50042 90074=
40732 42560 82701 10046 20003 30297 40272 54000 8632/ 333 10048 20038 70001 82920 85625 88458 555 10030 29074 66666 00060 10066 20078 30090 50106 90126=
40736 41560 52101 10034 20025 30302 40275 53002 70162 85600 333 10044 20032 70037 85720 555 10031 29094 66666 00056 10060 20074 30082 50096 90119=
40738 42560 70000 10008 20001 30298 40300 53009 82570 333 10016 20000 70046 82630 87458 555 10006 29095 66666 00024 10048 20062 30066 50098 90124=
40739 42965 13602 11070 21103 38699 40265 53007 80002 333 11014 21078 70006 81068 555 11076 29077 66666 01034 11032 20016 30040 50055 90089=
40741 41440 80402 11031 21037 39932 40284 52013 71022 8572/ 333 11004 21031 70103 85715 88458 555 11032 29096 66666 00023 10036 20055 30072 50094 90118=
40743 41540 70000 11033 21044 39086 40252 53014 71022 84720 333 11006 21037 70081 84720 87459 555 11035 29092 66666 00015 10027 20055 30083 50115 90132=
40745 41220 80703 11047 21050 39066 40272 52011 71072 8672/ 333 11027 21050 70117 86706 88456 555 11046 29098 66666 0006 10018 20040 30060 50077 90105=
40747 42660 20304 11053 21106 38647 40256 52001 82400 333 11013 21054 70002 82640 555 11066 29066 66666 01013 10013 20035 30050 50062 90093=
40754 42660 32602 11030 21072 38842 40238 53004 81530 333 10027 21030 70004 81640 83360 555 11042 29073=
40762 41558 83503 11043 21088 38539 40228 52017 70522 8632/ 333 11033 21046 70149 81930 85635 88459 555 11054 29071 66666 00012 10018 20026 30044 50068 90092=
40766 42760 61102 11025 21066 38691 40228 55003 83570 333 11008 21041 70000 83650 86459 555 11037 29073 66666 00000 10026 20042 30054 50074 90101=
40768 42660 11303 11158 21174 38254 40316 55001 81400 333 11090 21191 70022 81640 555 11157 29088 66666 01012 11006 20013 30026 50034 90058=
40769 41656 80000 11081 21096 38290 40259 52003 71022 8152/ 333 11046 21107 70035 81640 88459 555 11082 29089 66666 00004 10008 20026 30034 50058 90102=
40780 42960 00802 11045 21060 38670 40229 58002 333 10004 21050 70000 555 11048 29089 66666 00024 10026 20048 30056 50078 90100=
40782 42960 01002 11019 21039 38865 40212 55000 333 10037 21024 70000 555 11025 29086 66666 00022 10024 20070 30064 50096 90116=
40785 42960 00000 10000 21043 39134 40273 52007 333 10018 21001 70019 555 11015 29073 66666 00000 10043 20076 30080 50102 90156=
40791 42962 03202 10013 21066 39392 40245 52014 333 10054 20010 70000 555 11013 29056 66666 00034 10054 20096 30116 50136 90162=
40792 42662 52903 11033 21045 38720 40219 52010 82570 333 10038 21033 70005 82635 83359 555 11036 29091 66666 00016 10028 20052 30078 50120 90126=
40798 42960 03203 11113 21149 37933 40241 50006 333 11011 21123 70000 555 11118 29075 66666 01046 11020 20026 30049 50063 90080=
40800 42970 00000 11057 21080 38459 40228 53008 333 10054 21060 70000 555 11062 29084 66666 01050 11008 20054 30078 50098 90120=
40809 42560 10000 11031 21051 38491 40198 53014 81770 333 10148 21032 70001 81359 555 11036 29086 66666 00007 10028 20076 30098 50110 90129=
40811 41957 03501 10046 20013 30162 40189 53003 70500 333 10135 20046 70000 555 10033 29079 66666 00092 10124 20160 30172 50188 90208=
40812 42960 01601 10044 20022 39786 40171 55003 333 10120 20044 70000 555 10035 29086 66666 00082 10098 20114 30126 50164 90186=
40821 41658 83402 10013 21040 38808 40240 53007 70522 82520 333 10039 20013 70000 82640 87459 555 11007 29068 66666 00047 10062 20091 30102 50113 90135=
40829 42960 03409 10024 21018 39609 40194 52024 333 10122 20024 70000 555 10009 29074 66666 00028 10080 20146 30140 50150 90176=
40831 41958 03002 10053 20028 30186 40195 56004 71000 333 10143 20051 70000 555 10043 29084 66666 00074 10112 20172 30176 50204 90226=
40833 41958 13301 10043 20001 30161 40194 53002 70500 80001 333 10143 20040 70000 81070 555 10027 29074 66666 00114 10142 20174 30178 50196 90216=
40841 41940 00000 11056 21073 38237 40194 53007 71000 333 10098 21059 70000 555 11059 29088 66666 00064 10062 20062 30086 50110 90142=
40845 42960 13307 10137 20040 30187 40192 53002 80002 333 10156 20136 70000 81068 555 10093 29052 66666 00132 10142 20164 30174 50186 90204=
40848 42960 00000 11048 21095 38512 40199 52013 333 10082 21050 70000 555 11059 29069 66666 00012 10026 20062 30068 50102 90122=
40854 41958 00000 10043 21019 38965 40170 52021 70500 333 10186 20040 70000 555 10019 29064 66666 00080 10126 20160 30176 50184 90198=
40856 41956 00702 10060 20006 38632 40148 52019 70600 333 10150 20060 70000 555 10037 29068 66666 00090 10102 20122 30126 50116 90134=
40859 42960 03402 11036 21084 38697 40192 53007 333 10112 21036 70000 555 11048 29069 66666 01016 10056 20100 30122 50134 90150=
40875 41550 13402 10116 20090 30135 40147 52015 71000 81500 333 20112 81630 555 10103 29084 66666 00132 10192 20220 30222 50240 90236=
40879 42962 20000 10114 20108 39482 40163 52017 80002 333 10168 20112 70003 82070 555 10111 29096 66666 00154 10162 20190 30200 50206 90234=
40882 42960 33106 10175 20088 30121 40156 53011 80001 333 10195 20174 70000 83070 555 10130 29057 66666 00168 10186 20206 30220 50226 90244=
40883 41956 03304 10196 20110 30104 40131 53014 70500 80000 333 10224 20188 70000 555 10149 29058 66666 00184 10186 20210 30222 50230 90244=
40893 41957 03403 10203 20137 30135 40140 53009 70511 333 10240 20203 7000 555 10165 29066 66666 00226 10231 20248 30249 50255 90252=
40898 41958 00000 10202 20178 30137 40146 52017 71000 222// 00230 20900 333 10227 20202 70000 555 10187 29086 66666 00194 10210 20236 30250 50258 90268=
41024 42960 03604 10193 20120 30089 40115 333 59028=
41036 42960 00000 10116 20020 38542 48491 333 59013 555 04410 50120=
41055 41957 01703 10128 21020 38349 48496 70644 333 59005 555 04410 50111=
41061 42960 01208 10120 21040 39446 40160 333 58015=
41084 41958 00000 10138 21020 38840 48495 70600 333 59004 555 04410 50101=
41112 42960 01804 10101 20010 37935 48507 333 59004 555 04410 50110=
41114 42960 00000 10079 21020 37974 48513 333 59005 555 04410 50121=
41128 41958 00000 10120 20020 38823 48528 70544 333 58019 555 04410 50153=
41136 41959 00606 10154 20040 39337 40149 70500 333 58021=
41140 42960 00000 10233 20190 30100 40113 333 59017=
41150 42970 23309 10152 20058 40190 80001 333 58021 82075=
41176 44/70 /2802 10111 20073 30182 40188 333 58022=
41184 42960 31806 10137 20086 40171 80001 333 58031 83070=
41194 42660 32206 10184 20113 30158 40164 83500 333 58026 83635=
41196 42660 41705 10150 20099 30127 40169 83530 333 58026 83635=
41216 42960 03008 10172 20113 30170 40174 333 58027=
41217 42960 03009 10177 20114 30140 40170 333 58028=
41240 26/// /1603 10207 20105 30141 40171 333 0E123 55300 25022 58026 70000=
41244 36/// /3402 10141 20099 39732 40159 333 0E019 55300 25022 58023=
41246 36/// /2201 10178 20049 30146 40149 333 0E017 55300 25022 58023=
41253 36/// /3101 10187 20161 39780 40145 333 0E020 55300 25022 58024=
41254 36/// /2707 10104 21012 38044 49841 333 0E004 55300 25022 58007=
41256 32960 02302 10201 20168 30131 40148 333 58028 55000 55407 55408 55507 55508=
41258 36/// /2503 10225 20192 30139 40143 333 0E/// 55300 20000 58026=
41262 36/// /2908 10161 20065 39958 40159 333 0E016 55300 20000 58017=
41263 36/// /3102 10161 20107 39561 40133 333 0E017 55300 20000 58007=
41265 36/// /1101 10182 20157 39564 40135 333 0E022 55300 20000 58015=
41267 36/// /2705 10218 20165 30136 40149 333 0E019 58027=
41268 36/// /2407 10212 20181 30097 40145 333 0E021 55300 25106 58024=
41275 36/// /2807 10157 20052 39999 40173 333 0E016 55300 20000 58015=
41288 32560 12508 10228 20205 30130 40152 81500 333 58009 81630=
41315 36/70 /0000 10180 20110 39320 48034 333 0E021 55300 27865 58011=
41396 42965 01001 10164 20095 39414 40147 333 58015=
41480 42460 51008 10256 20209 30120 40128 85500 333 59004 82618 85630=
41506 22697 80000 10060 20003 38524 48521 8452/ 333 20033 5699/ 59030 60007 70000 84640 85460=
41508 22696 80504 10064 21010 38679 48545 8452/ 333 20018 5699/ 59005 60007 70000 84635 85460=
41515 22696 80000 10028 20005 38605 48563 8352/ 333 20006 5699/ 59002 60007 70000 83650 85460=
41516 22996 70000 10040 21027 38558 48515 87010 333 21002 56090 59040 60007 70000 87460=
41517 21496 80000 10020 21018 37819 48552 70422 8562/ 333 21040 5699/ 59020 60007 70000 82718 83635 88460=
41518 22596 81802 10056 21016 38/// 48/// 8472/ 333 20025 5699/ 5//// 60007 70000 81730 83640 88461=
41519 22696 70000 10080 21021 38792 48526 83520 333 20060 56990 59024 60007 70000 83640 85462=
41523 22696 80000 10060 20013 39090 48494 8352/ 333 20027 5699/ 59013 60007 70000 83640 85460=
41535 22697 70000 10075 20017 38700 48467 83520 333 20000 56990 59025 60007 70000 83635 86460=
41536 22597 83603 10155 20015 39038 48514 8352/ 333 20055 5699/ 59019 60007 70000 83630 88460=
41560 22697 51302 10005 21007 38306 48539 82520 333 21035 56990 58017 60007 70000 82630 83460=
41571 21996 52304 10140 21010 39558 40147 70522 82031 333 20094 56099 59027 60007 79999=
41598 21994 40000 10115 20085 39860 40137 71000 84030 333 20074 56090 59030 60007 70000 84360=
41600 21696 50000 10110 20090 39845 40147 70422 82470 333 20083 56990 59013 60007 70000 82640 83460=
41620 31696 42702 10060 21033 38576 48478 70500 84500 333 20025 56900 59022 60007 70000 84640=
41624 21995 30000 10115 20068 39932 40137 70400 83020 333 20115 56090 59022 60007 70000 83460=
41630 21994 40000 10110 20079 40143 71000 84030 333 20078 56090 59025 60007 70000 84360=
41640 21996 20000 10125 20085 39889 40144 70400 82030 333 20097 56090 59019 60007 70000 82360=
41660 22697 51306 10060 20016 38419 48511 81530 333 20055 56990 59014 60007 79999 81640 83360=
41678 21996 30000 10130 20068 40153 70400 83020 333 20115 56090 59014 60007 70000 83460=
41696 22697 50000 10050 20017 37993 48519 82520 333 20035 56990 59008 60007 70020 82640 83460=
41697 22997 00000 10090 20045 39990 40153 333 20070 58011 60007 70000=
41700 21694 50000 10105 20074 39996 40129 71022 81530 333 20090 56990 59017 60007 70000 81640 84360=
41710 22997 23104 10135 20066 39324 40100 82010 333 20120 56090 59006 60007 79999 82460=
41712 22696 30000 10105 20065 39156 48463 83500 333 20100 56900 59016 60007 79999 83640=
41715 21994 20000 10140 20091 30071 40138 70400 80001 333 20095 56009 59022 60007 70000 82070=
41718 21995 40000 10105 20074 30023 40130 71000 84030 333 20088 56090 59021 60007 70000 84360=
41725 21696 60504 10160 20093 30052 40131 70500 83530 333 20120 56900 59017 60007 70000 83640 83360=
41744 22696 60000 10080 21021 38780 48498 82520 333 20055 56990 59016 60007 70000 82630 84460=
41749 21995 30000 10120 20090 30103 40139 70400 80001 333 20110 59017 60007 70000 83070=
41756 21996 30000 10200 20149 30080 40146 70504 80001 333 20125 56009 59003 60007 70000 83070=
41757 22996 20000 10130 20091 30138 40151 82010 333 20120 56090 59024 60007 70000 82462=
41759 21995 30000 10155 20146 30140 40146 71010 82030 333 20100 56090 58007 60007 70000 82360=
41764 21996 00000 10140 20091 30088 40140 70400 333 20130 58000 60007 70000=
41768 22996 00000 10120 20079 30128 40135 333 20075 59007 60007 70000=
41780 21995 40000 10160 20124 30117 40145 70400 80001 333 20125 56009 58005 60007 70000 84070=
41785 22996 00000 10135 20085 30132 40145 333 20098 59011 60007 70000=
41859 01940 02302 10171 20150 30124 40163 70500 333 20133 58013 70000==
41883 02956 00000 10190 20140 30144 40165 333 20134 58010 70000==
41891 01930 00902 10182 20110 30126 40166 70500 333 20137 58012 70000==
41907 01935 00000 10162 20130 30144 40159 70500 333 20110 58003 70000==
41923 01940 00000 10214 20130 30155 40165 70500 333 20150 58011 70000==
41936 01905 00000 10144 20130 30151 40158 74244 333 20124 58006 70000==
41943 01930 00000 10180 20140 30154 40161 70500 333 20116 58011 70000==
41950 01940 00000 10207 20140 30164 40166 70500 333 20132 58011 70000==
41978 01931 03603 10210 20110 30157 40163 70500 333 20153 58014 70000==
41992 01930 00303 10222 20130 30158 40160 70500 333 20170 58010 70000==
42027 31596 80000 10055 20000 38430 48517 70222 8451/ 333 20040 59020=
42071 31994 30000 10108 20088 40148 71000 83030 333 10232 20084 59016 83359 555 10008=
42101 31695 52301 10116 20112 40155 71010 84530 333 10266 20095 59015 84635 83360 555 10012=
42111 31996 50000 10120 20086 39419 40126 71021 83031 333 10272 20098 59013 83360 85070 555 10007=
42123 31595 10000 10114 20090 40148 71000 81500 333 10273 20098 59006 81630 555 10013=
42131 31995 00000 10094 20086 40161 71000 333 10269 20073 58008 555 10013=
42165 32696 70000 10150 20059 40133 83530 333 10298 20123 59015 83640 87360=
42182 31994 20000 10116 20112 40155 71000 82030 333 10274 20097 59010 82360 555 10007=
42189 31595 43401 10128 20101 40150 71010 82530 333 10243 20096 59006 82625 84360=
42309 31996 20204 10188 20168 40156 71021 82030 333 20106 58004=
42314 31595 59902 10196 20152 40157 71022 81530 333 20136 58007 81620 85360 555 10045=
42328 31595 61802 10162 20054 40115 70521 84530 333 10304 20142 59012 84630 84360 555 10002=
42339 31895 40000 10136 20056 40148 70500 82031 333 10312 20120 59006 82358 83070=
42348 31995 70000 10152 20085 40151 70500 84031 333 10280 20131 59013 84360 85070 555 10013=
42361 31995 30000 10118 20106 40159 70500 80001 333 20100 59009 83070 555 10003=
42369 31595 20000 10130 20095 40154 71000 82500 333 10281 20095 59006 82620 555 10001=
42379 31/91 90000 10130 20123 40152 74540 333 10246 20100 58003 89/99 555 10000=
42398 31994 29902 10182 20145 40150 71000 82030 333 20146 58007 555 10000=
42410 31594 20000 10174 20154 40165 71000 82500 333 20136 58010 82620 555 10004=
42415 31995 00000 10178 20151 40165 71000 333 20150 58005 555 10019=
42452 31995 30000 10164 20124 40148 71000 80001 333 10271 20107 59008 555 10014=
42492 31993 02703 10154 20111 40151 70500 333 10253 20142 59007 555 10001=
42559 32996 00901 10148 20094 40147 333 20128 59009 555 10000=
42571 31996 00000 10146 20096 40154 70500 333 20110 59010 555 10002=
42591 31995 00000 10168 20087 40165 70500 333 20092 59006=
42623 31495 20000 10132 20051 39280 40169 70500 82500 333 20066 58008 82618=
42634 31995 20000 10174 20089 40152 80001 333 20168 58010 82075 555 10000=
42647 31995 20000 10164 20124 40144 70500 80001 333 20138 59001 82070 555 10000=
42667 31995 03205 10160 20136 39555 40158 70500 333 20142 59003 555 10000=
42675 31996 00000 10156 20111 40140 70500 333 20120 59023=
42701 31996 00000 10190 20007 39410 40145 70500 333 10267 20106 59005=
42724 31994 00000 10180 20126 40164 70500 333 20121 58014=
42737 32996 02304 10168 20113 40154 333 20147 58009 555 10000=
42754 31995 00000 10202 20108 39508 40147 70500 333 20172 58005 555 10000=
42779 32996 00000 10186 20070 39450 40157 333 20138 59005 555 10000=
42798 31995 03202 10180 20092 40161 70500 333 20104 58000=
42809 31994 01801 10220 20134 40159 70500 333 20152 58002=
42840 31995 00000 10200 20164 40145 71000 333 20188 58012 555 10000=
42867 31995 00902 10226 20153 40139 70500 333 20162 59002 555 10001=
42874 31996 00000 10200 20117 40155 70500 333 20163 59008 555 10000=
42886 31995 00000 10178 20085 40167 70500 333 20102 59002 555 10000=
42895 31593 60000 10206 20197 40159 74244 83530 333 20187 59004 83620 85360 555 10000=
42909 32996 00203 10208 20114 40144 222// 20000 333 20191 58009 555 10000=
42971 31995 02701 10230 20199 40163 71000 333 20179 59001 555 10000=
43003 31995 00000 10222 20140 40139 70400 333 20201 58014 555 10000=
43014 31994 30902 10220 20166 39494 40144 70540 83030 333 20193 58009 83360 555 10000=
43041 31995 00000 10188 20119 39539 40166 70500 333 20130 58011 555 10000=
43063 32997 20000 10208 20167 39523 40153 80001 333 20177 58013 82070 555 00000 10000=
43086 31496 22002 10242 20227 39964 40142 70510 82600 333 10340 20186 58004 555 10000=
43110 31995 00901 10235 20188 40140 70544 333 20215 58016 555 10000=
43117 32997 01402 10244 20215 40145 333 20229 58017 555 10000=
43128 31996 20903 10246 20192 39546 40151 70511 80001 333 10324 20202 58014 82070 555 10000=
43150 31595 30000 10252 20216 30098 40160 71000 81501 222// 20000 333 10322 20231 58011 81620=
43185 31595 50000 10248 20230 30143 40147 71010 83530 333 10326 20222 58011 83620 83360 555 10000=
43189 31596 10000 10254 20227 30152 40161 70510 81500 333 10320 20220 58016 555 10000=
43192 31996 00000 10230 20209 40135 70500 333 20224 58016 555 10000=
43198 32496 30903 10208 20142 39320 40151 82501 333 10328 20170 56209 58015 82612 555 10000=
43201 32997 00000 10234 20154 39401 40126 333 10330 20192 58015=
43213 31996 00000 10240 20196 39818 40137 70500 333 10364 20222 58014 555 10000=
43233 32997 20903 10234 20222 39336 40154 80001 333 10320 20186 58015 555 10000=
43237 31995 20000 10204 20171 39724 40122 71000 80001 333 10345 20183 58012 82075 555 10000=
43245 32597 22002 10258 20237 30127 40154 81501 333 10324 20240 58013 555 10005=
43279 31595 22902 10254 20224 30135 40153 71010 81501 333 10318 20222 58016 81620 555 10056=
43284 31996 00706 10244 20201 30021 40137 71000 333 10339 20224 58019 555 10036=
43295 31396 40902 10190 20171 39133 48533 71042 84600 333 10305 20181 56200 58013 82708 83615 555 10005=
43310 32496 41402 10268 20246 40125 82211 333 20250 58008=
43314 32996 11103 10266 20228 40136 80001 333 10350 20248 58019 555 10000=
43321 31495 60705 10228 20187 39704 40156 71021 83531 333 10328 20207 58015 83612=
43329 31596 70000 10242 20227 30132 40146 71022 84570 333 10306 20226 58010 555 10005=
43333 31495 60903 10294 20236 40141 70522 85401 333 20258 58012 83618 84820=
43344 31495 50905 10254 20233 30049 40149 71022 82531 333 10325 20220 58012 82616 83375 555 10015=
43353 31495 40503 10262 20207 40139 70521 83530 333 10316 20242 56190 58010 83620 555 10002=
43369 32597 30000 10262 20242 40131 83500 333 10328 20237 58013 83620 555 10073=
43371 31996 13601 10240 20187 30057 40130 70500 80001 333 10356 20224 58009 81071=
44212 42/84 50903 11240 21282 39103 40354 52030 83074==
44213 41/60 81401 11198 21230 38750 40329 52028 77172 8802/==
44214 42/70 23405 11164 21250 38236 40342 51030 82030==
44215 42/70 62805 11149 21219 38349 40301 52031 86070==
44217 31697 73604 11179 21228 37782 40368 51031 71522 84542 333 91208=
44218 32999 22201 11149 21199 38560 40308 52036 82040 333 91203=
44219 41997 82804 11222 21247 38556 40337 52038 71572 8802/ 333 91206=
44265 42/84 50702 11190 21233 38821 40346 51021 83041==
44266 32699 73406 11139 21208 37664 40259 52027 85520 333 91206=
44404 22357 50903 10127 20029 38144 48485 83251 333 20075 58013 60004=
44416 22958 00901 10130 20101 39373 40149 80000 333 20069 59002 60004=
44424 22460 12502 10028 21062 37690 47070 81100 333 21035 58000 60004=
44434 21225 12503 10130 20106 39247 48528 71040 81600 333 20092 58004 60004=
44438 21/00 90903 10134 20134 30026 40155 74344 89/// 333 20098 59002 60004=
44449 21925 03602 10155 20133 39994 40152 71044 80000 333 20100 59002 60004=
44454 21417 21502 10109 20090 38674 48509 71044 82100 333 20067 58005 60004=
44462 22358 20902 10106 20075 38257 48478 82200 333 20076 58002 60004=
44474 21010 50201 10108 20082 38265 48506 71044 85500 333 20072 59004 60004=
44477 21440 11801 10145 20092 38829 48534 7104/ 81100 333 20080 58006 60004=
44478 21908 00000 10144 20141 30068 40150 74144 80000 333 20114 59011 60004=
48010 41956 00000 10150 20134 39976 40134 58007 70244==
48020 42957 00000 10165 20149==
48025 41110 42201 10181 20147 31004 40140 58001 74044 84700==
48048 42956 03201 10200 20150 30074 40131 333 58006==
48052 32457 30000 10182 20129 81106 333 56909=
48062 42556 23602 10220 20185 30143 40149 82500 333 58015==
48064 42957 00401 10287 20230 30027 40083 333 59012==
48094 42958 03102 10265 20205 30132 40142 333 58011==
48109 42960 00000 10273 20226 30140 40143 333 58018==
51076 14/57 /0802 11193 21217 39390 40354 52035 60001 333 11113 21216 3/103 4/026 59003 70004 90761 91104==
51087 14058 00301 11180 21215 39240 40358 52029 69971 70070 333 11101 21185 3/106 4/019 59002 70007 90761 91103==
51156 14/70 /0802 11137 21189 38697 40327 52030 60001 333 11057 21162 3/118 58000 70000 90761 91114==
51243 14/32 /2902 11183 21213 39763 40370 52022 60001 70500 333 11122 21203 3/116 58001 70000 90761 91104==
51334 14/24 /1602 11181 21203 39919 40370 52027 60001 70500 333 11120 21220 3/112 4/012 59003 70000 90761 91107==
51379 14/25 /2602 11130 21156 39329 40364 52022 60001 71000 333 11067 21229 3/107 4/022 58009 70000 90761 91105==
51463 14/75 /0603 11101 21176 39076 40341 52026 60001 333 11053 21172 3/101 4/036 58017 70000 90761 91107==
51573 14/62 /0702 11025 21155 30172 40224 52018 60001 333 10055 21062 3/112 59068 70000 90761 91104==
51644 14/36 /0301 11055 21097 38899 40200 52006 60001 70500 333 10038 21092 3/106 59085 70000 90761 91102==
51656 14/57 /0902 11072 21102 39115 40218 52009 60001 70500 333 10039 21112 3/113 59083 70000 90761 91104==
51709 14/59 /3002 11043 21150 38577 40201 57005 60001 333 10046 21063 3/109 59070 70000 90761 91105==
51711 14/80 /2604 11027 21144 37955 40140 52001 60001 333 10017 21098 3/115 59058 70000 90761 91108==
51716 14056 02102 11030 21133 38864 40197 57005 60001 70600 333 10058 21074 3/113 59081 70000 90761 91104==
51765 14/58 /0601 11068 21135 39182 40222 52011 60001 333 10043 21096 3/114 59078 70000 90761 91104==
51811 14043 00000 11043 21145 38746 40203 57002 60001 333 10072 21067 3/115 59069 70000 90761 91103==
51818 14/50 /1901 11029 21169 38596 40199 57002 60001 70600 333 10074 21085 3/116 59067 70000 90761 91102==
51886 14/69 /1401 11100 21255 37066 40216 52005 60001 333 10029 21147 3/121 59047 70000 90761 91106==
52203 14/61 /1002 11049 21150 39300 40224 52012 60001 333 10032 21112 3/117 59076 70000 90761 91104==
52602 14/80 /0801 11102 21238 37226 40247 52003 60001 333 10000 21195 3/123 59046 70000 90761 91105==
52818 14/71 /2001 11010 21230 37192 40177 54000 60001 333 10052 21131 3/120 4/001 59051 70000 90761 91103==
52908 14/78 /3302 11149 21324 35724 40297 57001 60001 333 11061 21214 3/128 59035 70000 90761 91108==
55228 14/80 /2201 11125 21233 36029 40274 52012 60001 333 11006 21141 3/120 59007 70000 90761 91106==
55299 14/70 /2302 11092 21209 35831 40176 52012 60001 333 11012 21153 3/122 59024 70000 90761 91104==
55578 14/80 /1002 10041 21287 36357 40036 52014 60001 333 10128 21044 3/111 59007 70000 90761 91109==
55591 14/78 /1102 10021 21191 36500 40047 52015 60001 333 10127 21024 3/111 59001 70000 90761 91107==
55664 14/72 /2701 11041 21232 36009 40156 52014 60001 333 10080 21121 3/116 59005 70000 90761 91108==
55773 14/50 /0501 11103 21115 36005 40234 52013 60001 72870 333 10060 21120 3/116 59002 70000 90761 91104==
56004 14/80 /3101 11164 21323 35791 40295 52003 60001 333 11042 21231 3/128 59036 70000 90761 91106==
56018 14/65 /2502 11106 21298 36166 40238 52001 69921 333 11004 21165 3/120 59015 70002 90761 91104==
56312 14/80 /1302 10022 21110 37098 40175 52009 60001 333 10107 21045 3/106 58002 70000 90761 91107==
62306 42560 63310 10129 20068 40203 57007 86800==
62332 32960 42410 10117 20084 40174 57006 84030=
62366 45960 02506 10114 20071 40182 57007==
62387 32960 02803 10066 20041 40192 57008=
62393 42960 00000 10066 20027 40204 57006==
62405 42960 03502 10121 20041 40167 57006==
62414 42960 03606 10120 20031 40157 57004==
62419 42960 03404 10119 20015 40159 57004==
62420 32960 23001 10095 20039 40196 57005 82030=
62458 32960 00000 10102 20028 40185 57001=
41316 32584 23305 10219 20167 30121 40151 82500 90245 333 58011 55000 55407 55408 55507 55508 82625=
