SMPK OPKC 061800=
41504 02995 02702 10000 21118 37845 48508 60003 333 58025 60007 RH41%=
41506 02995 00000 10025 21012 38551 48547 60003 333 58028 60007 77%=
41507 02996 00906 10130 20021 39292 49814 60003 333 59025 60007 48%=
41508 02996 02304 10029 21009 38707 48569 60003 333 58019 60007 76%=
41509 02696 20000 10075 20017 38790 48526 60003 82500 333 56900 58031 60007 82640 RH 67%=
41510 02996 00000 11020 21034 37947 48575 60003 333 58041 60007 90%=
41515 02995 00000 10046 21020 38563 48524 60003 333 58006 60007 62%=
41516 02696 20000 10020 21020 38582 48536 60003 82100 333 56900 58058 60007 82840 RH74%=
41517 01696 20000 11020 21076 37822 48565 60003 70400 82500 333 56900 58053 60007 82635 62%=
41518 02696 41802 10050 21030 38/// 48/// 60003 82520 333 56990 5//// 60007 82640 82462 45%=
41519 02996 00000 10105 20000 38777 48515 60003 333 58033 60007 RH48%=
41520 02995 11804 11020 21114 37649 48310 60003 81030 333 56090 58040 60007 81362 44%=
41523 02996 00000 10060 21001 39130 48529 60003 333 58028 60007 65%=
41524 02996 00000 10085 20030 39398 40289 60003 333 58015 60007 68%=
41525 12996 00000 11010 21048 37698 48439 60003 333 58025 73%=
41528 01996 00000 10075 20054 39260 48527 60003 70400 333 58010 60007 86%=
41530 019// 11804 10110 21056 39786 40213 60003 70500 80001 333 56009 58018 60007 81070 33%=
41534 02996 00000 10085 20039 39786 40215 60003 333 58022 60007 RH 73%=
41535 02996 00000 10045 20009 38746 48508 60003 333 58021 60007 RH77%=
41536 02996 00000 10080 20010 39070 48527 60003 333 58006 60007 61%=
41560 02996 00000 10030 20007 38300 48531 60003 333 59010 60007 RH85%=
41562 02996 03104 10095 21006 39727 40206 60003 333 58023 60007 RH49%=
41565 02995 03104 10056 21059 38663 48518 60003 333 58007 60007 RH 44% =
41567 01996 00000 10130 20056 39716 40140 60003 70400 333 58002 60007 61%=
41571 119// 03104 10110 21008 39601 40199 60003 70500 333 59003 RH44%=
41572 01996 02708 10085 21013 39563 40209 60003 70500 333 58021 60007 RH48%=
41573 02997 03606 10030 21051 37991 48528 60003 333 58017 60007 55%=
41574 02997 00000 10050 20017 38362 48543 60003 333 58009 60007 79%=
41576 01996 02304 10110 20015 40206 60003 70400 333 58014 60007 52%=
41577 01996 00000 10080 20010 39580 40216 60003 70400 333 56000 58016 60007 RH 61%=
41593 01996 00000 10140 20063 39978 40199 60003 70400 333 58019 60007 62%=
41597 01996 00000 10135 20049 40206 60003 70400 333 58016 60007 56%=
41598 01996 03102 10120 20014 39910 40188 60003 70500 333 58015 60007 48%=
41599 01996 02308 10115 20062 39894 40192 60003 70400 333 58005 60007 70%=
41600 01996 00000 10120 20068 39881 40185 60003 70400 333 58008 60007 70%=
41620 31996 01804 10080 21058 38593 48495 60003 70500 333 58012 60007 37%=
41624 01996 00000 10120 20056 39998 40204 60003 70400 333 58025 60007 65%=
41625 01996 00000 10115 20062 39956 40163 60003 70400 333 58008 60007 70%=
41630 01996 00000 10105 20037 40206 60003 70400 333 58015 60007 63%=
41633 01996 00000 10110 20079 4//// 60003 70400 333 5//// 60007 81%=
41634 02996 00000 10085 20016 3//// 4//// 60003 333 5//// 60007 62%=
41635 01996 00000 10105 20050 3//// 4//// 60003 70400 333 5//// 60007 69%=
41636 01996 00000 10120 20068 30016 40207 60003 70400 333 58028 60007 70%=
41638 01996 20000 10120 20101 4//// 60003 70400 82030 333 56090 5//// 60007 82360 88%=
41639 01996 02702 10115 20062 3//// 4//// 60003 70400 333 5//// 60007 70%=
41640 01996 03102 10150 20056 39939 40194 60003 70400 333 58009 60007 53%=
41641 01996 02706 10135 20062 39916 40196 60003 70400 333 58012 60007 61%=
41642 01996 03102 10150 20081 3//// 4//// 60003 70400 333 5//// 60007 76%=
41643 01995 00000 10130 20091 39899 40182 60003 70400 333 58002 60007 77%=
41644 01996 00000 10115 20085 3//// 4//// 60003 70400 333 5//// 60007 82%=
41646 01996 00000 10135 20085 39991 40210 60003 70400 333 58021 60007 72%=
41652 01996 23102 10115 20022 30030 40214 60003 70400 82030 333 56090 58026 60007 82360 53%=
41660 71312 10070 20082 38458 48549 60003 83031 333 56099 59007 60007 83362 84070 RH 33%=
41661 02996 40000 10050 21057 38417 48546 60003 84030 333 56090 58002 60007 84360 46%=
41669 01996 00000 10110 20068 3//// 4//// 60003 70400 333 5//// 60007 75%=
41670 01996 00000 10120 20079 4//// 60003 70400 333 5//// 60007 76%=
41674 01996 30000 10130 20068 3//// 4//// 60003 70400 83070 333 56090 5//// 60007 83462 66%=
41675 01996 30000 10130 20068 30052 40201 60003 70400 83030 333 56090 58019 60007 83360 66%=
41676 01996 03102 10120 20079 30055 40218 60003 70400 333 58033 60007 76%=
41677 01996 00000 10100 20068 30021 40195 60003 70400 333 58025 60007 81%=
41678 01996 00000 10140 20068 40202 60003 70400 333 58022 60007 62%=
41679 01996 03102 10130 20080 4//// 60003 70400 333 5//// 60007 71%=
41680 01996 00000 10125 20068 39995 40200 60003 70400 333 58020 60007 66%=
41685 02997 30000 10080 21038 38963 48532 60003 83020 333 56090 58025 60007 83460 RH43%=
41696 02996 40000 10030 21051 38005 48535 60003 80001 333 56009 59004 60007 84080 RH55%=
41697 02996 00000 10155 20075 40202 60003 333 58033 60007 RH59%=
41700 01995 00000 10135 20074 40190 60003 70400 333 58021 60007 67%=
41701 01995 00000 10120 20090 30062 40210 60003 71000 333 58029 60007 82%=
41710 12696 71304 10165 21118 39358 40128 60003 83510 333 56990 59027 83640 84460 13%=
41712 12996 00000 10120 21026 39194 48501 60003 333 59024 RH36%=
41715 01994 00000 10160 20104 30143 40209 60003 70400 333 58030 60007 RH69%=
41716 01996 00504 10160 20069 30096 40202 60003 70400 333 58019 60007 55%=
41718 01995 00000 10100 20044 30085 40193 60003 70400 333 58016 60007 68%=
41724 01995 00000 10140 20080 30137 40219 60003 70500 333 58019 60007 RH67%=
41725 01996 00504 10160 20081 30112 40191 60003 70500 333 58021 60007 RH60%=
41726 01995 00000 10170 20070 30133 40205 60003 70500 333 58027 60007 RH52%=
41738 02996 30000 10180 20071 30006 40191 60003 83030 333 56090 58001 60007 83460 Rh49%=
41739 02996 62304 10165 20069 39083 48539 60003 86030 333 56090 58007 60007 86360 RH53%=
41742 12996 22302 10175 20036 40191 60003 82030 333 56090 58018 82360 RH40%=
41743 01996 00000 10135 20062 60003 70400 333 60007 RH61%=
41744 12996 00000 10120 20008 38814 48535 60003 333 58022 RH 46%=
41745 01995 03102 10150 20069 60003 70400 333 60007 RH58%=
41746 02996 03602 10140 20080 30132 40190 60003 333 58008 60007 RH67%=
41747 01995 00000 10100 20044 40174 60003 70400 333 58011 60007 RH68%=
41748 01995 00000 10140 20080 40202 60003 70500 333 58019 60007 RH67%=
41749 02996 03102 10145 20086 30162 40195 60003 333 58019 60007 RH68%=
41756 01995 30000 10195 20096 30123 40190 60003 70504 80001 333 56009 58006 60007 83070 RH55%=
41757 12996 00000 10190 20118 30174 40187 60003 333 58002 RH63%=
41759 02996 22302 10170 20094 30183 40189 60003 82030 333 56090 59001 60007 82360 RH61%=
41764 02996 03610 10195 20022 30126 40177 60003 333 58020 60007 RH32%=
41765 02996 03606 10185 20065 30157 40192 60003 333 58019 60007 RH46%=
41766 01994 03102 10140 20080 30156 40186 60003 74000 333 58008 60007 RH67%=
41767 02996 00000 10155 20075 3//// 4//// 60003 333 60007 RH59%=
41768 02996 00502 10150 20043 30164 40171 60003 333 58004 60007 RH49%=
41780 02996 00206 10195 21014 30150 40178 60003 333 58002 60007 RH24%=
41783 02996 03602 10180 20029 30135 40165 60003 333 58000 60007 RH 36%=
41785 02996 03104 10175 20077 30169 40182 60003 333 58008 60007 RH 52%=
41786 02996 00000 10140 20043 30121 40159 60003 333 58002 60007 RH52%=
41BKI 02996 00000 10110 21018 39779 40209 60003 333 58020 60007 RH 41%=
41SKP 01996 00000 10105 20074 3//// 4//// 60003 70400 333 5//// 60007 81%=
43532 02996 00000 10100 20022 39357 40179 60003 70400 333 58011 60007 58%=
43533 02997 00000 10110 20047 39254 48513 60003 333 58005 60007 65%=
43563 02997 00502 10111 20035 39485 40192 60003 333 58012 60007 60%=


UPPK OPKC 061800=
PPAA 56171 41780 MISDA NO ASCENT DUE TO RED BALLOON SHORTAGE=
PPAA 5618/ 41516 Misda due to technical fault=
PPAA 5618/ 41517 MISDA DUE TO SMOKE HAZE=
PPAA 5618/ 41715 NO ASCENT DUE TO BALLOONS OUT OF STOCK=
PPAA 5618/ 41739 no acent due to security risk=
PPAA 5618/ 41764 MISDA NO ASCENT DUE TO SHORTAGE OF 30GRAM BALOON=
PPAA 5618/ 41598 MISDA DUE TO TECHNICAL PROBLEM=
PPAA 5618/ 41600 MISDA DUE TO TECHNICAL FAULT=
PPAA 5618/ 41624 MISDA DUE TO TECHNICAL FAULT=
PPAA 5618/ 41640 MISDA DUE TO TECHNICAL PROBLEM=
PPAA 5618/ 41646 MISDA DUE TO TECHNICAL REASON =
PPAA 5618/ 41678 MISDA DUE TO TECHNICAL PROBLEM=
PPAA 5618/ 41718 MISDA DUE TO TECHNICAL PROBLEM=
PPAA 5618/ 41675 MISDA DUE TO TECHNICAL ISSUE=


Data Generated from File : D:/all data handling/Rmc_lhr/2025020618.FSU.txt
06/02/2025   18:57:30
____________________________________________________________________________________________
15020 04570 82901 11008 21050 30200 40410 52012 60002 8657/ 333 10020 21042 31004 55300 20000 60007 91002 90760 91103==
15090 01570 80102 10005 21043 30308 40405 52014 69902 70282 885// 333 10030 21048 31009 55300 10060 20000 30000 60007 91003 90760 91103==
15108 02270 32101 11139 21154 38163 48590 52008 60002 83500 333 11100 21139 49082 55300 20000 60007 91002 90760 91105==
15150 04570 83303 11002 21069 30182 40408 52014 60002 8557/ 333 10000 21038 3/003 41998 55300 20000 60007 91005 90760 91106==
15170 04970 00202 11042 21088 39562 42923 52024 60002 333 10021 21056 3/016 41998 55300 20000 60007 91003 90760 91104==
15280 01/00 90209 11151 21169 37533 47057 52011 69922 74943 89/// 333 11135 21152 49084 55300 20000 60007 91013 90760 91114==
15310 01570 83503 10005 21043 30295 40386 51016 69902 70262 8657/ 333 10017 21029 31006 55300 10060 20000 30000 69907 91006 90760 91107==
15335 04570 73603 10007 21033 30371 40379 52016 69902 87500 333 10016 21016 31003 55300 20000 60007 91005 90760 91106==
15350 04970 00106 10003 21092 30268 40395 52023 60002 333 10039 21005 31008 55300 20000 60007 91009 90760 91112==
15360 04570 60113 10013 21033 30344 40362 52016 60002 86500 333 10021 21024 60007 91016 90760 91117==
15420 04570 60602 10007 21062 30270 40388 52022 69902 82360 333 10035 21029 31011 55300 20000 69907 91004 90760 91104==
15460 04/70 70203 11012 21049 30356 40382 52017 60002 87070 333 10036 21024 34009 55300 20000 60007 91005 90760 91105==
15470 04962 01102 11011 21049 30250 40384 52020 60002 333 10038 21027 30012 55300 20000 60007 91002 90760 91103==
15480 04970 03102 10010 21030 30348 40366 51016 60002 333 10020 21019 34005 55300 10220 20000 30000 60007 91006 90760 91108==
15549 12570 60503 11016 21051 39933 40372 52020 60002 86500 333 10015 21034 555 574//=
15552 11470 23403 11002 21045 30305 40357 52020 69902 70170 82500 222// 00074 10402 333 10041 21020 555 40000 570// 71800 92035 92438=
15640 12668 23407 10004 21010 30039 40367 52020 69902 82500 333 10034 20004 555 591//=
15655 12570 73608 10011 21062 30327 40362 52022 60002 87500 222// 00077 10302 333 10048 21016 91116 555 558// 92037 92438=
15730 12670 80706 10010 21070 39940 40355 53025 60002 83537 333 10044 20007 555 555//=
16627 12565 10409 10038 21054 30333 40339 52022 60002 81100 333 10076 90730 91117==
16650 12560 30615 10060 21015 30310 40319 52001 60002 83140 333 10076 90730 91123==
16667 12560 20210 10062 21026 30302 40314 53020 60002 82100 333 10084 90730 91121==
16706 12660 20122 10082 20001 30287 40294 51022 60002 82100 333 10094==
16723 12560 30113 10074 21003 30263 40278 52018 60002 83200 333 10100 90730 91127==
16742 12560 33620 10060 21009 30094 40255 52021 60002 83100 333 10094 90730 91132==
16749 12460 13413 10104 21020 30202 40216 52009 60002 81100 333 10114 90730 91120==
16754 12560 63423 10104 20046 30233 40282 52008 60002 86800 333 10110 81820 86625 90730 91133==
16760 12460 60116 10072 21018 40279 52009 69912 86800 333 10080 82818 86625 90730 91128==
16765 12460 33227 10098 20006 40228 53006 60002 83800 333 10110 82815 83618 90730 91142==
17022 11570 52008 10004 20004 30128 40302 50006 60012 72681 85200 333 10045 85830 90760 91121==
17024 11556 72909 10006 20004 30199 40280 52012 60062 76872 85570 333 10038 83826 85628 87359 90760 91128==
17026 11570 33222 10043 20026 30217 40257 50001 60022 72681 83200 333 10074 83830 90760 91130==
17031 11560 62912 10038 21015 30242 40249 52011 60012 72682 84250 333 10072 84830 86360 90760 91131==
17034 11570 72206 10051 21005 30200 40248 51009 69972 70262 84250 333 10053 84830 87360 90760 91120==
17038 12670 72003 10057 21002 30183 40232 52011 69902 87500 333 10072 87640 90760 91118==
17042 11560 81104 10042 20022 30205 40246 52011 60072 76166 8552/ 333 10050 85630 88458 90760 91107==
17050 12970 00105 10025 21077 30296 40361 52024 60002 333 10068 90760 91115==
17056 12970 03506 10027 21051 30337 40342 51019 60002 333 10067 90760 91119==
17060 11340 73610 10009 21004 30285 40327 52013 69942 79582 86950 333 10060 85825 87357 84907 90760 91135==
17070 11565 70503 11026 21060 39381 40293 52016 69912 70272 85520 333 10008 85630 87460 90760 91110==
17074 11570 72001 11025 21053 39302 40277 52007 60012 70272 84520 333 10015 84628 87458 90760 91116==
17084 12670 23407 11022 21058 39318 40263 52017 60002 82500 333 10026 82640 90760 91115==
17085 12/70 30103 10010 21067 39744 40253 52014 69902 83030 333 10043 83360 90760 91127==
17092 12660 43102 11054 21085 38832 48457 52016 60022 82550 333 10017 82640 84357 90760 91120==
17096 11560 70719 11042 21086 38173 48447 52015 69902 70272 85550 333 11024 85625 87357 90760 91128==
17098 11660 80810 11044 21078 38139 48457 52013 69912 70272 8552/ 333 11020 85635 88457 90760 91119==
17100 11627 70000 10015 20006 39148 40166 52018 60042 71022 84530 333 10019 84635 87357 90760 91102==
17112 12670 20408 10047 21082 30325 40328 52021 60002 82200 333 10080 82835 91019 90760 91119==
17115 12660 60117 10037 21045 30275 40328 51015 60002 84250 333 10052 84835 86360 90760 91126==
17116 11570 60701 10019 21008 30194 40322 51012 60052 72682 83240 333 10055 83833 86360 90760 91113==
17124 11560 63109 11021 21052 39335 40295 52013 69902 70282 86200 333 10024 86825 90760 91119==
17128 12970 00308 11047 21121 39126 40284 52018 60002 333 10021 90760 91126==
17135 11670 50802 11006 21095 39345 40257 52022 69902 70272 83550 333 10036 83640 85360 90760 91118==
17140 11965 00702 11072 21092 38709 48488 51009 69932 70171 333 11019 90760 91113==
17150 11460 70117 10031 21042 30183 40312 52014 69902 70282 87100 333 10061 83715 86835 90760 91126==
17160 11670 60207 11024 21102 39038 48492 52010 69902 70272 84550 333 10000 84636 86360 90760 91119==
17170 11460 70310 10006 21064 38235 48410 52021 69902 77122 84750 333 10087 81710 84630 87357 90760 91122==
17175 12665 20503 10047 21063 30303 40307 52018 60002 82100 333 10090 82840 90760 91115==
17184 12670 43507 10029 21034 30186 40302 52015 69902 84200 333 10049 84840 90760 91120==
17190 11670 23305 11032 21080 39036 48516 52014 69902 70271 82500 333 10007 82635 90760 91115==
17195 11670 60907 11052 21091 38980 48486 52014 69922 70172 84550 333 11016 84635 86359 90760 91117==
17200 12660 63017 10007 21091 39157 40167 52021 69902 83530 333 10034 83635 86359 90760 91127==
17202 12470 72506 10010 21036 39085 40150 52020 60042 86550 333 10014 82712 85635 87360 90760 91114==
17203 11670 62303 10012 21063 38800 48455 52016 60072 72272 82520 333 10015 82640 86460 90760 91110==
17210 12570 82101 10054 20037 39038 40076 52019 60032 8452/ 333 10086 84633 88459==
17219 12565 30112 10035 21037 30146 40297 52020 60002 83200 333 10077 83830 90760 91133==
17234 12970 02801 10057 21039 30197 40268 52016 60002 333 10110 90760 91111==
17237 12970 03304 10039 21061 39749 40273 52023 60002 333 10088 90760 91116==
17240 12570 53611 10000 21092 39061 40250 52012 60002 83550 333 10031 83630 85360 91022 90760 91125==
17244 11670 53511 11020 21079 39016 48497 52014 69902 70182 83250 333 10024 83835 85359 90760 91126==
17248 11/70 50805 11032 21089 38982 48477 52009 69902 70272 85030 333 10000 85360 90760 91114==
17250 12670 70306 11036 21103 38800 48484 52008 60002 84570 333 11007 84640 87360 90760 91124==
17260 12660 73410 10043 21083 39260 40083 52023 60012 82230 333 10085 82840 87360 90760 91126==
17270 12670 70000 10061 21020 39450 40101 52025 60062 85520 333 10073 85640 87460 91011 90760 91114==
17275 11665 70000 10029 20021 38890 48414 52023 60022 70262 84570 333 10060 84640 87360 90760 91102==
17280 11660 82710 10052 20000 39297 40087 52022 60012 70262 8552/ 333 10072 85635 88460 90760 91122==
17290 12970 03307 10072 21028 30223 40256 52019 60002 333 10101 90760 91125==
17292 12970 03404 10028 21102 39451 40234 52011 60002 333 10064 90760 91115==
17300 12960 03215 10077 21080 30145 40218 52022 60002 333 10113 90760 91140==
17310 12970 00608 10102 21112 30150 40157 52018 60002 333 10144 90760 91119==
17330 12970 02903 10091 21093 30132 40150 52022 60002 333 10131 90760 91124==
17350 12960 03411 10078 21081 30053 40132 52024 60002 333 10138==
17370 12970 03505 10104 21043 30136 40140 52029 60002 333 10156 90760 91126==
17375 12970 00201 10088 21088 30194 40197 52023 60002 333 10140 90760 91112==
33088 32597 80000 11008 21052 30221 40422 52013 885// 333 10001 555 1/101=
33135 126// 80702 11009 21056 30273 40429 52013 69902 885// 333 10002 88636 555 1/101=
33177 32597 80801 11012 21038 30165 40415 52013 885// 333 10008 555 1/101=
33317 325// 80502 11017 21070 30064 40419 52015 8555/ 333 11010 85620 555 1/101=
33393 11459 80702 11003 21022 39996 40406 52013 69902 71072 886// 333 10001 88710=
33415 32597 80000 11011 21058 39997 40415 52014 885// 333 10007 88631 555 1/101=
33429 32597 80702 11020 21054 39968 40413 52012 8555/ 333 11006 85632 555 1/101=
33466 11559 80602 11012 21032 30214 40412 52012 69902 71082 883// 333 11002 555 1/101=
33506 12597 80403 11038 21067 30193 40401 52009 69902 885// 333 11033 555 1/103=
33562 11560 80502 11012 21035 30099 40420 52013 69922 70282 8495/ 333 11003 555 1/101=
33587 115// 80401 11015 21052 30128 40405 52012 69902 70282 889// 333 10000 88922 555 1/101=
33658 32684 80801 11010 21060 30098 40413 52013 885// 333 10018 88640 555 1/100=
33663 32597 80301 10006 21048 30302 40403 52014 885// 333 10021 555 1/100=
33664 32597 80301 11008 21070 30074 40407 52015 8657/ 333 10005 555 80014=
33678 11898 82801 11016 21059 30200 40420 52016 69942 70382 8805/ 333 10001 555 80011=
33679 12497 80202 11005 21057 30192 40394 52014 69902 885// 333 10018 88615=
33711 32460 70405 11028 21058 30171 40393 52014 84501 333 11004 84619 555 1/102=
33745 32597 70202 11014 21035 30213 40410 52013 87900 333 10000 555 80019=
33748 32597 70302 11012 21035 30096 40395 52013 87300 333 10000 555 80014=
33754 32597 80102 11004 21048 30240 40394 52013 8535/ 333 10017=
33761 12597 80305 11017 21039 30161 40396 52013 69912 884// 333 11002 555 1/102=
33791 32480 80305 11030 21061 30250 40385 52014 886// 333 11010 88715 555 1/102=
33815 11598 80404 11004 21057 30165 40383 52013 69902 70282 885// 333 10008=
33837 32578 80204 11005 21044 30319 40373 51012 85501 333 10005 85627 555 1/102=
33881 32598 70101 11004 21038 30186 40392 52016 87300 333 10018 555 80012=
33883 32597 83503 11006 21042 30212 40383 52015 883// 333 10006 555 80014=
33885 32997 80103 11010 21054 30255 40396 52018 8805/ 333 10002 555 80012=
33892 31597 60503 11021 21050 30162 40383 52017 70182 85301 333 11003 555 80023=
33902 32597 80507 11024 21047 30304 40367 52014 885// 333 10023 555 1/102=
33924 11560 80410 10002 21025 30326 40339 52010 69932 70282 889// 333 10025 91017 90760 91116==
33946 11516 80210 11034 21037 30085 40318 52007 60042 77573 8672/ 333 11002 88520 91015 90760 91115==
33983 11460 80612 10008 21009 30218 40281 52012 60032 78583 883// 333 10013 91017 90760 91119==
34300 32497 83502 11027 21060 30212 40399 52007 885// 333 11027 555 1/102=
34336 42960 00502 11099 21124 30289 40401 52018==
34344 42970 00501 11112 21116 30298 40394 52014==
34356 42/70 80403 11061 21078 30224 40381 52008 8807/==
34357 42570 80102 11087 21105 30213 40379 52011 885//==
34398 129// 20909 11050 21071 30370 40383 52016 69922 80001 333 11017==
34415 12497 80203 11020 21059 30275 40377 52009 69902 886// 333 11020 555 1/102=
34438 42960 00405 11101 21119 30173 40380 52017==
34445 42970 00203 11113 21123 30258 40382 51013==
34461 41460 80704 11036 21059 30311 40369 51007 78582 883//==
34473 129// 30705 11048 21072 30330 40371 52013 69900 80003 333 11034=
34476 41970 00604 11058 21081 30356 40364 52014 70271==
34504 32475 60305 11032 21067 30196 40380 52010 86600 333 11031=
34535 42970 00303 11083 21107 30293 40370 51011==
34545 41470 80604 11056 21078 30243 40361 52009 77722 886//==
34555 42470 80608 11042 21068 30268 40364 52008 886// 333 91011 90760 91114==
34560 41240 80908 11038 21047 30158 40358 52009 77172 885// 333 88705 90760 91113==
34578 41940 00504 11035 21051 30339 40346 52012 71011==
34579 41940 00403 11050 21063 30304 40349 52014 71011==
34644 42560 80404 11047 21066 30263 40344 52011 8657/==
34646 41440 80904 11040 21067 30259 40345 52012 77772 886// 333 90760 91111==
34655 42560 80505 11040 21070 30286 40349 51012 885// 333 90760 91110==
34662 41470 70503 11028 21055 30336 40348 52009 70277 87500 333 87618==
34691 12970 00702 11038 21079 30564 40551 52017 60002 333 10008==
34720 42470 80305 11055 21086 30298 40340 51014 886// 333 91010 90760 91113==
34727 42560 80707 11033 21061 30298 40329 52015 884// 333 91014 90760 91115==
34743 41560 80603 11046 21070 30247 40341 52012 70282 885//==
34759 42460 80505 11042 21056 30195 40333 52011 889//==
34772 42960 00204 11028 21043 30328 40331 52011==
34785 42960 00604 11031 21065 30350 40326 52015==
34798 12960 00405 11033 21072 30458 40427 53011 60002 333 10024==
34824 41560 80605 11014 21036 30307 40312 52016 70282 885// 333 91010 90760 91113==
34838 42460 80505 11024 21060 30207 40307 51013 886// 333 90760 91112==
34845 41440 80803 11033 21059 30206 40319 52011 77172 8872/==
34858 41/40 80601 11039 21069 30210 40323 51015 77172 8802/==
34861 41560 80707 11050 21076 30068 40323 52011 70272 885// 333 90760 91111==
34866 42560 80204 11020 21045 30328 40319 52009 885//==
34880 42960 00603 11026 21063 30338 40311 52011==
34887 41540 70702 11025 21041 30328 40305 52011 71011 87500==
34949 42/// /0706 11060 21066 39735 40311 52009==
34954 42560 80403 11040 21065 30135 40317 52013 885//==
34958 42570 80503 11041 21059 30106 40316 52013 885//==
34975 41440 80503 11014 21023 30305 40301 52009 71022 885// 333 88618==
34984 42460 80505 11019 21031 30332 40301 52011 886//==
35217 125// 81105 11042 21073 30364 40406 52005 60002 885// 333 11020==
35302 12/// 61015 11043 21082 30381 40403 52010 60002 86070 333 11021 91016 90760 91119==
35315 325// 70809 11046 21073 30327 40386 52002 87500 333 11025=
35344 119// 40406 11120 21159 30107 40415 58006 69900 70231 84030 333 11042=
35358 119// 00507 11134 21161 30195 40378 52003 60002 70230 333 11072==
35368 319// 00913 11148 21182 30078 40366 57016 73830 333 11065 91015 91115=
35386 319// 00807 11168 21194 39823 40386 58009 73733 333 11120=
35394 11970 00406 11186 21221 39663 40400 58006 60002 77600 333 11126==
35404 329// 00908 11053 21074 30366 40375 52013 333 11014=
35406 129// 00805 11060 21083 30374 40376 52011 60002 333 11009==
35416 115// 80609 11045 21089 30260 40385 52010 60002 70231 885// 333 11024 91015 90760 91116==
35426 119// 30306 11089 21128 30085 40393 52002 60002 73631 80001 333 11040==
35437 319// 50511 11097 21128 30147 40482 53002 73632 82033 333 11056 91015 91115=
35449 319// 00306 11113 21144 30259 40369 57009 70230 333 11044=
35497 129// 00503 11135 21183 39783 40655 54000 60002 333 11078==
35498 329// 03401 11186 21213 39428 40379 57006 333 11102=
35514 32998 00506 11057 21079 30587 40583 52015 333 11019=
35522 316// 50807 11059 21094 30109 40371 52005 73632 85500 333 11042=
35542 329// 00507 11118 21144 30220 40377 58006 333 11035=
35563 32998 00000 11170 21192 39542 40370 58016 333 11104=
35576 129// 00703 11168 21196 39864 40348 58007 60002 333 11092==
35582 329// 00705 11180 21215 39713 40362 57004 333 11095=
35594 329// 01101 11240 21263 39463 40389 57002 333 11113=
35605 32998 00506 11050 21074 30363 40340 52011 333 11010=
35633 325// 40410 11103 21128 30138 40364 52001 84500 333 11052 91015 91116=
35671 12970 00304 11156 21180 39881 40342 58012 60002 333 11074==
35699 129// 20505 11145 21200 39540 40343 57006 60002 80001 333 11072==
35700 12970 00708 11043 21059 30355 40331 52011 60002 333 10006==
35715 32997 00907 11058 21101 30345 40330 52010 333 10001=
35739 329// 50506 11082 21135 30183 40329 51008 80008 333 11046=
35746 129// 00305 11092 21112 30253 40324 53002 60002 333 11040==
35777 329// 00503 11172 21206 39960 40332 57007 333 11078=
35796 12960 00404 11179 21208 39874 40345 58004 60002 333 11096==
35849 129// 00505 11076 21131 30208 40297 52001 60002 333 10005==
35895 32997 03602 11176 21183 39860 40340 58006 333 11104=
35907 32998 00809 11008 21033 30311 40280 52011 333 10018=
35925 129// 20707 11071 21100 30191 40308 52009 60002 80002 333 11018==
35927 329// 00707 11053 21086 30294 52006 333 11001=
35953 129// 00507 11086 21134 30155 40291 53002 60002 333 11013==
35969 129// 00704 11114 21167 30108 40292 58007 60002 333 11022==
35997 319// 00201 11144 21179 39856 40318 58007 71000 333 11097=
36259 41984 00000 11350 21385 38341 48628 57004 71200==
36335 329// 00000 11206 21234 39304 40418 58012 333 11100=
36358 319// 03603 11202 21222 39315 40421 58007 71000 333 11128=
36394 329// 01201 11293 21309 39963 40443 58001 333 11153=
36397 12/// 20000 11250 21272 39805 40433 58003 60002 82040 333 11138==
36403 119// 02101 11258 21270 30021 40425 58003 69900 71000 333 11119=
36418 329// 00000 11246 21264 39753 40437 58007 333 11187=
36421 329// 00000 11315 21336 39811 40457 58001 333 11199=
36428 129// 00000 11295 21331 39879 40449 58007 60002 333 11189==
36439 329// 01304 11116 21169 39052 48543 58004 333 11051=
36498 319// 00205 11159 21215 39523 40367 57005 70230 333 11087=
36501 129// 70000 11177 21192 39596 40408 57005 69900 87030 333 11117=
36535 129// 00000 11317 21345 39735 40459 58011 60002 333 11195==
36546 329// 03101 11300 21326 39839 40453 58006 333 11204=
36619 329// 00501 11177 21205 333 11074=
36622 329// 03408 11207 21237 39526 40401 58004 333 11128=
36639 129// 00401 11198 21256 39699 40355 58009 60002 333 11015==
36643 329// 02302 11280 21297 39698 40444 58010 333 11187=
36665 319// 00000 11240 21257 39623 40426 58006 71000 333 11206=
36666 329// 02302 11300 21322 39887 40448 58008 333 11214=
36729 32998 02701 11170 21184 39823 40340 57003 333 11076=
36736 329// 40702 11093 21154 39764 40341 58008 82041 333 10005=
36744 329// 00402 11171 21196 39841 40324 58007 333 11101=
36770 329// 00000 11190 21190 39554 40339 58009 333 11050=
36786 32999 00000 11115 21146 39356 40318 58006 333 11002=
36796 329// 00000 11220 21254 39080 48495 58001 333 11118=
36803 32999 00000 11123 21157 39858 40332 54000 333 11075=
36806 329// 81611 11148 21214 39861 40361 52003 80002 333 11110 91019 91124=
36819 319// 80901 11103 21119 39660 40301 57006 71022 8802/ 333 11095=
36821 119// 40000 11129 21134 39794 40312 58011 60002 71011 80001 333 11046==
36839 32998 31301 11132 21182 39141 40333 58006 80001 333 10008=
36843 329// 03003 11043 21108 39092 40289 58008 333 10040=
36846 329// 10503 11097 21199 38641 48524 58006 80001 333 10007=
36859 129// 00201 11094 21114 39536 40355 58008 60002 333 10039==
36870 129// 00201 11052 21066 39236 40274 58010 60002 333 10045==
36874 326// 31802 11176 21196 39614 40463 58011 83500 333 11031=
36877 329// 00000 11117 21126 39664 40733 58009 333 10007=
36885 329// 01402 11051 21115 39129 40286 58009 333 10040=
36889 329// 01803 11120 21226 37045 47068 58007 333 11050=
36894 329// 30902 11044 21094 39528 40284 58010 80001 333 10003=
36905 329// 01301 11035 21126 38775 48536 58010 333 10020=
36911 429// 00000 11042 21051 39299 40305 58021 333 10091=
36927 42697 73602 11023 21082 38373 48535 58003 87900 333 10040=
36934 42597 30701 11025 21090 38291 48420 54000 82902=
36953 329// 00000 11166 21172 38231 48508 58005 333 11028=
36963 429// 31402 11151 21232 37028 48/// 58005 80001 333 11063=
36974 429// 60000 11132 21159 38023 48574 58004 80001 333 11020=
36982 429// 23501 11203 21270 36510 47131 58002 80001 333 11077=
37018 42660 50304 10028 21026 30146 40223 52011 82501 333 91011 90760 91114==
37031 42/60 80504 11027 21060 30091 40295 52014 8807/ 333 90760 91111==
37054 41440 80503 11040 21050 39904 40307 52015 77177 8872/==
37061 41540 80403 11037 21051 30137 40314 52014 78682 883//==
37085 42540 80205 11007 21014 30323 40296 52012 885//==
37171 41440 80902 10058 20039 30203 40222 52016 70282 889// 333 83714==
37228 41420 80000 11021 21032 39414 40276 52014 71072 8872/==
37235 41340 80702 11011 21013 39961 40289 52016 77777 886//==
37472 41540 83303 10019 20009 30300 40277 52018 76162 8872/==
38149 42970 00303 11039 21084 30171 40252 52002 333 10030==
38178 429// 00405 11042 21111 39917 40214 57001 333 10043==
38262 129// 00203 11048 21092 30154 40239 54000 60002 333 10027==
38264 42970 00206 11027 21084 30138 40234 57004 333 10045==
38345 42998 00901 11003 21050 38821 48512 58010 333 10086=
38353 429// 61701 11012 21063 39343 40263 58013 80004 333 10095=
38388 72598 50504 10043 21039 30113 40184 53003 85500 333 10112 6////=
38392 72997 30405 11014 21078 30107 40214 58002 80002 333 10104 6////=
38396 42960 40407 11009 21089 30088 40217 58003 80001 333 10097==
38403 429// 00205 10040 21087 30092 40214 57003 333 10119==
38413 429// 01104 10050 21052 39921 40214 57002 333 10108==
38457 12960 00201 10048 21060 39629 40221 57002 60002 333 10153==
38462 429// 00000 11031 21135 38784 48514 53003 333 10094==
38507 72996 70506 10060 20003 30070 40173 53024 87030 333 10127 6////=
38545 72998 60501 10052 21023 30013 40189 54000 80003 333 10150 6////=
38565 129// 01002 10009 21030 39592 40166 57004 60002 333 10155==
38579 129// 00000 10024 21016 39785 40210 57005 60002 333 10152==
38583 12960 00902 10031 21020 39892 40218 57003 60002 333 10144==
38599 31995 00704 10021 21020 39697 40241 54000 71000 333 10098=
38611 41940 03402 10023 21040 39674 40256 57004 71000 333 10107==
38613 429// 20201 10004 21043 40260 58002 8//// 333 10100=
38616 429// 03601 11002 21056 39229 40269 58009 333 10080=
38618 129// 01302 10006 21027 39542 40248 57003 60002 333 10105==
38647 72997 80804 10087 21012 30100 40142 52006 80006 333 10120 6////=
38656 72998 00502 10114 21027 30043 40151 58007 333 10156 6////=
38683 41940 30202 10060 21009 39908 40185 58003 70500 80001 333 10173==
38687 72997 70903 10103 21027 39942 40175 58004 82031 333 10174 6////=
38696 129// 00702 10053 21029 39347 40206 58002 60002 333 10154==
38713 329// 01603 10016 21075 39045 48510 58013 333 10118=
38750 32597 81602 10085 20041 30183 40155 52007 885// 333 10113=
38763 72597 70000 10060 21003 30043 40143 53003 87500 333 10110 6//// 87630=
38774 72995 02401 10090 20013 39964 40158 54000 333 10132 6////=
38799 32597 61606 10130 20036 39931 40157 57009 86500 333 10192=
38806 32997 60904 10108 21017 39899 40156 58008 80002 333 10174=
38812 42960 4//01 10095 21044 39733 40183 52005 80001 333 10188==
38836 429// 00000 10058 21005 39260 40193 52003 333 10137=
38880 02997 53202 10070 20001 39902 40157 53009 60002 83530 333 10170 6////=
38886 72997 03202 10069 20003 39915 40142 57007 333 10153 6////=
38895 32996 01103 10112 21007 39867 40152 57003 333 10194=
38911 32997 51306 10136 20009 39879 40168 57002 82072 333 10186=
38915 32997 31408 10153 21064 39851 40166 57013 80001 333 10191=
38927 12960 40204 10090 21017 39820 40195 58004 60002 80001 333 10183==
38933 329// 20501 10064 21004 39703 40221 54000 80001 333 10175=
38944 329// 43605 10078 21025 39611 40146 53010 80001 333 10160=
38954 329// 40000 11042 21092 48560 52005 86501 333 10025=
38974 72998 63402 10112 21007 39799 40128 53001 86070 333 10198 6////=
38987 32996 62301 10089 20017 39412 40148 53001 86070 333 10192=
40100 43/70 40905 10098 20060 30147 40163 52012 6///1 333 58///=
40180 11560 62903 10108 20066 30109 40159 52015 60062 70262 86800 333 10140 20096 70000==
40199 12/// /0103 10142 20044 30163 40189 52024 60002 333 10189 20141 70000==
40255 16/// /2709 10062 29075 3//// 4//// 5//// 60042=
40265 11557 62604 10052 20013 39358 40168 52027 60032 70522 86800 333 10075 82830 85635=
40270 11450 72612 10046 20022 39247 40165 52023 60032 76062 87700 333 10078 83718 85830=
40272 11450 72910 10044 20025 39317 40169 52029 60032 75052 87800 333 10090 82825 85630=
40296 16/// /2705 10140 29065 3//// 4//// 5//// 60022=
40310 36/// /2715 10050 29064 3//// 4//// 5////=
40340 31850 53314 10134 20036 30128 40194 52023 70511 85030 333 10184 85457=
40356 42560 22615 10040 21010 39146 48445 82500 333 10075 58030 55/// 82630 555 04410 50142=
40357 42960 03419 10084 20000 39474 40116 333 10134 58031 55///=
40360 41557 72816 10066 20010 39550 40150 70722 87500 333 10111 58048 55/// 87630=
40361 42660 22820 10088 21010 39362 40175 82500 333 10136 58036 55/// 82640=
40362 41912 03025 10124 21010 39604 40123 70731 333 10183 58039==
40373 42960 02404 10158 20020 39693 40108 333 10218 58028 55///=
40375 41958 03212 10104 21040 39258 40144 70700 333 10187 58023 55///=
40394 42960 03610 10144 21050 38989 48469 333 10200 58017 55/// 555 04410 50109=
40400 42960 40205 10170 20060 30123 40151 80002 333 10228 58025 55/// 84070=
40405 42960 01004 10170 20030 39359 40096 333 10240 58016 55///=
40417 42960 41204 10201 20090 30080 40095 82032 333 10257 59043 55/// 82360 83070=
40430 42960 12207 10219 20010 39383 40117 80001 333 10274 58006 55/// 81070=
40437 41658 30204 10249 20010 39402 40083 70600 83400 333 10277 59020 55/// 83640=
40439 42960 42716 10196 20090 30104 40122 80001 333 10274 58015 55/// 84070=
40582 41956 30000 10161 20021 40106 51025 70500 83030 333 55300 00000 10185 20000 30000 41057 51242 60000 55407 40000 83360 90400 91003 91113 91209 91303=
40703 11660 80605 10020 21039 38851 40131 52023 69921 70272 8452/ 333 55000 70147 84635 88459 555 11001 29065=
40706 11458 80410 10012 21061 38574 40121 52021 60001 71522 84977 333 55010 21369 70003 82710 8293 0 84359 88267 555 11014 29058=
40712 11202 80103 10000 20000 38589 40107 52023 60111 77398 8792/ 333 55000 20167 70349 84704 8392 0 88557 555 10000 29100=
40713 11640 80909 10012 21014 38554 40074 52024 69951 77176 8352/ 333 55000 70007 83635 88557 555 10002 29083=
40718 11456 83004 10086 20074 30205 40176 52011 60141 76166 8532/ 333 55000 20134 70238 82912 8461 5 88556 555 10080 29092=
40723 12960 79901 10056 21064 38896 40136 52011 60001 85016 333 55017 20800 70000 85463 555 10014 29042=
40726 11630 80602 10004 21008 38547 40085 52013 60111 77177 8452/ 333 55000 70172 84635 88557 555 11001 29092=
40727 11540 80000 10007 20003 38373 40076 52016 60061 78686 8632/ 333 55000 20531 70056 82720 8293 0 85635 88558 555 10005 29097=
40732 11440 82502 10084 20071 30181 40157 53019 60051 76362 8732/ 333 55000 70056 85712 82920 8855 7 555 10078 29092=
40736 12560 82201 10097 20069 30170 40144 57005 60001 8762/ 333 55001 70000 87720 88459 555 10084 29083=
40738 11458 81902 10090 20076 30161 40163 50000 69911 71062 8462/ 333 55036 20360 70001 82715 84635 88459 555 10084 29091=
40739 12665 73202 10074 21041 38626 40109 50004 60001 84506 333 55067 21189 70000 84635 87268 555 10030 29044=
40741 12660 40000 10093 21011 39800 40132 54000 60001 81502 333 55050 70000 81635 84070 555 10052 29048=
40743 12665 50806 10117 21105 38993 40099 58001 60001 83502 333 55048 21099 70000 83635 84070 555 10041 29020=
40745 12960 22103 10071 21023 38988 40133 50001 60001 80001 333 55051 21207 70000 82070 555 10030 29051=
40747 11560 70000 10019 20009 38531 40063 52022 60061 70282 85670 333 55025 20686 70060 83725 8463 5 85458 555 10015 29093=
40754 11660 70906 10110 21051 38718 40042 57020 69901 70182 83470 333 55024 79999 83635 86460 555 10047 29032=
40762 11958 40000 10058 21110 38506 40124 58004 60001 70521 80002 333 55036 70000 84069 555 10004 29029=
40766 11658 80000 10019 20007 38604 40081 52022 60071 76166 8532/ 333 55000 20197 70155 82940 8364 5 88557 555 10014 29092=
40768 11550 80000 11003 21003 38155 40064 52016 60111 77176 8442/ 333 55000 20414 70135 84630 8855 7 555 11003 29100=
40769 11457 80000 10032 20016 38185 40050 53014 60011 76362 8332/ 333 55035 20798 70014 81715 8193 0 88558 555 10025 29089=
40780 11641 80904 10011 20001 38597 40100 52021 60141 77097 8532/ 333 55012 20854 70176 81935 8464 0 88558 555 10007 29093=
40782 11456 83103 10046 20031 38786 40091 52029 60151 72196 8632/ 333 55005 70164 81710 82930 8463 5 88458 555 10039 29090=
40785 12660 20000 10079 21070 38978 40066 54000 60001 82500 333 55081 24443 70000 82640 555 10027 29034=
40791 11640 20701 10118 21072 39276 40093 58001 60001 70621 81570 333 55018 20757 70000 81640 555 10049 29026=
40792 12660 71404 10122 21060 38659 40078 57007 60001 82571 333 55031 20975 70000 82635 85360 555 10051 29028=
40798 12560 62005 10025 21012 37878 40097 50000 60001 84370 333 550470 20987 70003 81930 84635 854 59 555 10010 29077=
40800 12960 01904 10107 21049 38371 40059 52003 60001 333 55031 20834 70001 555 10045 29033=
40809 11957 41108 10070 21138 38458 40113 50000 60001 70721 82046 333 55040 21019 70000 82360 84270 555 10006 29021=
40811 11656 41803 10177 20132 30070 40096 50024 60001 70500 84500 333 55045 70023 84640 555 10152 29075=
40812 11530 81907 10163 20132 39716 40087 52030 69961 79592 8692/ 333 55013 20150 70006 82930 8464 0 88557 555 10145 29082=
40818 12660 52109 10066 21054 37923 40087 52013 60001 81402 333 55063 21641 70000 81640 85070 9101 4 555 10020 29042=
40821 12665 30801 10121 21043 38703 40066 52006 60001 81402 333 55037 20842 70000 81640 83070 555 10055 29031=
40829 12960 69901 10137 21099 39588 40163 53004 60001 86070 333 55024 70000 86359 555 10056 29018=
40831 11640 71704 10160 20110 30095 40103 52023 60001 70610 87300 333 55050 70058 81935 87640 555 10133 29072=
40833 11656 71705 10202 20118 30085 40117 52024 60001 70622 87500 333 55060 70007 87640 555 10155 29059=
40841 12960 42003 10100 21081 38209 40097 56002 60001 84070 333 55016 20685 70000 84360 91006 555 10033 29027=
40848 12660 50000 10100 21039 38501 40133 51011 60001 81472 333 55005 20452 70000 81640 83360 555 10044 29037=
40851 12960 31408 10094 21059 38245 40118 52009 60001 83060 333 55008 20554 70000 83360 91010 555 10035 29034=
40854 12660 52402 10180 21040 38906 40074 50003 60001 81470 333 55018 70000 81640 84461 555 10086 29022=
40856 12660 71906 10105 21104 38630 40147 50000 60001 81576 333 55033 22790 70000 81640 83360 86270 555 10033 29022=
40859 12660 81402 10120 21036 38699 40156 52018 60001 8532/ 333 55003 79999 82935 85640 88459 555 10056 29033=
40875 11556 30203 10190 20149 30146 40158 52008 60001 70520 70000 81501 333 55060 21415 81630 555 10166 29077=
40879 12962 21802 10188 21046 39493 40169 51015 60001 81072 333 55043 70000 81360 555 10092 29020=
40882 11558 70604 10224 20099 30105 40140 51010 60001 70522 84506 333 55051 70000 84630 86269 555 10156 29045=
40883 11950 61005 10208 20154 30120 40147 52015 60001 70521 86070 333 55074 70000 86459 555 10176 29071=
40893 12960 41307 10221 20151 30157 40163 51011 60001 80008 333 55079 21148 70000 84267 555 10180 29065=
40898 12960 01502 10217 20128 30171 40180 52014 60001 333 55098 70000 555 10166 29057=
41024 42660 33513 10235 20160 30107 40133 83500 333 10288 55067 58017 83640==
41036 42960 02710 10179 20110 38550 48500 333 10230 59005==
41055 42960 02308 10186 20100 38355 48500 333 10283 59002==
41061 42960 01108 10235 21080 39386 40075 333 10321 59026==
41084 42960 02509 10233 20070 38832 48493 333 10321 59010==
41112 42960 02005 10144 20040 37945 48509 333 10225 55102 59003==
41114 42960 00000 10155 20020 37983 48512 333 10240 59002==
41128 42960 00302 10239 21080 38785 48498 333 10350 55100 59012==
41136 42960 01804 10212 21090 39287 40089 333 10340 55000 58000==
41140 42960 01903 10264 20190 30107 40113 333 10302 59002==
41150 42962 71307 10204 20132 40104 80005 333 10256 59043 87273=
41176 44/60 /0908 10226 20166 30108 40114 333 10243 59042=
41184 42960 41118 10228 20140 40145 80001 333 10227 59030 84070=
41194 12960 31009 10231 20148 30133 40139 60001 80001 333 10300 59030 83072=
41196 12960 31007 10214 20139 30104 40146 60001 80001 333 10293 59029 83075=
41216 42960 41307 10247 20066 30126 40130 80001 333 10286 59034 84075=
41217 42960 41205 10232 20062 30101 40130 80001 333 10286 59031 84075=
41396 42965 01304 10244 20047 39393 40105 333 10320 59021=
41480 42560 10810 10247 20174 30132 40140 81500 333 10281 59021 81620=
41506 12920 00000 10025 21012 38551 48470 60001 333 58028==
41508 12940 02302 10029 21009 38707 48690 60001 333 58019==
41515 12920 00000 10046 21020 38563 48240 60001 333 58006==
41516 12440 20000 10020 21020 38582 48360 60001 82100 333 56800 58058==
41517 11440 20000 11020 21076 37822 48650 60001 70400 82500 333 56800 58053==
41518 12440 41801 10050 21030 30001 48010 60001 82520 333 56880 58000==
41519 12940 00000 10105 20000 38777 48150 60001 333 58033==
41520 12920 11802 11020 21114 37649 48100 60001 81030 333 56080 58040==
41523 12940 00000 10060 21001 39130 48290 60001 333 58028==
41535 12940 00000 10045 20009 38746 48080 60001 333 58021==
41536 12940 00000 10080 20010 39070 48270 60001 333 58006==
41560 12940 00000 10030 20007 38300 48310 60001 333 59010==
41571 41900 03102 10110 21008 39601 40199 70500 333 59003==
41577 11940 00000 10080 20010 39580 40216 60001 70400 333 56000 58016==
41598 11940 03101 10120 20014 39910 40188 60001 70500 333 58015==
41600 11940 00000 10120 20068 39881 40185 60001 70400 333 58008==
41620 11940 01802 10080 21058 38593 48950 60001 70500 333 58012==
41624 11940 00000 10120 20056 39998 40204 60001 70400 333 58025==
41630 11940 00000 10105 20037 30000 40206 60001 70400 333 58015==
41640 11940 03101 10150 20056 39939 40194 60001 70400 333 58009==
41641 11940 02703 10135 20062 39916 40196 60001 70400 333 58012==
41660 12312 19936 20082 38458 48490 60001 83031 333 56088 59007==
41678 11940 00000 10140 20068 30000 40202 60001 70400 333 58022==
41696 12940 40000 10030 21051 38005 48350 60001 80001 333 56008 59004==
41697 12940 00000 10155 20075 30000 40202 60001 333 58033==
41700 11920 00000 10135 20074 30000 40190 60001 70400 333 58021==
41710 42440 71302 10165 21118 39358 40128 84510 333 56880 59027==
41712 42940 00000 10120 21026 39194 48010 333 59024==
41715 11910 00000 10160 20104 30143 40209 60001 70400 333 58030==
41718 11920 00000 10100 20044 30085 40193 60001 70400 333 58016==
41725 11940 00502 10160 20081 30112 40191 60001 70500 333 58021==
41739 12940 62302 10165 20069 39083 48390 60001 86030 333 56080 58007==
41744 42940 00000 10120 20008 38814 48350 333 58022==
41749 12940 03101 10145 20086 30162 40195 60001 333 58019==
41756 11920 30000 10195 20096 30123 40190 60001 70504 80001 333 56008 58006==
41757 42940 00000 10190 20118 30174 40187 333 58002==
41759 12940 22301 10170 20094 30183 40189 60001 82030 333 56080 59001==
41764 12940 03605 10195 20022 30126 40177 60001 333 58020==
41768 12940 00501 10150 20043 30164 40171 60001 333 58004==
41780 12940 00203 10195 21014 30150 40178 60001 333 58002==
41785 12940 03102 10175 20077 30169 40182 60001 333 58008==
41859 01930 02701 10167 20130 30089 40128 70500 333 58013 70000==
41883 02930 00000 10170 20110 30115 40136 333 58024 70000==
41891 01925 00000 10184 20170 30087 40127 71000 333 58007 70000==
41907 01930 00000 10146 20140 30118 40133 70500 333 58021 70000==
41923 01935 00000 10196 20130 30119 40129 70500 333 58012 70000==
41936 01914 00000 10176 20170 30117 40124 70500 333 58016 70000==
41943 01920 00000 10176 20170 30116 40124 71040 333 58005 70000==
41950 01930 00000 10196 20196 30124 40126 70500 333 70000==
41978 01931 00000 10231 20200 30116 40122 70500 333 58005 70000==
41992 01920 00000 10227 20210 30121 40123 70500 333 58002 70000==
42027 32996 02301 10016 21032 38459 48546 333 58029=
42071 31995 02706 10100 20053 40197 70500 333 58007=
42101 31995 02902 10118 20082 40190 70500 333 59003=
42111 31994 00000 10092 20068 39438 40162 71000 333 59007=
42123 32996 02301 10136 20066 40193 333 58011=
42131 31995 03202 10104 20084 40193 71000 333 58007=
42165 32996 00000 10160 20009 40184 333 58014=
42182 31996 02703 10148 20068 40177 70500 333 58005=
42189 31995 01804 10130 20058 40161 70500 333 58005=
42314 21495 60000 10160 20153 40120 71022 82530 333 58002 6992/ 82618 86360=
42328 32996 23602 10162 20069 40166 80001 333 58014 82070=
42339 31995 00202 10174 21015 40187 70500 333 58012=
42348 31995 03603 10158 20006 40188 70500 333 58009=
42361 31995 00000 10134 20063 40179 70500 333 58006=
42369 22020 02709 10145 20062 40161 333 58006 60005==
42379 31995 02702 10166 20102 40134 70500 333 58014=
42410 31594 40000 10190 20174 40129 71010 82530 333 58009 82620 83360=
42415 31595 50903 10192 20162 40127 71041 82530 333 58009 82620 85360=
42452 31996 00000 10132 20075 39853 40177 70500 333 58009=
42492 31995 02704 10170 20094 40143 70500 333 58022=
42559 32996 00000 10130 20068 40178 333 58008=
42571 31996 00000 10136 20066 40174 70500 333 58012=
42591 31995 00000 10132 20093 40162 71000 333 58022=
42623 31495 20000 10140 20104 39251 40138 71000 82500 333 58008 82618=
42634 32996 00000 10186 20038 40167 333 58002=
42647 31996 00905 10210 20047 40155 70400 333 58005=
42667 31996 00204 10134 20092 39574 40182 333 58006=
42675 31996 00501 10136 20080 40174 70500 333 58013=
42701 21040 03203 10182 20006 39405 40139 70500 333 58015 60005==
42724 21010 00000 10182 20172 40126 71000 333 58010 60005==
42737 32996 00502 10186 20050 40161 333 58002=
42754 31996 00709 10186 20031 39515 40160 70500 333 58004=
42779 32996 03602 10166 20056 39453 40165 333 58012=
42798 31995 00000 10224 20109 40134 70500 333 58030=
42809 21020 00000 10198 20158 40128 70500 333 58015 60005==
42840 32996 00000 10240 20125 40133 333 59005=
42867 31995 01103 10210 20080 40153 70500 333 58019=
42874 31996 01802 10230 20093 40147 70500 333 58024=
42886 31995 00000 10208 20082 40140 70500 333 58022=
42895 32996 20000 10236 20212 40132 82030 333 58022 82360=
42909 32996 00000 10220 20074 40139 333 59005=
42971 31995 00000 10230 20192 40140 70500 333 58019=
43003 31995 00000 10242 20192 40114 70400 333 59010=
43014 31995 00000 10210 20166 39480 40129 71044 333 58006=
43041 31996 00000 10230 20171 39518 40135 70500 333 58008=
43063 22040 00000 10206 20151 39502 40131 333 58003 60005==
43086 32996 00000 10234 20212 39947 40126 333 58017=
43110 31996 00702 10230 20182 40117 70544 333 59003=
43117 32996 03602 10250 20176 40119 333 58006=
43128 21940 10000 10262 20172 39520 40120 70511 80001 333 58002 60005 81070==
43150 31996 42302 10252 20219 30067 40128 70500 80001 333 58001 84075=
43185 32996 40000 10244 20220 30113 40117 80002 333 58001 84070=
43189 32996 00000 10254 20227 30119 40128 333 59001=
43192 32996 00502 10256 20239 40111 333 58005=
43201 32996 00000 10204 20102 39376 40107 333 58007=
43213 32996 29901 10260 20154 39792 40109 80001 333 58007=
43233 32996 01403 10214 20170 39314 40136 333 58010=
43237 32996 10902 10254 20061 39704 40095 80001 333 58010 81075=
43245 32996 00000 10262 20226 30099 40125 333 58004=
43279 31995 20000 10238 20211 30113 40131 71000 80001 333 58003 82075=
43284 32996 20000 10256 20207 39995 40111 80001 333 58006 82075=
43295 32996 11403 10210 20162 39114 48519 80001 333 58004 81075=
43314 32596 30000 10286 20246 40110 83500 333 58005=
43321 31996 39903 10240 20161 39673 40122 70500 80001 333 58000 83070=
43329 32996 10000 10246 20225 30108 40122 80001 333 58005=
43333 31495 20000 10248 20218 40110 70510 81501 333 59006 81618=
43344 31495 30704 10240 20225 30026 40127 71000 82501 333 58007 82616=
43353 31496 29902 10266 20222 40107 70521 81530 333 56790 58001 81620=
43369 32596 30000 10264 20244 40106 83500 333 58001 83620=
43371 21540 10000 10264 20241 30037 40110 71000 81100 333 58001 60005 81820==
43413 11470 10504 10265 20248 30112 40117 5/005 60008 70200 81000 333 553// 20000 58003 81818 91007=
43418 01470 30501 10260 20228 30072 40113 52008 60008 70210 83100 333 58003 60008 83118=
43421 11970 00501 10242 20000 30011 40117 52009 60008 70200 333 553// 20000 58005 91003=
43424 01970 00502 10244 20232 30105 40107 58012 60008 70200 333 58005 60008=
43436 01470 30502 10274 20248 30108 40111 52007 60008 70211 83000 333 55001 58004 60008 83818=
43441 01970 00901 10254 20213 39971 40104 51014 60008 70200 333 58004 60008=
43444 01970 00902 10218 20200 39579 40109 52015 60008 70200 333 55002 58006 60008=
43450 01459 20303 10255 20213 30094 40106 51012 60008 70500 82100 333 58001 60008 82118=
43466 01970 01001 10270 20225 30095 40103 54011 60008 70200 333 58001 60008 91003=
43467 01965 00901 10269 20241 30092 40098 52012 60008 70500 333 59005 60008=
43473 01970 01302 10116 20116 38127 48498 52003 60008 70000 333 553// 20000 58002 60008 91004=
43486 11458 81701 10250 20242 30006 40106 53012 60008 70521 82000 333 553// 20000 58005 82816 83456 87278 91002=
43495 01968 00702 10270 20237 30090 40103 52008 60008 70500 333 58002 60008=
43497 01970 00204 10254 30088 40105 52008 60008 70000 333 553// 20000 58000 60008 91007=
44212 429// 01801 11306 21351 39276 40590 57002==
44213 426// 80000 11212 21243 38906 40523 57006 885//==
44214 42970 03202 11221 21278 38368 40566 58004==
44215 429// 02102 11218 21268 38504 40562 57005==
44217 32998 00000 11282 21326 37914 40672 57003 333 91200=
44218 429// 03101 11248 21280 38718 40576 57008==
44219 329// 61501 11193 21220 38743 40541 57006 84087 333 91205=
44265 429// 02701 11233 21259 38943 40517 57004==
44266 329// 03508 11197 21259 37835 40559 58011 333 91208=
44454 42457 21003 10098 20024 38653 48489 82100 333 58003=
51076 14/73 /3201 11195 21224 39456 40418 57006 60001 333 11080 21226 3/103 4/025 59016 70000 90761 91102==
51087 14/76 /0601 11162 21206 39305 40414 57006 60001 333 11072 21223 3/106 4/018 59015 70000 90761 91102==
51156 14/80 /3604 11129 21209 38761 40372 57008 60001 333 11010 21163 3/115 59014 70000 90761 91105==
51243 14/50 /0201 11202 21233 39821 40431 57005 60001 70500 333 11135 21216 3/115 59018 70000 90761 91103==
51334 14/42 /2301 11208 21234 39968 40418 57011 60001 70500 333 11130 21219 3/111 4/012 59024 70000 90761 91104==
51379 14/60 /1502 11242 21268 39387 40432 57008 60001 333 11109 21271 3/107 4/023 59018 70000 90761 91103==
51463 14/68 /1503 11146 21189 39116 40403 57009 60001 333 11097 21174 3/101 4/036 59022 70000 90761 91104==
51573 14/71 /0202 11028 21155 30310 40362 57001 60001 333 10048 21063 3/109 58005 70000 90761 91104==
51644 14/56 /3501 11073 21106 39041 40360 57003 60001 70500 333 10003 21089 3/105 4/003 58000 70000 90761 91104==
51656 14/40 /0000 11062 21108 39251 40362 57005 60001 70500 333 10003 21092 3/108 59002 70000 90761 91105==
51709 14/60 /3002 11061 21158 38704 40354 57004 60001 333 10007 21093 3/109 58001 70000 90761 91105==
51711 14/60 /2501 11130 21170 38063 40328 52002 60001 333 11032 21130 3/117 58001 70000 90761 91106==
51716 14/48 /3501 11070 21135 38998 40353 57003 60001 70500 333 10029 21108 3/113 59002 70000 90761 91104==
51765 14/50 /3101 11046 21134 39312 40355 57003 60001 70600 333 10026 21113 3/109 59003 70000 90761 91103==
51811 14/56 /2601 11050 21154 38872 40351 52001 60001 70600 333 10026 21086 3/113 58000 70000 90761 91105==
51818 14/41 /2801 11059 21179 38713 40342 52003 60001 70600 333 10027 21100 3/111 58000 70000 90761 91105==
51886 14/80 /0601 11098 21280 37104 40275 57001 60001 333 11031 21165 3/113 58011 70000 90761 91104==
52203 14/64 /0301 11112 21185 39433 40370 57007 60001 333 10015 21140 3/117 59006 70000 90761 91105==
52602 14/80 /3001 11129 21269 37257 40273 57001 60001 333 10007 21149 3/114 58011 70000 90761 91111==
52818 14/80 /2602 11082 21243 37228 40254 57005 60001 333 11012 21084 3/113 58009 70000 90761 91105==
52908 14/80 /2503 11172 21276 35721 40185 52004 60001 333 11033 21180 3/123 58018 70000 90761 91121==
55299 14/66 /1402 11099 21310 35806 40037 52006 60001 333 10069 21114 3/120 59001 70000 90761 91122==
55591 14/77 /2902 10063 21210 36458 49897 52012 60001 333 10167 20024 3/104 58001 70000 90761 91114==
56004 14/80 /2605 11144 21265 35780 40117 52009 60001 333 10018 21155 3/121 58019 70000 90761 91126==
56018 14/80 /1901 11080 21309 36121 40012 52011 69911 333 10088 21080 3/115 58019 70001 90761 91119==
63333 42980 01302 10180 20091 38165 40177 333 10296 59001=
63450 42580 10802 10182 21010 37743 40259 82500 333 10272 58000 81624 63471 42980 00502 10234 2013=
40420 42960 52304 10211 21100 39886 40092 85070 91746 333 10274 59043 55/// 85360=
