SMPK OPKC 120600=
41504 02697 40902 10050 21098 37841 48492 60001 84800 333 56900 59013 60007 82640 82845 RH 33%= 
41505 22696 60000 10030 21020 38/// 48/// 60002 82520 333 56990 58/// 82640 85460 RH 70%=
41516 02696 31802 10110 21008 38541 48499 60001 82530 333 56990 59014 60007 82640 81360 RH 44%=
41517 02696 60000 10070 21043 37789 48508 60001 83530 333 56990 59010 60007 83640 83360 44%= 
41518 02596 71806 10128 21009 38/// 48/// 60001 85770 333 56990 5//// 60007 82730 83440 84761 RH 38%= 
41519 02697 33602 10115 21117 38756 48495 60001 83200 333 56900 59012 60007 83840 RH 40%=
41520 02697 41802 10045 21085 37617 48254 60001 83430 333 56990 58000 60007 83840 81362 RH 38%= 
41530 01996 00504 10180 21005 39777 40191 60001 70500 333 58009 60007 RH 29%=
41571 11996 03112 10190 20026 39606 40187 60001 70500 333 58018 RH 34%=
41620 32996 03102 10120 21123 38611 48514 60001 333 58005 60007 RH 17%=
41660 02997 23108 10080 21085 38497 48587 60001 80001 333 56009 58034 60007 82070 RH 30%=
41661 02997 00000 10100 21090 38444 48571 60001 333 58028 60007 RH 25%=
41685 02997 23602 10155 21208 38959 48541 60001 82020 333 56090 58027 60007 82460 RH 07%=
41696 02997 00000 10090 21066 38019 48539 60001 333 58007 60007 RH 33%=
41697 02997 00504 10245 21126 40191 60001 333 58032 60007 RH 08%= 
41710 12997 40000 10170 21028 39438 40213 60001 84030 333 56090 58034 84360 RH 26%=
41712 12997 00504 10135 21001 39211 48520 60001 333 58006 RH 39%=
41715 01996 23602 10245 20030 30128 40192 60001 70500 80001 333 56009 58035 60007 82070 RH 25%=
41724 01996 00508 10250 20084 30124 40202 60001 70500 333 58033 60007 RH 35%=
41725 02996 00504 10235 20073 30101 40179 60001 333 58027 60007 RH 35%=
41726 01995 00504 10245 20076 30127 40198 60001 70500 333 58041 60007 RH 34%=
41738 02996 00506 10255 21054 30027 40206 60001 333 58020 60007 RH 13%=
41739 02996 00504 10170 21009 39084 48541 60001 333 58012 60007 RH 30%=
41742 12997 03102 10260 20025 40193 60001 333 58028 RH 22%=
41743 01996 03102 10210 20100 60001 70400 333 60007 RH 49%= 
41744 12996 00000 10165 21061 38824 48548 60001 333 58023 RH 21%= 
41745 01996 00000 10230 20115 60001 70400 333 60007 RH 48%=
41746 02996 03604 10230 20079 30141 40194 60001 333 58035 60007 RH 38%=
41747 01996 03106 10235 20010 40175 60001 70500 333 58029 60007 RH 23%= 
41748 02996 00506 10235 20099 40206 60001 333 58040 60007 RH 42%=
41749 01996 03106 10240 20106 30170 40204 60001 70400 333 58037 60007 RH 43%=
41756 02996 00904 10255 20104 30131 40196 60001 333 58013 60007 RH 39%=
41757 12996 00000 10230 20079 30176 40189 60001 333 58010 60007 RH 38%=
41759 02996 03602 10275 21022 30187 40193 60001 333 58021 60007 RH 14%=
41760 01996 03106 10250 20084 30167 40180 60001 70500 333 58013 60007 RH 35%=
41764 01995 00314 10240 20094 30141 40191 60001 70400 333 58032 60007 RH 39%=
41765 02996 02306 10245 20135 30175 40211 60001 333 58044 60007 RH 50%=
41766 21995 03102 10235 20122 40181 70400 333 59018 60007 70000 RH 49%=
41767 02996 00508 10250 20131 3//// 4//// 60001 333 60007 RH 47%=
41768 02996 00504 10265 20129 30170 40177 60001 333 58024 60007 RH 43%=
41780 01996 03606 10270 20075 30162 40189 60001 70500 333 58033 60007 RH 29%=
41783 02996 00504 10245 20101 30118 40147 60001 333 58000 60007 RH 40%=
41785 02996 03104 10240 20117 30158 40171 60001 333 58008 60007 RH 46%=
41786 02996 03104 10260 20073 30114 40151 60001 333 58006 60007 RH 30%=
41BAG 02697 20502 10040 21094 60001 82500 333 56900 60007 82640 RH 37%=

SMPK OPKC 120600=
=================
41506 01697 60000 10050 20017 38535 48531 60021 72162 83520 333 56990 58004 69967 83640 84460 79%=
41507 02697 20000 10140 20083 39256 49775 60001 82500 333 56900 59010 60007 83640 69%=
41508 02697 52302 10122 20035 38678 48547 60001 85200 333 56900 59001 60007 85835 56%=
41509 02697 33602 10100 20035 38777 48516 69941 83500 333 56900 59004 60007 83640 RH 64%=
41510 01696 80000 10020 20008 37916 48537 60011 77177 8362 333 56990 58004 60017 83640 85460 92%=
41515 02697 50504 10066 21043 38573 48535 60001 82520 333 56990 59002 60007 82650 83460 46%=
41523 02697 30000 10140 20035 39115 48532 60001 83500 333 56900 58012 60007 83640 49%=
41524 02697 30000 10130 20072 39378 40251 60001 83500 333 56900 58005 60007 83640 68%=
41525 12697 40000 10050 21024 37673 48395 60001 84400 333 56900 58002 84840 59%=
41528 02997 00000 10125 20028 39257 48539 60001 333 58029 60007 52%=
41529 02996 03602 10190 20030 39815 40196 60001 333 58027 60007 RH 34%=
41534 02697 00000 10170 20082 39776 40192 60001 333 58013 60007 56%=
41535 02997 00000 10125 21018 38736 48506 60001 333 58012 60007 RH 37%=
41536 02997 00000 10130 20035 39059 48527 60001 333 59005 60007 52%=
41560 02997 00000 10070 21043 38335 48563 60001 333 58020 60007 RH44%=
41562 02997 03104 10195 21036 39715 40178 60001 333 58014 60007 RH 21%=
41565 02997 03102 10100 21042 38655 48522 60001 333 58000 60007 RH 36%=
41565 02997 03102 10100 21042 38655 48522 60001 333 58000 60007 RH 36%=
41567 01996 00000 10180 20058 39749 40167 60001 70500 333 58035 60007 45%=
41573 02697 21304 10090 21013 37984 48510 60001 82500 333 56900 58009 60007 82640 48%=
41574 02997 01302 10115 20008 38363 48541 60001 333 58006 60007 48%=
41576 01996 03110 10205 20054 40191 60001 70500 333 58011 60007 37%=
41577 01996 00000 10190 20026 39569 40182 60001 70500 333 56000 58013 60007 RH 34%=
41593 01996 00000 10215 20070 39964 40177 60001 70500 333 58016 60007 39%=
41597 02997 00000 10220 20064 40187 60001 333 58012 60007 36%=
41598 01996 00000 10205 20054 39910 40180 60001 70500 333 58031 60007 37%=
41599 01996 03106 10185 20065 39883 40175 60001 70400 333 58009 60007 46%=
41599 01996 03106 10185 20065 39883 40175 60001 70500 333 58009 60007 46% (COR)=
41600 01996 03102 10205 20068 39873 40157 60001 70500 333 58007 60007 41%=
41624 02997 03106 10220 20017 39981 40181 60001 333 58021 60007 26%=
41625 01996 03110 10230 21073 39967 40165 60001 70500 333 58021 60007 13%=
41630 01996 03104 10210 20088 40186 60001 70500 333 58018 60007 45%=
41633 02997 00000 10190 20072 4//// 60002 333 5//// 60007 46%=
41634 02997 03102 10200 20069 3//// 4//// 60001 333 5//// 60007 42?=
41635 01996 02704 10215 20070 3//// 4//// 60001 70504 333 5//// 60007 39%=
41636 01996 03102 10215 20070 39998 40182 60001 70500 333 58005 60007 39%=
41638 01996 03104 10210 20075 4//// 60001 70500 333 5//// 60007 42%=
41639 02997 00902 10180 20083 3//// 4//// 60001 333 5//// 60007 53%=
41640 01996 03102 10215 20056 39931 40180 60001 70500 333 58022 60007 35%=
41641 01996 03313 10195 20038 39905 40180 60001 70500 333 58018 60007 35%=
41642 01994 00000 10190 20096 3//// 4//// 60001 70400 333 5//// 60007 55%=
41643 01996 02702 10190 20108 39893 40171 60001 70400 333 58015 60007 59%=
41644 01996 00000 10180 20106 4//// 60001 70400 333 5//// 60007 62%=
41646 01995 00000 10200 20109 39973 40188 60001 70400 333 58012 60007 56%=
41652 01996 01304 10225 20119 30015 40192 60001 70400 333 58025 60007 51%=
41669 02997 03102 10225 20043 3//// 4//// 60001 333 5//// 60007 30%=
41670 01996 00000 10200 20074 3//// 4//// 60001 70500 333 5//// 60007 44%=
41674 01994 00000 10195 20114 3//// 4//// 60001 70400 333 5//// 60007 59%=
41675 01995 00000 10190 20096 30048 40192 60001 70400 333 58029 60007 55%=
41676 01995 00000 10210 20132 30043 40200 60001 70400 333 58019 60007 61%=
41677 01996 00000 10200 20120 30009 40177 60001 70400 333 58030 60007 60%=
41678 01996 03104 10200 20086 40185 60001 70500 333 58030 60007 48%=
41679 01996 02302 10215 20095 4//// 60001 70500 333 5//// 60007 46%=
41680 01995 03104 10210 20122 39979 40179 60001 70400 333 58014 60007 57%=
41700 01995 00504 10200 20109 40181 60001 70440 81030 333 56090 58026 60007 81360 56%=
41701 01994 22702 10210 20122 30056 40199 60001 70440 82030 333 56090 58032 60007 82360 57%=
41716 01994 20000 10210 20122 30094 40198 60001 70400 82030 333 56090 58032 60007 82362 57%=
41718 01995 30000 10215 20138 30076 40180 60001 70400 83030 333 56090 58034 60007 83362 62%=
41BKI 02996 03604 10190 20030 39771 40189 60001 333 58014 60007 RH 34%=
41SKP 02997 03602 10180 20106 3//// 4//// 60001 333 5//// 60007 62%=
43532 02997 00000 10120 20059 39367 40184 60001 333 58000 60007 66%=
43533 02997 03104 10150 20049 39248 48518 60001 333 58003 60007 51%=
43563 02997 00000 10172 20038 39481 40173 60001 333 58014 60007 41%=

==================
41526 Not Received
41533 Not Received
41564 Not Received
41568 Not Received
41592 Not Received
41594 Not Received
41672 Not Received
41781 Not Received
==================

UPPK OPKC 120600=
=================
PPAA 6206/ 41516 NO ASCENT DUE TO AIR MOVEMENT=
PPAA 6206/ 41739 NO ASCENT DUE TO SECURITY RISK=
PPAA 6206/ 41749 NO ASCENT DUE TO TECHNICAL FAULT=
PPAA 62051 41780 NO ASCENT DUE TO RED BALLOON SHORTAGE=
PPAA 6206/ 41715 NO ASCENT DUE TO BALLOONS OUT OF STOCK=

PPAA 6206/ 41515 MISDA DUE TO Cloudy Weather=
PPAA 6206/ 41624 MISDA DUE TO TECHNICAL FAULT=
PPAA 6206/ 41640 MISDA DUE TO TECHNICAL FAULT=
PPAA 6206/ 41646 MISDA DUE TO TECHNICAL FAULT=
PPAA 6206/ 41675 MISDA DUE TO TECHNICAL ISSUE=
PPAA 6206/ 41678 MISDA DUE TO TECHNICAL PROBLEM=
PPAA 6206/ 41718 MISDA DUE TO TECHNICAL PROBLEM=
PPAA 6206/ 41598 MISDA DUE TO TECHNICAL PROBLEM=
PPAA 6206/ 41600 MISDA DUE TO TECHNICAL PROBLEM=

Data Generated from File : D:/all data handling/Rmc_lhr/2025021206.FSU.txt
12/02/2025   07:06:21
___________________________________________________________________________
15020 07457 81401 11066 21088 30161 40375 57006 60002 7101/ 886// 333 11052 21066 34107 55300 20002 60007 70000 91002 90760 91104==
15090 07450 83101 11077 21094 30280 40381 57005 60002 7101/ 886// 333 11066 21101 34112 55300 10050 20002 30001 60007 70000 91003 90760 91103==
15108 02970 01206 11116 21219 38122 48549 54000 60002 333 11108 21125 49081 55300 20006 60007 70000 91007 90760 91108==
15150 07457 70201 11059 21084 30145 40375 57005 60002 7101/ 87600 333 11041 21064 34106 55300 20002 60007 70000 91003 90760 91103==
15170 04960 03001 11159 21176 39520 42879 57003 60002 333 11054 21161 34113 55300 20004 60007 70000 91001 90760 91102==
15280 02984 00406 11132 21156 37502 47030 57003 60002 333 11126 21146 49079 55300 20005 60007 70000 91007 90760 91107==
15310 07/50 30202 11080 21096 30270 40364 53004 60002 7101/ 82041 333 11026 21083 34109 55300 10210 20004 30004 60007 70000 91004 90760 91105==
15335 04560 73502 11047 21080 30350 40357 53002 60002 87500 333 11009 21047 34105 55300 20009 60007 70000 91004 90760 91104==
15350 07959 00303 11073 21093 30240 40371 52002 60002 7101/ 333 11031 21087 34107 55300 20006 60007 70000 91004 90760 91104==
15360 07456 73508 11033 21043 30323 40342 52006 60002 7101/ 84670 333 10018 21035 60007 91009 90760 91110==
15420 07559 80601 11043 21075 30240 40359 54001 60002 7101/ 8357/ 333 11023 21060 34110 55300 20001 60007 70000 91003 90760 91103==
15460 07/59 80203 11049 21080 30329 40356 52003 60002 7101/ 8807/ 333 11026 21057 30108 55300 20005 60007 70000 91005 90760 91105==
15470 07957 03502 11081 21097 30226 40364 52003 60002 7101/ 333 11017 21090 30111 55300 20005 60007 70000==
15480 04/61 23002 11018 21048 30320 40339 52007 60002 82030 333 10003 21019 34103 55300 10130 20009 30007 60007 70000 91005 90760 91106==
15549 11550 60202 11063 21066 39902 40348 53001 60002 71011 86500 333 11040 21075 70000 555 34110 597// 92602=
15552 12460 30502 11015 21047 30273 40325 52001 60002 83500 222// 00053 10402 333 11002 21021 55036 70000 555 30103 576// 92035 92437=
15640 12674 30000 11041 21060 30005 40338 53007 60002 83500 333 11005 21048 55096 70000 555 34107 586// 92601=
15655 11565 83402 11001 21037 30292 40327 53006 69902 77172 8802/ 222// 00060 10401 333 10004 21008 70000 555 34/// 40000 57400 63644 70600 92032 92437=
15730 12970 00000 11070 21074 39915 40341 53010 60002 333 11007 21073 55092 70000 555 31/// 597// 92600=
16627 12560 20000 11044 21077 30310 40316 52012 60002 81130 333 21056 30/// 55093 70000 90730 91105==
16650 12560 20405 10038 21031 30298 40307 52011 60002 82100 333 20030 30/// 55093 70000 90730 91114==
16667 12560 20309 10058 21011 30279 40291 52007 60002 82100 333 20056 30/// 55084 70000 90730 91113==
16706 11560 50214 10070 21008 30269 40275 52019 69902 75052 85500 333 20070 30/// 55085==
16723 12560 30310 10052 20000 30247 40262 53012 60002 83200 333 20050 30/// 70000 90730 91116==
16742 12460 23512 10066 21001 30083 40245 52014 60002 82100 333 20064 30/// 70000 90730 91125==
16749 12460 12918 10092 20003 30206 40220 52012 60002 81100 333 20092 30/// 55091 70000 90730 91126==
16754 12460 73513 10102 20049 30221 40270 51009 60002 87800 333 20100 30/// 55020 70008 82818 87625 90730 91123==
16757 12560 53321 10094 20045 30113 40249 52011 60002 85500 333 20092 30/// 55005 70000 90730 91137==
16760 11460 70306 10054 20030 40275 53010 69962 72052 87600 333 20050 31/// 55006 70030 82710 84820 86625 90730 91116==
16765 12460 43220 10098 21013 40235 52010 60002 84800 333 20095 30/// 70000 82818 83625 90730 91131==
17022 11670 71806 10023 20008 30107 40280 53004 60042 70282 85570 333 20006 32101 55048 20892 70040 85634 87360 90760 91110==
17024 11358 72010 10018 20016 30185 40266 53004 60042 76062 85720 333 20017 32000 55013 70064 82708 85628 87458 90760 91116==
17026 11558 82902 10047 20034 30230 40270 53003 60012 76022 8552/ 333 20034 32001 55000 20301 70071 85630 88458 90760 91109==
17031 11470 62203 10051 20040 30257 40264 52004 60012 70282 84250 333 20041 32003 70036 82710 84830 86360 90760 91106==
17034 12670 52201 10058 20032 30221 40268 50000 60002 82130 333 20057 31004 55000 82835 85360 90760 91104==
17038 12670 52206 10070 21006 30212 40261 58001 60002 85200 333 20051 30/// 85835 90760 91111==
17042 12670 11105 10056 21023 30232 40273 50000 60002 81100 333 20032 30002 55000 81835 90760 91110==
17050 12670 53301 10000 21068 30267 40333 52006 60002 82530 333 21003 30104 55092 82635 85359 90760 91109==
17056 12/70 32805 10000 21037 30307 40312 52010 60002 83030 333 21002 34000 55073 21181 83360 90760 91113==
17060 12560 63302 10016 20001 30255 40297 52008 60052 84250 333 20000 32103 70132 84825 85357 90760 91113==
17070 12565 60000 11034 21057 39372 40282 52005 60002 83520 333 21037 3/107 47001 55/// 21264 70002 83630 85460 90760 91104==
17074 11557 82201 11008 21013 39298 40265 52006 60022 77077 8552/ 333 21010 3/104 47004 55003 20544 70023 85630 88458 90760 91102==
17084 11550 80000 10000 21005 39324 40262 53005 60012 77122 8552/ 333 21006 3/102 47002 55000 22227 70018 85630 88459 90760 91102==
17085 11450 83201 10009 20004 39754 40262 52005 60022 77066 8552/ 333 20006 3/000 45998 55003 70025 82710 84632 88458 90760 91106==
17092 12770 70000 11048 21100 38908 48522 53001 60002 81552 333 21093 3/110 47006 55025 21357 81650 85359 87067 90760 91108==
17096 12660 62301 11158 21163 38273 48553 51006 60002 83550 333 21199 3/119 44005 55089 20544 83635 86357 90760 91105==
17098 12960 02604 11167 21182 38242 48565 53008 60002 333 21209 34122 90760 91106==
17100 11956 00000 11035 21082 39283 40330 52009 60002 71000 333 21071 30110 55033 20879==
17112 12670 30902 10006 21042 30305 40308 52008 60002 83200 333 20004 30102 55059 21164 83835 90760 91113==
17115 12460 73611 10029 20007 30242 40295 53003 60002 87200 333 20017 32001 55007 20314 70016 84715 86830 90760 91119==
17116 12/60 30000 10005 21009 30169 40296 52011 60002 83030 333 21010 31102 55048 20959 83360 90760 91104==
17124 12660 63001 11028 21042 39325 40288 53005 60002 86500 333 30109 86640 90760 91108==
17128 12260 79902 11049 21064 39128 40278 52008 69902 84550 333 21062 3/107 41097 55032 20398 83704 84633 86358 90760 91106==
17135 12665 51201 11016 21020 39354 40266 53007 60002 83550 333 21022 34108 55019 23157 83640 85360 90760 91102==
17140 11650 82001 11042 21042 38726 48505 52007 69912 77022 8552/ 333 21068 3/108 47006 70003 85638 88458 90760 91104==
17150 11416 73306 10015 21010 30162 40291 52008 69902 78522 87200 333 20006 32000 55056 21135 84715 87830 90760 91117==
17160 12670 60202 11012 21059 39056 48512 52005 60002 83530 333 21036 34106 55023 20766 83640 86360 90760 91107==
17170 12560 10604 11017 21090 38372 48545 52008 60002 81500 333 21085 30/// 81630 90760 91108==
17175 12665 21102 10022 21036 30280 40285 52009 60002 82100 333 20006 30103 55069 21298 82840 90760 91109==
17184 12670 53507 10021 21029 30164 40280 53007 60002 82240 333 20014 30000 55099 21645 82840 85360 90760 91115==
17190 11550 83302 11040 21079 39031 48513 52007 69902 77011 885// 333 21044 34105 55037 88630 90760 91107==
17195 11440 82704 11016 21021 39001 48509 52007 60022 77172 8652/ 333 21023 3/105 47015 55030 20620 70040 84710 86622 88457 90760 91106==
17200 11350 83206 10014 20009 39234 40244 52008 60022 76072 8652/ 333 20010 32/// 70022 83708 85630 88458 90760 91110==
17202 11356 80709 10014 20014 39180 40248 52008 69962 76822 8552/ 333 20009 32/// 70006 81707 85630 88458 90760 91116==
17203 11530 80000 11010 21032 38929 48570 52006 69962 77122 8552/ 333 21011 3/101 47001 55054 21059 70006 85631 88457 90760 91102==
17210 12670 60000 10044 21018 39192 40246 50007 60002 83130 333 20024 30000 55047 83840 86360==
17219 12565 13611 10023 21033 30128 40279 52013 60002 81100 333 21009 30102 55089 21532 81830 90760 91119==
17234 12970 00000 10009 21021 30189 40260 52011 60002 333 20004 34103 55069 21394 90760 91102==
17237 12970 02301 10003 21061 39748 40272 52009 60002 333 21003 34102 55074 90760 91106==
17240 12970 01901 11005 21056 39061 40244 52007 60002 333 21036 34110 55092 21624 90760 91105==
17244 12565 63304 11038 21068 39031 48510 52004 60002 86500 333 21072 34/// 86630 90760 91107==
17248 12660 82401 11016 21033 39007 48504 51003 60002 8352/ 333 21019 34102 55000 83640 88460 90760 91103==
17250 12570 80000 11018 21036 38825 48509 52005 60002 8452/ 333 21021 3/102 46003 55003 20448 84630 88459 90760 91106==
17260 11356 80208 10032 20021 39363 40200 52009 60022 71022 8652/ 333 20030 31002 70032 84708 86620 88457 90760 91112==
17270 11670 70902 10050 20033 39575 40239 52008 60072 70262 85520 333 20033 32003 70121 85640 87460 90760 91109==
17275 11670 70000 10055 21018 39025 48535 53004 60012 70262 83550 333 20013 32001 55000 70061 83640 87360 90760 91112==
17280 11220 82303 10003 20001 39446 40262 52007 60142 74176 8552/ 333 20000 3/000 43001 55016 20603 70144 82705 85635 88459 90760 91110==
17290 12970 03406 10063 21028 30212 40245 52011 60002 333 20049 30101 55086 90760 91110==
17292 12970 02902 11014 21077 39449 40234 52007 60002 333 21019 34103 55023 20641 90760 91108==
17300 12960 03311 10064 21061 30148 40221 52006 60002 333 20041 30003 90760 91115==
17310 11670 70703 10104 21027 30191 40198 52008 69932 70380 84270 333 20090 31004 55000 70003 84835 87360 90760 91107==
17330 12670 62904 10082 21045 30201 40219 52008 60002 83250 333 20077 30006 83840 86360 90760 91113==
17350 12660 40303 10076 20036 30121 40201 51004 69902 82130 333 20045 30/// 82840 84360==
17370 12670 30000 10111 20051 30201 40205 58001 69982 83100 333 20082 32004 55009 70020 83835==
17375 12670 53601 10080 21012 30203 40205 52008 60002 82230 333 20070 32002 55049 21176 70008 82834 85360 90760 91106==
33088 11997 81102 11108 21118 30176 40384 57009 69902 72271 8807/ 333 21120 555 14108=
33135 31496 80302 11079 21093 30233 40392 57002 71022 886// 333 21116 88711 555 14107=
33177 31596 81303 11091 21099 30105 40361 57004 71011 885// 333 21102 555 14110=
33317 31496 81303 11097 21105 30017 40382 57006 71022 886// 333 21110 88714 555 14107=
33393 31356 81404 11080 21091 39931 40351 57005 71022 886// 333 21086 47997 88706=
33415 31296 81201 11081 21087 39941 40368 57007 71022 886// 333 21081 88706 555 14106=
33429 31194 81202 11096 21102 39922 40379 57004 71022 886// 333 21097 88702 555 14106=
33466 31956 20000 11112 21121 30178 40383 57002 71000 80002 333 21114 555 14109=
33506 32997 60302 11122 21135 30163 40378 52002 82034 333 21124 46001 555 16111=
33562 32560 80102 11080 21094 30061 40389 57007 885// 333 21082 555 14107=
33587 31996 23601 11112 21125 30092 40379 57007 71000 80001 333 21112 555 14110 34110=
33658 32360 81303 11071 21083 30049 40370 57006 886// 333 21071 88709 555 14105=
33663 32997 81201 11071 21092 30273 40376 57005 8805/ 333 21071 555 14104=
33664 31595 80802 11083 21084 30036 40377 57003 71022 885// 333 21084 555 80014=
33678 31896 82801 11088 21100 30163 40393 57011 71022 8805/ 333 21094 555 80014=
33679 32997 03401 11106 21119 30170 40378 57006 333 21114=
33711 32960 63502 11099 21111 30136 40363 57004 80001 333 21101 555 14110=
33745 32597 80502 11084 21090 30177 40385 57007 8593/ 333 21116 555 80012=
33748 31996 00703 11092 21103 30065 40373 57005 71000 333 21093 555 80011=
33754 32998 00000 11110 21116 30216 40376 56002 333 21116=
33761 31958 03502 11110 21117 30130 40373 56002 71000 333 21117 555 14110=
33791 31958 00303 11094 21106 30222 40360 54000 71000 333 21094 41998 555 1/111=
33815 32997 40503 11090 21108 30140 40365 57003 82031 333 21090 45000=
33837 31456 23403 11069 21090 30295 40351 53003 71000 82600 333 21074 555 14105=
33881 32997 00203 11093 21108 30157 40370 54000 333 21099 555 80009=
33883 32998 03503 11092 21092 30185 40360 54000 333 21092 555 80017=
33885 31996 03603 11104 21116 30229 40373 52001 71000 333 21110 555 80011=
33892 31996 20302 11100 21112 30132 40361 57002 71000 80001 333 21107 46002 555 80020=
33902 32997 03605 11079 21093 30284 40348 53005 333 21085 555 14106=
33924 12460 30903 11056 21075 30312 40326 52004 60002 83600 333 21067==
33946 12/65 20810 11035 21046 30080 40313 53002 60002 82030 333 21044 42002 91011 90760 91111==
33983 12560 40605 11018 21030 30245 40309 53002 60002 84500 333 21033 41997==
34300 32997 50502 11140 21160 30194 40389 53006 80001 333 21140 43002 555 13113=
34336 41440 80701 11112 21127 30264 40376 52003 77171 887//==
34344 42/60 83602 11125 21129 30277 40373 52004 8007/==
34356 42960 33502 11140 21161 30203 40365 52006 80006 333 21155==
34357 41440 82901 11132 21152 30193 40362 52006 78581 889// 333 21150==
34398 12970 00203 11094 21115 30305 40319 52007 60002 333 21106==
34415 32968 60501 11116 21130 30267 40372 53005 80001 333 21128 555 14111=
34438 42960 00204 11130 21148 30157 40365 52003 333 21149==
34445 41/40 82903 11129 21138 30242 40366 50006 77011 8802/ 333 21159==
34461 42460 80201 11092 21112 30295 40355 52007 885//==
34473 31997 80305 11073 21095 30295 40336 52007 71022 80007 333 21080=
34476 42440 83603 11081 21095 30328==
34504 31958 60303 11090 21115 30173 40361 53001 71011 80004 333 21090 46997=
34535 42460 73102 11125 21144 30284 40362 52004 87500 333 21135==
34545 42970 30303 11112 21138 30232 40353 52002 80001 333 21133==
34555 41440 83603 11092 21107 30258 40356 52005 71011 886//==
34560 41119 80502 11082 21090 30142 40345 52005 72874 886// 333 88703==
34578 41340 80104 11076 21077 30325 40332 52008 77772 886//==
34579 41540 73402 11084 21099 30284 40330 52010 71011 87500==
34644 42560 60402 11096 21109 30262 40345 52005 86500==
34646 41/05 90102 11087 21094 30256 40344 52004 74941 89/// 333 21097==
34655 41420 83502 11086 21097 30281 40346 51006 71022 886//==
34662 41410 83502 11077 21079 30329 40341 52005 77711 886// 333 88713==
34691 12970 00000 11087 21106 30532 40519 52015 60002 333 21097==
34720 42970 60302 11086 21111 30302 40345 52005 80005 333 21087==
34727 42/60 20704 11069 21095 30307 40339 52003 82070 333 21074==
34743 41/40 80302 11085 21092 30246 40342 52003 71011 8805/ 333 21101==
34759 41420 80301 11086 21086 30200 40340 52008 71022 885// 333 21105==
34772 42570 33507 11079 21097 30322 40325 52009 8350/ 333 21095==
34785 41440 80203 11085 21097 30333 40309 52010 71011 886// 333 21104==
34798 12960 03303 11078 21105 30447 40416 53012 60002 333 21102==
34824 42960 30603 11074 21100 30325 40331 52005 80001 333 21085==
34838 42960 30403 11066 21089 30225 40327 52006 80005 333 21076==
34845 42970 80802 11060 21073 30216 40330 52006 80005 333 21084==
34858 41940 60000 11065 21079 30216 40331 52004 71011 80005 333 21091==
34861 41/05 90303 11080 21080 30072 40331 52007 74942 89///==
34866 42970 03604 11072 21087 30332 40323 52005 333 21091==
34880 41540 73502 11070 21083 30330 40303 52011 72611 87900 333 21086==
34887 42570 33602 11056 21074 30331 40307 52007 81530 333 21067==
34949 42/// /1102 11049 21077 39750 40324 52006 333 21087==
34954 42970 02701 11068 21085 30146 40330 52005 333 21099==
34958 42970 60000 11059 21085 30119 40330 52004 80004 333 21103==
34975 42970 23203 11060 21073 30319 40315 52006 82001 333 21085==
34984 42/60 63102 11036 21062 30341 40309 52009 80032==
35217 12960 03601 11130 21150 30268 40311 52009 60002 333 21140==
35302 12/70 80703 11102 21122 30296 40318 52011 60002 8807/ 333 21113==
35315 32998 00701 11128 21171 30245 40306 52008 333 21167=
35344 32998 80000 11125 21145 30001 40307 52011 8807/ 333 21161=
35358 12/60 82501 11104 21132 30117 40297 57001 60002 8802/ 333 21159==
35368 32999 80000 11148 21191 30032 40318 54000 8807/ 333 21229=
35386 32998 52002 11130 21157 39750 40301 57007 85040 333 21160=
35394 12970 41905 11090 21138 39593 40297 57003 60002 80001 333 21149==
35404 32998 00503 11092 21108 30302 40311 52011 333 21097=
35406 12/60 20000 11104 21124 30304 40306 52012 60002 82030 333 21130==
35416 12670 63203 11109 21140 30178 40305 52013 60002 86500 333 21115==
35426 12584 80000 11055 21093 30000 40301 53012 60002 885// 333 21107==
35437 32598 82501 11053 21091 30081 40408 52002 886// 333 21074=
35449 32598 82102 11064 21088 30194 40301 53007 885// 333 21104=
35497 12970 20000 11082 21123 39762 40613 54000 60002 80001 333 21178==
35498 31998 00000 11143 21156 39397 40328 57003 70241 333 21222=
35514 32998 70902 11053 21074 30526 40522 52013 87500 333 21115=
35522 32698 81502 11053 21095 30027 40287 53002 885// 333 21084=
35542 32598 81802 11065 21077 30147 40300 53004 885// 333 21103=
35563 32998 82502 11086 21128 39497 40295 57004 84032 333 21170=
35576 12/70 71902 11185 21212 39844 40330 58001 60002 87070 333 21224==
35582 32998 60902 11171 21209 39688 40333 58003 80003 333 21242=
35594 32999 00201 11130 21159 39438 40322 58005 333 21223=
35605 32598 60502 11064 21080 30316 40294 52015 84550 333 21106=
35633 31597 80401 11030 21047 30075 40294 53007 77172 8802/ 333 21066=
35671 12570 62001 11140 21161 39866 40323 53002 60002 86500 333 21203==
35699 12960 00000 11066 21135 39533 40311 58004 60002 333 21153==
35700 12570 20802 11036 21054 30316 40292 52016 60002 82500 333 21081==
35715 31596 81205 11060 21079 30303 40288 52014 77071 885// 333 21072=
35739 32599 81102 11052 21094 30140 40284 51003 8802/ 333 21096=
35746 11540 61103 11042 21058 30225 40294 58001 60002 71022 85302 333 21066==
35777 32497 80000 11132 21167 39969 40336 53004 886// 333 21191=
35796 12960 20000 11117 21156 39873 40332 58002 60002 80001 333 21171==
35849 12570 81303 11034 21070 30204 40293 53002 69902 885// 333 21070==
35895 32998 62601 11139 21157 39871 40344 58002 80002 333 21191=
35907 32598 63505 11034 21059 30317 40285 53012 86500 333 21048=
35925 11940 51401 11059 21074 30162 40278 52008 60002 71022 80002 333 21093==
35927 32998 61102 11044 21051 30268 52012 83042 333 21097=
35953 11/40 81603 11039 21076 30176 40309 54000 60002 77172 8802/ 333 21070==
35969 12584 80000 11034 21094 30163 40342 52006 60002 885// 333 21044==
35997 31696 70201 11088 21122 39876 40330 53004 71011 86570 333 21156=
36259 41584 62302 11246 21278 38234 48528 57013 71111 82902==
36335 32999 22102 11018 21073 39242 40268 57005 80002 333 21146=
36358 32999 01602 11050 21085 39242 40273 57010 333 21155=
36394 31997 51609 11074 21138 39862 40298 57010 73633 80001 333 21166 91116=
36397 11/70 51616 11104 21150 39713 40298 57007 60002 73633 82041 333 21153 91020 90760 91124==
36403 32998 71005 11045 21136 39917 40285 57012 82041 333 21113=
36418 32999 20801 11125 21181 39701 40349 57007 82043 333 21222=
36421 32999 71203 11203 21239 39754 40367 57016 80001 333 21306=
36428 12/84 52001 11180 21218 39823 40363 57014 60002 82041 333 21260==
36439 31798 71004 11084 21133 39000 48508 58017 70231 81501 333 21159=
36498 32998 00301 11151 21185 39496 40335 54000 333 21215=
36501 32999 02304 11024 21146 39507 40264 57008 333 21094=
36535 12984 20000 11169 21211 39689 40367 57008 60002 80001 333 21275==
36546 32999 20000 11170 21212 39777 40355 57012 80001 333 21270=
36619 32999 00202 11140 21188 333 21203=
36622 32998 00000 11142 21203 39481 40330 58005 333 21222=
36639 12984 01502 11081 21173 39693 40319 52010 60002 333 21220==
36643 32899 23203 11161 21176 39651 40358 57006 82040 333 21236=
36665 32999 03302 11177 21208 39568 40346 57010 333 21192=
36666 32498 12903 11170 21192 39828 40357 57011 81600 333 21294=
36729 32998 01402 11079 21129 39817 40316 52008 333 21165=
36736 32999 00304 11015 21125 39735 40293 58004 333 21196=
36744 32998 80701 11115 21134 39854 40327 58002 8807/ 333 21208=
36770 32999 02601 11012 21098 39579 40313 52007 333 21195=
36786 32999 01101 11078 21131 39359 40307 52005 333 21136=
36796 32998 00000 11150 21208 39069 48500 52001 333 21241=
36803 32999 02403 11110 21138 39855 40326 53013 333 21159=
36806 32999 01510 11123 21213 39844 40338 57007 333 21167 91117=
36819 31997 80000 11016 21033 39690 40311 52006 71022 8802/ 333 21135=
36821 12984 21602 11040 21098 39819 40320 54000 60002 80002 333 21173==
36839 32999 00201 11057 21151 39167 40327 58004 333 21138=
36843 32998 01001 11003 21075 39116 40297 52016 333 21110=
36846 32999 02703 11069 21177 38658 48537 53010 333 21135=
36859 12984 51801 11030 21091 39555 40356 52007 60002 80006 333 21121==
36870 12/60 80401 10018 21040 39281 40295 58003 60002 83071 333 21067==
36874 31698 83602 11048 21079 39657 40467 58002 70282 885// 333 21205=
36877 32999 81801 10004 21053 39719 40744 52002 8807/ 333 21114=
36885 32999 22902 11011 21052 39167 40309 54000 80001 333 21084=
36889 32999 21402 11105 21166 37040 47057 52013 80005 333 21123=
36894 31996 02502 11027 21074 39565 40320 58002 71000 333 21106=
36905 31997 02301 11013 21060 38793 48546 52009 74000 333 21068=
36911 42998 80000 10030 21021 39315 40293 58004 8802/ 333 21050=
36927 42699 72712 10016 21085 38356 48525 58004 87900 333 21053 91116=
36934 42598 61202 10021 21029 38273 48400 58001 83932 333 21038=
36953 32999 00000 11059 21136 38202 48508 57009 333 21185=
36963 41697 81605 11096 21154 37019 48/// 51002 77072 8802/ 333 21148=
36974 42998 81401 11038 21105 38014 48548 52007 8802/ 333 21128=
36982 42999 53302 11110 21244 36493 47057 57007 80001 333 21210=
37018 42970 00202 10038 21052 30197 40274 52002 333 20016==
37031 42960 00401 11031 21070 30110 40315 52006 333 21089==
37054 41940 00000 11080 21094 39926 40336 52005 71000 333 21107==
37061 41940 32001 11055 21074 30152 40331 52005 71000 80005 333 21108==
37085 42970 32802 11042 21063 30345 40318 52005 80001==
37171 42970 00704 10038 21021 30251 40270 53001==
37228 41540 21101 11043 21066 39441 40314 52006 71011 82500 333 21074==
37235 42970 02401 11024 21047 39989 40320 52007 333 21064==
37472 42960 23002 11018 21064 30341 40318 52008 80001 333 21037==
38149 11/40 81802 11013 21015 30192 40271 53006 60022 77177 8802/ 333 21050==
38178 41/70 62004 11015 21071 39985 40281 52002 70272 86010 333 21104==
38262 11/70 82101 11004 21007 30192 40276 53009 69972 72277 8801/ 333 21050==
38264 11370 82203 11001 21007 30180 40276 52012 60022 72272 886// 333 21020 88708==
38345 41998 61201 10016 21022 38859 48550 58004 70274 85032 333 21026=
38353 41596 80000 10006 21002 39397 40315 52002 77172 885// 333 21007=
38388 02598 72502 10012 21014 30216 40289 53014 60022 87900 333 21034 6////=
38392 71296 82204 10008 20005 30173 40279 52008 77177 8802/ 333 21016 6//// 88504=
38396 11/40 82005 10014 20003 30163 40291 53006 60042 76876 8802/ 333 21008 88505==
38403 41/60 83602 11017 21025 30166 40292 53005 77072 8802/ 333 21048==
38413 42970 00701 11013 21050 30014 40323 52005 333 21064==
38457 11340 80902 10013 20005 39713 40317 52006 69902 77187 8852/ 333 20007==
38462 11540 80000 11004 21025 38814 48541 52011 69932 77077 887// 333 21020==
38507 72465 40902 10062 21003 30199 40304 52014 82530 333 20029 6//// 91004 555 50030=
38545 72998 71702 11004 21010 30135 40318 52005 87030 333 21061 6////=
38565 12560 80000 10028 21020 39696 40275 52005 60002 85743 333 21024==
38579 11560 80000 10007 21011 39889 40321 52002 69902 72272 885// 333 21002==
38583 11540 82701 10018 21004 39994 40326 52008 69902 77177 8872/ 333 21003==
38599 11296 82405 10018 20006 39669 40321 52004 69900 55075 885// 333 20000 85706 83632=
38611 11/20 80000 10023 20007 39734 40319 52006 69912 71072 8802/ 333 20005 81483==
38613 42995 80101 10016 20002 40309 52005 8802/ 333 20003=
38616 41596 70000 10004 21006 39277 40319 53017 71074 87500 333 21010=
38618 12660 82901 10020 21005 39600 40307 52003 69902 8257/ 333 20008==
38647 72697 52306 10067 21009 30251 40294 52013 85500 333 21009 6////=
38656 72698 72302 10032 20008 30200 40312 52015 87500 333 20008 6////=
38683 41340 81802 10008 21003 30045 40332 52009 71011 82601 333 21050==
38687 72497 61804 10016 20011 30090 40334 52008 86700 333 21044 6////=
38696 11/40 82701 10010 21013 39437 40318 52006 69902 70277 8802/ 333 21012==
38713 11/92 93201 11014 21022 39105 48550 53007 69900 74774 333 21037=
38750 72997 00701 10044 20016 30349 40320 52006 333 21012 6////=
38763 72598 22805 10046 20004 30198 40306 52015 81230 333 20016 6////=
38774 72998 21202 10060 20006 30115 40314 52001 80004 333 21002 6////=
38799 32597 81804 10002 21042 30082 40323 54000 885// 333 21024=
38806 32997 61402 10022 21012 30045 40313 52009 80002 333 21014=
38812 41540 8//01 10015 21010 39858 40327 52005 71022 883// 333 20003 88928==
38836 31598 80901 10040 20022 39330 40283 52011 72582 8592/ 333 20016=
38880 02697 10000 10050 20006 30050 40311 52017 60002 81500 333 21017 6////=
38886 72996 02301 10028 21024 30076 40312 52008 333 21033 6////=
38895 31996 01602 10002 21021 30030 40332 52010 70240 333 21038=
38911 32998 50000 10028 21030 30019 40323 52008 80002 333 20000=
38915 32997 30000 10064 20002 39998 40328 58002 80001 333 20014=
38927 12560 82202 10054 20008 39938 40322 52011 60002 884// 333 20042 88628==
38933 31996 73602 10060 20012 39796 40318 52006 71022 84032 333 20030=
38944 12697 80000 10046 20004 39708 40254 52009 885// 333 20028=
38954 32899 60000 11007 21084 37968 48560 52011 85901 333 21049=
38974 72998 00000 10016 21006 39960 40306 52009 333 21029 6////=
38987 32996 02201 11012 21038 39562 40338 52014 333 21072=
40100 43/80 20703 10119 20054 30192 40208 52007 6///1 333 58///=
40180 12560 41402 10109 20071 30151 40201 52008 60002 81133 333 10126 20077 70001==
40199 02/// /0303 333 70000==
40255 36/// /0000 10078 29083 3//// 4//// 5////=
40265 31901 00000 10030 20028 39415 40230 52012 74444 333 20002 31101=
40270 31540 10000 10064 20034 39297 40212 52012 70400 81100 333 20042 30101 81830=
40272 31902 00000 10022 20017 39368 40225 52013 74522 333 21008 31102=
40296 31958 01503 10142 20085 30683 40206 5//// 70500 333 20110 30010=
40310 32960 02606 10032 21004 38975 48437 5//// 333 20000 30102=
40340 31950 03605 10112 20048 40218 52015 70500 333 20091 30008=
40356 42960 01006 10056 21060 39214 48512 333 20030 58004==
40357 42960 00407 10071 21040 39549 40200 333 20037 59013=
40360 42960 03006 10057 20020 39604 40208 333 20029 58003=
40361 42960 00405 10078 21060 39411 40232 333 20054 59007=
40362 42660 61113 10113 20040 39661 40182 86500 333 20092 59030 86635=
40373 41560 71214 10108 20090 39760 40185 71796 87900 333 20100 59029 85635 82925==
40375 42960 02806 10066 20000 39297 40185 333 20050 58008=
40394 42960 00202 10106 20040 39029 48503 333 20084 59010 555 04410 50163=
40400 42960 20104 10170 20040 30132 40160 80001 333 20135 58015 82070=
40405 41657 52403 10144 20090 39407 40153 70600 85500 333 20129 59006 85640=
40417 42960 50806 10203 20140 30164 40179 85030 333 20142 59028 85360=
40420 41957 70705 10171 20120 39970 40180 70562 87070 333 20138 59025 87360=
40430 42960 00000 10205 20120 39410 40148 333 20166 58015=
40437 42660 51507 10183 20020 39472 40169 85400 333 20153 59010 85640==
40439 42960 12702 10150 20080 30127 40145 80001 333 20120 58022 81070=
40582 41656 81208 10134 20121 40203 53006 76166 8347/ 333 55300 00126 10000 20177 30022 41209 51218 60198 55407 40155 83640 88358 90401 91009 91109 91207 91303=
40703 12960 00000 11020 21097 38987 40311 52007 60001 333 3/111 47002 5//// 70000 90768 93100 555 11040 29056=
40706 11940 10503 11030 21101 38715 40329 51007 60001 70500 80001 333 34113 70000 81067 555 11049 29058=
40712 11658 32803 11086 21170 38743 40346 52008 60001 70500 81502 333 3/113 43019 5//// 70000 81635 83067 90768 93100 555 11100 29051=
40713 11920 20000 11047 21084 38715 40314 52010 60001 70510 80002 333 30113 70000 82068 555 11056 29075=
40718 12560 12401 10086 20028 30331 40301 52010 60001 81500 222// 0//// 20301 333 31105 50081 7000 0 81620 555 10062 29067=
40723 11959 09901 11011 21070 39037 40326 51012 60001 70500 333 30113 70000 555 11029 29064=
40726 11656 80000 11050 21086 38719 40329 51007 60001 70522 8452/ 333 3/113 43005 5//// 70000 8463 5 88458 90768 93100 555 11058 29076=
40727 11920 73002 11064 21073 38535 40337 52008 60001 71022 80006 333 3/109 48001 70000 87270 9076 8 93100 555 11064 29093=
40732 12565 13603 10082 20035 30314 40289 51010 60001 81100 333 30101 50111 70000 81830 555 10062 29072=
40736 12960 01501 10079 20039 30329 40303 52012 60001 333 31101 50061 70000 555 10062 29076=
40738 11956 00000 10054 20042 30321 40323 51010 60001 71000 333 31108 5//// 70000 555 10049 29092=
40739 12660 70000 11012 21058 38765 40324 51008 60001 84506 333 31106 5//// 70000 84635 86269 555 11027 29071=
40741 12960 01803 10038 20009 39962 40309 52011 60001 333 31102 70000 555 10027 29081=
40743 12962 01005 10004 21069 39155 40322 52016 60001 333 34105 5//// 70000 555 11020 29058=
40745 12960 00502 10037 21038 39127 40320 51016 60001 333 3/111 43005 70000 90768 93100 555 10010 29058=
40747 12560 83604 11042 21087 38705 40320 51010 60001 886// 333 31106 70000 88720 555 11054 29071=
40754 11656 11802 10044 21074 38902 40289 52015 60001 70500 81100 333 30106 5///1 70000 81840 555 10005 29042=
40762 12965 00000 11001 21077 38618 40322 53010 60001 333 3/111 45005 5//// 70000 90768 93100 555 11024 29057=
40766 12660 61103 10003 21042 38735 40269 50030 60001 83470 333 31108 5///1 70000 83645 86359 555 11013 29072=
40768 11530 63201 11101 21116 38311 40378 52006 60001 71022 86600 333 3/120 47011 5//// 70000 86730 90768 93100 555 11102 29089=
40769 11/04 93601 11057 21064 38346 40324 51011 60001 74944 333 3/1108 93100 555 11057 29095=
40780 12660 71302 10061 21011 38716 40246 52008 60001 82570 333 31102 5//// 70000 82640 87459 555 10032 29060=
40782 12660 50101 10067 21001 38911 40244 52008 60001 81330 333 31104 5//// 70000 81935 83640 8535 9 555 10039 29062=
40785 12960 10202 10044 21027 39177 40308 50004 60001 80001 333 30102 5//// 70000 81070 555 10018 29060=
40791 12662 51503 10076 21055 39439 40285 53011 60001 81535 333 30102 5//// 70000 81640 83270 555 10030 29039=
40792 12962 32002 10060 21055 38789 40279 52012 60001 80001 333 30105 5//// 70000 83070 555 10018 29043=
40798 12660 73502 10017 21046 37988 40246 50006 60001 81176 333 30108 5//// 70000 81840 85269 555 11008 29063=
40800 12960 61201 10028 21058 38514 40269 52015 60001 80006 333 30106 5///1 70000 86270 555 11004 29053=
40809 12962 40903 10077 21088 38558 40257 51006 60001 80006 333 30103 5//// 70000 84270 555 10020 29030=
40811 12660 81402 10158 20042 30180 40207 52014 60001 84330 333 30004 50161 70000 81935 83640 8536 0 555 10104 29046=
40812 12660 80000 10150 20021 39821 40199 52009 60001 8352/ 333 30008 50401 70000 83640 88460 555 10092 29042=
40821 12662 62904 10049 21044 38863 40288 52017 60001 82168 333 30001 5//// 70000 82840 83359 555 10015 29051=
40829 12660 73608 10115 21014 39700 40287 50013 60001 83550 333 30001 50611 70000 83640 87359 555 10063 29041=
40831 11660 80502 10148 20082 30198 40206 53008 69921 70282 8432/ 333 31011 50301 70002 81935 83640 88460 555 10115 29065=
40833 11558 81606 10168 20102 30180 40212 50002 69921 78082 883// 333 31011 50221 70002 82930 8663 5 555 10133 29065=
40835 11556 71202 10101 20089 39402 40246 52020 60061 76186 83320 333 31009 50341 70056 81930 8363 5 87459 555 10095 29092=
40841 12660 60602 10103 20060 38295 40200 52005 69992 83470 333 31005 5//// 70011 83640 86359 555 10081 29075=
40845 12560 80604 10186 20130 30201 40206 50013 60003 8492/ 333 30015 50251 79999 82930 84640 8846 0 555 10155 29070=
40848 11425 80000 10064 20060 38579 40245 53010 60021 76162 8532/ 333 32005 50261 70185 81710 8193 0 83635 88459 555 10062 29097=
40854 12960 11202 10127 21040 39010 40221 50004 60001 80002 333 30004 50261 70000 81070 555 10060 29031=
40856 12960 31702 10118 21026 38708 40246 50007 60001 83070 333 30001 50531 70000 83360 555 10058 29036=
40859 11530 83001 10094 20074 38762 40231 53013 69921 78086 8632/ 333 31005 50151 70002 83930 8463 5 88458 555 10084 29088=
40875 11557 73303 10245 20068 30186 40198 52016 69901 70562 82570 333 30014 50381 79999 82630 87360 555 10153 29032=
40879 12962 20000 10204 20007 39549 40228 51014 60001 80002 333 30009 50521 70000 82070 555 10113 29027=
40882 12560 71004 10229 20122 30155 40190 52015 60001 82110 333 30015 50401 70000 82830 87459 555 10168 29051=
40883 11557 60904 10232 20096 30161 40188 54000 60001 70521 82130 333 30016 50441 70000 82830 84360 555 10158 29042=
40893 11957 02802 10234 20130 30188 40193 52015 60001 70500 222// 00220 20300 333 30018 50421 70000 555 10174 29052=
40898 12960 00000 10268 20070 30178 40187 54000 60001 222// 00234 20900 333 30013 50611 70000 555 10163 29028=
41024 42660 63509 10240 20160 30118 40144 86400 333 20230 58015 86640==
41036 42960 00000 10145 20120 38566 48516 333 20120 58006==
41055 42560 21104 10198 20040 38374 48520 82400 333 20161 58011 82630==
41061 42/60 31116 10205 20020 39436 40130 83030 333 20185 59018 83358==
41084 42560 42602 10200 20050 38862 48521 84200 333 20186 58008 84830==
41112 42560 42006 10172 20000 37961 48529 81410 333 20125 58009 81620 83457==
41114 42560 31908 10172 20000 38001 48534 83400 333 20138 58013 83622==
41128 42/60 30000 10242 21060 38818 48530 83030 333 20160 59008 83359==
41136 42960 02005 10215 20030 39336 40138 333 20141 58001==
41140 42560 71704 10277 20210 30137 40143 84130 333 20243 58008 84830 86360==
41150 41966 70807 10204 20146 40183 76062 8707/ 333 20177 30017 59026 87462=
41176 44/59 /0807 10212 20189 30172 40178 333 20148 59032=
41184 42960 32205 10257 20060 40198 80001 333 20120 59012 83070=
41194 12960 21604 10251 20125 30188 40194 60001 82030 333 20193 59010 82368=
41196 12960 22303 10250 20098 30156 40197 60001 82030 333 20145 59013 82365=
41216 42960 11510 10213 20150 30186 40190 81030 333 20170 59012 81368=
41217 42960 01411 10227 20149 30157 40187 333 20157 30012 59012=
41396 42962 00505 10213 20103 39443 40166 333 20115 30/// 58003=
41480 42460 30517 10267 20210 30161 40170 83500 333 20240 30/// 58005 81818 83625=
41506 11460 60000 10050 20017 38535 48310 69961 72162 84520 333 56880 58004==
41508 12460 52301 10122 20035 38678 48470 60001 85200 333 56800 59001==
41515 12460 50502 10066 21043 38573 48350 60001 83520 333 56880 59002==
41516 12440 31801 10110 21008 38541 48990 60001 81530 333 56880 59014==
41517 12440 60000 10070 21043 37789 48080 60001 83530 333 56880 59010==
41518 12940 71803 10128 21009 30001 48010 60001 84770 333 56880 58000==
41519 12460 33601 10115 21117 38756 48950 60001 83200 333 56800 59012==
41523 12460 30000 10140 20035 39115 48320 60001 83500 333 56800 58012==
41535 12960 00000 10125 21018 38736 48060 60001 333 58012==
41536 12960 00000 10130 20035 39059 48270 60001 333 59005==
41560 12960 00000 10070 21043 38335 48630 60001 333 58020==
41571 11940 03106 10190 20026 39606 40187 60001 70500 333 58018==
41598 11940 00000 10205 20054 39910 40180 60001 70500 333 58031==
41600 11940 03101 10205 20068 39873 40157 60001 70500 333 58007==
41620 12940 03101 10120 21123 38611 48140 60001 333 58005==
41624 12960 03103 10220 20017 39981 40181 60001 333 58021==
41630 11940 03102 10210 20088 30000 40186 60001 70500 333 58018==
41640 11940 03101 10215 20056 39931 40180 60001 70500 333 58022==
41660 12960 23104 10080 21085 38497 48870 60001 80001 333 56008 58034==
41678 11940 03102 10200 20086 30000 40185 60001 70500 333 58030==
41696 12960 00000 10090 21066 38019 48390 60001 333 58007==
41697 12960 00502 10245 21126 30000 40191 60001 333 58032==
41700 11920 00502 10200 20109 30000 40181 60001 70440 81030 333 56080 58026==
41710 12960 40000 10170 21028 39438 40213 60001 84030 333 56080 58034==
41712 12960 00502 10135 21001 39211 48200 60001 333 58006==
41715 11940 23601 10245 20030 30128 40192 60001 70500 80001 333 56008 58035==
41718 11920 30000 10215 20138 30076 40180 60001 70400 83030 333 56080 58034==
41725 12940 00502 10235 20073 30101 40179 60001 333 58027==
41739 12940 00502 10170 21009 39084 48410 60001 333 58012==
41744 12940 00000 10165 21061 38824 48480 60001 333 58023==
41749 11940 03103 10240 20106 30170 40204 60001 70400 333 58037==
41756 12940 00902 10255 20104 30131 40196 60001 333 58013==
41757 12940 00000 10230 20079 30176 40189 60001 333 58010==
41759 12940 03601 10275 21022 30187 40193 60001 333 58021==
41764 11920 00307 10240 20094 30141 40191 60001 70400 333 58032==
41768 12940 00502 10265 20129 30170 40177 60001 333 58024==
41780 11940 03603 10270 20075 30162 40189 60001 70500 333 58033==
41785 12940 03102 10240 20117 30158 40171 60001 333 58008==
41859 01940 00000 10225 20170 30106 40144 70540 333 58009 70000==
41883 02950 00000 10242 20160 30124 40145 333 58002 70000==
41891 11420 80902 10228 20190 30114 40153 60002 71062 8532/ 333 58001 81710 84615 88460 81930==
41907 01940 02702 10285 20110 30122 40137 70500 333 59005 70000==
41923 01440 50000 10266 20190 30136 40146 70522 83430 333 58002 70000 82615 83360==
41936 01909 02603 10270 20210 30128 40135 74440 333 59002 70000==
41943 01430 72305 10285 20200 30138 40145 71022 83530 333 59003 70000 83616 85362==
41950 01440 51803 10274 20210 30136 40138 70521 83530 333 59007 70000 83617 83362==
41978 01456 22308 10276 20180 30143 40149 70510 82500 333 58001 70000 82618==
41992 01930 00301 10287 20200 30145 40147 70500 333 58000 70000==
42027 32596 62301 10079 20021 38448 48535 85401 333 58021=
42071 31996 02909 10184 20084 40178 70500 333 58016=
42101 32996 02703 10222 20097 40169 333 58006=
42111 32996 02702 10220 20072 39426 40116 333 59005=
42123 32996 03201 10218 20096 40176 333 58021=
42131 32996 02702 10234 20057 40163 333 58013=
42165 32996 20501 10234 20084 40177 80001 333 58042 82070=
42182 32996 02706 10240 20083 40155 333 58011=
42189 31995 03601 10228 20118 40138 70500 333 59001=
42309 21595 80206 10180 20173 40152 71065 8562/ 333 59008 6990/=
42314 21495 70213 10180 20142 40154 79562 84930 333 57930 58015 84618 81925 87360=
42328 31995 00502 10254 20127 40159 70500 333 58027=
42339 31995 03601 10250 20110 40180 70500 333 58029=
42348 31996 03208 10240 20030 40167 70500 333 58018=
42361 31995 03203 10246 20125 40156 70500 333 58007=
42369 31995 02704 10269 20125 40139 70500 333 59001=
42379 31995 00000 10242 20136 40127 70500 333 59001=
42410 31595 23604 10218 20158 40149 70500 82500 333 58009 82620=
42415 32596 31403 10210 20141 40151 81530 333 59001 81620 83360=
42452 31996 03605 10250 20093 40158 70500 333 58020=
42492 31996 02706 10258 20144 40135 70500 333 59002=
42559 32996 01802 10262 20106 40139 333 58005=
42571 31996 02301 10274 20136 40137 70500 333 59001=
42591 31996 02303 10280 20127 40149 70500 333 59002=
42623 31495 72301 10186 20132 39273 40146 70562 84620 333 58008 81710 84618 87459=
42634 31995 00000 10266 20147 40183 70500 333 58012=
42647 31995 00000 10280 20168 40173 70400 333 58012=
42667 32996 03204 10242 20121 39572 40157 333 58005=
42675 31996 03202 10270 20126 40146 70500 333 58008=
42701 32096 03202 10278 20064 39405 40116 333 59001=
42724 31495 62302 10276 20203 40142 71022 83430 333 58000 83618 84360=
42737 32996 03404 10276 20178 40179 333 58010=
42754 32996 03403 10244 20124 39525 40156 333 58013=
42779 32996 03202 10300 20105 39446 40125 333 59002=
42798 31996 01403 10296 20092 40130 70500 333 59003=
42809 31995 00202 10278 20205 40138 70500 333 59002=
42840 31996 00202 10282 20163 40176 70400 333 58008=
42867 31996 01404 10320 20105 40135 70500 333 59004=
42874 31996 03202 10314 20220 40136 70500 333 59002=
42886 31996 02503 10312 20132 40133 70500 333 59007=
42895 32996 23602 10300 20200 40132 82030 333 59007 82360=
42909 32996 00203 10280 20176 40176 222// 20000 333 58007=
42971 31996 02302 10316 20219 40137 70500 333 59012=
43003 31995 00000 10306 20118 40156 70400 333 58004=
43014 31996 03202 10304 20129 39508 40140 70542 333 58010=
43041 31996 01802 10312 20176 39530 40130 70500 333 59003=
43063 32997 01101 10310 20091 39532 40142 333 58001=
43086 32997 00000 10300 20196 39967 40142 333 58000=
43110 31995 00903 10327 20165 40149 70544 333 59003=
43117 32997 00502 10320 20236 40140 333 58002=
43128 32997 00000 10320 20159 39550 40141 333 58007=
43150 31995 02006 10298 20240 30085 40146 70500 333 59008=
43185 31996 01605 10312 20227 30141 40144 70500 333 59005=
43189 32997 00000 10320 20180 30141 40150 333 59008=
43192 32996 00000 10320 20199 40142 333 59004=
43198 32996 20508 10310 20086 39324 40127 80001 333 59001 82075=
43201 32997 02002 10312 20094 39407 40114 333 59002=
43213 32997 09901 10338 20092 39817 40126 333 59002=
43233 32997 10908 10310 20106 39341 40138 80001 333 58003=
43237 32997 00702 10324 20096 39730 40112 333 58000=
43245 32597 21603 10294 20216 30127 40154 81501 333 59001=
43279 31596 63401 10300 20207 30138 40156 70520 85801 333 56800 58005 82620 83825 83075=
43284 31996 00906 10312 20150 30020 40133 70241 333 59010=
43295 32997 00902 10290 20068 39138 48559 333 58004=
43314 32997 02303 10322 20212 40137 333 59007=
43321 31996 30905 10286 20156 39701 40143 70521 80001 333 59001 83070=
43329 32597 50502 10304 20225 30137 40151 83531 333 58002=
43333 31496 50502 10298 20218 40132 70522 82401 333 58001 81618 84070=
43344 31496 50205 10306 20217 30051 40149 70522 83401 333 58004 82616 83820=
43353 31496 42704 10312 20204 40134 70521 81530 333 56790 59005 81620 83359=
43369 32597 23203 10304 20241 40140 82500 333 58000 82620=
43371 31596 22301 10320 20220 30065 40136 70500 82500 333 58008 82620=
43404 22/70 60703 10317 20258 30134 40137 5/002 333 553// 20495 59001 60008 84818 91007==
43410 22470 20705 10295 20235 30143 40146 50006 82200 333 59003 60008 555 60008==
43413 22470 50303 10305 20253 30139 40144 5/001 83206 333 553// 20569 59002 60008 91005==
43415 22470 20402 10306 20234 30032 40140 53003 82000 333 59005 60008 70000 555 60008==
43418 22470 40502 10298 20250 30103 40144 52006 84000 333 59002 60008 555 60008==
43421 22470 30702 10312 20222 30034 40138 52001 83000 333 553// 20511 59004 60008 91004==
43422 22470 40904 10300 20237 30006 40138 5/004 84000 333 59002 60008 555 60008==
43424 22470 60702 10310 20241 30132 40134 50000 86100 333 59002 60008 70000 555 60008==
43436 22470 30502 10292 20253 30137 40140 54004 83000 333 58001 60008 555 60008==
43441 22/70 30502 10320 20211 39990 40120 57004 333 59007 60008 70000 81/18 83/80 555 60008==
43444 22470 11403 10294 20200 39598 40128 54002 81000 333 59004 60008 555 60008==
43450 22460 50502 10324 20223 30119 40131 56003 83000 333 59005 60008 70000 555 60008==
43466 22470 42302 10303 20216 30122 40130 5/002 84100 333 553// 20267 58000 60008 91003 555 60008==
43467 22462 22503 10318 20241 30124 40130 57003 82200 333 59001 60008 70000 555 60008==
43473 22470 61403 10206 20148 38152 48513 51003 81000 333 553// 20543 58003 60008 70000 91005 555 60008==
43475 22470 60303 10309 20236 30131 40136 57001 82106 333 553// 20548 59003 60008 91006 555 60008==
43476 21460 60503 10236 20149 38806 48553 51001 70521 81000 333 58003 60008 70002 555 60008==
43479 22470 30203 10266 20188 39285 57009 82100 333 59014 60008 555 60008==
43486 21465 52601 10333 20224 30024 40122 55008 70511 82000 333 553// 20571 59006 60008 91003 555 60008==
43495 22470 31401 10319 20242 30108 40121 57008 81000 333 59007 60008 555 60008==
43497 22470 50602 10341 20000 30105 40122 5/006 81000 333 553// 20613 59005 60008 91004==
44212 42984 20102 11183 21234 39137 40364 57006 80004==
44213 42984 40000 11142 21224 38777 40324 57010 80004==
44214 42/70 22704 11046 21200 38249 40257 57018 82040==
44215 42970 62605 11027 21187 38366 40225 57015 80008==
44217 32998 11602 11135 21208 37842 40397 57018 80001 333 91204=
44218 42/84 43402 11106 21185 38578 40298 57020 82044==
44219 32999 21205 11125 21210 38614 40336 57018 80004 333 91206=
44265 42984 01601 11146 21206 38911 40422 57018==
44266 32999 11602 11055 21207 37746 40277 58015 80001 333 91203=
44404 42358 10903 10172 20019 38135 48467 81100 333 59001=
44416 42560 12805 10220 20104 39362 40136 81100 333 58002=
44424 42960 02602 10122 21038 37655 47062 80000 333 59007=
44434 41440 11203 10203 20142 39222 48508 70544 81100 333 59001=
44438 41930 01406 10226 20158 30002 40130 70544 80000 333 59005=
44449 41924 01408 10226 20173 39973 40131 70544 80000 333 58003=
44454 41457 22204 10196 20060 38654 48490 70044 82100 333 58000=
44462 42457 22705 10173 20069 38252 48468 82100 333 58017=
44474 41015 30907 10145 20065 38242 48481 70544 83500 333 59001=
44477 41430 22001 10202 20108 38812 48517 70544 82200 333 58004=
44478 41916 01508 10224 20185 30046 40128 71044 80000 333 58002=
48020 42960 03601 10250 20150==
48025 41430 20401 10263 20119 39993 40132 59008 70521 82500==
48048 42957 03203 10302 20149 30078 40134 333 58013==
48052 32957 00000 10310 20169 333=
48062 42558 21303 10280 20233 30142 40147 82500 333 58000==
48064 42958 01401 10301 20166 30038 40049 333 59003==
48094 42959 03202 10315 20155 30117 40127 333 59010==
48109 42460 20401 10294 20230 30140 40144 82500 333 59008==
51076 14/79 /1501 11082 21173 39425 40380 57018 60001 333 11075 21219 3/103 4/025 59084 70000 90761 91103==
51087 14/68 /0000 11103 21183 39274 40389 57016 60001 333 11103 21230 3/106 4/019 59083 70000 90761 91103==
51156 14/76 /1502 11047 21157 38724 40338 57016 60001 333 11047 21166 3/119 59063 70000 90761 91104==
51243 14/60 /1501 11086 21162 39779 40374 57016 60001 333 11086 21178 3/116 59072 70000 90761 91103==
51334 14/22 /2101 11119 21164 39934 40379 57023 60001 70500 333 11104 21227 3/113 4/012 59075 70000 90761 91103==
51379 14/22 /0201 11109 21180 39340 40372 57021 60001 70500 333 11043 21237 3/107 4/022 59078 70000 90761 91103==
51463 14/12 /3201 11122 21165 39077 40350 57014 60001 70500 333 11048 21170 3/101 4/036 59070 70000 90761 91103==
51573 14/71 /1402 10017 21195 30299 40351 57024 60001 333 10058 21062 3/112 59042 70000 90761 91104==
51644 14/56 /2402 11005 21137 39035 40347 57014 60001 70500 333 10029 21105 3/108 59033 70000 90761 91105==
51656 14/56 /2605 10003 21152 39242 40353 57015 60001 70700 333 10015 21122 3/115 59042 70000 90761 91107==
51709 14/57 /2101 11008 21147 38701 40330 57009 60001 333 10051 21057 3/107 59008 70000 90761 91105==
51711 14/59 /0902 11042 21158 38048 40292 57015 60001 333 11020 21111 3/115 59035 70000 90761 91105==
51716 14028 00102 10021 21180 38995 40335 57012 60001 70600 333 10055 21060 3/110 59016 70000 90761 91104==
51765 14/76 /0702 10026 21222 39302 40347 57017 60001 333 10028 21139 3/119 59037 70000 90761 91103==
51811 14/50 /3102 10006 21154 38865 40324 57012 60001 70600 333 10058 21034 3/107 59008 70000 90761 91104==
51818 14/25 /2902 10009 21179 38703 40320 57012 60001 70600 333 10055 21060 3/111 59007 70000 90761 91105==
51886 14/80 /1501 11058 21283 37122 40331 57016 60001 333 11006 21191 3/125 58016 70000 90761 91103==
52203 14/68 /0101 11007 21203 39422 40359 57019 60001 333 10002 21153 3/120 59048 70000 90761 91104==
52602 14/75 /2301 11057 21315 37286 40372 57017 60001 333 11028 21226 3/127 58029 70000 90761 91104==
52818 14/80 /0702 11020 21252 37249 40272 57020 60001 333 10005 21132 3/120 58015 70000 90761 91105==
52908 14/80 /2502 11117 21262 35717 40269 57014 60001 333 11070 21242 3/127 59004 70000 90761 91104==
55228 14/80 /2904 11061 21286 35991 40187 57005 60001 333 11026 21161 3/121 59026 70000 90761 91108==
55299 14/80 /2704 11034 21264 35792 40097 57014 60001 333 11034 21148 3/118 59027 70005 90761 91108==
55578 14/80 /2604 10081 21317 36305 49950 57024 60001 333 10087 21083 3/114 59041 70000 90761 91111==
55591 14/80 /0601 10066 21174 36451 49974 57030 60001 333 10079 21021 3/107 59033 70000 90761 91107==
55664 14/80 /2608 10042 21303 35953 40013 57021 60001 333 10054 21133 3/117 59031 70000 90761 91113==
55773 14/71 /1008 11033 21089 35978 40129 57004 60001 72200 333 10028 21090 3/112 59002 70000 90761 91110==
56004 14/67 /2402 11103 21170 35775 40199 57012 60001 333 11051 21168 3/119 59010 90761 91104==
56018 14/80 /1902 11022 21211 36118 40084 57026 60001 333 11010 21126 3/115 59024 70000 90761 91104==
56312 14/80 /1404 10070 21053 37036 40062 57025 69911 333 10078 20006 3/001 59016 70004 90761 91111==
62306 12560 43307 10134 20054 40249 52011 60014 84500 333 20118 70010==
62309 12560 63209 10131 20060 40231 69924 86800 333 20124 70002==
62332 42560 32412 10121 20072 40217 52014 83500 333 20115==
62337 12560 42206 10119 20096 40209 52014 60034 84800 333 20096 70030==
62366 44556 33003 10112 20063 40227 52015 70500 83200 333 20102==
62387 42960 02601 10067 20042 40233 52016 333 20048==
62393 42960 03606 10072 20045 40244 52014 333 20043==
62405 42960 01902 10112 20012 40201 52020 333 20080==
62414 42960 33508 10112 20010 40191 52018 80002 333 20098==
62419 42960 03612 10123 20023 40192 52019 333 20114==
62420 42960 00302 10081 20037 40244 52013 333 20059==
62435 42960 03411 10112 20044 40216 52014 333 20103==
62440 41930 02705 10094 20076 40224 52014 71000 333 20084==
62455 42960 00205 10112 20070 40223 333 20092==
62458 42960 03303 10126 20035 40216 52021 333 20106==
62459 42960 03211 10148 20036 40188 52021 333 20113==
63210 32580 10409 10261 20220 40154 81200 333 20206 58008 81837=
63227 32580 60617 10236 20140 40210 86400 333 20190 58028 86625=
63330 13880 31106 10172 20103 37799 40269 69904 83030 333 20130 58005 83358 63331 31970 0//// 10=
63403 11560 70000 10170 20147 60084 7052/ 86970 333 20150 86623 81924 87358=
63450 32580 10805 10177 20078 37760 40280 81500 333 20105 58009=
63471 31360 23304 10196 20157 38877 40152 70500 82600 333 20155 58015 82708 63474 32580 21604 10=

==================
42747 Not Received
42686 Not Received
42398 Not Received
==================
