SMPK OPKC 111200=
41504 22697 50000 10045 21098 37826 48478 60002 83530 333 10090 56990 59004 60007 83640 82360 33%=
41505 22696 80000 10050 21024 38/// 48/// 60002 86670 333 10060 56990 58/// 82730 84640 88760 59%=
41506 12997 01804 10090 20027 38498 48495 69932 333 10106 58018 60007 65%=
41507 02697 51802 10170 20087 39252 49766 60012 83520 333 10195 56990 59012 60007 83640 82460 58%=
41508 02696 73104 10100 20022 38661 48530 60082 83520 333 10135 56990 59013 60007 83635 84460 58%=
41509 02697 41802 10110 20059 38745 48486 60072 84500 333 10120 56900 59015 60007 84640 71%=
41510 01696 80000 10015 20003 37900 48518 60072 77072 8452/ 333 10043 56990 59002 60017 84635 84460 92%=
41515 12697 62704 10067 20005 38549 48512 60052 83520 333 10087 56990 59020 60007 83650 83460 65%=
41516 02596 80504 10100 21063 38516 48475 60002 84610 333 10140 56990 59027 60007 81730 83640 87460 31%=
41517 02697 30000 10065 21025 37765 48482 60002 83530 333 10080 56900 59022 60007 83640 54%=
41518 02596 81806 10117 21026 38/// 48/// 60002 8572/ 333 10128 5699/ 5//// 60007 82720 83640 88461 36%=
41519 02596 70000 10130 21009 38735 48477 60002 84720 333 10140 56990 59012 60007 81730 83640 85462 38%=
41520 02596 51804 10030 21051 37609 48251 60002 83670 333 10060 56990 59013 60007 81720 82640 83762 55%=
41523 02696 80000 10130 20035 39087 48505 60002 8452/ 333 10150 5699/ 59007 60007 84640 84460 52%=
41524 02697 80000 10115 20086 39368 40246 60032 8552/ 333 10138 5699/ 59004 60017 85635 83460 83%=
41525 12697 60000 10010 21015 37659 48392 60042 82520 333 10040 56990 58006 60007 82640 84460 83%=
41528 01697 80000 10110 20091 39232 48514 60022 76066 8552/ 333 10142 5699/ 58022 60027 85640 88460 88%=
41529 02696 23602 10200 20086 39769 40147 69902 81230 333 10230 56990 58007 60007 81835 48%=
41530 01696 52304 10180 20029 39731 40144 69902 70522 83430 333 10205 56990 58003 60007 83840 36%=
41534 02697 20000 10200 20061 39739 40150 60002 82500 333 10210 56900 58012 60007 82640 40%=
41535 01697 72302 10090 20035 38711 48479 60012 72996 84520 333 10155 56990 58009 60017 84635 85460 69%=
41536 01596 80000 10105 20053 39058 48523 60062 76066 8352/ 333 10135 5699/ 58002 60027 83630 88460 70%=
41560 02997 02304 10100 21067 38327 48554 60002 333 10130 58010 60007 30%=
41562 02997 00904 10220 21002 39674 40130 60002 333 10240 58009 60007 23%=
41565 02696 33102 10094 21032 38658 48524 60002 80020 333 10135 56090 58000 60007 83460 41%=
41567 01696 20000 10205 20068 39711 40124 60002 70501 82500 333 10212 56900 58020 60007 82640 41%=
41571 11696 40516 10190 20010 39560 40138 69902 70511 83830 333 10211 56990 58007 30%=
41572 01996 23112 10180 20039 39507 40128 60002 70500 82500 333 10205 56900 58014 60007 82640 39%=
41573 01697 53602 10045 20015 37964 48498 60032 70171 82520 333 10094 56990 59004 69907 82640 83460 65% =
41574 01697 41302 10110 20028 38340 48518 69902 70150 84400 333 10120 56900 59004 69907 84640 57%=
41576 01697 53608 10190 20085 40158 60022 70295 83570 333 10255 56990 58006 60027 83640 83460 50%=
41577 01696 51302 10190 20054 39530 40140 69942 70552 82470 333 10215 56990 58012 60007 82840 83460 41%=
41593 01996 00000 10240 20094 39916 40126 69902 70500 333 10252 58011 60007 39%=
41597 02997 62702 10240 20094 39856 40142 69902 86030 333 10255 56090 58009 60007 86362 39%=
41598 01696 73108 10210 20075 39858 40127 60002 70520 83570 333 10265 56990 58008 60007 83640 86460 42%=
41599 01696 52708 10235 20059 39847 40132 69902 70522 82470 333 10243 56990 58008 60007 82640 83460 32%=
41600 01696 53102 10225 20077 39833 40124 60002 70522 82570 333 10242 56990 59003 60007 82645 83462 37%=
41620 32996 01304 10170 21102 38586 48491 60002 333 10175 58002 60007 15%=
41624 02997 00000 10240 20094 39937 40135 60002 333 10260 58023 60007 39%=
41625 01996 01302 10240 20068 39920 40117 60002 70500 333 10270 58017 60007 33%=
41630 01996 23606 10235 20086 40135 69902 70500 82030 333 10252 56090 58008 60007 82360 39%=
41633 02997 00000 10240 20068 4//// 60002 333 10260 5//// 60007 33%=
41634 01696 30502 10200 20056 3//// 4//// 69902 70500 83500 333 10220 56900 5//// 60007 83640 39%,=
41635 01997 00000 10245 20047 3//// 4//// 60002 333 10270 5//// 60007 28%=
41636 01996 00502 10230 20126 39951 40134 60002 70400 333 10265 58005 60007 52%=
41638 01996 00502 10240 20094 4//// 60002 70500 333 10254 5//// 60007 39%=
41639 02997 31302 10225 20084 3//// 4//// 60002 83030 333 10245 56090 5//// 60007 83360 41%=
41640 01996 53102 10235 20073 39881 40127 60002 70522 82530 333 10255 56990 59002 60007 82640 83460 35%=
41641 01696 63608 10235 20086 39858 40127 60002 70521 83470 333 10250 56990 59001 60007 83640 84460 39%=
41642 02997 33104 10220 20077 3//// 4//// 60002 80001 333 10265 56009 5//// 60007 83070 40%=
41643 01696 60000 10225 20130 39853 40125 60002 70422 83470 333 10246 56990 59002 60007 83640 83460 55%=
41644 01996 20000 10230 20104 4//// 60002 70400 82020 333 10245 56090 5//// 60007 82460 45%=
41646 01995 30000 10230 20126 39934 40147 60002 70400 83070 333 10240 56090 58005 60007 83460 52%=
41652 01996 01304 10240 20117 39955 40131 60002 70500 333 10251 58013 60007 46%=
41660 02997 13118 10120 21093 38444 48534 60002 81030 333 10135 56090 58031 60007 81360 21%=
41661 02997 03604 10130 21095 38398 48525 60002 333 10155 58046 60007 20%=
41669 02997 01302 10245 20113 3//// 4//// 60002 333 10275 5//// 60007 43%=
41670 01996 00000 10245 20135 3//// 4//// 60002 70400 333 10255 5//// 60007 50%=
41674 01995 10000 10240 20094 3//// 4//// 60002 70500 81030 333 10255 56090 5//// 60007 81362 39%=
41675 01996 20906 10250 20084 39983 40124 60002 70500 80001 333 10262 56009 58010 60007 81070 35%=
41676 01996 00000 10245 20111 39996 40150 60002 70500 333 10253 58011 60007 43%=
41677 01996 00000 10240 20139 39952 40116 60002 70400 333 10255 58006 60007 53%=
41678 01996 00504 10250 20108 40125 60002 70500 333 10260 58010 60007 41%=
41679 01696 73102 10240 20094 4//// 60002 70522 83570 333 10250 56990 5//// 60007 83640 84460 39%=
41680 01995 20000 10230 20126 39932 40129 60002 70400 82030 333 10245 56090 58011 60007 82362 52%=
41685 02997 32302 10210 21101 38902 48495 60002 83020 333 10215 56090 58012 60007 83460 11%=
41696 02997 43104 10140 21030 38006 48517 60002 80001 333 10160 56009 58011 60007 84080 31%=
41697 02997 03112 10290 21057 39964 40116 60002 333 10300 58013 60007 10%=
41700 01996 00504 10245 20124 39991 40117 60002 70500 333 10267 58014 60007 47%=
41701 01995 20504 10250 20131 39984 40125 60002 70500 82030 333 10260 56090 58009 60007 82360 47%=
41710 12997 30000 10205 21058 39392 40154 60002 80001 333 10215 56009 58052 83070 16%=
41712 12997 01308 10190 20026 39188 48511 60002 333 10200 58034 34%=
41715 01996 00502 10260 20086 30064 40127 60002 70500 333 10275 58021 60007 33%=
41716 01995 00000 10260 20111 30028 40129 60002 70500 333 10270 58017 60007 39%=
41718 01995 00000 10270 20146 30010 40111 60002 70500 333 10282 58018 60007 47%=
41724 01996 50000 10270 20136 30062 40138 60002 70500 80001 333 10295 56009 58020 60007 85070 44%=
41725 02996 30502 10270 20089 30053 40130 60002 80001 333 10280 56009 58019 60007 83070 32%=
41726 01996 00000 10265 20106 30074 40145 60002 70500 333 10290 58006 60007 37%=
41738 02996 00508 10305 21037 39958 40132 60002 333 10305 58012 60007 11%=
41739 02996 33606 10200 21025 39046 48510 60002 80001 333 10205 56009 58015 60007 83070 22%=
41742 12997 22302 10320 20258 30017 40117 60002 80001 333 10325 56009 58011 82070 70%=
41743 21996 40000 10270 20149 60002 70500 80001 333 10280 56009 60007 84170 45%=
41744 12996 33106 10215 21013 38787 48517 60002 83020 333 10245 56090 58024 83460 22%=
41745 01996 03604 10270 20114 60002 70400 333 10285 60007 38%=
41747 01996 03102 10275 20097 30062 40121 60002 70500 333 10290 58016 60007 33%=
41748 02996 30506 10270 20089 40130 60002 83030 333 10280 56090 58016 60007 83360 32%=
41749 01995 03108 10295 20115 30085 40118 60002 70400 333 10300 58009 60007 33%=
41756 02996 02708 10260 20154 30084 40149 60002 333 10270 58017 60007 52%=
41757 12996 02310 10270 20136 30145 40157 60002 333 10280 58012 44%=
41759 01996 02306 10290 20142 30124 40130 60002 70500 333 10295 58008 60007 40%=
41760 01996 22312 10250 20188 30119 40132 60002 70500 80001 333 10265 56009 58000 60007 82080 68%=
41764 02996 03610 10290 20067 30069 40118 60002 333 10295 58011 60007 24%=
41765 02996 13104 10290 20119 30099 40134 60002 333 10300 58030 60007 35%=
41766 01996 03102 10280 20139 30107 40136 60002 70500 333 10295 58016 60007 42%=
41767 02996 00000 10295 20149 3//// 4//// 60002 333 10300 60007 41%=
41768 02996 00000 10310 20159 30117 40124 60002 333 10315 58012 60007 40%=
41780 01996 02310 10285 20166 30097 40124 60002 70500 333 10307 58002 60007 48%=
41783 22996 02302 10305 20172 30090 40119 333 10320 58005 60007 45%=
41785 02996 03102 10290 20108 30115 40128 60002 333 10300 58003 60007 32%=
41786 02996 03106 10305 20093 30073 40109 60002 333 10325 58012 60007 27%=
41BAG 02696 82302 10035 21081 60002 8552/ 333 10050 56999 60007 85635 88460 42%=
41BKI 02996 22304 10210 20100 39725 40138 69902 82030 333 10230 56090 58006 60007 82360 49%=
41SKP 01996 00000 10215 20166 3//// 4//// 60002 70400 333 10233 5//// 60007 74%=
43532 01696 80000 10110 20070 39349 40167 60022 76062 8552/ 333 10160 5699/ 58019 60027 85640 88460 76%=
43533 01697 70000 10135 20066 39224 48493 69982 72162 83520 333 10160 56990 58011 69907 83640 86460 63%=
43563 02697 80516 10172 20038 39452 40142 60002 83520 333 10250 56990 58013 60007 83640 85462 41%=

UPPK OPKC 111200=
PPAA 61111 41516 55285 18001 11504 77999=
PPAA 61111 41718 55285 04505 35006 77999=
PPAA 6112/ 41515 MISDA DUE CLOUDY WEATHER=
PPAA 6112/ 41517 MISDA DUE TO LOCAL AIR MOVEMENT=
PPAA 6112/ 41598 MISDA DUE TO STRONG WIND=
PPAA 6112/ 41646 MISDA DUE TO TECHNICAL FAULT=
PPAA 6112/ 41715 NO ASCENT DUE TO BALLOONS OUT OF STOCK=
PPAA 6112/ 41739 no acent due to security risk=
PPAA 6112/ 41749 MISDA DUE TO TECHNICAL FAULT=
PPAA 6112/ 41764 NO ASCENT DUE TO PAF FLYING=
PPAA 61121 41600 55185 26010 77999=
PPAA 61121 41624 55285 12507 08004 77999=
PPAA 61121 41640 55185 31008 77999=
PPAA 61121 41678 55285 06009 06011 77999=
PPAA 61111 41780 MISDA No Ascent due to PAF Flights=
PPBB 61111 41516 90/7/ 04504 09001=
PPBB 61111 41718 90/12 00000 04003 04503 9037/ 04504 03005 9125/ 34508 30010=
PPBB 61121 41600 90/12 31002 27503 27006 9037/ 26505 30009=
PPBB 61121 41624 90/12 13502 15504 14505 9037/ 14505 12008 9125/ 16506 23508=
PPBB 61121 41640 90/12 31002 28004 28504 9037/ 29005 32509=
PPBB 61121 41678 90/12 05004 03506 06507 9037/ 06506 09009 912// 05014=


Data Generated from File : D:/all data handling/Rmc_lhr/2025021112.FSU.txt
11/02/2025   13:07:55
____________________________________________________________________________________________
15020 04561 71302 11042 21082 30171 40383 58002 60001 84570 333 55305 20956 60007 91003 90760 91104==
15090 07460 70202 11030 21073 30282 40381 58005 60001 7101/ 87600 333 55300 00350 20609 30595 60007 91004 90760 91104==
15108 02984 01203 11085 21178 38137 48559 50001 60001 333 49081 55309 21771 60007 91005 90760 91105==
15150 01440 53603 11036 21079 30149 40377 58005 60001 71022 85600 333 55310 21870 60007 91005 90760 91106==
15170 04970 00801 10032 21141 39510 42886 58014 60001 333 55310 21878 60007 91003 90760 91103==
15280 02984 01801 11114 21238 37509 47041 54001 60001 333 49080 55310 22343 60007 91002 90760 91103==
15310 07460 63603 11008 21069 30263 40354 58007 60001 7101/ 83631 333 55308 00590 21267 31104 60007 91007 90760 91108==
15335 04/61 60504 10003 21058 30340 40348 57006 60001 86070 333 55306 21389 60007 91006 90760 91108==
15350 04565 50406 11001 21077 30230 40357 57007 60001 85500 333 55301 20837 60007 91009 90760 91111==
15360 01457 83610 11011 21029 30318 40336 50002 69901 7717/ 8672/ 333 69907 91012 90760 91113==
15420 04962 00402 10017 21072 30231 40348 58012 60001 333 55310 21896 60007 91006 90760 91106==
15460 04464 40203 10021 21065 30317 40342 58010 60001 84600 333 55308 21591 60007 91007 90760 91107==
15470 04562 10603 10002 21071 30217 40350 58011 60001 81200 333 55310 21958 60007 91004 90760 91105==
15480 02462 81601 10010 21049 30310 40329 58004 60001 886// 333 55300 00350 20652 30540 60007 91005 90760 91105==
15549 12566 60204 11013 21068 39892 40329 58009 60001 86200 333 11009 21086 555 563//=
15552 11565 33404 10031 21055 30260 40311 58007 69901 70171 83500 222// 00057 10301 333 10032 21037 555 40000 54900 63299 71200 92035 92437=
15640 12674 13210 10037 21085 39991 40314 58009 60001 81500 333 10039 21059 555 540//=
15655 12568 53203 10033 21059 30281 40315 58010 60001 82531 222// 00064 10301 333 10035 21044 555 551// 92032 92437=
15730 12970 03606 10039 21097 39894 40303 57010 60001 333 10040 21070 555 536//=
16627 12960 00513 10074 21072 30290 40296 58016 60001 333 90730 91117==
16650 12560 10514 10062 21066 30285 40294 58010 60001 81100 333 90730 91123==
16667 12560 23610 10080 21014 30263 40275 58012 60001 82100 333 90730 91118==
16706 12660 20317 10082 21005 30251 40257 57008 60001 82100==
16723 12960 03512 10096 21004 30231 40245 56011 60001 333 90730 91120==
16742 12460 13516 10098 21008 30065 40223 57010 60001 81100 333 90730 91130==
16749 12960 02911 10130 21013 30191 40206 57009 60001 333 90730 91118==
16754 11460 63412 10102 20076 30201 40250 55009 69981 76062 86800 333 81818 86625 90730 91128==
16757 12560 53420 10106 20064 30095 40231 57009 60001 85800 333 82820 85630 90730 91133==
16760 11460 73404 10068 20039 40252 58009 60021 75065 87800 333 82818 86625 90730 91122==
16765 12460 33221 10126 20020 40217 57008 60001 83240 333 90730 91133==
17022 12570 53103 10042 21001 30110 40282 57008 60001 85200 333 85833 90760 91109==
17024 11557 71801 10049 20030 30195 40276 57009 69941 76066 85520 333 85633 87459 90760 91117==
17026 11560 82803 10042 20025 30243 40283 57009 60011 76022 8652/ 333 86628 88458 90760 91107==
17031 11458 72607 10044 20031 30264 40271 57012 69961 78082 87200 333 85710 87825 90760 91113==
17034 12670 70303 10079 20033 30224 40271 57013 60001 83250 333 83835 87360 90760 91107==
17038 12670 33502 10087 20029 30214 40263 57012 60001 83100 333 83835 90760 91110==
17042 12670 22802 10090 20016 30232 40273 57011 60001 82100 333 82835 90760 91111==
17050 12970 03503 10054 21069 30244 40309 57016 60001 333 90760 91112==
17056 12670 43406 10055 21025 30295 40300 58006 60001 84200 333 84835 90760 91112==
17060 11357 63611 10024 20012 30252 40294 58008 60061 78088 86200 333 84707 86825 90760 91118==
17070 11665 32003 10016 21067 39358 40260 57014 69901 70272 83500 333 83634 90760 91107==
17074 11570 83502 10016 20010 39293 40258 57015 69921 77077 8552/ 333 85628 88458 90760 91107==
17084 11670 73102 10010 20004 39320 40258 57010 69901 72272 84570 333 84635 87360 90760 91111==
17085 11670 70105 10039 21009 39746 40252 57012 69911 70272 84570 333 84640 87360 90760 91115==
17092 12/60 41405 11022 21096 38901 48514 57019 60001 84030 333 84362 90760 91106==
17096 12660 10610 11075 21108 38258 48537 57010 60001 81500 333 81640 90760 91114==
17098 12960 02905 11031 21104 38213 48534 57011 60001 333 90760 91111==
17100 12970 00000 10037 21094 39248 40286 57018 60001 333 90760 91105==
17112 12670 30404 10057 21047 30285 40288 57015 60001 83200 333 83835 90760 91113==
17115 11560 70313 10033 20004 30241 40294 58005 60011 72682 87200 333 84720 86830 90760 91123==
17116 12670 63507 10057 21005 30152 40278 57012 60001 83250 333 83835 86360 90760 91111==
17124 12660 43007 10033 21088 39311 40264 57014 60001 84500 333 84640 90760 91112==
17128 12670 61007 10023 21078 39112 40246 57011 60001 83250 333 83835 86358 90760 91115==
17135 12670 60703 10035 21014 39337 40239 57014 60001 84250 333 84840 86360 90760 91110==
17140 11658 80502 11010 21043 38718 48499 57007 69911 77172 8552/ 333 85637 88458 90760 91107==
17150 12660 40217 10053 21002 30147 40275 57008 60001 84200 333 84835 90760 91125==
17160 11657 83403 10000 21044 39046 48505 56006 69901 77072 8452/ 333 84634 88458 90760 91111==
17170 12660 63108 10017 21084 38351 48525 57014 60001 82508 333 82640 85268 90760 91115==
17175 12665 30606 10081 21044 30262 40266 57013 60001 83100 333 83840 90760 91115==
17184 12670 23606 10082 21057 30134 40249 57018 60001 82500 333 82635 90760 91115==
17190 12670 50901 10009 21086 39017 48503 57014 60001 85500 333 85635 90760 91107==
17195 11421 80000 11006 21021 38991 48500 57009 69961 77177 8652/ 333 84710 86625 88457 90760 91104==
17200 12460 71104 10053 21012 39223 40232 57015 60001 84570 333 82715 84635 87359 90760 91111==
17202 12670 71005 10062 21035 39168 40236 57015 60001 84550 333 84635 87360 90760 91114==
17203 12670 30802 10052 21080 38908 48553 57019 60001 82250 333 82840 83360 90760 91108==
17210 12670 72803 10077 21049 39176 40228 57016 60001 83520 333 83635 87459 90760 91108==
17219 12565 13618 10087 21065 30100 40249 57013 60001 81100 333 81830 90760 91126==
17234 12970 02202 10114 21044 30163 40233 57021 60001 333 90760 91105==
17237 12970 00000 10083 21067 39719 40237 57020 60001 333 90760 91106==
17240 12570 13004 10060 21077 39041 40213 57013 60001 81100 333 81830 90760 91113==
17244 11570 60108 10015 21071 39020 48505 57013 69901 70372 86500 333 86630 90760 91120==
17248 12670 82802 10011 21038 38997 48496 57011 60001 8452/ 333 84640 88460 90760 91105==
17250 12670 72101 10000 21038 38815 48500 57008 60001 84550 333 84640 87360 90760 91106==
17260 11245 80612 10034 20025 39353 40190 57012 60011 72162 8652/ 333 85705 86620 88457 90760 91117==
17270 11657 70903 10039 20024 39571 40235 57014 60021 76062 85520 333 85635 87459 90760 91113==
17275 11563 70701 10008 20002 39018 48525 57016 60021 72274 85520 333 85630 87458 90760 91114==
17280 11660 70808 10038 20011 39434 40250 57011 69901 76042 83510 333 83635 87459 90760 91116==
17290 12970 03507 10124 21066 30192 40224 57010 60001 333 90760 91114==
17292 12570 12803 10086 21069 39432 40201 57014 60001 81100 333 81830 90760 91110==
17300 12960 00304 10133 21078 30130 40202 57017 60001 333 90760 91121==
17310 12970 02602 10158 21014 30178 40185 57012 60001 333 90760 91108==
17330 12670 70000 10138 21004 30178 40196 57017 60001 84250 333 84840 87360 90760 91112==
17350 12660 73608 10140 20029 30104 40183 57018 60001 84250 333 84840 87360==
17370 12670 60000 10136 20025 30188 40192 57009 60001 84230 333 84835 86360==
17375 12670 32105 10136 20050 30186 40188 57016 60001 83200 333 83836 90760 91113==
33088 /1997 80903 11076 21091 30203 40409 52003 72272 8805/ 555 1/103 69901=
33135 32497 80801 11055 21102 30262 40420 58001 886// 333 88715 555 1/102=
33177 /1596 81003 11061 21078 30132 40386 58002 78582 889// 555 1/106 69901=
33317 31597 81104 11064 21084 30035 40396 54000 70242 885// 333 88620 555 1/103=
33393 /1357 70803 11058 21075 39953 40370 58003 71072 87600 333 87709 555 69931=
33415 31456 60905 11037 21077 39954 40375 58003 71022 86600 333 86712 555 1/000=
33429 31396 80903 11059 21077 39935 40386 58002 71022 886// 333 88707 555 1/100=
33466 /1562 80702 11063 21091 30199 40400 58006 70272 885// 555 14102 69901=
33506 32997 00404 11040 21090 30175 40383 58012 555 1/000=
33562 32560 80704 11059 21082 30079 40405 58001 885// 555 1/104=
33587 32597 60802 11048 21088 30108 40389 58009 86500 333 86627 555 1/000=
33658 32465 50904 11036 21074 30058 40375 57006 85500 333 85616 555 1/005=
33663 32597 80902 11039 21072 30282 40384 58005 8355/ 555 1/100=
33664 41596 80703 11062 21070 30045 40384 54000 71042 885//=
33678 42598 82803 11058 21086 30178 40404 57005 885//=
33679 42997 80102 11040 21070 30170 40372 58006 8802/=
33711 32960 00304 11018 21084 30148 40369 58013 555 1/000=
33745 41596 70702 11066 21082 30188 40393 57004 71011 83930 555 11000=
33748 41596 80602 11065 21073 30071 40376 58002 71011 883//=
33754 42598 80402 11045 21076 30222 40379 58007 885// 333 88631=
33761 32570 60206 11024 21067 30134 40369 58012 81109 555 1/005=
33791 32982 00405 11007 21081 30228 40362 57012 555 1/005=
33815 42598 60203 11036 21077 30147 40367 58003 85930 555 1/001=
33837 32976 50607 11004 21058 30289 40343 58011 80004 555 1/009=
33881 42598 50203 11018 21073 30154 40361 58010 85500=
33883 42598 60203 11005 21075 30182 40354 57009 82102 555 11003=
33885 42597 60306 11013 21088 30220 40365 57012 82230=
33892 42998 80304 11015 21085 30132 40354 57006 84031=
33902 32997 00406 10014 21080 30281 40343 58011 555 1/007=
33924 42570 80705 11007 21038 30310 40323 57003 885//==
33946 42472 50710 11004 21023 30081 40311 58006 82601 333 82710 91013 90760 91113==
33983 42460 50407 10009 21033 30241 40304 58008 81501 333 91010 90760 91111==
34300 32997 00603 11031 21104 30200 40387 58012 555 1/101=
34336 41970 03601 11047 21109 30266 40376 57014 70270==
34344 42970 00101 11040 21098 30274 40367 57014==
34356 42960 03404 11067 21113 30194 40351 57009==
34357 42970 03303 11066 21117 30188 40352 56011==
34398 42970 60502 11001 21070 30286 40299 57018 80005==
34415 32970 00201 11024 21092 30270 40372 58013 555 1/003=
34438 42960 03604 11057 21100 30160 40363 58010==
34445 42970 02704 11043 21084 30235 40355 57015==
34461 42960 03303 11029 21090 30282 40340 57012==
34473 42997 33504 11017 21063 30281 40321 57011 80001 555 1/100=
34476 42970 73304 11030 21061 30313 40321 57012 80004==
34504 32967 00604 11026 21097 30181 40364 57013=
34535 42970 43603 11059 21108 30285 40362 56013 80001==
34545 42970 63603 11055 21092 30233 40351 56011 80001==
34555 42/70 53404 11023 21069 30250 40345 56017 82034==
34560 42960 03604 11016 21067 30131 40329 57013==
34578 42/60 63503 11004 21079 30308 40316 56015 86040==
34579 42970 23303 11033 21084 30270 40315 57011 80001==
34644 42960 03403 11007 21073 30256 40336 56016==
34646 42970 60602 11019 21057 30251 40336 57015 80004==
34655 42/60 53403 11011 21073 30271 40334 56015 85030==
34662 42970 83404 11011 21072 30313 40325 57017 80001==
34691 42570 80502 11023 21065 30520 40507 57014 8655/==
34720 42970 50303 11029 21080 30299 40341 57015 80005==
34727 42960 20506 11035 21067 30305 40337 57014 80001 333 91010 90760 91111==
34743 42960 73603 10005 21082 30236 40329 57017 80005==
34759 42960 83503 10006 21078 30184 40319 57014 80002==
34772 42570 53504 11001 21092 30309 40312 57014 82501==
34785 42570 83504 11015 21075 30324 40300 56013 885//==
34798 42/60 63405 11020 21059 30435 40405 58017 86040==
34824 42960 00305 11008 21060 30317 40322 57013==
34838 42960 60503 10024 21082 30213 40312 57014 80009==
34845 42/70 80602 10007 21072 30207 40318 57014 80034==
34858 42960 80000 11011 21070 30206 40318 57015 80005==
34861 42/70 60305 11007 21097 30060 40312 57013 86030==
34866 42670 50104 11001 21088 30319 40310 57014 82901==
34880 41560 83303 11019 21061 30320 40293 57015 70272 8672/==
34887 42570 83602 11013 21080 30323 40300 57013 885//==
34949 42/// /0403 10000 21078 39742 40305 57010==
34954 42970 30302 10018 21090 30131 40309 56014 80001==
34958 42970 80301 10018 21063 30103 40308 57014 80007==
34975 42970 80103 11002 21081 30307 40303 57012 80007==
34984 42570 83303 11017 21076 30330 40298 57011 8357/==
35217 42960 20302 11044 21091 30258 40300 57014 80003==
35302 42970 50706 11016 21086 30281 40303 57015 80008==
35315 42998 20302 11020 21045 30231 40290 57012 80002 555 1/101=
35344 42999 00402 11079 21106 30018 40319 57018 555 1/107=
35358 42960 00701 11071 21119 30143 40321 57013==
35368 42999 01801 11064 21114 30061 40338 57013 555 1/107=
35386 42998 31801 11078 21109 39801 40343 57010 80004 555 1/109=
35394 42970 62203 11062 21101 39644 40344 57007 80001==
35404 42998 60404 11004 21086 30284 40292 57017 80001 555 14000=
35406 42960 50502 11012 21071 30284 40286 57017 80001==
35416 42/70 30504 11026 21097 30159 40282 57016 82031==
35426 42984 10304 11051 21105 39996 40297 54000 80001==
35437 42998 21007 11075 21119 30073 40403 57010 80003 555 1/110=
35449 42998 01004 11067 21114 30211 40318 57007 555 1/106=
35497 42970 50000 11054 21091 39808 40654 57005 80001==
35498 42998 00000 11105 21134 39442 40363 57009 555 1/115=
35514 42998 20503 11024 21083 30503 40499 57004 555 1/102=
35522 42998 20803 11043 21098 30021 40280 57013 80001 555 1/104=
35542 42998 70503 11070 21099 30160 40313 57012 87070 555 1/109=
35563 42998 01701 11050 21102 39543 40333 57010 555 1/109=
35576 42/70 40602 11100 21131 39884 40356 57019 84070==
35582 42998 70903 11101 21149 39729 40360 57012 80002 555 1/110=
35594 42999 80000 11102 21130 39483 40361 57007 80002 555 1/111=
35605 42998 50106 10003 21064 30290 40268 57016 80001 555 11004=
35633 42598 80804 11072 21102 30077 40299 57004 8557/ 555 1/106=
35671 42970 00602 11066 21107 39893 40338 57007==
35699 42960 00000 11063 21111 39568 40348 57007==
35700 41/70 60505 10002 21074 30285 40261 57014 70272 82085==
35715 42999 60904 11035 21096 30273 40258 57012 86050 555 14101=
35739 42699 80706 11040 21086 30132 40275 56005 8802/ 555 1/102=
35746 42570 81404 11029 21060 30229 40298 57005 8457/==
35777 42997 00503 11066 21122 39978 40336 57010 555 1/108=
35796 42960 00701 11096 21126 39906 40363 57009==
35849 42570 81803 11017 21070 30211 40298 57005 885//==
35895 42998 03603 11098 21119 39897 40363 57001 555 1/111=
35907 42598 83606 11021 21049 30311 40280 57006 885//=
35925 42670 61604 11024 21061 30132 40225 57008 86400==
35927 42698 60901 11028 21071 30238 57009 83542=
35953 42584 80000 11012 21063 30181 40329 57007 885//==
35969 42584 80000 11024 21127 30151 40329 57007 885//==
35997 42998 03601 11043 21117 39886 40332 57004 555 1/107=
36259 12984 03001 11238 21271 38291 48578 52006 60002 333 11174==
36335 42999 70000 11050 21087 39295 40340 57004 80004 555 1/107=
36358 42999 00000 11088 21116 39295 40348 57002 555 1/111=
36394 41997 01410 11110 21139 39918 40361 57006 73633 333 91115=
36397 41910 01616 11147 21174 39772 40372 57003 73833 333 91020 90760 91120==
36403 41998 00909 11061 21130 39982 40354 57007 73633 555 1/106=
36418 42999 22501 11164 21190 39775 40438 53002 80003 555 1/121=
36421 429// 20000 11156 21186 39818 40423 57004 82030 555 1/121=
36428 42/84 61702 11138 21195 39982 40522 57011 84051==
36439 427// 51702 11141 21169 39075 48564 53001 81541 555 1/117=
36498 42998 01302 11105 21141 39549 40377 57004 555 1/115=
36501 41999 01805 11070 21126 39555 40329 57002 73630 555 1/112=
36535 42984 00000 11165 21202 39761 40442 57001==
36546 42999 02901 11150 21189 39853 40431 57001 555 1/121=
36619 42999 00502 11126 21149 555 1/115=
36622 42998 01201 11113 21159 39537 40381 56004 555 1/115=
36639 42984 01901 11137 21202 39733 40375 57006==
36643 429// 03202 11181 21206 39721 40439 53002 555 1/120=
36665 42999 00201 11139 21174 39643 40415 53001 555 1/115=
36666 42999 02302 11208 21228 39900 40441 53003=
36729 42998 00903 11089 21127 39853 40355 57010 555 1/111=
36736 42999 03501 11074 21108 39797 40372 57006 555 1/112=
36744 42998 00303 11066 21121 39873 40338 57005 555 1/111=
36770 42999 13601 11042 21083 39582 40324 57009 80001 555 1/108=
36786 42999 00000 11037 21114 39388 40324 57004=
36796 42998 00000 11093 21163 39101 48537 56005=
36803 42999 02602 11096 21112 39887 40357 57009=
36806 42999 21612 11116 21209 39892 40387 56004 80002 333 91118=
36819 42998 00901 11052 21088 39696 40326 57003=
36821 42984 00000 11025 21102 39827 40326 57008==
36839 42999 03001 11048 21153 39159 40314 57008=
36843 42998 00000 11013 21110 39118 40304 57004=
36846 42999 00902 11060 21146 38659 48544 57005=
36859 42984 00000 10028 21103 39565 40349 57012==
36870 42960 00401 11009 21067 39270 40294 57003==
36874 42999 03201 11046 21097 39650 40459 57006=
36877 42999 03603 11043 21093 39706 40749 57002=
36885 42999 02902 11015 21071 39152 40295 57005=
36889 42999 01802 11075 21218 37059 47079 57004=
36894 42999 00704 10009 21082 39548 40291 57013=
36905 42999 00000 11035 21099 38801 48556 57009=
36911 42998 80000 11012 21037 39316 40312 58002 80008 555 14104=
36927 42999 00902 10034 21083 38375 48544 57007=
36934 42999 11001 10024 21025 38295 48429 58006 80002=
36953 42999 00000 11075 21119 38252 48508 57002 555 1/116=
36963 42999 03201 11056 21203 37031 48/// 57007 555 17112=
36974 42998 01401 11016 21103 37991 48525 57009 555 16103=
36982 42999 03504 11107 21250 36522 47092 57005=
37018 42/70 12202 10122 20016 30188 40263 57009 81060==
37031 42960 60504 10053 21079 30094 40292 57012 80001==
37054 42/70 20401 10010 21056 39910 40306 56012 80030==
37061 42960 83202 10014 21074 30134 40308 57015 80008==
37085 42/70 83205 10006 21073 30332 40305 57009 8807/==
37171 42560 32603 10100 20025 30247 40265 57008 83200 333 83831==
37228 42/// /3601 10021 21058 39427 40278 57008==
37235 42670 61002 10014 21038 39973 40299 57009 8454/==
37472 42560 83003 10021 21053 30321 40298 57010 8457/==
38149 42570 82104 11011 21058 30201 40280 58004 885//==
38178 42970 00000 11026 21143 39990 40288 58006==
38262 42570 81003 11011 21040 30191 40375 57010 885//==
38264 41/70 81603 11009 21028 30178 40275 57010 77172 8802/ 333 88510==
38345 42698 82701 10003 21030 38859 48548 57004 885// 555 14102=
38353 42998 62601 10014 21045 39389 40304 54000 86030=
38388 42598 72302 10006 21067 30205 40278 57009 87900 555 18004=
38392 41596 82603 11005 21008 30170 40277 57010 77072 8802/ 333 88521 555 11001=
38396 41/20 81404 11005 21014 30158 40287 57008 77072 8802/ 333 88507==
38403 42/60 71603 11009 21067 30166 40292 57011 87080==
38413 42/70 50402 11012 21071 30020 40322 52002 83031==
38457 41460 82401 10025 21002 39696 40297 57005 76076 8852/==
38462 42560 80000 10020 21034 38794 48523 57009 8692/==
38507 41498 62704 10046 21018 30170 40275 57013 70172 85530 333 85613 555 11011=
38545 42998 01503 10003 21032 30127 40310 57008 555 1/001=
38565 12560 80000 11003 21018 39681 40259 57006 60002 886//==
38579 41560 81201 10006 21008 39877 40309 57007 70272 885//==
38583 41560 82702 10011 21006 39979 40310 57003 70277 8872/==
38599 41296 82408 10003 21007 39752 40306 54000 71022 885// 333 85705 83625=
38611 41/40 82402 10042 20011 39707 40287 57003 71022 8807/==
38613 42995 82401 10028 20007 39361 40278 57005 8802/ 555 12004=
38616 41596 72701 10018 21004 39258 40292 56009 71022 87500=
38618 42660 82801 10036 21002 39573 40274 57008 8457/==
38647 42698 63003 10060 20006 30220 40263 57009 86800 555 11008=
38656 42698 72002 10064 21038 30170 40281 57008 87500 555 11008=
38683 42660 40702 11004 21038 30028 40315 57009 82501==
38687 42697 41802 10026 21013 30074 40316 57010 84500 555 12003=
38696 12560 70201 10024 21016 39415 40291 57008 60002 87900==
38713 41495 80000 11022 21040 39098 48540 56001 71022 886//=
38750 42997 02702 10091 20043 30320 40291 57007 555 10014=
38763 42598 72604 10065 20012 30169 40276 57007 85901 333 85827 555 11010=
38774 42898 83201 10066 21004 30089 40287 57001 8807/ 555 11012=
38799 42597 61604 10020 21030 30072 40311 57002 86200 555 1/006=
38806 42997 31803 10014 21024 30031 40301 57008 80002 555 11009=
38812 41440 82902 10012 21011 39835 40303 57007 71022 885// 333 83713==
38836 41698 40000 10061 20022 39289 40231 57010 71022 83202=
38880 42697 40904 10074 21016 30013 40270 56009 82530 555 11015=
38886 42997 21503 10060 21006 30057 40289 57011 80001 555 12011=
38895 42696 20901 10034 21004 30008 40306 57010 82100 555 12007=
38911 42998 72702 10015 21036 30004 40309 57010 85072 555 11002=
38915 42597 80000 10032 21009 39987 40321 57006 885// 555 12006=
38927 12560 72401 10070 20013 39899 40279 56009 60002 87400 333 87625==
38933 41796 81402 10040 21012 39752 40276 57035 71022 885//=
38944 42697 70902 10036 21002 39678 40225 57011 87500=
38954 42899 80000 10036 21057 37921 48510 57014 86910=
38974 42998 03401 10066 21001 39939 40279 57010 555 12013=
38987 42996 01401 10016 21028 39526 40292 57012 555 12000=
40100 43/82 72411 10158 20084 30176 40192 56014 6///1 333 58///=
40180 11660 62001 10145 20082 30130 40180 57014 69911 72161 83870 333 70000==
40199 12/// /0204 10211 20031 30132 40157 57026 60001 333 70000==
40265 31550 72004 10126 20035 39390 40193 57014 70522 87800 333 83825 84630=
40270 31640 72006 10113 20015 39274 40183 57014 70522 87830 333 84840 83645=
40272 31050 51805 10134 20012 39340 40180 57005 71022 85800 333 85830 85830=
40340 32960 00308 10201 20021 40165 57026=
40356 32660 41312 10150 21070 39182 48487 84100 333 58002 84840 555 04410 50165=
40357 32960 01411 10160 21040 39529 40173 333 58006=
40360 32960 00000 10162 21050 39571 40168 333 58004=
40361 32960 00808 10169 21030 39382 40173 333 58005=
40362 32960 01015 10172 21010 39650 40169 333 58005=
40373 31658 61016 10147 20010 39746 40167 70700 86500 333 59005 86635=
40375 32960 01603 10172 21050 39252 40130 333 59006=
40394 32960 00606 10164 21030 39008 48483 333 58006 555 04410 50139=
40400 32960 22814 10228 20040 30093 40121 80001 333 59013 82070=
40405 31658 43211 10192 20040 39390 40123 70600 84500 333 58005 84640=
40417 32960 20907 10229 20020 30152 40167 82030 333 59006 82360=
40420 32960 00908 10229 20020 39951 40157 333 59008=
40430 32660 60103 10254 20050 39362 40085 85520 333 59005 85640=
40437 31959 01509 10235 20010 39439 40136 70600 333 59008=
40439 32660 42806 10250 20090 30085 40103 83530 333 58006 83640=
40582 42658 81005 10163 20061 40183 58023 8347/ 333 00020 55300 00261 10000 20620 30172 41232 51389 60792 55407 40447 83640 88358 90400 91009 91113 91207 91303=
40703 12962 02405 10018 21083 38964 40289 57014 60001 333 70000 555 11013 29047=
40706 12660 22603 10017 21093 38689 40289 57017 60001 81402 333 70000 81635 555 11018 29044=
40712 12965 20701 11012 21096 38721 40305 57014 60001 80001 333 70000 82067 555 11035 29053=
40713 11656 42603 10025 21071 38694 40272 56014 60001 70510 81402 333 70000 81635 83068 555 11009 29049=
40718 12460 63202 10099 20043 30307 40277 56012 60001 86800 222// 0//// 20301 333 70000 83815 8562 0 555 10074 29068=
40723 12560 33204 10027 21076 38999 40281 55009 60001 83360 333 70000 81930 555 11008 29046=
40726 12960 00000 10002 21090 38698 40288 57016 60001 333 70000 555 11027 29050=
40727 12660 42502 11016 21055 38515 40289 57015 60001 84510 333 70002 82640 83460 555 11028 29075=
40732 12565 30402 10082 20029 30295 40270 56010 60001 83800 333 70000 81820 83625 555 10060 29069=
40736 12560 33502 10114 20046 30303 40277 56011 60001 83600 333 70000 83725 555 10084 29063=
40738 12660 43002 10096 21286 30291 40293 55008 60001 84100 333 70004 84840 555 10018 29005=
40739 12565 72101 10014 21060 38724 40275 56013 60001 87300 333 70022 82930 86635 555 11012 29058=
40741 12960 00000 10073 20024 39932 40278 57013 60001 333 70000 555 10053 29071=
40743 12670 31503 10036 21046 39124 40290 56009 60001 81402 333 70000 81635 555 10007 29055=
40745 12962 01203 10037 21063 39087 40289 56010 60001 333 70000 555 11001 29048=
40747 12660 42104 10029 21050 38670 40260 57017 60001 84100 333 70000 84840 555 11001 29056=
40754 12660 22506 10064 21104 38864 40247 56013 60001 82100 333 70000 82840 555 10010 29029=
40762 12965 20000 10020 21067 38585 40291 56010 60001 80002 333 70000 82069 555 11009 29052=
40766 12670 11802 10050 21028 38726 40256 57015 60001 81200 333 70000 81840 555 10020 29057=
40768 11950 03201 11052 21091 38289 40347 57010 60001 70500 333 70000 555 11061 29074=
40769 11930 00102 11002 21052 38321 40276 57010 60001 70510 333 70000 555 11019 29069=
40780 12660 11602 10104 21037 38698 40225 57017 60001 81100 333 70000 81840 555 10048 29037=
40782 12970 03002 10116 21050 38884 40213 57019 60001 333 70000 555 10052 29031=
40785 12960 00303 10081 21026 39136 40260 57016 60001 333 70000 555 10040 29047=
40791 12965 02602 10128 21068 39405 40247 56018 60001 333 70000 555 10056 29025=
40792 12965 03202 10073 21064 38756 40250 57011 60001 333 70000 555 10024 29037=
40798 12660 42606 10087 21100 37966 40187 56009 60001 83501 333 70000 83640 555 10021 29026=
40800 12960 01502 10118 21061 38469 40214 57022 60001 333 70000 555 10048 29028=
40809 12562 13005 10096 21105 38521 40227 56009 60001 81101 333 70000 81070 555 10027 29023=
40811 12660 70902 10206 20024 30160 40186 57018 60001 84370 333 70000 81935 83640 87460 555 10121 29030=
40812 12660 60902 10220 21025 39792 40169 57022 60001 84570 333 70000 84640 86460 555 10113 29019=
40821 12660 63401 10103 21043 38817 40236 56019 60001 81106 333 70000 81840 86270 555 10046 29035=
40829 12960 03002 10174 21027 39649 40230 56021 60001 333 70000 555 10090 29025=
40831 12660 80303 10182 20029 30181 40190 57025 60001 8532/ 333 70000 83935 82640 88459 555 10112 29036=
40833 12660 72304 10198 20030 30164 40197 57020 60001 87300 333 70000 82935 86640 555 10119 29033=
40841 12660 62706 10151 21050 38252 40184 57013 60001 82430 333 70000 82640 84361 555 10067 29025=
40845 11560 83603 10172 20093 30189 40194 57012 69901 76022 8492/ 333 79999 82930 84640 88560 555 10131 29060=
40848 11450 81802 10080 20038 38555 40226 56011 69961 76162 8632/ 333 70006 81715 82930 84635 8845 9 555 10060 29074=
40854 42660 10502 10099 21024 38962 40180 57012 81100 333 70000 81840 555 10049 29042=
40856 12960 40103 10161 21040 38666 40199 56011 60001 80006 333 70000 84270 555 10076 29025=
40859 12560 72502 10148 21009 38723 40191 57023 60001 84370 333 70000 81930 83635 86459 555 10078 29034=
40875 11957 71905 10246 20081 30153 40165 57021 60001 70522 82036 333 70000 82360 87269 555 10158 29035=
40879 12960 62403 10219 20019 39504 40183 56016 60001 80006 333 70000 86270 555 10123 29027=
40882 12960 21803 10238 20102 30134 40169 55016 60001 80001 333 70000 82070 555 10163 29042=
40883 11956 01404 10244 20120 30145 40172 56013 60001 70500 333 70000 555 10173 29046=
40893 11958 02806 10249 20143 30143 40148 57023 60001 70500 222// 00235 20401 333 70000 555 10186 29052=
40898 12960 01105 10255 20163 30123 40132 56020 60001 222// 00234 20801 333 70000 555 10198 29057=
41024 22960 02911 10271 20160 30081 40107 333 58002 60005==
41036 22560 42318 10238 20070 38532 48482 84800 333 58001 60005 84830==
41055 22560 31713 10226 20090 38340 48485 83400 333 58003 60005 83630==
41061 22960 01214 10279 20040 39395 40087 333 59019 60005==
41084 22960 03304 10286 20050 38810 48471 333 59005 60005==
41112 22560 11814 10200 20010 37937 48501 81100 333 58012 60005 81820==
41114 22960 02418 10217 20050 37971 48497 333 58011 60005==
41128 22960 01506 10296 20030 38775 48486 333 59014 60005==
41136 22960 02104 10353 21080 39285 40074 333 59017 60005==
41140 22560 22213 10290 20220 30096 40102 82100 333 58009 60005 82830==
41150 32970 40607 10202 20102 40171 84030 333 59005 84360=
41170 32960 04009 10213 20133 30156 40169 333 59003=
41176 34/70 /1008 10215 20146 30163 40169 333 59002=
41184 32960 33610 10244 20136 40162 80001 333 59004 83070=
41194 12960 03612 10247 20096 30153 40159 60001 333 59007=
41196 12960 03510 10247 20081 30123 40164 60001 333 59006=
41216 32960 03509 10234 20137 30156 40160 333 59009=
41217 32960 03314 10247 20122 30124 40153 333 59012=
41244 36/// /1008 10301 21019 39714 40118 333 0E018 55300 25022 59011=
41246 32960 00607 10243 20140 30160 41141 333 58024=
41254 36/// /1808 10182 20029 38069 49822 333 0E007 55300 25022 58024=
41258 36/// /3006 10246 20150 30157 40160 333 0E/// 55310 22387 58020=
41263 36/// /1905 10298 20055 39562 40109 333 0E016 55300 22626 58021=
41315 26/70 /1613 10223 20173 39321 48055 333 0E019 55300 27865 58009 70002=
41396 12965 01707 10333 20081 39382 40071 60002 333 59003=
41480 12560 11115 10276 20186 30121 40129 60002 81100 58014 81820=
41506 12960 01802 10090 20027 38498 48950 60001 333 10106 58018==
41508 12440 73102 10100 20022 38661 48300 60001 84520 333 10134 56880 59013==
41515 12460 62702 10067 20005 38549 48120 60001 83520 333 10086 56880 59020==
41516 12440 80502 10100 21063 38516 48750 60001 87610 333 10140 56880 59027==
41517 12460 30000 10065 21025 37765 48820 60001 83530 333 10080 56800 59022==
41518 12440 81803 10117 21026 30001 48010 60001 8872/ 333 10128 5688/ 58000==
41519 12440 70000 10130 21009 38735 48770 60001 85720 333 10140 56880 59012==
41523 12440 80000 10130 20035 39087 48050 60001 8452/ 333 10150 5688/ 59007==
41535 11460 72301 10090 20035 38711 48790 60011 72996 85520 333 10154 56880 58009==
41536 11440 80000 10105 20053 39058 48230 60021 76066 8852/ 333 10134 5688/ 58002==
41560 12960 02302 10100 21067 38327 48540 60001 333 10130 58010==
41571 11640 40508 10190 20010 39560 40138 69902 70511 83830 333 10210 56880 58007==
41598 11440 73104 10210 20075 39858 40127 60001 70520 86570 333 10264 56880 58008==
41600 11440 53101 10225 20077 39833 40124 60001 70522 83570 333 10242 56880 59003==
41620 12940 01302 10170 21102 38586 48910 60001 333 10174 58002==
41624 12960 00000 10240 20094 39937 40135 60001 333 10260 58023==
41630 11940 23603 10235 20086 30000 40135 60001 70500 82030 333 10252 56080 58008==
41640 11440 53101 10235 20073 39881 40127 60001 70522 83530 333 10254 56880 59002==
41660 12960 13109 10120 21093 38444 48340 60001 81030 333 10134 56080 58031==
41678 11940 00502 10250 20108 30000 40125 60001 70500 333 10260 58010==
41696 12960 43102 10140 21030 38006 48170 60001 80001 333 10160 56008 58011==
41697 12960 03106 10290 21057 39964 40116 60001 333 10300 58013==
41700 11940 00502 10245 20124 39991 40117 60001 70500 333 10266 58014==
41710 12960 30000 10205 21058 39392 40154 60002 80001 333 10214 56008 58052==
41712 12960 01304 10190 20026 39188 48110 60002 333 10200 58034==
41715 11940 00501 10260 20086 30064 40127 60001 70500 333 10274 58021==
41718 11920 00000 10270 20146 30010 40111 60001 70500 333 10282 58018==
41725 12940 30501 10270 20089 30053 40130 60001 80001 333 10280 56008 58019==
41739 12940 33603 10200 21025 39046 48100 60001 80001 333 10204 56008 58015==
41744 12940 33103 10215 21013 38787 48170 60002 83020 333 10244 56080 58024==
41749 11920 03104 10295 20115 30085 40118 60001 70400 333 10300 58009==
41756 12940 02704 10260 20154 30084 40149 60001 333 10270 58017==
41757 12940 02305 10270 20136 30145 40157 60002 333 10280 58012==
41759 11940 02303 10290 20142 30124 40130 60001 70500 333 10294 58008==
41764 12940 03605 10290 20067 30069 40118 60001 333 10294 58011==
41768 12940 00000 10310 20159 30117 40124 60001 333 10314 58012==
41780 11940 02305 10285 20166 30097 40124 60001 70500 333 10306 58002==
41785 12940 03101 10290 20108 30115 40128 60001 333 10300 58003==
41859 01430 60000 10230 20170 30059 40097 70522 83520 333 10266 59015 70000 83618 86458==
41883 02940 00000 10250 20110 30082 40102 333 10290 59009 70000==
41891 01425 80000 10210 20180 30073 40112 71022 8532/ 333 10235 59005 70000 81710 84615 88460 81930==
41907 01940 00000 10235 20160 30088 40103 70500 333 10290 59007 70000==
41923 01950 00000 10264 20170 30097 40106 70500 333 10295 59010 70000==
41936 01914 00000 10266 20200 30094 40101 70500 333 10306 59010 70000==
41943 01930 02502 10250 20180 30102 40110 70500 333 10300 59007 70000==
41950 01935 00000 10259 20220 30103 40105 70510 333 10295 59010 70000==
41978 01935 02205 10246 20210 30112 40118 70500 333 10275 59003 70000==
41992 01930 03302 10250 20180 30123 40125 70500 333 10295 58001 70000==
42027 21596 80204 10075 20024 38409 48496 70362 82421 333 10115 59004 6001/=
42071 31696 62704 10218 20123 40127 70522 83430 333 10238 59004 83640 85358=
42101 32596 00000 10230 20138 40124 333 10266 59009 83630=
42111 32596 12702 10230 20082 39404 40092 81100 333 10270 59008 81830=
42123 32996 20501 10228 20127 40120 82030 333 10257 58004 82360=
42131 32996 00502 10236 20133 40117 333 10269 59009=
42165 32996 03602 10290 20032 40097 333 10312 59002=
42182 31995 20000 10268 20128 40105 70500 80001 333 10297 59011 82070=
42189 31995 03202 10236 20133 40101 70500 333 10269 59015=
42309 21495 70702 10156 20153 40132 71052 85630 333 10168 58024 6004/=
42314 21495 80209 10160 20146 40129 71062 8352/ 333 10168 58023 6002/ 83618 88459=
42328 32996 33203 10280 20093 40091 80001 333 10295 58008 82375=
42339 31995 22302 10292 20080 40106 70500 80001 333 10304 58001 82070=
42348 32996 02306 10286 20031 40105 333 10306 59008=
42361 31995 00000 10270 20143 40105 70500 333 10315 59013=
42369 31995 42705 10262 20101 40108 70522 82031 333 10290 59009 82360 83070=
42379 31995 00000 10250 20138 40089 70500 333 10277 59018=
42410 31595 20000 10222 20170 40108 70500 82500 333 10260 59001 82620=
42415 31995 00902 10186 20137 40118 70500 333 10226 58010=
42452 31996 00502 10282 20111 40093 70500 333 10294 59015=
42492 31996 02704 10250 20150 40101 70500 333 10277 59012=
42559 32996 03601 10292 20130 40086 333 10324 59009=
42571 31996 03601 10286 20117 40100 70500 333 10306 59001=
42591 31996 00000 10250 20130 40113 70500 333 10296 59010=
42623 31496 32703 10204 20079 39235 40099 70500 83500 333 10241 58002 83618=
42634 32996 13203 10308 20106 40124 80001 333 10319 58003 81075=
42647 31996 02904 10308 20131 40125 70400 333 10315 58008=
42667 32996 02907 10294 20110 39528 40099 333 10312 59005=
42675 31996 00501 10284 20154 40098 70500 333 10306 59002=
42701 32996 03202 10266 20042 39377 40089 333 10285 59005=
42724 31995 00000 10254 20212 40104 71022 333 10278 59010=
42737 32996 02704 10292 20148 40130 333 10317 58006=
42754 32996 00000 10284 20144 39481 40101 333 10298 59002=
42779 32996 00000 10286 20098 39413 40093 333 10334 59007=
42798 31996 03402 10300 20146 40096 70500 333 10331 59005=
42809 31995 02702 10280 20164 40107 70500 333 10308 59008=
42840 32996 03603 10298 20111 40126 333 10312 58009=
42867 31596 32902 10328 20168 40094 70511 81530 333 10350 59005 81620 83360=
42874 31596 23202 10320 20188 40096 70500 82100 333 10347 59008 82825=
42886 31996 00000 10316 20155 40099 70500 333 10366 59010=
42895 32996 00902 10264 20235 40108 333 10320 59013=
42909 32996 02905 10254 20212 40131 222// 20000 333 10274 59012=
42971 31996 01804 10286 20172 40114 70500 333 10336 59010=
43003 31995 03206 10296 20145 40118 70400 333 10328 58009=
43014 31996 03405 10324 20184 39458 40082 70542 333 10344 58000=
43041 31596 12303 10306 20165 39492 40091 70500 81500 333 10346 59011 81625=
43063 32997 02703 10320 20092 39484 40088 333 10348 58006=
43086 32997 09902 10304 20201 39926 40101 333 10334 59003=
43110 31995 03208 10292 20201 40116 70544 333 10331 58008=
43117 32997 03202 10340 20224 40086 333 10363 59002=
43128 32997 01403 10316 20173 39505 40093 333 10338 59005=
43150 31996 02005 10268 20220 30060 40121 70500 222// 20000 333 10304 59010=
43185 32997 01603 10280 20204 30110 40113 333 10325 59002=
43189 32997 00000 10308 20222 30110 40119 333 10331 59008=
43192 32996 02302 10310 20244 40104 333 10345 58007=
43198 32496 31404 10320 20135 39283 40080 82501 333 10338 56309 58001 82612=
43201 32997 00503 10316 20101 39379 40083 333 10339 59001=
43213 32997 09901 10350 20060 39773 40080 333 10373 59005=
43233 32997 10706 10318 20099 39301 40093 80001 333 10327 58001=
43237 32997 10703 10334 20073 39688 40067 80001 333 10355 58000 81075=
43245 32597 21103 10298 20204 30090 40116 81501 333 10332 59002=
43279 31597 10505 10284 20212 30106 40124 70500 80001 333 10331 58005 81075=
43284 31996 02508 10302 20219 39983 40097 70500 333 10330 58008=
43295 32997 00903 10300 20057 39098 48522 333 10320 58000=
43310 32596 43602 10296 20254 40108 82211 333 10298 59004=
43314 32997 10000 10324 20231 40098 80001 333 10345 58006=
43321 31996 30905 10322 20075 39653 40088 70500 80001 333 10334 58000 83070=
43329 32597 21402 10282 20223 30097 40111 81501 333 10312 58000=
43333 31495 30501 10276 20216 40111 70500 82401 333 10310 58010 81618=
43344 31495 40505 10322 20187 30004 40101 70511 82501 333 10331 58004 82616 83075=
43353 31496 02905 10296 20219 40091 70521 80000 333 10316 56000 58004=
43369 32597 33602 10300 20246 40096 83500 333 10327 58001 83620=
43371 31996 12702 10320 20213 30026 40097 70500 80001 333 10358 58005 81071=
43404 22470 30602 10281 20242 30100 40103 54003 81000 333 10310 20212 3/020 553// 20071 58005 60008 91005 555 60008==
43410 22470 30905 10281 20243 30108 40111 55004 83200 333 10304 20274 3/025 58007 60008 555 60008==
43413 22470 60505 10300 20251 30098 40103 5/006 85200 333 10313 20258 3/023 553// 20074 58001 60008 91008==
43415 22470 20802 10284 20231 30005 40113 53002 82000 333 10317 20251 3/021 58007 60008 555 60008==
43418 22470 60501 10275 20235 30074 40115 57003 84000 333 10300 20265 3/022 58009 60008 555 60008==
43421 22470 70601 10284 20225 30000 40105 54000 86800 333 10332 20222 3/022 553// 20040 58009 60008 91004==
43422 22/70 70902 10280 20227 39972 40105 5/001 86000 333 10316 20245 58010 60008 555 60008==
43424 22470 70702 10320 20233 30095 40097 55004 84130 333 10331 3/022 58007 60008 555 60008==
43436 21470 70000 10265 20237 30100 40103 57006 70352 86000 333 10296 20240 3/025 58009 69908 555 69938==
43441 22/70 40502 10300 20224 39960 40091 57002 333 10330 3/021 58008 60008 81/18 84/60 555 60008==
43444 22470 61602 10265 20213 39568 40100 57004 83000 333 20224 3/020 58010 60008 555 60008==
43450 22470 50303 10329 20209 30087 40099 54000 85800 333 10343 20259 3/021 58002 60008 555 60008==
43466 22470 53302 10299 20222 30086 40094 82230 333 10326 20245 553// 20075 58001 60008 82/18 83/60 555 60008==
43467 22/62 43003 10306 20246 30089 40095 54000 333 10332 3/022 58002 60008 82/17 555 60008==
43473 22470 51302 10169 20169 38129 48502 52001 85000 333 10211 20102 3/007 553// 20042 58010 60008 91003 555 60008==
43475 21/70 70102 10261 20228 30107 40112 52001 70382 86/4/ 333 10294 20231 553// 20018 58015 60008 84/12 91006 555 60028==
43476 21440 52503 10204 20186 38778 48523 56003 70552 83000 333 10223 20173 58013 60008 555 60008==
43479 22470 53501 10232 20205 39269 52001 84100 333 10255 20199 58012 60008 555 69918==
43486 21465 61602 10310 20200 39992 40090 56002 70522 83076 333 10360 20213 3/021 553// 20070 58004 60008 91004==
43495 21466 41402 10286 20234 30085 40098 54000 70521 83000 333 10306 58009 60008 555 60008==
43497 22470 50801 10286 20000 30080 40097 5/002 85000 333 10342 20240 553// 20104 58011 60008 91004==
44212 429// 23501 11229 21267 39199 40459 52005 80004 333 11161==
44213 429// 02605 11128 21211 38826 40372 57007 333 11083==
44214 42970 02706 11103 21205 38312 40385 53004 333 11076==
44215 42/// 12404 11123 21218 38434 40384 57001 81040 333 11076==
44217 32998 00000 11185 21248 37887 40516 52005 333 11148 91202=
44218 429// 02601 11157 21206 38655 40428 53003 333 11073==
44219 32999 00807 11184 21230 38692 40473 57006 333 11156 91207=
44265 429// 00503 11206 21243 38972 40533 52003 333 11147==
44266 329// 01401 11152 21243 37799 40456 53005 333 11091 91207=
44404 22958 00903 10130 20047 38111 48453 80000 333 10194 59014 60008 70000=
44416 22960 01802 10219 20115 39339 40104 80000 333 10270 59004 60008 70000=
44424 22960 01406 10128 21053 37630 47029 80000 333 10166 59018 60008 70000=
44434 22557 11204 10202 20136 39187 48472 81100 333 10230 59020 60008 70000=
44438 22956 02505 10241 20134 39960 40088 80000 333 10264 59027 60008 70000=
44449 21920 00000 10206 20194 39933 40089 70444 80000 333 10249 59020 60008 70000=
44454 22560 22408 10167 20061 38627 48464 82100 333 10232 59016 60008 70000=
44462 22458 12708 10134 20064 38222 48442 81100 333 10195 59011 60008 70000=
44474 21010 81806 10124 20064 38218 48464 70543 888// 333 10183 59016 60008 70000=
44477 21010 82904 10142 20123 38785 48492 74544 886// 333 10212 59013 60008 70000=
44478 21916 00000 10220 20190 30003 40085 71044 80000 333 10256 59016 60008 70000=
48010 41905 00000 10250 20150 39931 40082 70544 333 10300 58010==
48020 42940 00000 10255 20160 333 10308==
48025 11430 40000 10317 20124 39946 40083 58003 60002 70511 83540==
48048 42940 02201 10315 20236 30020 40075 333 10352 58005==
48052 32956 00000 10342 20145 333 10364=
48062 42440 23203 10256 20233 30086 40093 82500 333 10298 59003==
48064 42950 00000 10300 20207 30032 40059 333 10330 58010==
48094 42956 03101 10270 20220 30100 40110 333 10331 58000==
48109 42440 10000 10285 20230 30118 40122 81500 333 10317 58016==
51076 14/69 /0701 11173 21211 39501 40489 57004 60001 333 11114 21246 3/103 4/025 58061 70000 90761 91104==
51087 14/59 /0201 11167 21206 39344 40491 57006 60001 333 11106 21266 3/106 4/019 58051 70000 90761 91103==
51156 14/67 /0904 11132 21170 38790 40452 52008 60001 333 11062 21175 3/119 58050 70000 90761 91106==
51243 14/64 /2300 11132 21186 39851 40459 52006 60001 333 11095 21195 3/117 58045 70000 90761 91105==
51334 14/26 /3602 11135 21180 30003 40453 52002 60001 70500 333 11104 21215 3/112 4/012 58064 90761 91103==
51379 14/80 /0901 11097 21156 39410 40448 57003 60001 333 11043 21232 3/107 4/022 58031 70000 90761 91105==
51463 14/28 /1101 11104 21135 39144 40424 52002 60001 70500 333 11046 21128 3/101 4/036 58028 70000 90761 91105==
51573 14/58 /2501 10025 21182 30337 40389 52007 60001 333 10058 21043 3/111 58150 70000 90761 91108==
51644 14/58 /2001 10006 21135 39052 40373 57001 60001 333 10029 21094 3/107 58120 70000 90761 91104==
51656 14/57 /1802 11019 21147 39273 40394 52001 60001 333 10015 21094 3/113 58121 70000 90761 91105==
51709 14/59 /1403 10032 21145 38699 40320 52004 60001 333 10101 21036 3/106 58144 70000 90761 91110==
51711 14/58 /0802 11041 21154 38075 40320 52002 60001 333 10067 21105 3/117 58114 70000 90761 91108==
51716 14048 00602 10030 21125 39000 40335 52001 60001 70600 333 10067 21040 3/109 58151 70000 90761 91108==
51765 14/22 /0500 11019 21193 39334 40392 52001 60001 70600 333 10026 21104 3/114 58119 70000 90761 91109==
51811 14/58 /0701 10047 21158 38863 40317 52002 60001 333 10106 21037 3/111 58147 70000 90761 91106==
51818 14/59 /1101 10041 21169 38704 40309 52004 60001 333 10109 21034 3/108 58133 70000 90761 91106==
51886 14/80 /3303 11055 21305 37125 40288 52016 60001 333 11002 21082 3/113 58085 70000 90761 91121==
52203 14/70 /0901 11040 21203 39470 40414 52007 60001 333 10002 21105 3/114 58139 70000 90761 91109==
52602 14/80 /2806 11104 21296 37282 40359 52018 60001 333 11028 21133 3/115 58082 70000 90761 91116==
52818 14/80 /3103 11039 21211 37259 40298 52022 60001 333 10005 21087 3/114 58087 70000 90761 91111==
52908 14/73 /0306 11136 21228 35723 40314 52013 60001 333 11070 21208 3/122 58016 70000 90761 91120==
55228 04980 /2507 11047 21254 35985 40210 57003 60002 70000 333 11026 21160 3/122 54415 59016 60001 70000 90720 91113=
55299 14/80 /2903 11069 21179 35807 40192 57003 69951 333 11038 21146 3/117 58002 70005 90761 91114==
55578 04965 /3101 10049 21340 36290 49987 57018 60002 70000 333 10087 21024 3/110 54415 59015 60001 70000 90720 91111=
55591 14/77 /1003 10052 21179 36450 49978 57003 60001 333 10086 20019 3/000 58016 70000 90761 91110==
55664 04980 /2609 10014 21241 35951 40116 54000 60002 70000 333 10054 21129 3/117 54405 59020 60001 70000 90720 91120=
55773 04980 /2005 11045 21095 35971 40160 52003 60002 70000 333 10030 21126 3/115 59010 60001 70000 90720 91114=
56004 14/80 /3103 11095 21212 35778 40285 52006 60001 333 11051 21225 3/127 58006 70000 90761 91113==
56018 14/78 /2001 11032 21262 36128 40166 52001 60001 333 11009 21142 3/118 58010 70000 90761 91109==
56312 04980 /3102 10043 21028 37047 40118 52011 60002 70000 333 10078 21006 3/000 54415 59003 60001 70001 90720 91108=
62306 12560 63010 10153 20050 40228 57010 60012 86800==
62309 42560 63308 10165 20059 40207 57011 86800==
62325 42960 02907 10188 20092 40192 52004==
62332 42560 43210 10170 20068 40189 57015 84800==
62337 42560 43010 10178 20091 40183 57012 84200==
62366 45560 63110 10166 20030 40187 57019 86200==
62387 42560 33413 10176 20047 40190 57024 83200==
62393 42960 00113 10167 20034 40201 57022==
62405 42960 03306 10210 20020 40155 57025==
62414 42960 03608 10216 20003 40145 57024==
62419 42960 00707 10210 20049 40142 57019==
62420 42560 60310 10178 20015 40204 57008 86400==
62435 42960 00208 10198 20017 40171 57025==
62440 42560 43409 10184 20066 40188 57018 84200==
62455 42960 03007 10179 20041 40183 57021==
62458 42960 03115 10173 20056 40171 57018==
62459 32960 03025 10175 20075 40145 57020=
62465 42960 03507 10208 20050 40142 52020==
63210 32980 00422 10270 20220 40106 333 10283 58003=
