SMPK OPKC 010000=
41504 02995 01804 11060 21110 37873 48551 60002 333 58013 60007 64%= 
41505 22595 00000 11025 21039 38/// 48/// 60001 333 58/// 90%=
41516 02996 00000 11020 21051 38550 48506 60002 333 58018 60007 79%=
41517 11696 80000 11010 21037 37787 48526 60002 70422 8562/ 333 5699/ 58025 82715 83635 88460 82%= 
41518 02696 61802 10033 21026 38/// 48/// 60003 83520 333 56990 5//// 60007 83640 83462 68%=
41519 02696 30000 10055 21023 38763 48497 60002 83500 333 56900 59006 60007 83640 57%=
41530 019// 32304 10090 21022 39717 40135 70500 83030 333 56090 58010 60007 83360 45%=
41620 31996 02702 10010 21049 38562 48463 60002 70500 333 58004 60007 65%=
41660 029// 02304 11020 21083 38425 48519 60003 333 59001 60007 62%=
41661 02996 00000 11020 21060 38364 48498 60002 333 59004 60007 71%=
41685 02997 00502 10045 21020 38877 48450 60002 333 59005 60007 62%=
41696 02996 00000 11070 21103 38016 48564 60002 333 58002 60007 75%=
41697 02996 00000 10125 21011 39952 40113 60002 333 58003 60007 39%= 
41710 12996 03104 10030 21058 39387 40201 60002 333 59006 52%=
41712 12996 00000 10020 21054 39213 48495 60002 333 59014 58%=
41715 01993 00000 10090 20057 30046 40113 60002 70400 333 58000 60007 80%=
41724 01995 00000 10100 20057 30046 40128 60002 70400 333 58000 60007 74%=
41725 01996 00000 10130 20068 30027 40108 60002 70500 333 59003 66%=
41726 01993 00000 10095 20074 30070 40145 60002 71000 333 59013 60007 87%=
41738 02996 00000 10125 21068 39985 40172 60002 333 58015 60007 34%=
41739 02996 00000 10050 20014 39077 48512 60002 333 58002 60007 78%=
41742 12996 00000 10105 20037 30010 40118 60002 333 59007 63%=
41743 01995 00000 10075 20045 60002 70400 333 60007 79%=
41744 12996 00000 10020 21020 38767 48481 60002 333 58001 74%= 
41745 01995 00000 10100 20068 60002 71000 333 60007 81%=
41746 22995 00000 10080 20058 30051 40106 60002 71000 333 59005 60007 86%=
41747 01995 00000 10075 20040 30044 40107 60002 70400 333 59002 60007 79%=
41748 01996 03102 10090 20057 30047 40113 60002 70500 333 58001 60007 80%=
41749 01995 03104 10105 20074 30084 40117 60002 70400 333 59014 60007 81%=
41756 01995 03606 10170 20105 30085 40152 60002 70504 333 59008 60007 65%=
41757 12996 00506 10115 21073 30150 40163 60002 333 58014 26%=
41759 02996 03602 10125 20049 30137 40143 60002 333 58001 60007 60%=
41764 02996 00000 10135 20049 30056 40107 60002 333 58004 60007 56%=
41765 02996 00000 10145 20097 30073 40110 60003 333 58002 60007 73%=
41766 01994 03102 10115 20074 30090 40121 60002 74000 333 58007 60007 76%=
41767 02996 00000 10120 20079 3//// 4//// 60002 333 60007 76%=
41767 02996 03602 10125 20085 3//// 4//// 60002 333 60007 77%=
41768 02996 00000 10090 20045 30097 40104 60002 333 58003 60007 73%=
41780 01996 00202 10130 20043 30085 40114 60002 70400 333 58006 60007 55%=
41783 02996 00000 10140 20102 30076 40107 60002 333 59005 60007 78%
41785 02996 02302 10120 20079 30096 40109 60002 333 58002 60007 76%= 
41786 02996 02704 10120 20029 30048 40086 60002 333 59003 60007 54%=
41BAG 02696 40502 11015 21054 60002 84500 333 56900 60007 84640 72%=

41599 01696 50504 10115 20085 39830 40127 60002 70421 82470 333 56990 58017 60007 82640 83460 82%=
41675 01995 00000 10090 20069 39966 40115 60002 71000 333 58007 60007 86%=
41506 12995 03608 10040 21054 38514 48512 60002 333 58006 50%=
41630 01996 02302 10080 20058 40124 60002 70400 333 58014 60007 86%=
41524 02696 70000 10125 21018 39361 40235 60002 82520 333 56990 58002 60007 82640 85460 RH 37%=
41507 02996 00000 10050 20027 39256 49791 60002 333 58008 60007 85%=
41508 02995 00000 11006 21019 38662 48525 60002 333 58016 60007 90%=
41509 02996 02702 10025 21001 38779 48512 333 58020 60007 RH83% 41510 02996 00000 11050 21066 37899 48530 60002 333 59004 60007 89%=
41515 02995 00000 10010 21032 38585 48544 60002 333 58015 60007 73%=
41523 02996 00000 10005 21008 39071 48465 60002 333 59011 60007 91%=
41525 12996 00904 11010 21037 37658 48397 60002 333 58001 82%=
41536 02996 50000 10090 20023 39026 48491 60002 85010 333 56090 58010 60007 85360 63%=
41560 02996 00000 11015 21043 38282 48517 60002 333 59005 60007 RH81%=
41565 02996 03102 10067 21019 38625 48492 60002 333 58000 60007 53%=
41641 01994 30000 10130 20101 39842 40122 60002 71000 83030 333 56090 58021 60007 83360 83%=
41535 01695 80000 10050 20014 38688 48455 60032 76162 8452/ 333 5699/ 58002 60027 84635 88460 78%=
41529 02996 32302 10080 20005 39748 40141 60002 83030 333 56090 59004 60007 83360 59%=
41577 01696 50000 10130 20072 39502 40123 60002 70492 83510 333 56990 58004 60007 83640 82460 RH 68%=
41528 01696 80000 10060 20049 39215 48489 60022 70466 8552/ 333 5699/ 58012 60027 85640 88460 93%=
41574 02697 50000 10020 20008 38319 48503 60002 83520 333 56990 59008 60007 83640 83460 92%=
41576 01996 30000 10090 20045 40140 60002 70400 83070 333 56090 58003 60007 83460 73%=
41597 01996 60000 10090 20057 39837 40140 60002 70421 86070 333 56090 58015 60007 86461 80%=
41600 01695 50000 10110 20100 39817 40119 60002 71022 82470 333 56990 58016 60007 82640 83460 94%=
41624 01994 00502 10100 20057 39911 40117 60002 70400 333 58002 60007 74%=
41625 01995 00000 10085 20063 39922 40130 60002 70400 333 59018 60007 86%=
41633 01996 00000 10080 20069 4//// 60002 70400 333 5//// 60007 93%=
41634 02996 00000 10070 20024 3//// 4//// 60002 333 5//// 60007 73%=
41635 01995 00000 10080 20058 3//// 4//// 60002 71000 333 5//// 60007 86%=
41636 01996 00000 10090 20069 39941 40131 60002 70400 333 58010 60007 86%=
41638 01995 00000 10085 20074 4//// 60002 71000 333 5//// 60007 93%=
41639 01995 00000 10100 20079 3//// 4//// 60002 71000 333 5//// 60007 87%=
41640 01694 80000 10135 20106 39866 40119 60002 71022 8351/ 333 5699/ 58020 60007 83640 88460 83%=
41642 01995 30502 10095 20074 3//// 4//// 60002 71000 83040 333 56090 5//// 60007 83461 87%=
41643 01693 20000 10090 20080 39834 40119 60002 71042 82400 333 56900 58006 60007 82640 93%=
41644 01994 00000 10070 20059 4//// 60002 71000 333 5//// 60007 93%=
41646 01994 00000 10100 20079 39916 40139 60002 71000 333 58002 60007 87%=
41652 01996 00000 10080 20005 39936 40122 60002 70400 333 58002 60007 59%=
41669 01996 00000 10095 20074 3//// 4//// 60002 70400 333 5//// 60007 87%=
41670 01996 03602 10090 20057 3//// 4//// 60002 70400 333 5//// 60007 80%=
41674 01995 00000 10100 20079 3//// 4//// 60002 70400 333 5//// 60007 87%=
41676 01994 00000 10100 20068 39979 40140 60002 71000 333 58006 60007 81%=
41677 01995 00000 10070 20059 39931 40105 60002 71000 333 58001 60007 93%=
41678 01995 00000 10100 20057 40104 60002 70400 333 59010 60007 74%=
41679 01995 30000 10110 20100 4//// 71000 60002 83030 333 56090 5//// 60007 83360 94%=
41680 01996 00000 10085 20063 39912 40120 60002 70400 333 58012 60007 86%=
41700 01994 00000 10095 20074 39968 40100 60002 71000 333 58010 60007 87%=
41701 01994 00000 10090 20069 39972 40119 60002 71000 333 59008 60007 86%=
41716 01995 00503 10110 20068 30019 40126 60002 70400 333 58001 60007 75%=
41718 01994 00000 10080 20058 30006 40114 60002 71000 333 58004 60007 86%=
41SKP 01995 00000 10085 20063 3//// 4//// 60002 71000 333 5//// 60007 86%=
43532 01696 80000 10070 20042 39353 40183 60022 76162 8552/ 333 5699/ 58009 60027 85640 88460 80%=
43533 01696 80000 10080 20070 39208 48466 60082 76562 8352/ 333 5699/ 58013 60087 83640 88460 93%=
43563 02697 80502 10117 20086 39428 40129 60022 83520 333 56990 58010 60007 83640 85460 83%=
41571 119// 70514 10100 20035 39533 40143 60002 70522 84530 333 56990 58001 RH64%=
41567 01696 40000 10110 20056 39691 40118 60002 70402 84500 333 56900 58010 60007 84640 69%=
41598 01695 80000 10115 20085 39842 40119 60122 71022 85520 333 56990 58011 60007 85640 88460 82%=
41573 01697 60000 11010 21023 37930 48474 60062 70176 82570 333 41003 56990 59019 60047 82640 86360 91%=
41520 02695 41802 11030 21072 37615 48278 60002 83530 333 56990 58018 60007 83640 82362 70%= 
Data Generated from File : D:/all data handling/Rmc_lhr/2025020100.FSU.txt
01/02/2025   01:03:27
____________________________________________________________________________________________
15020 07/15 /2902 10062 20060 30063 40265 52009 69911 7101/ 333 55022 20397 55300 20000 69917==
15090 07459 83202 10076 20064 30165 40259 52004 60001 7101/ 886// 333 55000 00086 20171 30170 55300 00000 20000 30000 60007 91003 90760 91103==
15108 01/00 92905 11012 21012 38134 48545 53002 60001 74542 89/// 333 49067 55055 20776 55300 20000 60007 91006 90760 91108==
15150 01405 82901 10058 20058 30045 40263 52010 60001 74442 886// 333 55004 20357 55300 20000 60007 91002 90760 91103==
15170 01530 81502 10014 20009 39472 42853 52004 69931 71062 8457/ 333 55055 20780 55300 20000 69937 91002 90760 91103==
15280 01005 73305 11046 21051 37539 47087 57002 60001 74144 87500 333 49080 55069 21196 55300 20000 60007 91007 90760 91108==
15310 07434 82102 10075 20070 30165 40252 52002 60001 7101/ 8767/ 333 55000 00066 20163 30163 55300 10010 20000 30000 60007 91005 90760 91105==
15335 01460 82301 10069 20067 30248 40255 54000 69911 70254 886// 333 55000 20249 55300 20000 69907 91002 90760 91103==
15350 01423 83301 10053 20052 30134 40257 51005 60001 71041 886// 333 55000 20145 55300 20000 60007 91002 90760 91102==
15360 07958 02903 10072 20070 30232 40249 58002 60001 7101/ 333 55047 60007 91004 90760 91104==
15420 01405 82303 10062 20062 30142 40256 52002 60001 74642 886// 333 55000 20183 55300 20000 60007 91005 90760 91105==
15460 07/28 /2502 10067 20061 30233 40258 54000 60001 7101/ 333 55000 20202 55300 20000 60007==
15470 01401 82303 10048 20048 30132 40261 57002 60001 74444 886// 333 55000 20212 55300 20000 60007 91004 90760 91104==
15480 07439 82902 10071 20066 30237 40254 50001 60001 7101/ 886// 333 55000 00138 20275 30244 55300 10030 20000 30000 60007 91003 90760 91105==
15549 11920 02001 10043 20041 39831 40256 52001 60001 71041 333 10059 20034 555 598//=
15552 11/01 92701 10059 20058 30203 40253 52001 60001 74544 222// 00080 10201 333 10071 20058 555 599// 92023 92421=
15640 12970 00000 10076 20070 39945 40261 52008 60001 333 10105 20075 555 596//=
15655 11/06 92502 10069 20067 30222 40256 52002 60001 74542 222// 00083 10201 333 10114 20069 555 598// 92022 92423=
15730 12970 20000 10055 20043 39862 40266 52007 60001 82030 333 10111 20055 555 592//=
16627 12960 00000 10058 20049 30246 40253 51001 60001 333 90730 91104==
16650 11558 10000 10078 20074 30247 40256 54000 60001 71000 81100 333 90730 91102==
16723 12560 30205 10124 20105 30239 40253 52004 60001 83200 333 90730 91109==
16742 12460 23507 10132 20105 30087 40243 54000 60001 82140 333 90730 91114==
16749 12960 02910 10160 20116 30219 40234 54000 60001 333 90730 91115==
16754 12560 11906 10104 20088 30209 40257 58006 60001 81100 333 90730 91113==
16760 17/// /9905 10091 20072 39840 40263 57011 69901 7//4/ 333 90730 91109==
16765 26/// /3009 10147 20111 30222 40242 57001 333 60005 90730 91116==
17022 12970 01404 10086 20034 30091 40258 50004 60001 333 90760 91106==
17024 17/31 /1910 10044 20020 30172 40252 52008 60001 704//==
17026 16/61 /3104 10084 20069 30217 40257 52005 60001==
17031 11958 01102 10017 21003 30244 40251 53005 60001 71000 333 90760 91105==
17034 12/70 41101 10087 20022 30211 40258 52006 60001 84030 333 84360==
17038 12970 30000 10066 20019 30202 40251 52007 60001 80001 333 83068 90760 91110==
17042 16/71 /1203 10073 21012 30221 40262 50000 60001==
17050 17/56 /0100 10059 20032 30200 40262 51005 60001 704//==
17056 12970 02501 10080 20064 30255 40259 52005 60001 333 90760 91104==
17060 11901 00000 10068 20062 30220 40261 51003 60001 74600 333 90760 91103==
17070 16/76 /0802 10025 20004 39383 40254 52006 60001==
17074 16/77 /2401 11001 21006 39316 40260 50007 60001==
17084 16/75 /2601 11014 21016 39343 40262 52006 60001==
17085 17/58 /3205 10002 21022 39764 40260 52008 60001 704//==
17092 12/60 40000 11073 21100 38932 48547 52007 60001 82032 333 82362 84070 90760 91103==
17096 11957 03203 11215 21222 38281 48558 53001 60001 71011 333 90760 91104==
17098 12960 02805 11165 21186 38233 48550 56003 60001 333 90760 91107==
17100 11925 00000 11041 21100 39252 40282 56001 60001 70500==
17112 16/67 /0803 10086 20080 30255 40262 52004 60001==
17115 11920 02702 10038 20038 30213 40265 52004 60001 71040 333 90760 91105==
17116 11957 00000 10051 20050 30144 40266 52005 60001 71000==
17124 11956 00701 10004 20004 39340 40269 52004 60001 71000 333 90760 91110==
17128 12960 00103 11028 21053 39148 40264 52010 60001 333 90760 91108==
17135 12/70 20702 10007 21021 39370 40257 52013 60001 82030 333 82360 90760 91104==
17140 12965 00601 11008 21056 38754 48538 53004 60001 333 90760 91107==
17150 11645 10000 10047 20047 30140 40265 52008 60001 71000 81100 333 81835 90760 91106==
17160 16/72 /0201 11013 21071 39076 40252 52008 60001==
17170 12560 60802 11055 21082 38364 48537 55000 60001 82508 333 82630 86268 90760 91105==
17175 12965 01601 10097 20092 30248 40252 51007 60001 333 90760 91102==
17184 12960 02501 10052 20050 30147 40260 52004 60001 333 90760 91102==
17190 12970 00000 10004 20000 39062 48556 52005 60001 333 90760 91102==
17195 12970 00000 11048 21076 39023 48537 53003 60001 333 90760 91106==
17200 12960 02102 11056 21078 39240 40253 53004 60001 333 90760 91108==
17202 12970 02702 11051 21083 39180 40249 53005 60001 333 90760 91109==
17203 12670 10000 11019 21111 38920 48568 55001 60001 81100 333 81840 90760 91103==
17210 16/64 /0501 10043 21060 39166 40201 50000 60001==
17219 11956 01602 10067 20059 30113 40259 50001 60001 71000 333 90760 91114==
17234 12970 00701 10098 20098 30187 40255 52006 60001 333 90760 91105==
17237 12670 50000 10109 20062 39754 40256 52004 60001 83230 333 83835 85360 90760 91103==
17240 12970 00000 10020 21002 39100 40254 52003 60001 333 90760 91109==
17244 12970 03008 10061 21004 39053 48552 52005 60001 333 90760 91118==
17248 16/67 /0000 10005 21050 39037 40247 50008 60001==
17250 16/65 /0303 11028 21065 38857 40259 50000 60001==
17260 12960 02801 10019 21057 39357 40179 55002 60001 333 90760 91107==
17270 12970 00000 10061 21060 39558 40206 55002 60001 333 90760 91107==
17275 16/73 /0110 10057 21081 39003 40195 57005 60001==
17280 12960 02503 11028 21081 39414 40218 56001 60001 333 90760 91110==
17290 16/83 /3502 10139 20094 30216 40247 50000 60001==
17292 12970 03102 10073 20051 39483 40240 51004 60001 333 90760 91106==
17300 12960 03508 10097 20050 30160 40231 50000 60001 333 90760 91110==
17310 16/77 /0501 10132 20047 30206 40212 55001 60001==
17330 16/// /0000 10117 21005 30201 40212 50000 60001==
17350 12960 03510 10051 20019 30133 40212 52004 60001==
17370 12970 00000 10123 20060 30214 40218 56001 60001 333 90760 91103==
17375 16/// /0000 10116 20038 30218 40221 51004 60001==
33088 32597 82604 10032 21006 30061 40256 52023 885// 555 1/002=
33135 /12// 82002 10054 20047 30080 40229 57007 75152 886// 333 88705 555 1/005 69901=
33177 32597 72704 10017 21007 30035 40279 52007 87500 555 1/001=
33317 314// 63004 10029 21000 39922 40266 52016 70241 86500 333 86618 555 1/002=
33393 /1560 62903 10019 21007 39893 40296 52010 70282 84530 333 84626 555 69901=
33415 32597 83302 10043 20015 39873 40277 52019 885// 333 88624 555 1/001=
33429 31294 83307 10038 20024 39839 40269 52015 71042 886// 333 88706 555 1/003=
33466 31456 82602 10054 20042 30056 40246 58002 71022 886// 555 11005=
33506 31/92 90000 10050 20050 30053 40252 56007 74742 555 1/005=
33562 31459 82902 10064 20050 39954 40261 52006 71022 886// 555 1/006=
33587 31/// 90000 10056 20056 39985 40251 53002 74542 555 1/005=
33658 31581 83105 10055 20033 39975 40279 52021 70242 885// 333 88621 555 1/004=
33663 /1597 82401 10069 20060 30161 40258 52009 78082 889// 555 1/006 69931=
33664 41595 83002 10064 20064 39940 40259 52007 71022 885//=
33678 41595 82803 10055 20054 30057 40271 52002 71054 886//=
33679 41495 82801 10061 20054 30058 40251 52005 75152 886//=
33711 31/02 90901 10059 20059 30034 40246 57004 74542 555 1/005=
33745 41495 83301 10057 20056 30070 40263 52003 72884 889// 555 12006=
33748 41595 83302 10064 20064 39962 40249 52003 71044 883//=
33754 41495 83601 10071 20067 30100 40247 51003 71052 886// 333 88714=
33761 /1/92 90000 10057 20057 30027 40252 52001 74544 555 1/006 69911=
33791 31311 80000 10075 20073 30125 40253 57005 71042 886// 333 88708 555 1/007=
33815 41597 83402 10069 20062 30038 40247 52002 70284 889// 555 11007=
33837 /1/01 90000 10069 20069 30192 40244 53002 76164 555 1/006 69921=
33881 41595 83201 10071 20068 30056 40254 52005 71084 883//=
33883 41593 82901 10068 20068 30084 40247 52003 74484 883// 555 11006=
33885 41595 80000 10069 20068 30120 40263 52004 71022 885//=
33892 41/93 90000 10070 20070 30042 40256 58001 74544=
33902 31594 80000 10078 20076 30191 40251 58002 71022 885// 555 1/007=
33924 41940 01801 10060 20046 30240 40253 58002 71000==
33946 42982 81304 10086 20057 30031 40253 58003 80001==
33983 42960 00303 10020 20012 30189 40251 52002==
34300 31496 70000 10051 20036 30080 40259 56004 71022 87500 555 1/003=
34336 42660 81701 10035 20019 30191 40296 57001 885//==
34344 42560 81101 10028 20028 30208 40298 54000 885//==
34356 41410 81301 10020 20006 30161 40311 54000 71022 886//==
34357 42570 81202 10016 20005 30144 40302 54001 8855/==
34398 415// 80000 10008 21006 30311 40324 53001 71022 886//==
34415 31996 01801 10010 20004 30170 40269 58002 71011 555 1/101=
34438 42460 81203 10031 20017 30097 40292 57002 883//==
34445 42570 80902 10013 20013 30186 40303 54001 885//==
34461 42460 81201 10025 20009 30255 40312 54001 885//==
34473 425// 81802 10013 21016 30282 40322 53002 885// 555 11001=
34476 42570 81302 10019 20001 30314 40321 54000 8293/==
34504 31445 81402 10071 20062 30082 40257 54000 71022 886//=
34535 42570 70901 10009 20001 30215 40289 57002 87500==
34545 42570 81002 10032 20028 30181 40295 54001 886//==
34555 42470 81603 10026 20009 30217 40310 52002 886//==
34560 41540 71303 10020 20020 30117 40312 54000 71042 87500 333 87633==
34578 41/40 81201 10028 20010 30311 40318 54000 71022 8808/==
34579 41540 81501 10021 20005 30276 40320 54000 71022 885//==
34644 41540 80603 10034 20029 30205 40283 55001 71022 8657/==
34646 42570 80903 10029 20026 30207 40291 52002 885//==
34655 42560 81003 10028 20011 30237 40299 55001 885//==
34662 42470 71102 10029 20004 30299 40311 57001 87500 333 87618==
34691 42/70 80000 10007 21016 30541 40528 54000 8807/==
34720 42/// /0203 10026 20010 30232 40272 57004==
34727 42960 00603 10022 20007 30239 40270 55002==
34743 41440 80902 10034 20024 30198 40288 52001 71022 885//==
34759 41440 80903 10027 20027 30157 40291 57001 71022 885//==
34772 42460 80902 10021 21010 30312 40315 57002 885//==
34785 42560 80702 10006 21020 30338 40315 57007 885//==
34798 42960 00803 11035 21056 30436 40406 57006==
34824 41940 40902 10027 20007 30257 40262 57002 71011 80001==
34838 42660 80802 10016 21008 30164 40263 54000 885//==
34845 42970 01103 10015 20003 30159 40269 54000==
34858 41/10 81203 10041 20041 30170 40280 55002 71022 8801/==
34861 41540 81204 10010 21004 30044 40293 54000 71022 885//==
34866 42560 81103 10009 21012 30308 40299 57003 885//==
34880 42960 00702 11012 21033 30334 40307 57005==
34887 42970 00000 11022 21041 30326 40303 57003==
34949 41340 81406 11007 21009 39709 40271 52002 71042 886// 333 90760 91110==
34954 42460 80902 10018 20005 30099 40277 57001 886//==
34958 42570 80000 10023 20021 30076 40280 54000 885//==
34975 41940 01002 11012 21022 30297 40293 57003 71012==
34984 41940 00403 11030 21037 30331 40300 57005 71000==
35217 425// 82302 10005 21001 30284 40325 52003 885//==
35302 415// 82603 10006 21006 30304 40325 52003 71022 886//==
35315 425// 82003 11002 21017 30273 40331 52003 885// 555 1/100=
35344 429// 82705 11032 21047 30020 40315 56002 885// 555 1/105=
35358 42/// 81103 11042 21065 30142 40317 57005 8802/==
35368 415// 81807 11028 21062 30056 40329 57009 73632 885// 555 1/104=
35386 425// 80000 11152 21176 39825 40384 57002 885// 555 1/116=
35394 41560 81801 11146 21167 39668 40393 54000 77072 885//==
35404 425// 82302 10008 21003 30321 40329 53002 885// 555 12000=
35406 425// 82002 11002 21026 30331 40333 54000 885//==
35416 425// 82301 11019 21058 30215 40338 52001 885//==
35426 425// 82303 11020 21048 30037 40335 53002 885//==
35437 415// 82301 11027 21050 30095 40419 53002 70272 8802/ 555 1/105=
35449 425// 82102 11028 21048 30223 40328 57001 885// 555 1/103=
35497 425// 80000 11194 21202 39814 40709 54000 885//==
35498 429// 80000 11216 21237 39469 40436 52005 8801/ 555 1/131=
35514 42598 71602 11020 21092 30542 40538 54000 87500 555 1/103=
35522 415// 82402 11019 21044 30082 40340 54000 77177 8802/ 555 1/103=
35542 425// 82703 11023 21039 30180 40331 57002 885// 555 1/104=
35563 41596 81904 11076 21094 39551 40351 57004 71022 885// 555 1/109=
35576 41/// 91401 11160 21173 39912 40397 57001 74944 89///==
35582 429// 50701 11253 21292 39791 40466 52021 80003 555 1/127=
35594 429// 00000 11257 21281 39506 40444 58004 555 1/127=
35605 42998 00000 11044 21050 30349 40327 57004 555 1/105=
35633 415// 82603 11028 21041 30123 40342 53002 71022 885// 555 1/105=
35671 42570 61301 11072 21097 39920 40367 57010 86500==
35699 429// 00000 11171 21205 39594 40411 52007==
35700 42970 00803 11037 21045 30351 40327 57001==
35715 42597 30000 11030 21057 30347 40332 54000 83500 555 14104=
35739 426// 80000 11028 21055 30205 40349 58003 885// 555 1/103=
35746 415// 82604 11024 21036 30285 40354 53002 70272 885//==
35777 425// 80000 11118 21145 30079 40450 52019 885// 555 1/114=
35796 42960 01401 11173 21192 39934 40406 52011==
35849 425// 80000 11010 21036 30271 40359 58002 885//==
35895 42997 02902 11179 21198 39938 40422 52002 555 1/120=
35907 42998 00905 10007 21010 30336 40305 52002=
35925 429// 01603 11038 21059 30228 40343 54000==
35927 419// 01401 11028 21034 30327 57001 71000=
35953 425// 80000 11019 21037 30230 40363 57003 885//==
35969 425// 80000 11026 21067 30200 40379 54000 885//==
35997 416// 43201 11126 21153 39944 40407 54000 71011 84500 333 91106 555 1/114=
36259 12584 11601 11327 21360 38265 48563 52007 60002 81900 333 21327 48011 55081==
36335 429// 72301 11167 21192 39314 40412 52005 87050 555 1/118=
36358 429// 63602 11200 21223 39310 40414 52002 86030 555 1/122=
36394 426// 21302 11261 21273 39956 40429 52007 81501=
36397 41/// 80000 11260 21276 39804 40434 52010 70272 8802/==
36403 415// 82602 11163 21177 30015 40404 52012 77177 8802/ 555 1/117=
36418 419// 81102 11088 21091 39721 40360 52009 77177 8802/ 555 1/109=
36421 419// 81101 11134 21144 39767 40364 52005 77177 8802/ 555 1/114=
36428 416// 80801 11110 21123 39838 40364 53007 77172 8351/==
36439 417// 81307 11129 21147 39038 48534 53002 73673 8251/ 555 1/113=
36498 426// 73403 11155 21185 39555 40400 52008 85530 555 1/116=
36501 426// 60000 11190 21210 39592 40408 52002 86500 555 1/124=
36535 41/// 82701 11152 21157 39714 40389 52010 77172 8802/==
36546 419// 82102 11101 21106 39805 40369 52014 77172 8802/ 555 1/114=
36619 416// 82701 11119 21128 70272 885// 555 1/114=
36622 429// 83102 11178 21196 39543 40410 52014 8807/ 555 1/119=
36639 41/// 80000 11073 21098 39747 40374 52016 77173 8802/==
36643 415// 83106 11118 21131 39679 40376 52019 77172 8657/ 555 1/112=
36665 429// 71101 11109 21151 39594 40353 52005 80001 555 1/114=
36666 425// 62304 11145 21159 39854 40379 52012 82601=
36729 41596 82604 11058 21076 39891 40389 52010 77177 8802/ 333 91111 555 1/107=
36736 415// 82803 11059 21070 39814 40386 52013 77177 8802/ 555 1/106=
36744 429// 50000 11165 21178 39924 40410 52006 80001 333 91104 555 1/118=
36770 415// 82401 11062 21077 39642 40395 52005 77177 8802/ 333 91110 555 1/109=
36786 41997 80000 11083 21093 39430 40387 52002 77177 8802/ 333 91109=
36796 41996 80000 11101 21109 39132 48581 51004 77177 8802/ 333 91104=
36803 42599 83002 11053 21082 39918 40382 52015 886// 333 91108=
36806 419// 80000 11072 21122 39881 40369 52012 77172 8802/ 333 91108=
36819 415// 83201 11082 21100 39750 40391 54000 71072 83521 333 91112=
36821 41/// 70000 11117 21122 39889 40410 52004 71022 87070 333 90760 91112==
36839 41496 80000 11080 21110 39217 40394 52002 71072 8367/ 333 91106=
36843 419// 80000 11077 21098 39170 40393 52004 70272 8807/ 333 91105=
36846 414// 80000 11108 21113 38698 48576 51002 77177 8872/ 333 91111=
36859 41/// 80000 11062 21077 39603 40418 52003 70272 8807/ 333 90760 91105==
36870 425// 80901 11054 21094 39329 40378 53001 889// 333 90760 91103==
36874 426// 81801 11079 21097 39702 40526 52002 885// 333 91109=
36877 429// 50000 11150 21161 39748 40841 52002 83031 333 91106=
36885 415// 80000 11061 21083 39218 40389 53002 77172 8872/ 333 91108=
36889 429// 01802 11171 21238 37046 47066 52003 333 91104=
36894 415// 80000 11050 21070 39627 40393 51001 70282 8697/ 333 91100=
36905 415// 81901 11077 21090 38843 48586 58001 77172 8802/ 333 91105=
36911 429// 80000 11087 21062 39360 40378 57015 8802/ 555 1/109=
36927 42697 32716 11098 21140 38394 48558 52001 83900 333 91120=
36934 42597 33401 11075 21158 38304 48436 54000 82930=
36953 415// 82901 11130 21139 38260 48508 52002 70272 8802/ 333 91104 555 1/114=
36963 429// 21602 11167 21209 37035 48/// 52005 80001 555 17123=
36974 417// 40000 11146 21152 38043 48596 52006 70272 84500 555 17120=
36982 419// 50401 11238 21270 36496 47136 52004 70272 85030=
37018 42960 80602 10069 20002 30164 40240 52013 80001==
37031 42560 61203 11001 21018 30054 40255 57001 82501==
37054 41440 81002 10012 21005 39886 40280 55001 71022 885//==
37061 41520 80903 10041 20032 30110 40282 57001 71022 885//==
37085 42540 80705 10040 20028 30313 40285 58004 885//==
37171 42940 40702 10046 20007 30224 40243 52009 80001==
37228 41/02 90000 11031 21033 39412 40278 57001 74541 89///==
37235 41/05 92001 10010 20010 39948 40273 57002 74544 89///==
37472 42/40 81102 10066 20059 30290 40267 57004 8807/==
38149 42570 81204 11003 21034 30273 40353 57005 885//==
38178 415// 83102 11022 21028 30049 40347 52002 71022 885//==
38262 425// 80901 11006 21027 30269 40354 57007 885//==
38264 42470 70802 11001 21040 30251 40349 57005 875// 333 87617==
38345 41998 01001 11125 21152 38898 48575 57004 70271 555 1/116=
38353 429// 81801 11070 21087 39451 40403 57003 8803/=
38388 42998 01102 11030 21093 30276 40351 52005 555 14105=
38392 42997 50803 11013 21037 30229 40336 57010 85030 555 14101=
38396 42860 30703 11020 21043 30212 40341 57009 83500==
38403 429// 00502 11012 21089 30219 40345 52003==
38413 42/// 80703 11007 21053 30030 40332 57010 8807/==
38457 42960 03601 11018 21032 39730 40343 57004==
38462 429// 20000 11081 21176 38842 48557 58001 80001==
38507 42996 00000 11014 21047 30173 40280 57008 555 10103=
38545 42998 00402 11044 21050 30155 40340 57009 555 14108=
38565 129// 00000 11064 21080 39700 40279 57006 60002==
38579 125// 80000 10006 21008 39902 40335 57004 60002 885//==
38583 12/60 40501 11019 21022 30005 40341 57004 60002 82041==
38599 41996 00704 11003 21021 39781 40338 58008 71011=
38611 41/20 83302 10008 21016 39766 40346 57004 71052 8802/==
38613 429// 70102 11042 21068 39418 40365 57004 87020 555 1/103=
38616 415// 70000 1//// 21034 39315 40373 54000 70272 87500=
38618 426// 81501 10011 21006 39629 40341 57006 8457/==
38647 42997 00808 11005 21040 30211 40255 57006 555 14102=
38656 42998 00904 11014 21054 30195 40310 57005 555 10103=
38683 41940 03602 11027 21027 30038 40328 57006 71000==
38687 41996 00000 11040 21038 30100 40348 58003 71100 555 14104=
38696 12/// 30902 11018 21021 39438 40329 58017 60002 83080==
38713 429// 31402 11051 21096 39123 48550 56005 83030=
38750 42997 03202 10023 21014 30295 40266 54000 555 10001=
38763 42997 01005 10004 21013 30164 40273 57004 555 10101=
38774 42995 01101 11004 21025 30087 40291 57007 555 10102=
38799 42997 00902 11024 21036 30083 40327 57011 555 11103=
38806 42997 00000 11040 21074 30045 40320 57003 555 14105=
38812 41940 00502 11013 21033 39847 40320 57006 71000==
38836 416// 82702 10016 20016 39318 40278 58009 71022 885//=
38880 42997 01002 11012 21024 30019 40286 57011 555 10101=
38886 42997 01302 11011 21040 30075 40313 57009 555 14103=
38895 42996 00000 11004 21025 30026 40329 57007 555 14104=
38911 42997 40504 10010 21043 30008 40313 57006 80002 555 10001=
38915 42997 30000 10000 21012 39988 40326 57005 83050 555 12102=
38927 11641 80402 10033 20015 39920 40307 57011 60002 71022 884// 333 88648==
38933 427// 83601 10031 21014 39790 40318 57013 885//=
38944 426// 80201 10025 20012 39695 40245 57009 885//=
38954 429// 00000 11077 21103 37985 48600 52003=
38974 42998 01402 11009 21034 30000 40351 52005 555 10101=
38987 42496 80401 10008 21003 39536 40305 57008 885// 555 11001=
40180 11560 21203 10131 20114 30174 40224 57002 69931 70161 82800 333 70000==
40199 02/// /3602 333 70000==
40255 16/// /2704 10094 29090 3//// 4//// 5//// 60031=
40265 11957 02203 10078 20070 39431 40230 57001 69921 71000=
40270 11558 52908 10094 20067 39317 40217 57003 69901 75065 82700 333 82720 83830=
40272 31650 30000 10094 20065 39384 40221 57006 71000 83600 333 83640=
40296 36/// /3005 10174 29061 3//// 4//// 5////=
40310 36/// /2909 10055 29071 3//// 4//// 5////=
40340 31950 03607 10126 20042 30170 40235 52002 70500=
40356 32960 02705 10065 20010 39217 48524 333 59039 555 04410 50195=
40357 32960 02404 10068 21020 39534 40177 333 59059=
40360 32960 02906 10074 20020 39617 40210 333 59022=
40361 32960 02907 10075 21050 39416 40238 333 59044=
40362 32960 00000 10048 21090 39668 40190 333 59054=
40373 32960 00000 10074 21080 39775 4019 333 59037=
40375 32960 00000 10071 21030 39322 40204 333 59006=
40394 32960 01802 10058 20020 39049 48521 333 59052 555 04410 50186=
40400 32960 00104 10173 20070 30133 40161 333 59022=
40405 22960 00901 10077 21010 39441 40210 333 59046 60005==
40417 32960 02704 10090 21030 30170 40185 333 59019=
40420 32960 03306 10108 21070 39976 40192 333 59021=
40430 32960 00305 10174 20030 39426 40175 333 59051=
40437 32960 00000 10059 21060 39487 40203 333 59033=
40439 32960 02706 10198 20070 30114 40132 333 59026=
40582 32960 00000 10073 21052 40192 56004 333 00005 55300 00000 10219 20000 30000 40898 51116 60000 55407 40000 90467 91001 91103 91201 91301=
40703 12960 00000 11048 21096 38963 40260 54000 60001 333 70000 555 11060 29069=
40706 12560 40303 11040 21117 38686 40256 57001 60001 81401 333 70000 81630 84068 555 11059 29055=
40712 11957 02703 11029 21095 38714 40247 54000 60001 70500 333 70000 555 11046 29060=
40713 11957 00802 11025 21096 38683 40224 53001 60001 70500 333 70000 555 11045 29058=
40718 12560 71301 10089 20065 30287 40258 58003 60001 84570 333 70000 84620 87458 555 10078 29085=
40732 12560 70000 10096 20054 30274 40250 56001 60001 87300 333 70000 82922 86625 555 10077 29075=
40736 12960 00000 10059 20051 30283 40257 56005 60001 333 70000 555 10056 29095=
40738 12960 00000 10012 20001 30267 40269 57008 60001 333 70000 555 10008 29092=
40739 12965 03201 11032 21140 38737 40265 57007 60001 333 70000 555 11058 29043=
40743 12660 31004 10023 21093 39115 40245 58006 60001 82502 333 70000 82635 555 11014 29042=
40745 11956 00000 11026 21039 39104 40284 58010 60001 71000 333 70000 555 11029 29091=
40747 12960 00000 11044 21073 38666 40238 56002 60001 333 70000 555 11051 29080=
40754 11954 03102 10022 21057 38872 40236 56007 60001 70500 333 70000 555 11002 29054=
40762 12965 00702 11015 21099 38580 40227 57009 60001 333 70000 555 11038 29053=
40766 11958 30000 11008 21064 38711 40211 58008 60001 70500 80001 333 70000 83070 555 11026 29066=
40768 12960 01301 11069 21080 38282 40246 57004 60001 333 70000 555 11070 29092=
40769 12960 00701 11030 21052 38315 40219 57008 60001 333 70000 555 11036 29085=
40782 12960 01601 11012 21053 38883 40206 56005 60001 333 70000 555 11025 29074=
40785 12960 00000 10011 21013 39146 40259 57003 60001 333 70000 555 10002 29084=
40798 12960 03201 11085 21115 37982 40252 57006 60001 333 70000 555 11090 29079=
40800 12960 00000 11039 21080 38498 40245 57005 60001 333 70000 555 11050 29073=
40809 12965 01202 11061 21153 38516 40219 57009 60001 333 70000 555 11081 29048=
40811 12960 03301 10084 20009 30151 40177 56004 60001 333 70000 555 10054 29059=
40821 12960 01201 10019 21077 38833 40250 57006 60001 333 70000 555 11013 29049=
40831 12960 02802 10075 20003 30184 40192 54000 60001 333 70000 555 10047 29060=
40841 12960 01202 11054 21096 38276 40248 58001 60001 333 70000 555 11064 29069=
40848 12960 00000 10004 21050 38544 40208 58003 60001 333 70000 555 11014 29067=
40854 12960 02803 10056 21057 38980 40196 57007 60001 333 70000 555 10016 29044=
40856 12960 01602 11039 21109 38658 40229 57008 60001 333 70000 555 11057 29058=
40859 12960 03402 11004 21117 38726 40207 58006 60001 333 70000 555 11034 29042=
40875 12965 03603 10131 21066 30156 40168 57010 60001 333 70000 555 10061 29025=
40879 12960 00202 10053 21102 39502 40192 56006 60001 333 70000 555 10006 29032=
40883 12960 00103 10143 20048 30145 40173 53003 60001 333 70000 555 10099 29053=
40898 11958 00403 10171 21074 30151 40160 51005 60001 70500 333 70000 555 10081 29018=
41024 22660 20203 10234 20160 30104 40130 82500 333 59004 60005 82640==
41036 22560 22605 10130 20020 38570 48519 82500 333 59020 60005 82630==
41055 22960 00903 10119 21010 38371 48519 333 59017 60005==
41061 22960 01310 10126 21010 39463 40173 333 59024 60005==
41084 22960 00103 10133 21010 38860 48514 333 59027 60005==
41112 22960 02006 10120 20100 37946 48513 333 59009 60005==
41114 22960 00000 10115 21010 37983 48516 333 59010 60005==
41128 22960 00000 10118 20000 38837 48539 333 59023 60005==
41136 22960 00604 10134 21010 39354 40174 333 59012 60005==
41140 22560 40000 10255 20210 30112 40122 84400 333 59015 60005 84630==
41150 32962 02804 10161 20123 40180 333 59016=
41170 22960 03208 10164 20122 30164 40178 333 59015 60005==
41176 34/55 /3205 10144 20117 30179 40185 333 5////=
41184 32960 02003 10108 20046 40171 333 58004=
41194 12960 01705 10171 20086 30158 40164 60001 333 58001 70000=
41216 32960 09902 10161 20138 30161 40166 333 59008=
41217 32960 01804 10153 20109 30132 40162 333 59008=
41244 36/// /1500 10124 20075 39727 40156 333 0E019 55300 25022 59008=
41246 36/// /2502 10191 20108 30156 40159 333 0E019 55300 25022 58004=
41255 36/// /0906 10165 20055 39618 40136 333 0E016 58000=
41257 36/// /1403 10143 20066 39663 40172 333 0E014 55300 20000 58004=
41267 36/// /3211 10222 20116 30134 40147 333 0E021 58009=
41268 36/// /0107 10209 20087 30093 40141 333 0E021 55300 25022 58004=
41275 36/// /3407 10129 20076 39998 40174 333 0E013 55300 20000 58005=
41288 36/// /1008 10217 20162 30126 40149 333 0E021 59003=
41316 32980 09906 10213 21001 30130 40160 333 58006 55000 55407 55408 55507 55508=
41506 12920 03604 10040 21054 38514 48120 60002 333 58006==
41508 12920 00000 11006 21019 38662 48250 60001 333 58016==
41515 12920 00000 10010 21032 38585 48440 60001 333 58015==
41516 12940 00000 11020 21051 38550 48060 60001 333 58018==
41517 11440 80000 11010 21037 37787 48260 60002 70422 8862/ 333 5688/ 58025==
41518 12440 61801 10033 21026 30001 48010 60001 83520 333 56880 58000==
41519 12440 30000 10055 21023 38763 48970 60001 83500 333 56800 59006==
41523 12940 00000 10005 21008 39071 48650 60001 333 59011==
41535 11420 80000 10050 20014 38688 48550 60021 76162 8852/ 333 5688/ 58002==
41536 12940 50000 10090 20023 39026 48910 60001 85010 333 56080 58010==
41560 12940 00000 11015 21043 38282 48170 60001 333 59005==
41571 11900 70507 10100 20035 39533 40143 60002 70522 84530 333 56880 58001==
41598 11420 80000 10115 20085 39842 40119 60001 71022 88520 333 56880 58011==
41600 11420 50000 10110 20100 39817 40119 60001 71022 83470 333 56880 58016==
41620 11940 02701 10010 21049 38562 48630 60001 70500 333 58004==
41624 11910 00501 10100 20057 39911 40117 60001 70400 333 58002==
41630 11940 02301 10080 20058 30000 40124 60001 70400 333 58014==
41640 11410 80000 10135 20106 39866 40119 60001 71022 8851/ 333 5688/ 58020==
41660 12900 02302 11020 21083 38425 48190 60001 333 59001==
41678 11920 00000 10100 20057 30000 40104 60001 70400 333 59010==
41696 12940 00000 11070 21103 38016 48640 60001 333 58002==
41697 12940 00000 10125 21011 39952 40113 60001 333 58003==
41700 11910 00000 10095 20074 39968 40100 60001 71000 333 58010==
41710 12940 03102 10030 21058 39387 40201 60002 333 59006==
41712 12940 00000 10020 21054 39213 48950 60002 333 59014==
41715 11905 00000 10090 20057 30046 40113 60001 70400 333 58000==
41718 11910 00000 10080 20058 30006 40114 60001 71000 333 58004==
41725 11940 00000 10130 20068 30027 40108 60002 70500 333 59003==
41739 12940 00000 10050 20014 39077 48120 60001 333 58002==
41744 12940 00000 10020 21020 38767 48810 60002 333 58001==
41749 11920 03102 10105 20074 30084 40117 60001 70400 333 59014==
41756 11920 03603 10170 20105 30085 40152 60001 70504 333 59008==
41757 12940 00503 10115 21073 30150 40163 60002 333 58014==
41759 12940 03601 10125 20049 30137 40143 60001 333 58001==
41764 12940 00000 10135 20049 30056 40107 60001 333 58004==
41768 12940 00000 10090 20045 30097 40104 60001 333 58003==
41780 11940 00201 10130 20043 30085 40114 60001 70400 333 58006==
41785 12940 02301 10120 20079 30096 40109 60001 333 58002==
41859 01901 00502 10151 20150 30086 40125 74741 89/// 333 58022 70000==
41883 02930 00000 10146 20140 30098 40119 333 58018 70000==
41891 01415 80000 10184 20170 30085 40125 71022 8532/ 333 58019 70000 81710 84615 88460 81930==
41907 01930 00000 10146 20140 30099 40115 70500 333 58018 70000==
41923 01325 70000 10214 20190 30109 40119 70522 84670 333 58014 70000 81709 83615 85458==
41936 01/02 20000 10200 20190 30098 40105 74644 82030 333 58008 70000 82362==
41943 01430 80000 10190 20180 30112 40120 70522 8662/ 333 58006 70000 83710 84615 88458==
41950 41901 00000 10208 20208 30113 40115 74722 89/// 333 58008==
41978 01309 40402 10193 20180 30116 40122 74421 84700 333 58005 70000 84709==
41992 01915 00302 10195 20190 30119 40121 71000 333 58005 70000==
42027 21594 81401 10020 20001 38401 48491 76862 8652/ 333 58010 6003/=
42071 31993 00903 10110 20099 40127 71240 333 58024=
42101 31/90 90000 10132 20132 40138 74544 333 58032=
42111 31995 02701 10094 20078 39407 40128 71000 333 58022=
42123 31994 00000 10098 20086 40121 71000 333 58019=
42165 31995 00000 10130 20103 40108 71000 333 58020=
42182 31991 00000 10112 20112 40119 74444 333 58023=
42189 31993 00000 10120 20112 40119 74144 333 58019=
42309 21594 73403 10140 20140 40133 71022 84550 333 58018 6001/=
42314 21994 50000 10138 20131 40131 71022 85030 333 58017 6003/ 85360=
42328 31995 00000 10128 20093 40090 70500 333 58002=
42339 31995 00000 10120 20075 40111 70500 333 58007=
42348 31995 09902 10140 20093 40113 70500 333 58010=
42361 31994 00000 10130 20119 40107 71000 333 58011=
42369 31995 00000 10130 20111 40116 71000 333 58012=
42379 31993 00000 10112 20104 40114 74444 333 58024=
42410 31594 70000 10144 20143 40130 71022 83530 333 58018 83620 86360=
42415 31595 80000 10168 20144 40138 71022 8453/ 333 58022 84620 88360=
42452 31995 09902 10142 20120 40089 71000 333 58001=
42492 31993 00000 10150 20132 40120 71140 333 58019=
42559 32996 01801 10142 20100 40099 333 58012=
42571 31996 00000 10140 20114 40107 70500 333 58006=
42623 31494 70000 10144 20141 39247 40129 71022 85630 333 58008 83710 85618 87360=
42634 32996 00000 10146 20124 40116 333 58007=
42647 31995 00904 10180 20114 40113 70500 333 58013=
42667 31995 01402 10140 20123 39514 40118 70500 333 58007=
42675 31995 00000 10154 20129 40104 71000 333 58008=
42724 31993 00000 10190 20190 40120 71000 333 58015=
42737 32996 02702 10162 20134 40124 333 58015=
42754 31995 02503 10144 20084 39465 40115 70500 333 58008=
42779 32996 00000 10164 20130 39402 40110 333 58028=
42798 31994 00000 10194 20171 40109 71000 333 58015=
42809 31992 20000 10224 20218 40113 74340 82030 333 58012 82360=
42840 31996 00000 10192 20155 40116 70500 333 58019=
42867 31994 00000 10186 20159 40107 71000 333 58009=
42874 31995 00000 10216 20197 40105 71000 333 58006=
42886 31993 00000 10196 20175 40110 74440 333 58010=
42895 31/91 90000 10222 20210 40108 74542 333 58013=
42909 32996 00203 10180 20138 40114 333 58013=
42971 31/91 90000 10236 20227 40108 74540 333 58006=
43003 31995 00000 10194 20171 40103 70500 333 58005=
43014 31995 03402 10170 20140 39449 40107 71044 333 58007=
43041 31995 00000 10182 20163 39495 40120 71000 333 58006=
43063 32996 00000 10164 20140 39478 40115 333 58003=
43086 31995 00000 10196 20179 39921 40102 70500 333 58009=
43128 31995 00000 10188 20165 39501 40117 71000 333 58006=
43150 31995 32702 10222 20216 30055 40116 71000 80001 333 58007 83075=
43185 31596 20000 10220 20213 30101 40105 71000 82500 333 58005 82620=
43189 31596 10000 10214 20210 30109 40118 70510 81500 333 58007=
43192 32996 00000 10230 20218 40095 333 58004=
43201 32496 10000 10188 20162 39365 40099 81500 333 58012 81612=
43213 31996 19901 10212 20176 39771 40091 70500 80001 333 58002=
43233 32996 20000 10200 20172 39294 40118 80001 333 58007=
43237 31996 00000 10198 20165 39685 40083 70500 333 58009=
43245 31596 21802 10250 20241 30079 40106 70500 82500 333 58003=
43279 31596 40000 10242 20230 30089 40107 71021 83501 333 58002 83620=
43284 31995 30503 10244 20214 39977 40093 71000 80001 333 58006 83075=
43295 31496 50903 10204 20185 39092 48498 71021 84601 333 56209 58001 82710 83612=
43314 32596 30000 10268 20242 40088 81501 333 58003=
43321 31496 60506 10236 20212 39654 40102 71021 82531 333 58003 82612 83358=
43329 31595 70000 10254 20245 30085 40099 71022 83531 333 58001=
43333 31495 40000 10256 20220 40103 70511 83401 333 59005 81618 83820=
43344 31495 40503 10250 20235 30001 40101 71011 82501 333 59007 82616 83075=
43353 31495 41803 10268 20240 40089 71021 81530 333 56790 58006 81616 83358=
43369 32596 30000 10266 20257 40085 83500 333 58003 83620=
43371 21596 40000 10250 20247 30016 40089 70521 82502 333 58002 6001/ 82620=
43404 22970 30400 10234 20234 30088 40091 5/002 333 55001 553// 20000 58005 60008 91001==
43413 22470 20802 10256 20256 30096 40101 5/004 82000 333 553// 20000 58010 60008 91004==
43418 22470 50000 10255 20243 30056 40097 57/// 85100 333 58004 60008 555 60008==
43421 22470 20501 10245 39991 40097 5/003 82100 333 553// 20000 58009 60008 91002==
43422 42/// ///// 39961 40094 333 55001 58007==
43424 22470 70502 10242 20239 30093 40095 52000 87100 333 58010 60008 555 69958==
43436 22470 40501 10264 20253 30086 40089 56003 83000 333 58001 60008 555 60008==
43441 22/70 20000 10229 20221 39953 40087 54000 333 58006 60008 82/80 555 60008==
43444 22970 00901 10220 20208 39554 40081 51003 333 58004 60008 555 69928==
43450 21/57 43601 30083 55001 71021 333 58004 60008 84/18 555 60188==
43466 22/65 70501 10252 20222 30082 40090 55004 333 58002 60008 86818 91002==
43467 21430 70201 10250 20239 30085 40091 52001 71022 87200 333 58003 60008 555 69978==
43473 22470 30705 10134 20134 38110 48478 56002 83000 333 553// 20000 58000 60008 91007 555 69918==
43475 22470 33501 10254 20247 30083 40088 57002 83200 333 553// 20000 58002 60008 91003 555 69928==
43476 21450 40000 10168 20168 38762 48503 71021 82000 333 55000 58005 60008 555 60018==
43486 21/02 /3600 10229 20229 39991 40092 55005 74544 333 55000 553// 20000 58005 60008 91001==
43495 22968 00201 10245 20230 30070 40084 5/050 333 58070 60008 555 60258==
43497 22470 30102 10246 20000 30068 40085 5/003 81000 333 553// 20006 58008 60008 91004==
44212 429// 01401 11319 21363 39212 40524 52010 333 21319 3/134 47018 55027==
44213 11/// 50000 11261 21298 38844 40484 52008 69932 77872 85010 333 21292 3/131 47014==
44214 42970 03404 11189 21261 38296 40444 52005 333 21202 3/124==
44215 329// 00000 11249 21282 38427 40486 52009 333 21256 46003 91202 555 31306=
44217 32998 00000 11267 21308 37852 40570 52006 333 21267 47002 91200 555 31306=
44218 429// 00000 11262 21299 38637 40489 52009 333 21262 3/130 43004==
44219 31999 60802 11250 21276 38655 40480 53010 77600 86070 333 21263 47005 91203 555 31273=
44265 429// 30801 11259 21289 38907 40492 52008 80004 333 21268 3/132 47008==
44266 329// 03504 11189 21235 37756 40443 52011 333 21192 45000 91204 555 31234=
44404 42956 00903 10046 20026 38104 48454 80000 333 58008=
44416 42956 00302 10058 20054 39350 40118 80000 333 58023=
44424 42958 00000 11046 21092 37666 47028 80000 333 58020=
44434 42556 23303 10102 20093 39216 48499 82100 333 58028=
44438 41/00 91804 10098 20098 39988 40117 743// 89/// 333 58017=
44449 41940 00000 10116 20116 39959 40116 710// 80000 333 58025=
44454 41450 20903 10058 20054 38649 48484 71000 82100 333 58025=
44462 42250 82704 10072 20068 38225 48451 88800 333 58014=
44474 41006 80000 10062 20053 38224 48470 74044 888// 333 59060=
44477 41430 10000 10090 20083 38799 48505 710// 81100 333 58023=
44478 41902 00000 10094 20090 30035 40117 746// 80000 333 58029=
48010 42505 63601 10155 20152 39960 40117 84730 333 20145 58012==
48020 42310 20000 10150 20142 82800 333 20140==
48025 11110 62202 10162 20117 39988 40132 58029 60002 74044 85840==
48048 41940 00000 10130 20130 30048 40108 71000 333 20120 58006==
48052 32450 20000 10145 20134 82400 333 20142 56900 60002=
48062 41440 20302 10185 20175 30105 40111 71011 82500 333 20132 58001==
48064 42940 01401 10165 20154 30022 40081 333 20142 59001==
48094 41950 00000 10200 20195 30089 40099 71000 333 20190 59011==
48109 42420 20000 10235 20209 30108 40112 82500 333 20178 58006==
51076 14059 00201 11186 21210 39444 40405 52001 60001 333 11090 21190 3/102 4/027 58069 70003 90761 91102==
51087 14044 00801 11197 21218 39293 40420 52003 60001 71000 333 11073 21200 3/105 4/019 58070 70004 90761 91103==
51156 14080 00402 11119 21145 38747 40372 52004 60001 333 11065 21134 3/112 58057 90761 91106==
51243 14/50 /0601 11119 21156 39798 40390 52004 60001 70500 333 11085 21137 3/111 4/001 58073 70000 90761 91103==
51334 14032 02201 11128 21147 39956 40392 52012 60001 70500 333 11031 21152 3/108 4/012 58069 70000 90761 91103==
51379 14069 02101 11176 21197 39378 40403 52007 60001 333 11065 21187 3/106 4/023 58059 70021 90761 91103==
51463 14061 02501 11090 21111 39119 40380 52010 60001 333 11059 21129 3/101 4/036 58059 70013 90761 91105==
51573 14/60 /0103 11036 21133 30270 40322 52009 60001 333 10021 21054 3/111 58054 70000 90761 91104==
51644 14/57 /3401 11081 21117 38997 40313 52003 60001 333 10012 21132 3/105 4/004 58054 70000 90761 91103==
51656 14/57 /2402 11085 21109 39212 40326 52007 60001 70500 333 10010 21119 3/112 58058 70000 90761 91104==
51709 14/62 /2902 11078 21162 38655 40287 52006 60001 333 10049 21104 3/110 58044 70000 90761 91105==
51711 14/63 /2503 11106 21175 38021 40257 52004 60001 333 10032 21119 3/117 58046 70000 90761 91107==
51716 14060 03302 11095 21173 38951 40303 52009 60001 333 10046 21106 3/115 58042 70000 90761 91103==
51765 14/65 /0602 11091 21127 39270 40316 52004 60001 333 10041 21112 3/114 58052 70000 90761 91103==
51811 14062 02801 11074 21171 38821 40278 52010 60001 333 10094 21102 3/115 58039 70000 90761 91104==
51818 14/70 /2601 11088 21197 38665 40282 52011 60001 333 10083 21088 3/117 58037 70000 90761 91104==
51886 14/80 /1403 11113 21181 37091 40250 52004 60001 333 11012 21155 3/116 58025 70000 90761 91106==
52203 14028 01901 11065 21082 39402 40331 52012 69921 77070 333 10010 21138 3/107 58054 70002 90761 91104==
52602 14/80 /0103 11093 21193 37248 40267 52007 60001 333 11008 21135 3/115 58025 70000 90761 91111==
52818 14/80 /2703 11082 21170 37208 40226 52012 60001 333 10007 21126 3/114 58020 70000 90761 91105==
52908 14/80 /2401 11213 21276 35707 40288 52003 60001 333 11074 21234 3/124 58013 70000 90761 91107==
55299 14/80 /1401 11099 21332 35798 40059 52007 60001 333 10073 21206 3/122 58014 70000 90761 91124==
55591 14/80 /3002 10047 21268 36454 49895 52006 60001 333 10186 21028 3/111 58014 70000 90761 91110==
56004 14/80 /2902 11222 21268 35770 40272 52008 60001 333 11035 21227 3/126 58015 70000 90761 91110==
56018 14/78 /1902 11154 21271 36124 40135 52011 60001 333 10072 21154 3/120 58008 70000 90761 91107==
62306 42960 02304 10131 20076 40254 57012==
62309 42960 03303 10150 20102 40238 57014==
62332 42560 33509 10171 20108 40238 57004 83100==
62337 42960 00000 10107 20073 40229 57004==
62366 44958 00000 10132 20089 40238 57008 70500==
62387 42960 03406 10112 20080 40226 57010==
62393 42960 03608 10114 20056 40236 57006==
62405 42960 01402 10130 20023 40188 57003==
62414 42960 03505 10154 20040 40182 57006==
62419 42960 03405 10147 20009 40177 57004==
62420 42960 03505 10122 20078 40241 57005==
62435 42960 03510 10134 20027 40216 57004==
62458 42960 03203 10154 20088 40230 52004==
62465 42960 03116 10195 20061 40175 57011==
41256 32960 02504 10168 20081 30140 40157 92345 333 58005 55000 55407 55408 55507 55508=
40100 43/70 80904 10135 20084 30220 40236 55002 6///1 333 58///=
