SMPK OPKC 080000=
41504 02995 00000 11050 21117 37914 48589 60002 333 58006 60007 56%=
41505 22595 52304 11030 21050 38/// 48/// 60001 80030 333 56090 58/// 83360 90%=
41506 02995 03604 10050 21024 38553 48550 60002 333 58002 60007 59%=
41507 02996 00906 10060 20026 39284 49820 60002 333 58000 60007 79%=
41508 02996 20000 10007 21023 38684 48547 60002 80001 333 56009 59004 60007 82070 82%=
41509 02696 20000 10040 20003 38799 48535 60002 82500 333 56900 59003 60007 82640 77%=
41510 02996 00000 11020 21020 37927 48555 60002 333 59011 60007 100%=
41515 02995 40000 10014 21043 38584 48543 60002 84020 333 56090 58011 60007 84460 65%=
41516 02996 30000 11020 21051 38601 48553 60002 83030 333 56090 58002 60007 83363 79%=
41517 11696 30000 11055 21085 37847 48597 60002 70400 83500 333 56900 58002 83640 77%=
41518 02696 71802 10039 21011 38/// 48/// 60002 83520 333 56990 5//// 60007 83640 85462 69%=
41519 02696 30000 10060 21016 38822 48552 60002 83500 333 56900 58023 60007 83640 58%=
41520 02995 00000 11045 21110 37667 48338 60002 333 58007 60007 57%=
41523 02996 00000 10030 21009 39120 48514 60002 333 59022 60007 76%=
41524 02696 53102 10120 21046 39379 40255 60002 83520 333 56990 59011 60007 83640 82460 31%=
41525 12996 30000 10010 21048 37690 48422 60002 80001 333 56009 58009 83070 61%=
41528 01696 60000 10060 20038 39240 48508 60002 7040l22 83520 333 56990 59007 60007 83640 83460 86%=
41529 02996 00000 10080 20020 39780 40175 60002 333 59041 60007 66%=
41530 019// 32704 10110 21038 39744 40175 60002 70500 80001 333 56009 59031 83070 35%=
41534 02696 30000 10060 20036 39751 40183 60002 83500 333 56900 59037 60007 83640 85%=
41535 02996 00000 10030 20005 38723 48485 60002 333 59010 60007 84%=
41536 02996 00000 10050 20027 39053 48507 60002 333 59002 60007 85%=
41560 02996 00000 11010 21053 38293 48528 60002 333 58011 60007 73%=
41562 02996 03102 10080 20005 39705 40185 333 59023 60007 59%=
41565 02995 23106 10039 21044 38639 48504 60002 82020 333 56090 59010 60007 82460 54% =
41567 01696 30000 10080 20033 39714 40145 60002 70400 82530 333 56990 58005 60007 82640 82360 72%=
41571 119// 62304 10080 21005 39574 40176 60002 70522 82031 333 56099 59016 55%=
41572 01996 32310 10080 21038 39514 40159 60002 70500 80001 333 59026 60007 83070 43%=
41573 02697 40000 10025 21058 37972 48510 60002 84500 333 56900 59004 60007 84640 54%=
41574 02997 00000 10005 21013 38368 48551 60002 333 58008 60007 91%=
41576 01996 12704 10100 21001 40183 60002 70400 81030 333 56090 59023 60007 81360 50%=
41577 01996 00000 10055 20020 39539 40179 60002 70400 333 59025 60007 78%=
41593 01996 40000 10100 20044 39932 40156 60002 70422 84070 333 56090 59026 60007 84460 68%=
41597 01996 50000 10100 20057 39866 40169 60002 70422 85030 333 56090 59025 60007 85362 74%=
41598 01995 00000 10080 20020 39880 40162 60002 70400 333 59016 60007 66%=
41598 01995 00000 10080 20020 39880 40162 60002 70400 333 59016 60007 66%=
41599 01996 00000 10075 20035 39857 40159 60002 70400 333 59022 60007 78%=
41600 00000KT 4000 FU SCT100 08/06 86%=
41600 01996 30000 10080 20058 39863 40170 60002 70411 82020 333 56090 59007 60007 83460 86%=
41620 31696 31802 10010 21066 38606 48505 60002 70500 83500 333 58003 56900 60007 83640 56%=
41624 01995 00502 10110 20043 39957 40164 60002 70400 333 59032 60007 63%=
41625 01996 00000 10090 20045 39938 40145 60002 70400 333 59001 60007 73%=
41630 01996 20000 10090 20045 40168 60002 70400 82030 333 56090 59032 60007 82360 73%=
41634 02996 00000 10060 20013 3//// 4/// 60002 333 5//// 60007 72%=
41635 01996 20000 10080 20033 3//// 4//// 60002 70400 82030 333 56090 5//// 60007 82362 72%=
41636 21996 00000 10090 20045 39981 40171 60002 70400 333 59036 60007 73%=
41638 01996 40000 10090 20058 4//// 60002 70400 84070 333 56090 5//// 60007 84460 86%=
41639 01996 02704 10090 20032 3//// 4//// 60002 70400 333 5//// 60007 67%=
41640 01996 30000 10125 20049 39897 40152 60002 70400 83030 333 56090 59031 60007 83360 60%=
41641 01996 00000 10100 20057 39875 40159 60002 70400 84070 333 56090 59020 60007 84460 74%=
41642 01995 03102 10090 20057 3//// 4//// 60002 71000 333 5//// 60007 80%=
41643 01995 00000 10070 20047 39868 40156 60002 71000 333 59029 60007 85%=
41644 01994 00000 10090 20069 4//// 60002 71000 333 5//// 60007 86%=
41646 01995 00000 10090 20069 39957 40180 60002 71000 333 59029 60007 86%=
41646 01995 00000 10090 20069 39957 40180 60002 71000 333 59029 60007 86%=
41646 01995 00000 10090 20069 39957 40180 60002 71000 333 59029 60007 86%=
41652 01696 53602 10085 20039 39976 40162 60002 70400 82530 333 56990 59037 60007 82640 84360 72%=
41660 029// 51304 10070 21043 38437 48528 60002 333 56090 59008 60007 85360 44%=
41661 02696 20000 10040 21008 38386 48517 60002 333 56900 59020 60007 82635 71%=
41669 01996 40000 10115 20074 3//// 4//// 60002 70400 84030 333 56090 5//// 60007 84360 76%=
41670 01996 00000 10080 20058 3//// 4//// 60002 70400 333 5//// 60007 86%=
41674 01695 61806 10110 20068 3//// 4//// 60002 70422 82470 333 56990 5//// 60007 82840 84460 75%=
41675 01696 70000 10140 20068 30001 40148 60002 70400 82570 333 56990 59036 60007 82640 87460 68%=
41676 01994 40000 10105 20062 30022 40187 60002 70400 84030 333 56090 59023 60007 84360 75%=
41677 01995 40000 10080 20058 39982 40156 60002 71000 84030 333 56090 59024 60007 84360 86%=
41678 01696 60000 10110 20068 40166 60002 70400 83520 333 56990 59018 60007 83640 83460 75%=
41679 01996 00000 10115 20074 4//// 60002 70400 333 5//// 60007 76%=
41680 01996 60000 10115 20062 39958 40163 60002 70420 86030 333 56090 59026 60007 86362 70%=
41680 01996 60000 10115 20062 39958 40163 60002 70420 86030 333 56090 59026 60007 86362 70%=
41685 02697 50000 10090 21022 38923 48498 60002 82520 333 56990 59030 60007 82635 83460 45%=
41696 02696 80000 10025 21012 37996 48526 60002 84520 333 56990 59007 60007 84640 84460 77%=
41697 02996 00000 10085 20026 30008 40172 60002 333 58006 60007 66%=
41700 01994 40000 10120 20101 30017 40149 60002 71020 84030 333 56090 59025 60007 84360 88%=
41701 01995 50000 10110 20090 30017 40164 60002 71010 85030 333 56090 59024 60007 85360 87%=
41710 12696 30504 10110 21066 39350 40136 60002 83010 333 56090 59018 83460 29%=
41712 12696 60000 10090 21006 39190 48499 60002 83530 333 56990 59011 83640 83360 51%=
41715 01993 00000 10090 20057 30096 40163 60002 70400 333 59020 60007 80%=
41716 01995 30000 10100 20057 30053 40161 60002 70400 83030 333 56090 59042 60007 83360 74%=
41716 01995 30000 10100 20057 30053 40161 60002 70400 83030 333 56090 59042 60007 83360 74%=
41718 01995 00000 10105 20050 30045 40152 60002 70400 333 59031 60007 69%=
41724 01995 50000 10130 20091 30106 40188 60002 70522 85030 333 56090 59027 60007 85360 77%=
41725 01996 30502 10150 20092 30069 40148 60002 70500 83030 333 56090 59029 60007 83360 68%=
41739 02996 80000 10090 20035 39082 48524 60002 88030 333 56090 58009 60007 88360 69%=
41742 12996 20000 10120 20029 30069 40177 60002 82030 333 56090 59007 82360 54%=
41743 01996 30000 10110 20079 60002 70400 80001 333 56001 60007 83170 81%=
41744 12696 60000 10050 20001 38800 48514 60002 83520 333 56990 59002 83630 83460 70%=
41745 01995 20000 10105 20062 60002 70400 82030 333 56090 60007 82360 75%=
41746 21994 33604 10100 20079 30125 40182 60002 71000 83030 333 56090 59010 60007 83360 87%=
41747 01994 00000 10090 20069 30099 40161 60002 71000 333 59006 60007 86%=
41748 01994 20000 10105 20074 30105 40171 60002 70500 82030 333 56090 59006 60007 82360 81%=
41749 21995 00000 10105 20074 30143 40176 60002 70400 333 59004 60007 81%=
41756 01995 41304 10160 20124 30093 40161 60002 70504 80001 333 59014 60007 84070 79%=
41757 12996 40000 10130 20091 30154 40167 60002 84010 333 56090 59016 84462 77%=
41759 02996 50000 10100 20044 30171 40177 60002 85010 333 56090 58006 60007 85460 68%=
41764 01995 30206 10160 20069 30093 40145 60002 70500 333 59025 60007 55%=
41765 02996 03104 10150 20092 30116 40152 60002 333 59024 60007 68%=
41766 01994 23102 10100 20079 30130 40161 82500 60002 74000 333 56090 59002 60007 82630 87%=
41767 02996 00000 10120 20079 3//// 4//// 60002 333 60007 76%=
41768 02996 00000 10095 20063 30143 40150 60002 333 59003 60007 80%=
41780 02996 20502 10150 20028 30119 40147 60002 80001 333 56009 59002 60007 82070 44%=
41783 02996 00502 10145 20049 30134 40164 60002 333 58001 60007 53%=
41785 02996 00000 10125 20074 30148 40161 60002 333 59004 60007 71%=
41786 22996 00000 10070 20021 30107 40145 60002 333 59008 60007 71%=
41BAG 02696 40502 11005 21047 60002 84500 333 56900 60007 84640 73%=
41BKI 02996 30000 10080 20005 39735 40168 60002 83030 333 56090 59023 60007 83360 59%=
41SKP 01996 00000 10075 20053 3//// 4//// 60002 70400 333 5//// 60007 86%=
43532 01696 60000 10065 20043 39365 40199 60002 70402 83520 333 56990 58004 60007 83640 83460 86%=
43533 02997 00000 10065 20031 39230 48482 60002 333 59010 60007 79%=
43563 02997 00502 10100 20022 39463 40171 60002 333 59024 60007 58%=

UPPK OPKC 080000=
PPAA 5800/ 41516 MISDA DUE TO TECHNICAL FAULT=
PPAA 5800/ 41517 MISDA DUE TO SMOKE HAZE=
PPAA 5800/ 41715 NO ASCENT DUE TO BALLOONS OUT OF STOCK=
PPAA 5800/ 41739 no acent due to security risk=
PPAA 58001 41600 55185 25506 77999=
PPAA 58001 41675 55185 25512 77999=
PPAA 58001 41675 55185 25512 77999=
PPAA 58001 41678 55185 32006 77999=
PPAA 58001 41764 MISDA NO ASCENT DUE TO SHORTAGE OF 30g Baloon=
PPAA 58001 41780 MISDA NO ASCENT DUE TO RED BALLOON SHORTAGE=
PPBB 55001 41675 90/12 00000 12506 20505 903// 23007=
PPBB 58001 41600 90/12 00000 27502 29002 903// 27002=
PPBB 58001 41678 90/12 00000 33504 31504 9037/ 28001 01007=


41738 Not Received
41760 Not Received
41726 Not Received


Data Generated from File : D:/all data handling/Rmc_lhr/2025020800.FSU.txt
08/02/2025   01:03:53
____________________________________________________________________________________________
15020 04/69 /1002 11016 21069 30231 40443 54001 60001 333 55025 20497 55300 20000 60007==
15090 04570 80601 11013 21059 30341 40440 57002 60001 885// 333 55046 00203 20759 30442 55300 10050 20000 30000 60007 91002 90760 91103==
15108 02984 01010 11090 21166 38187 48607 57002 60001 333 49082 55079 21215 55300 20000 60007 91011 90760 91111==
15150 04567 83502 11016 21056 30209 40437 56004 60001 8557/ 333 55031 20628 55300 20000 60007 91005 90760 91105==
15170 04970 03301 11101 21123 39585 42936 57004 60001 333 41998 55050 20826 55300 20000 60007 91001 90760 91103==
15280 02984 01306 11100 21211 37570 47105 54001 60001 333 49083 55083 21518 55300 20000 60007 91008 90760 91111==
15310 04469 83602 11015 21062 30330 40422 57003 60001 886// 333 55069 00247 20932 30714 55300 10050 20000 30000 60007 91005 90760 91106==
15335 04470 80103 11023 21072 30412 40420 52003 60001 886// 333 55001 20267 55300 20000 60007 91006 90760 91107==
15350 04570 60304 11007 21066 30300 40428 57002 60001 86500 333 55053 20658 55300 20000 60007 91007 90760 91108==
15360 05459 83610 11015 21039 30385 40404 52004 60001 886// 333 55000 60007 91013 90760 91117==
15420 02960 00100 11068 21076 30302 40423 57002 60001 333 55038 20710 55300 20000 60007 91001 90760 91101==
15460 04/69 /0102 11013 21049 30388 40414 58004 60001 333 55061 21013 55300 20000 60007==
15470 04963 00602 11038 21073 30286 40422 50002 60001 333 55019 20532 55300 20000 60007 91003 90760 91103==
15480 04467 82401 11005 21050 30379 40397 54001 60001 886// 333 55014 10019 20397 30355 55300 10030 20000 30000 60007 91005 90760 91108==
15549 12570 70503 11037 21062 39955 40399 58004 60001 87500 333 11024 21037 555 581//=
15552 12460 83403 11007 21043 30334 40386 54000 60001 885// 222// 00069 309// 40502 333 11006 21013 555 577// 92035 92437=
15640 12670 10000 11028 21045 30061 40394 58006 60001 81500 333 11002 21029 555 588//=
15655 12968 73404 11003 21053 30351 40386 58006 60001 87030 222// 00072 10402 333 10016 21009 91116 555 569// 92037 92437=
15730 12970 33603 11030 21057 39968 40390 58006 60001 82031 333 11007 21031 555 581//=
16627 12560 10309 10008 21059 30358 40365 51002 60001 81100 333 90730 91117==
16650 12560 10513 10044 21037 30343 40353 57006 60001 81100 333 90730 91121==
16723 12560 20209 10068 21005 30273 40287 57001 60001 82200 333 90730 91120==
16742 12460 13610 10064 20003 30094 40255 58008 60001 81100 333 90730 91118==
16749 12960 00208 10104 21027 30223 40238 58007 60001 333 90730 91113==
16754 12460 63616 10100 20052 30234 40283 57010 69911 86800 333 82818 86625 90730 91124==
16760 17/// /3614 10056 20037 39854 40283 57010 60021 7414/ 333 90730 91121==
16765 26/// /3508 10097 20011 30228 40249 57008 333 60005 90730 91116==
17022 11570 72002 10024 20019 30158 40331 56004 69961 70282 85270 333 85833 87360 90760 91109==
17024 16/80 /2215 10019 20004 30232 40314 58005 60021==
17026 17/78 /3008 10052 20030 30269 40309 56002 69911 722//==
17031 11458 73120 10053 20021 30291 40298 52005 60061 71082 84250 333 82712 84830 87360 90760 91131==
17034 12670 62301 10064 20004 30246 40293 50002 60001 83230 333 83835 86360 90760 91104==
17038 12670 71903 10064 20009 30235 40284 51003 60001 87200 333 87835 90760 91112==
17042 16/73 /1104 10060 20026 30252 40292 51004 60001==
17050 16/75 /3403 10000 21062 30320 40385 57009 60001==
17056 12670 52704 10000 21040 30357 40362 57005 60001 83530 333 83635 85360 90760 91119==
17060 11458 73509 10021 20009 30302 40344 57009 60041 78088 87200 333 84711 86822 90760 91124==
17070 11562 80000 11017 21036 39412 40320 57004 69911 70272 8452/ 333 84630 88459 90760 91103==
17074 16/77 /3302 11002 21006 39342 40310 50000 60001==
17084 12670 63403 11007 21033 39356 40295 51003 60001 83550 333 83635 86360 90760 91110==
17085 11670 73007 10032 21036 39783 40290 52006 69931 70272 85570 333 85640 87360 91017 90760 91123==
17092 12670 71001 11063 21069 38887 48507 52006 60001 85550 333 85640 87358 90760 91107==
17096 12660 60909 11050 21079 38238 48509 56002 60001 84550 333 84635 86357 90760 91115==
17098 12960 00506 11062 21083 38207 48521 50000 60001 333 90760 91111==
17100 11658 60000 11010 21041 39235 40257 52006 60001 71011 83530 333 83637 86357 90760 91102==
17112 16/80 /0208 10025 21039 30349 40355 55005 60001==
17115 12460 73614 10036 20002 30292 40345 57010 60001 87200 333 84710 87830 90760 91130==
17116 11570 70405 10036 20006 30209 40335 58009 69911 70282 85250 333 85833 86359 90760 91110==
17124 12560 62303 11007 21048 39365 40317 56007 60001 86500 333 86625 90760 91111==
17128 12/70 40403 11064 21098 39160 40305 58001 60001 84030 333 84357 90760 91108==
17135 12670 81201 10011 21055 39382 40286 58003 60001 8452/ 333 84635 88460 90760 91110==
17140 11665 70304 11043 21068 38751 48528 50002 69901 70272 84250 333 84840 87360 90760 91118==
17150 11460 60110 10027 20015 30201 40330 57006 69981 78388 86200 333 83715 86835 90760 91124==
17160 12670 63505 11025 21079 39079 48530 50003 60001 86500 333 86640 90760 91115==
17170 12560 30909 11024 21115 38315 48488 56001 60001 82502 333 82630 83068 90760 91124==
17175 12665 60803 10040 21021 30317 40321 57011 60001 83250 333 83835 85360 90760 91118==
17184 12970 03604 10023 21011 30194 40310 58009 60001 333 90760 91114==
17190 12670 33201 11027 21061 39068 48549 56005 60001 83500 333 83635 90760 91109==
17195 11459 82201 11025 21036 39018 48522 50001 69941 77177 8652/ 333 84710 86625 88458 90760 91105==
17200 11225 81802 11010 21010 39210 40231 51003 60041 77177 8552/ 333 84706 85630 88458 90760 91104==
17202 11235 82203 11001 21001 39144 40218 51002 60011 77177 8652/ 333 84706 86630 88458 90760 91106==
17203 12670 61801 10014 21048 38879 48530 51001 60001 84550 333 84641 86360 90760 91107==
17210 17/// /0000 10031 20027 39124 40170 57010 69931 704//==
17219 12965 03617 10032 21016 30150 40300 57009 60001 333 90760 91128==
17234 12970 00000 10028 21022 30210 40280 55002 60001 333 90760 91103==
17237 12970 02201 10012 21052 39772 40292 57008 60001 333 90760 91105==
17240 12970 00407 10000 21063 39093 40273 57009 60001 333 90760 91122==
17244 12670 53411 11012 21073 39058 48539 58003 60001 85200 333 85840 90760 91127==
17248 16/70 /0000 11027 21046 39028 40280 58001 60001==
17250 16/// /0305 11018 21049 38843 40272 50000 60001==
17260 12560 63507 10014 21010 39316 40146 58004 60001 83250 333 83830 86359 90760 91110==
17270 12670 72903 10036 20011 39520 40181 58001 60001 85520 333 85640 87460 90760 91111==
17275 17/74 /0711 10024 20004 38960 40171 56006 60021 722//==
17280 11460 83003 10038 20032 39381 40181 50001 60051 76122 8552/ 333 81715 85635 88459 90760 91115==
17290 12970 03606 10076 21063 30232 40265 58004 60001 333 90760 91118==
17292 12970 03602 10026 21091 39473 40250 57006 60001 333 90760 91113==
17300 12960 03107 10072 21056 30170 40243 57007 60001 333 90760 91123==
17310 12970 00903 10094 21029 30199 40206 58001 60001 333 90760 91106==
17330 16/// /3602 10092 21060 30187 40200 50005 60001==
17350 12/60 40705 10013 21042 30107 40187 52003 60001 84030 333 84359==
17370 12670 50000 10070 21016 30191 40195 52006 60001 83230 333 83835 85360 90760 91103==
17375 12970 03502 10087 21072 30230 40232 56003 60001 333 90760 91107==
33088 32597 81105 11020 21055 30260 40463 52003 885// 555 1/102=
33135 325// 80902 11062 21094 30333 40493 52001 885// 333 88621 555 1/106=
33177 32597 71103 11032 21055 30186 40438 57006 87500 555 1/106=
33317 325// 80805 11050 21077 30100 40461 53006 8455/ 555 1/104=
33393 32960 31203 11044 21085 30007 40424 57006 80001=
33415 32497 80000 11024 21060 30020 40441 58001 885// 333 88616 555 1/103=
33429 32497 81104 11042 21071 30001 40452 52003 885// 333 88616 555 1/104=
33466 /1567 80604 11052 21085 30266 40468 52001 70282 885// 555 1/104 69901=
33506 32597 80605 11054 21072 30255 40466 52001 885// 555 1/104=
33562 32560 81104 11046 21066 30142 40468 53001 885// 555 1/104=
33587 325// 80902 11054 21087 30175 40458 52002 885// 333 88625 555 1/104=
33658 32565 81102 11037 21055 30122 40441 57002 885// 333 88624 555 1/102=
33663 32597 80702 11022 21065 30347 40449 52005 885// 555 1/101=
33664 42997 50703 11034 21068 30108 40445 52003 85030=
33678 42898 80804 11048 21084 30243 40466 52009 8805/=
33679 42497 80703 11041 21083 30248 40452 52003 885// 333 88615=
33711 32460 80605 11046 21078 30223 40448 52004 886// 333 88714 555 1/103=
33745 42597 70703 11043 21077 30249 40455 52003 86930 555 14102=
33748 42597 80902 11040 21074 30130 40434 52003 883//=
33754 42597 80403 11048 21084 30285 40443 51002 885// 333 88629=
33761 32470 80605 11053 21077 30206 40445 54000 886// 555 1/105=
33791 32480 80706 11042 21077 30305 40442 52006 886// 333 88715 555 1/105=
33815 42598 80703 11045 21093 30212 40434 52005 885// 555 14103=
33837 32471 80506 11031 21066 30366 40421 52006 885// 333 88715 555 1/103=
33881 42598 80604 11031 21066 30224 40433 52001 883//=
33883 42597 80504 11043 21078 30257 40429 52005 885// 555 1/103=
33885 42597 80704 11037 21072 30291 40436 57001 885//=
33892 42997 80403 11051 21080 30221 40449 52005 8801/=
33902 32597 80403 11033 21061 30358 40421 52007 885// 555 1/103=
33924 42560 80408 11016 21037 30373 40386 52001 889// 333 91012 90760 91113==
33946 41462 80610 11026 21033 30129 40362 54000 77773 886// 333 88714 91012 90760 91117==
33983 42460 70614 11028 21066 30281 40345 58001 87500 333 91019 90760 91121==
34300 32597 80903 11056 21080 30289 40480 51001 885// 555 1/105=
34336 42/60 80803 11061 21089 30373 40484 50000 8802/==
34344 42570 80302 11068 21079 30385 40480 52009 885//==
34356 42970 00402 11095 21112 30316 40476 58001==
34357 42970 00303 11087 21101 30305 40473 54001==
34398 429// 00502 11099 21116 30433 40447 58003==
34415 32697 80904 11054 21079 30363 40467 51004 885// 555 1/105=
34438 42460 70202 11086 21099 30261 40468 53002 87500 333 90760 91112==
34445 42570 50203 11082 21092 30349 40472 57002 85500==
34461 42960 00503 11085 21109 30406 40466 57002==
34473 429// 30404 11096 21117 30415 40456 54000 80003 555 1/111=
34476 42970 00405 11089 21118 30443 40451 54000==
34504 32467 80605 11051 21072 30262 40448 52006 886//=
34535 42970 03201 11078 21098 30382 40459 52004 333 90760 91111==
34545 42570 20406 11083 21100 30330 40450 52006 82500 333 90760 91111==
34555 42570 50407 11061 21083 30358 40456 57003 85500 333 91010 90760 91111==
34560 42960 00605 11079 21106 30248 40453 54000 333 90760 91112==
34578 42960 00405 11088 21108 30428 40435 52002==
34579 42970 00204 11098 21129 30389 40435 52001 333 90760 91110==
34644 42960 00405 11069 21085 30349 40431 52002 333 90760 91111==
34646 42470 20605 11045 21069 30345 40432 54000 82500 333 91010 90760 91112==
34655 42960 00404 11076 21100 30372 40436 50002==
34662 42970 03604 11084 21103 30428 40440 54000==
34691 42970 00504 11094 21134 30643 40630 54000==
34720 42570 60404 11054 21077 30380 40422 54001 86600 333 91010 90760 91111==
34727 42460 20707 11043 21069 30377 40409 52002 82500 333 91012 90760 91114==
34743 42960 00502 11070 21091 30329 40424 57002==
34759 41940 00304 11068 21082 30273 40413 54000 71000==
34772 42960 00305 11078 21114 30414 40417 52002 333 90760 91110==
34785 42960 00304 11095 21128 30430 40405 51001==
34798 42960 00205 11092 21132 30536 40505 54000==
34824 42/60 60605 11041 21069 30383 40388 52005 86030 333 90760 91111==
34838 42960 00505 11054 21082 30282 40385 52002 333 90760 91110==
34845 42970 00703 11059 21080 30281 40396 58002==
34858 41940 00701 11056 21080 30285 40400 52002 71000==
34861 42960 00607 11075 21102 30145 40405 54000 333 90760 91111==
34866 42960 00404 11062 21091 30411 40401 52002==
34880 42960 00303 11080 21131 30421 40393 52004==
34887 42970 00502 11068 21105 30412 40388 51002==
34949 42/70 30705 11094 21103 39800 40387 57003 83030 333 90760 91110==
34954 42970 00301 11074 21085 30208 40394 54000==
34958 42970 00000 11112 21124 30180 40397 54001==
34975 42/// /0603 11062 21090 30391 40387 52002==
34984 42970 03604 11073 21110 30417 40384 52002==
35217 429// 00501 11136 21171 30395 40439 57003==
35302 429// 00403 11105 21125 30423 40445 57004==
35315 429// 20203 11132 21193 30365 40427 57001 80002 555 1/114=
35344 429// 00408 11142 21178 30073 40383 56005 555 1/116=
35358 419// 00207 11151 21170 30150 40333 57008 73633==
35368 419// 00710 11176 21210 30031 40321 58011 73630 555 1/119=
35386 419// 00604 11190 21219 39809 40376 53013 73633 555 1/120=
35394 42970 00304 11198 21229 39646 40385 53002==
35404 429// 00505 11092 21126 30427 40436 58002 555 14111=
35406 429// 00403 11108 21136 30423 40425 57001==
35416 429// 03504 11134 21177 30276 40406 58010==
35426 415// 20207 11121 21153 30063 40374 58016 73630 82500==
35437 419// 00212 11154 21182 30129 40471 54000 73630 333 91016 91116 555 1/117=
35449 419// 00208 11153 21177 30204 40315 57012 73633 555 1/117=
35497 429// 00503 11119 21198 39766 40631 53006==
35498 429// 00000 11246 21263 39414 40387 52003 555 1/134=
35514 42998 00204 11124 21144 30629 40625 58002 555 1/115=
35522 429// 00704 11134 21177 30108 40378 57010 555 1/116=
35542 419// 70208 11138 21165 30165 40322 57015 73632 80002 555 1/116=
35563 42998 01801 11184 21209 39505 40336 52002 555 1/122=
35576 429// 00504 11184 21220 39836 40322 52003==
35582 429// 20506 11192 21247 39688 40339 53003 80003 555 1/121=
35594 429// 01202 11226 21252 39451 40371 53005 555 1/128=
35605 42998 03607 11109 21129 30417 40394 58003 555 14112=
35633 429// 20207 11154 21178 30095 40325 57016 82070 555 1/117=
35671 42970 00605 11133 21162 39837 40291 53004==
35699 419// 00507 11118 21195 39526 40320 53003 70230==
35700 42970 00605 11113 21126 30408 40383 58004==
35715 42997 00305 11124 21159 30380 40364 58005 555 14114=
35739 429// 00204 11152 21203 30160 40310 58009 555 1/117=
35746 429// 00105 11162 21188 30210 40282 57007==
35777 429// 00503 11200 21226 39894 40269 57006 555 1/121=
35796 42960 00504 11171 21211 39856 40324 53003==
35849 429// 00000 11160 21187 30174 40266 57007==
35895 42997 03404 11174 21200 39847 40326 54000 555 1/118=
35907 42598 60408 11051 21083 30391 40359 52006 86500=
35925 429// 03603 11134 21147 30206 40326 58007==
35927 429// 03202 11119 21139 40324 58006=
35953 429// 03304 11158 21200 30111 40249 57007==
35969 429// 00000 11136 21179 30055 40239 57002==
35997 419// 03601 11156 21183 39832 40297 54000 71000 333 91102 555 1/117=
36259 11984 00501 11362 21398 38286 48583 57002 60002 71100 333 21363 48011 55088==
36335 429// 00000 11193 21235 39291 40398 53002 555 1/125=
36358 429// 03602 11228 21250 39298 40414 54000 555 1/125=
36394 429// 31602 11296 21307 39947 40427 53005 80001=
36397 426// 52002 11280 21304 39790 40425 53007 82540==
36403 419// 80000 11270 21285 30004 40410 53003 77172 8802/ 555 1/131=
36418 429// 32303 11268 21288 39721 40409 53003 80003 555 1/131=
36421 429// 00000 11341 21357 39782 40433 53001 555 1/136=
36428 429// 00000 11314 21351 39848 40420 56001==
36439 429// 01203 11151 21189 39031 48521 54000 555 1/121=
36498 419// 00610 11109 21193 39494 40319 57001 73630 555 1/113=
36501 429// 00000 11260 21274 39577 40415 54000 555 1/127=
36535 429// 00000 11340 21365 39703 40432 57004==
36546 429// 00000 11324 21341 39807 40425 53003 555 1/135=
36619 429// 00901 11196 21226 555 1/122=
36622 429// 03604 11238 21268 39500 40384 56001 555 1/125=
36639 429// 00802 11232 21275 39666 40329 53002==
36643 429// 02801 11267 21290 39672 40412 53001 555 1/131=
36665 419// 00000 11234 21251 39595 40394 53002 71000 555 1/127=
36666 429// 02201 11320 21343 39860 40424 53002=
36729 42998 02401 11188 21203 39793 40312 53006 333 91103 555 1/123=
36736 429// 53403 11163 21202 39726 40317 57002 82031 555 1/121=
36744 429// 00402 11198 21218 39813 40300 54000 333 91104 555 1/122=
36770 429// 00000 11176 21176 39522 40301 57005 333 91102 555 1/124=
36786 42999 00000 11113 21150 39324 40282 53001 333 91103=
36796 42998 00000 11235 21256 39050 48468 53003 333 91100=
36803 42999 03102 11154 21182 39823 40301 53005 333 91105=
36806 429// 01615 11236 21282 39804 40320 57007 333 91020 91126 555 91129=
36819 419// 50501 11134 21148 39639 40286 52007 71011 82024 333 91107=
36821 419// 00000 11172 21181 39773 40299 52004 71000 333 90760 91105==
36839 42998 01801 11140 21197 39111 40304 53003 333 91103=
36843 429// 02502 11019 21097 39066 40248 53006 333 91107=
36846 429// 23605 11080 21163 38614 48498 53002 80002 333 91110=
36859 429// 00000 11082 21109 39500 40312 53002 333 90760 91107==
36870 42/// 50000 11057 21075 39211 40248 53002 82071 333 90760 91102==
36874 429// 61801 11186 21208 39589 40439 54000 80008 333 91104=
36877 429// 00000 11131 21140 39640 40713 53001 333 91103=
36885 429// 01602 11068 21108 39104 40264 53003 333 91104=
36889 429// 01804 11100 21237 37029 47046 53003 333 91107=
36894 429// 00000 11084 21111 39505 40272 53004 333 91106=
36905 429// 01202 11041 21116 38746 48506 53003 333 91106=
36911 429// 00000 11048 21065 39256 40225 54000 555 14107=
36927 42697 63602 11033 21076 38352 48515 53001 86900=
36934 42597 83501 11010 21080 38292 48420 58002 889//=
36953 429// 00000 11168 21178 38201 48508 53003 333 91103 555 1/128=
36963 417// 61402 11108 21144 37019 48/// 53005 77072 85550 555 17112=
36974 429// 60000 11104 21132 38008 48559 52004 86030 555 17114=
36982 429// 80701 11173 21252 36504 47109 53004 85036=
37018 42660 60405 10017 21044 30208 40285 52012 85930 333 91012 90760 91113==
37031 42560 20704 11049 21092 30160 40367 57003 82500 333 90760 91110==
37054 42460 80702 11053 21067 39975 40383 54000 885//==
37061 41940 00301 11066 21082 30212 40393 54000 71011==
37085 42540 30000 11058 21071 30410 40382 58001 83500==
37171 42640 80802 10063 20021 30258 40277 52005 885// 333 88640==
37228 41/10 80901 11038 21043 39481 40356 52001 71075 8802/==
37235 41440 80902 11047 21060 30040 40375 52001 71022 886//==
37472 41540 83103 11028 21066 30394 40371 57004 71022 8557/==
38149 42970 03503 11151 21178 30198 40282 53007==
38178 429// 03603 11108 21152 39918 40223 52004==
38262 429// 02705 11132 21159 30183 40271 53015==
38264 42970 03407 11116 21144 30156 40257 52005==
38345 42998 40901 11023 21059 38792 48483 52008 80002 555 14104=
38353 429// 61701 11028 21085 39305 40228 58003 80001=
38388 42598 60202 11035 21091 30142 40216 52003 86500 555 18106=
38392 42997 50307 11072 21115 30122 40231 52004 85030 555 14108=
38396 42/60 70208 11072 21125 30095 40228 53007 8707/==
38403 42/// 83606 11055 21137 30083 40209 52004 8807/==
38413 42/// 70903 11018 21097 39914 40215 53014 87030==
38457 42560 73504 10102 21012 39576 40152 57004 82534==
38462 415// 80000 10000 21005 38756 48496 53001 77177 887//==
38507 42657 83608 10014 21101 30147 40254 52009 8357/ 333 91012 555 10102=
38545 42598 83504 10006 21090 39994 40174 54000 885// 555 10001=
38565 126// 82702 10031 21010 39554 40125 58002 60002 8597/==
38579 12/// 83501 10064 21014 39740 40157 57005 60002 8807/==
38583 12660 82702 10054 21001 39844 40167 58007 60002 86541==
38599 41996 80607 10064 21045 39638 40174 57003 70422 84031=
38611 41/40 70000 10035 21028 39632 40209 52004 71022 87040==
38613 429// 00101 10008 21021 39292 40206 55004 555 14101=
38616 425// 71801 10006 21030 39190 40222 58016 87500=
38618 429// 41001 10006 21040 39505 40209 52003 80001==
38647 41495 81004 11016 21021 30188 40232 52004 77172 8872/ 555 1/102 43///=
38656 41596 83204 11012 21045 30108 40221 52007 77178 8806/ 555 10000=
38683 42960 83603 10080 21002 39862 40136 58010 8433/ 333 84961==
38687 42697 82502 10071 21017 39914 40148 53006 889// 555 10006=
38696 126// 72302 10088 20027 39295 40139 58006 60002 87500==
38713 429// 81103 10040 21055 39002 48470 54000 80004=
38750 42597 83104 10058 20032 30271 40242 52010 885// 555 11006=
38763 41496 80000 11014 21026 30133 40242 52004 72277 8802/ 333 88517 555 1/100=
38774 41495 83203 10001 21008 30044 40247 58003 71062 8802/ 555 12001=
38799 42597 82904 10047 21023 39938 40178 52003 885// 555 10004=
38806 42697 73601 10060 21009 39874 40135 53007 87500 555 10006=
38812 42/60 7//01 10094 20009 39682 40129 57002 87070 333 84366==
38836 426// 60000 10088 20050 39228 40153 53010 86500=
38880 41396 83206 10010 20010 39959 40221 56001 71082 886// 333 88708 555 11000=
38886 41496 83304 10016 20002 39970 40204 52004 76376 8802/ 555 11002=
38895 41496 82703 10038 20001 39886 40181 54000 76162 8802/ 555 11005=
38911 42997 22804 10074 21009 39857 40151 53009 80002 555 10007=
38915 42997 62404 10108 21030 39819 40137 58003 86030 555 10007=
38927 12/60 60303 10090 20009 39770 40142 56003 60002 86030==
38933 427// 70502 10081 20029 39655 40166 53002 85530=
38944 426// 50404 10090 20015 39576 40105 52004 82530=
38954 428// 80000 11061 21080 48570 54000 86920 555 110//=
38974 42998 83404 10036 20010 39862 40202 52008 8807/ 555 10006=
38987 42496 80601 10038 21005 39451 40204 52010 885// 555 10004=
40100 43/82 10709 10093 20024 30197 40213 53005 6///1 333 58///=
40180 11660 63001 10101 20051 30153 40203 57002 60011 70262 86400 333 70000==
40199 02/// /0103 333 70000==
40265 11557 53006 10042 20001 39396 40208 52002 69961 70522 85800 333 82830 85635=
40270 11556 53010 10038 21009 39282 40202 52001 69931 70555 85100 333 83830 83635=
40272 11440 62912 10044 20015 39351 40207 52006 60011 75065 86700 333 83710 83825=
40356 32560 42816 10050 20020 39178 48479 84500 333 58017 84630 555 04410 50169=
40357 32560 53411 10092 20010 39513 40155 85500 333 58025 85630=
40360 12560 62810 10064 20030 39587 40188 69902 86500 333 58023 86630=
40361 32960 02406 10026 21030 39395 40230 333 58018=
40362 32960 02104 10041 21050 39645 40171 333 58017=
40373 32960 03204 10074 21040 39751 40175 333 58027=
40375 32960 03203 10060 21020 39290 40180 333 58007=
40394 32960 00000 10044 21040 39029 48498 333 58012 555 04410 50173=
40400 32960 20504 10138 20050 30131 40159 82030 333 58002 82360=
40405 32960 00306 10086 21020 39417 40182 333 58017=
40417 31957 03106 10106 20060 30141 40156 70544 333 58068=
40430 31920 00602 10161 21040 39404 40156 70600 333 58014=
40437 32960 02502 10094 21030 39459 40167 333 58055=
40439 32960 03104 10150 20100 30115 40133 333 58003=
40582 32960 00000 10088 21013 40166 58004 333 00006 55300 00000 10223 20000 30000 40971 51194 60000 55407 40000 90467 91001 91109 91207 91303=
40703 12660 60000 11038 21053 38945 40249 54000 60001 86570 333 70000 83635 86459 555 11041 29089=
40706 12565 10706 11026 21083 38673 40253 58003 60001 81400 333 70000 81630 555 11042 29065=
40712 11558 83602 11022 21065 38694 40238 53001 69901 77072 8632/ 333 70053 82720 82930 83635 8845 9 555 11034 29072=
40713 12660 41003 11027 21088 38663 40216 57005 60001 81402 333 70000 81640 83068 555 11044 29063=
40718 11450 80207 10063 20033 30325 40295 50006 60011 76166 8532/ 333 70540 82912 85615 88556 555 10051 29081=
40723 11450 83105 11001 21023 38955 40217 50004 69921 77175 8752/ 333 70009 84715 85625 88556 555 11009 29085=
40726 11640 60203 11028 21053 38666 40239 54000 60001 71022 84520 333 70049 84635 86457 555 11035 29083=
40727 12660 21702 11042 21080 38477 40223 57007 60001 82500 333 70004 82640 555 11052 29075=
40732 11450 83304 10054 20034 30300 40275 52009 60011 76062 8632/ 333 70071 82918 85623 88557 555 10046 29087=
40736 11458 82403 10058 20047 30283 40257 51006 60121 71065 886// 333 70141 88717 555 10054 29093=
40738 12660 82716 10073 20033 30249 40251 52006 60001 8252/ 333 70010 82640 88460 555 10056 29075=
40739 12665 32905 10016 21105 38673 40198 54000 60001 83500 333 70056 83635 555 11022 29040=
40741 11550 83006 10038 21004 39858 40194 52003 69941 76022 8672/ 333 70004 86725 88557 555 10022 29074=
40743 12560 81602 10029 20016 39037 40148 57001 60071 8432/ 333 70073 81925 83635 88460 555 10024 29091=
40745 11250 83004 10015 20009 39014 40157 50003 60051 76986 8572/ 333 70045 85706 88557 555 10012 29096=
40747 12660 63305 11016 21090 38636 40219 58002 60001 85560 333 70002 85640 85359 555 11038 29057=
40754 12965 12803 11004 21066 38817 40189 51005 60001 81030 333 70000 81360 555 11023 29063=
40762 11530 83305 10020 20003 38506 40110 53004 60031 78562 8532/ 333 70031 82930 83635 88558 555 10013 29088=
40766 12960 01505 10004 21054 38674 40180 58006 60001 333 70000 555 11016 29065=
40768 12660 30000 11074 21098 38250 40226 58002 60001 83400 333 70000 83645 555 11078 29083=
40769 12660 10000 11036 21069 38279 40200 54000 60001 81500 333 70056 81635 555 11045 29078=
40780 12960 01002 11003 21019 38652 40180 58007 60001 333 70000 555 11009 29089=
40782 11956 00902 10023 21021 38841 40161 58005 60001 70600 333 70004 555 10007 29073=
40785 12960 01003 10015 21044 39107 40226 52006 60001 333 70066 555 11006 29065=
40791 11558 82903 10079 20046 39336 40146 53003 60031 72162 8372/ 333 70035 83725 88459 555 10064 29080=
40792 11640 83103 10034 20024 38684 40115 51013 60061 76266 8552/ 333 70064 85635 88557 555 10030 29093=
40798 12660 33205 11013 21043 37915 40138 55001 60001 83500 333 70010 83635 555 11023 29080=
40800 12670 50403 10037 21055 38437 40147 50001 60001 85500 333 70000 85635 555 10004 29051=
40809 11556 72802 10059 20044 38447 40077 55004 69971 71062 84570 333 70022 84630 87458 555 10052 29090=
40811 12960 03001 10106 20022 30125 40152 58004 60001 333 79999 555 10070 29056=
40812 11908 01501 10089 20064 39759 40136 57003 60001 70644 333 70005 555 10077 29084=
40821 11530 73105 10032 20021 38782 40175 52008 60021 71086 83310 333 70031 81930 83635 87459 555 10027 29092=
40829 12960 41704 10144 21045 39543 40100 58004 60001 84070 333 70000 84359 555 10070 29027=
40831 12960 02402 10081 20031 30156 40164 57003 60001 333 70000 555 10060 29071=
40833 11925 00102 10088 20018 30126 40158 58004 60001 70600 333 70000 555 10059 29061=
40841 12660 41202 10077 20018 38210 40092 58004 60001 82410 333 70000 82645 84460 555 10050 29066=
40848 11656 30000 10068 20056 38487 40103 56006 69941 71021 83500 333 70020 83635 555 10062 29092=
40851 11960 21403 10070 20041 38236 40107 57010 69961 72162 80001 333 70006 82070 555 10056 29082=
40854 12960 02702 10156 20013 38900 40068 57005 60001 333 70000 555 10090 29038=
40856 11660 42407 10118 20037 38614 40108 56006 69901 70282 81270 333 79999 81840 83360 555 10079 29058=
40859 11656 51304 10104 20085 38682 40126 56005 69921 71082 84370 333 70050 82935 83640 85460 555 10094 29088=
40875 11556 53302 10200 20162 30119 40131 56011 60001 70521 85530 333 70003 85630 555 10177 29079=
40879 12962 60102 10143 21004 39472 40141 56007 60001 86070 333 70000 86360 555 10080 29037=
40882 11950 60802 10205 20164 30082 40117 58008 60001 70522 86070 333 70000 86359 555 10180 29077=
40883 11950 00906 10207 20171 30090 40117 56007 60001 71000 333 70000 555 10185 29080=
40893 11556 60908 10214 20160 30131 40137 55008 60001 70522 81510 333 70000 81630 86459 555 10181 29071=
40898 12960 00504 10194 20148 30138 40147 56010 60001 333 70000 555 10167 29075=
41024 22660 20104 10197 20140 30113 40139 82500 333 58006 60005 82640==
41036 22960 02306 10145 20030 38550 48500 333 58004 60005==
41055 22960 02104 10148 20020 38356 48502 333 58010 60005==
41061 21956 01112 10169 21030 39427 40118 70700 333 58032 60005==
41084 22960 01804 10161 20040 38839 48500 333 58005 60005==
41112 22960 01704 10108 21080 37944 48512 333 58006 60005==
41114 22960 01705 10110 21040 37981 48512 333 58005 60005==
41128 22960 00000 10165 21030 38805 48516 333 58023 60005==
41136 21920 00508 10175 21030 39309 40104 70600 333 58027 60005==
41140 21560 10403 10249 20210 30117 40122 70140 81100 333 58012 60005 81830==
41150 31959 03216 10172 20074 40148 70600 333 58050=
41176 34/40 /3508 10160 20117 30132 40138 333 58039=
41184 32660 41007 10232 20156 40124 82530 333 59014 82640 83360=
41194 12960 51211 10222 20159 30111 40117 60001 85030 333 59015 70000 85368=
41196 12960 31208 10201 20153 30081 40123 60001 83030 333 59014 83364=
41216 32960 11307 10226 20121 30105 40109 81030 333 59016 81368=
41217 32960 31510 10217 20116 30078 40107 83030 333 59016 83368=
41315 36/70 /0000 10162 20137 39298 47824 333 55300 27865 59010=
41396 12965 03303 10150 20110 39389 40124 6///2 333 59001=
41506 12920 03602 10050 21024 38553 48500 60001 333 58002==
41508 12940 20000 10007 21023 38684 48470 60001 80001 333 56008 59004==
41515 12920 40000 10014 21043 38584 48430 60001 84020 333 56080 58011==
41516 12940 30000 11020 21051 38601 48530 60001 83030 333 56080 58002==
41517 11440 30000 11055 21085 37847 48970 60002 70400 83500 333 56800 58002==
41518 12440 71801 10039 21011 30001 48010 60001 85520 333 56880 58000==
41519 12440 30000 10060 21016 38822 48520 60001 83500 333 56800 58023==
41523 12940 00000 10030 21009 39120 48140 60001 333 59022==
41535 12940 00000 10030 20005 38723 48850 60001 333 59010==
41536 12940 00000 10050 20027 39053 48070 60001 333 59002==
41560 12940 00000 11010 21053 38293 48280 60001 333 58011==
41571 11900 62302 10080 21005 39574 40176 60002 70522 82031 333 56088 59016==
41598 11920 00000 10080 20020 39880 40162 60001 70400 333 59016==
41600 01996 30000 10080 20058 39863 40170 60002 70411 82020 333 56090 59007 60007 83460=
41620 11440 31801 10010 21066 38606 48050 60001 70500 83500 333 56800 58003==
41624 11920 00501 10110 20043 39957 40164 60001 70400 333 59032==
41630 11940 20000 10090 20045 30000 40168 60001 70400 82030 333 56080 59032==
41640 11940 30000 10125 20049 39897 40152 60001 70400 83030 333 56080 59031==
41660 12900 51302 10070 21043 38437 48280 60001 85000 333 56080 59008==
41678 11440 60000 10110 20068 30000 40166 60001 70400 83520 333 56880 59018==
41696 12440 80000 10025 21012 37996 48260 60001 84520 333 56880 59007==
41697 12940 00000 10085 20026 30008 40172 60001 333 58006==
41700 11910 40000 10120 20101 30017 40149 60001 71020 84030 333 56080 59025==
41710 12640 30502 10110 21066 39350 40136 60002 83010 333 56080 59018==
41712 12440 60000 10090 21006 39190 48990 60002 83530 333 56880 59011==
41715 11905 00000 10090 20057 30096 40163 60001 70400 333 59020==
41718 11920 00000 10105 20050 30045 40152 60001 70400 333 59031==
41725 11940 30501 10150 20092 30069 40148 60001 70500 83030 333 56080 59029==
41739 12940 80000 10090 20035 39082 48240 60001 88030 333 56080 58009==
41744 12440 60000 10050 20001 38800 48140 60002 83520 333 56880 59002==
41749 11920 00000 10105 20074 30143 40176 60001 70400 333 59004==
41756 11920 41302 10160 20124 30093 40161 60001 70504 80001 333 59014==
41757 12940 40000 10130 20091 30154 40167 60002 84010 333 56080 59016==
41759 12940 50000 10100 20044 30171 40177 60001 85010 333 56080 58006==
41764 11920 30203 10160 20069 30093 40145 60001 70500 333 59025==
41768 12940 00000 10095 20063 30143 40150 60001 333 59003==
41780 12940 20501 10150 20028 30119 40147 60001 80001 333 56008 59002==
41785 12940 00000 10125 20074 30148 40161 60001 333 59004==
41859 01930 03102 10125 20125 30091 40130 70500 333 58009 70000==
41883 01930 00000 10120 20110 30120 40141 70500 333 58012 70000==
41891 31925 00902 10136 20110 30103 40144 71000 333 58015 70000=
41907 01930 00000 10100 20090 30124 40140 70500 333 58006 70000==
41923 01940 00000 10162 20110 30132 40142 70500 333 58007 70000==
41936 01905 00000 10126 20120 30131 40139 74640 333 58007 70000==
41943 01930 00000 10104 20104 30127 40135 70500 333 58006 70000==
41950 01940 00000 10125 20125 30136 40138 70500 333 58007 70000==
41978 01935 00504 10169 20110 30124 40130 70500 333 58009 70000==
41992 01925 00304 10175 20110 30127 40129 70500 333 58005 70000==
42027 31995 00000 11014 21031 38446 48534 70500 333 59015=
42071 31995 40000 10072 20045 40157 71000 84030 333 59023 84360=
42101 31694 63201 10104 20088 40156 71021 86500 333 59023=
42111 31994 02301 10086 20078 39415 40138 71000 333 59005=
42123 32996 00000 10126 20048 40160 333 59021=
42131 31995 32703 10106 20063 40164 71010 80001 333 59019=
42165 32996 30000 10106 20049 40173 80001 333 59008 83070=
42182 31995 02703 10112 20070 40150 71000 333 59018=
42189 31995 02002 10096 20075 40134 70500 333 59010=
42309 21/93 90000 10124 20124 40149 74142 333 58031 6998/=
42314 31594 70000 10128 20121 40147 71022 83530 333 58032 83620 87360=
42328 31995 40000 10150 20078 40132 70500 80001 333 59024 84070=
42339 31995 30000 10146 20013 40151 70500 80001 333 59026 83070=
42348 31995 09902 10112 20030 40167 70500 333 59021=
42361 31994 00000 10092 20071 40158 71000 333 59016=
42369 31995 00000 10106 20054 40142 71044 333 59012=
42379 31995 02302 10120 20079 40128 70500 333 58004=
42410 31594 20000 10132 20121 40146 71000 82500 333 58019 82620=
42415 31995 00000 10166 20145 40150 71000 333 58025=
42452 31995 00000 10098 20044 40170 70500 333 59009=
42492 31994 02703 10140 20091 40141 70500 333 58010=
42559 32996 30000 10100 20057 40157 80002 333 59018=
42571 31996 00000 10100 20057 40157 70500 333 59012=
42591 31995 00000 10104 20061 40159 71000 333 58002=
42623 31494 30000 10120 20109 39268 40160 71000 83600 333 58010 83710=
42634 32996 00000 10150 20048 40133 333 59016=
42647 31996 40505 10180 20041 40133 70400 80002 333 59020 84070=
42667 31995 00205 10100 20080 39552 40168 70500 333 59014=
42675 31995 00000 10104 20079 40149 71000 333 59021=
42701 31996 03202 10138 20033 39395 40142 70500 333 59002=
42724 31995 00000 10106 20102 40137 71000 333 58007=
42737 32996 00903 10174 20111 40146 333 59003=
42754 31996 00705 10142 20077 39498 40151 70500 333 59009=
42779 32996 00000 10138 20085 39442 40160 333 59007=
42798 31995 03204 10150 20078 40140 70500 333 58001=
42809 31995 00000 10168 20129 40143 70500 333 58003=
42840 32996 03602 10184 20131 40117 333 59008=
42867 31996 00000 10176 20083 40143 70500 333 59001=
42874 31995 00000 10198 20111 40141 70500 333 58002=
42886 31995 00000 10134 20077 40150 70500 333 58002=
42895 32996 00000 10180 20149 40136 333 58001=
42909 32996 00000 10196 20121 40116 333 59009=
42971 31995 00000 10204 20178 40135 71000 333 58001=
43003 31995 00000 10220 20171 40107 70400 333 58006=
43014 31995 00000 10188 20149 39471 40127 71044 333 59003=
43041 31995 00000 10184 20155 39511 40137 71000 333 58002=
43063 32996 00000 10174 20137 39495 40131 333 59006=
43086 31995 00000 10190 20166 39941 40123 70500 333 58003=
43110 31996 00502 10204 20171 40108 70544 333 58003=
43117 32996 01402 10234 20182 40113 333 58002=
43128 31996 10000 10208 20160 39518 40131 70511 80001 333 58006 81070=
43150 31995 30000 10238 20226 30068 40129 71000 80001 333 58009 83075=
43185 31594 40000 10244 20235 30113 40117 74440 83530 333 58007 83620=
43189 31596 20000 10244 20232 30118 40127 71000 81501 333 58003=
43192 32996 00502 10228 20219 40104 333 58006=
43201 32496 30000 10192 20090 39372 40106 83500 333 58007 83612=
43213 31995 20000 10216 20159 39786 40106 70500 80001 333 58005=
43233 32996 10903 10190 20154 39311 40139 80001 333 58005=
43237 31995 29901 10180 20125 39702 40103 70500 80001 333 58006 82075=
43245 31994 00000 10240 20231 30094 40121 70500 333 58000=
43279 31595 30000 10230 20218 30102 40120 71000 82501 333 59003 82620=
43284 31995 10000 10222 20197 39990 40107 71000 80001 333 58003 81075=
43295 31996 10000 10180 20161 39105 48504 71000 80001 333 58001 81075=
43314 32996 10000 10246 20225 40103 80001 333 58000=
43321 31995 30503 10200 20167 39669 40123 71000 80001 333 58000 83070=
43329 31595 30000 10220 20214 30104 40118 71000 81501 333 58000=
43333 31495 20000 10230 20218 40105 71010 82400 333 59006 81618=
43344 31494 69902 10224 20215 30019 40120 74422 82531 333 59003 82616 85360=
43353 31496 29902 10236 20202 40107 71021 81500 333 56300 58002 81620=
43369 32596 30000 10250 20229 40099 83500 333 58001 83620=
43371 32996 13601 10230 20172 30029 40103 80001 333 59002 81071=
43404 11970 30301 10207 20207 30103 40106 5/001 60008 702// 333 55002 553// 20000 59002 83218 91001=
43413 11470 20404 10257 20233 30108 40113 54001 60008 70200 82100 333 553// 20000 59001 82118 91005=
43418 01470 10501 10253 20220 30071 40112 52005 60008 70200 81100 333 58004 60008 81118=
43421 11970 20100 10208 30005 40113 53004 60008 70200 82001 333 553// 20000 58001 82180 91001=
43422 01/65 10201 10205 20203 39975 40111 60008 702// 333 55002 58002 60008 81080=
43424 01970 00300 10216 20207 30103 40105 50000 60008 70200 333 58002 60008=
43436 01470 40000 10240 20227 30108 40111 52006 60008 70311 83000 333 58009 69908 83818 83080=
43441 01470 10901 10220 20190 39962 40096 56010 60008 70200 81000 333 58001 60008 81818=
43444 01970 01101 10188 20179 39569 40101 52002 60008 70200 333 58004 60008=
43450 01957 00302 10204 20198 30105 40093 55001 60008 71000 333 58011 60008=
43466 01965 30701 10235 20166 30088 40096 53004 60008 70521 333 55002 553// 20000 59004 60008 83180 91002=
43467 01456 10000 10241 20196 30090 40096 52002 60008 70500 81100 333 58002 60008 81116=
43473 01970 01004 10104 20018 38115 48488 52002 60008 70000 333 553// 20000 59002 60008 91007=
43475 01470 23301 10231 20210 30102 40107 52004 60008 702// 82100 333 553// 20000 58002 60008 82118 91003=
43476 01466 20901 10122 20104 38772 48510 60008 70200 81000 333 55001 59001 60008 81812=
43486 11430 41701 10217 20217 39996 40098 55003 60008 71011 82006 333 55001 553// 20000 59003 82816 84678 91001=
43495 01968 00701 10245 20218 30079 40092 5/030 60008 70200 333 58000 60008=
43497 11470 10103 10230 20000 30081 40098 5/008 60008 70200 81000 333 553// 20006 59001 81818 91005=
44212 42/// 21801 11313 21355 39217 40525 57005 82040 333 21332 3/135 47018 55087==
44213 426// 60000 11258 21292 38852 40492 57003 86500 333 21259 3/130 47014==
44214 42970 03602 11212 21272 38304 40476 57005 333 21219 3/126==
44215 42/// 23401 11270 21308 38439 40520 57006 82040 333 21271 3/131 46001==
44217 32998 00000 11305 21345 37857 40626 57003 333 21307 47002 91200 555 31354=
44218 429// 01601 11265 21298 38650 40507 57008 333 21272 3/131 43004==
44219 32999 11202 11290 21319 38673 40535 56004 80004 333 21298 43005 91203 555 31309=
44265 429// 03201 11233 21260 38887 40451 55002 333 21239 3/129 43007==
44266 329// 03404 11212 21283 37763 40481 57002 333 21229 91206 555 31272=
44404 42956 00902 10082 21011 38115 48463 80000 333 59002=
44416 42956 00403 10056 20052 39346 40117 80000 333 59004=
44424 42958 00000 11038 21096 37662 47019 80000 333 58000=
44434 41130 20000 10101 20099 39215 48499 710// 83130 333 58002=
44438 41915 03203 10108 20101 39996 40125 710// 80000 333 58008=
44449 41940 03602 10086 20086 39961 40130 710// 80000 333 58003=
44454 42456 20902 10052 20027 38644 48479 82100 333 58000=
44462 42458 10903 10066 20051 38235 48461 81100 333 58006=
44474 41910 00000 10050 20038 38243 48490 710// 80000 333 58013=
44477 41330 70000 10086 20082 38810 48515 740// 87600 333 58014=
44478 41908 02303 10096 20094 30048 40130 746// 80000 333 58020=
48010 11905 00000 10135 20130 39964 40122 58010 60002 74244==
48020 41910 00000 10125 20117 71044 333 20118==
48025 11110 53201 10157 20113 39993 40137 58004 60002 74044 85700==
48048 41940 00000 10155 20155 30048 40107 71000 333 20145 58002==
48052 32950 00000 10155 20122 333 20150 60002=
48062 41450 20302 10170 20154 30102 40108 71011 82500 333 20128 58003==
48064 42940 01401 10190 20175 30028 40086 333 20170 59005==
48094 41950 00000 10210 20200 30088 40098 71000 333 20197 59005==
51076 14080 00700 11185 21217 39408 40368 52001 60001 333 11051 21191 3/103 4/025 59036 70000 90761 91103==
51087 14079 03101 11157 21215 39259 40362 52003 60001 333 11053 21174 3/106 4/018 59034 70000 90761 91103==
51156 14080 00103 11146 21212 38719 40347 57002 60001 333 11022 21150 3/117 59038 70000 90761 91105==
51243 14/47 /0602 11200 21228 39773 40381 52001 60001 70500 333 11143 21213 3/116 59041 70000 90761 91103==
51334 14045 02002 11240 21269 39930 40381 52002 60001 70500 333 11124 21240 3/112 4/012 59042 70000 90761 91103==
51379 14061 01501 11222 21250 39342 40385 57003 60001 333 11093 21262 3/107 4/023 59025 70000 90761 91103==
51463 14/72 /1602 11132 21188 39075 40358 57001 60001 333 11091 21154 3/101 4/036 59028 70000 90761 91103==
51573 14/72 /3602 11043 21156 30264 40316 52001 60001 333 10040 21051 3/111 59045 70000 90761 91104==
51644 14/57 /0101 11115 21140 39005 40332 52001 60001 70500 333 10006 21115 3/107 4/003 59031 70000 90761 91104==
51656 14/56 /1701 11106 21138 39220 40337 52004 60001 70500 333 10016 21110 3/113 59028 70000 90761 91104==
51709 14/62 /2902 11071 21160 38666 40306 57006 60001 333 10018 21090 3/110 59029 70000 90761 91104==
51711 14/61 /3101 11150 21184 38023 40288 57002 60001 333 11036 21157 3/119 59021 70000 90761 91106==
51716 14057 00000 11093 21138 38966 40317 54000 60001 333 10041 21101 3/114 59030 70000 90761 91103==
51765 14/62 /2202 11090 21142 39281 40329 57001 60001 333 10031 21102 3/115 59031 70000 90761 91103==
51811 14062 02601 11076 21165 38836 40306 57004 60001 333 10045 21107 3/115 59030 70000 90761 91102==
51818 14/56 /2800 11087 21180 38682 40309 54000 60001 70600 333 10043 21095 3/116 59026 70000 90761 91102==
51886 14/80 /0901 11149 21230 37110 40303 52003 60001 333 11006 21154 3/120 59002 70000 90761 91105==
52203 14/74 /0801 11116 21182 39390 40329 52005 60001 333 10021 21150 3/116 59046 70000 90761 91103==
52602 14/74 /0600 11170 21227 37276 40366 57003 60001 333 11023 21180 3/122 58014 70000 90761 91108==
52818 14/73 /1901 11125 21215 37240 40298 57004 60001 333 11018 21128 3/119 58000 70000 90761 91103==
52908 14/80 /2705 11226 21298 35756 40398 52003 60001 333 11086 21235 3/127 58035 70000 90761 91110==
55228 04980 /1002 11154 21281 36036 40288 52001 60002 70000 333 11015 21177 3/122 54405 58017 60001 70000 90720 91108=
55299 14/76 /0301 11187 21372 35860 40309 52008 60001 333 10009 21187 3/124 58053 70000 90761 91108==
55578 04980 /2403 10014 21249 36366 40051 52016 60002 70000 333 10115 21056 3/109 54406 58019 60001 70000 90720 91109=
55591 14/79 /1203 11009 21236 36513 40063 52021 60001 333 10132 21009 3/109 58045 70000 90761 91108==
55664 04980 /0301 11116 21243 36018 40201 52011 60002 70000 333 10077 21130 3/116 58018 60001 70000 90720 91111=
55773 04980 /0301 11127 21192 36005 40199 52005 60002 70000 333 10066 21143 3/119 58010 60001 70000 90720 91111=
56004 14/80 /2704 11234 21323 35826 40399 52005 60001 333 11074 21239 3/128 58042 70000 90761 91108==
56018 14/80 /2101 11121 21305 36199 40245 52011 60001 333 10031 21139 3/118 58070 70000 90761 91112==
56312 04980 /2402 10025 21045 37079 40124 52009 60002 70000 333 10125 20025 3/100 54415 58024 60001 70000 90720 91108=
62306 42560 23211 10129 20023 40251 57004 82100==
62309 42560 63505 10131 20001 40229 57005 86800==
62332 42560 63411 10131 20051 40216 57008 86800==
62366 45/60 63205 10114 20044 40218 57009 86050==
62387 42960 03404 10094 20040 40226 57005==
62393 42960 03412 10081 20037 40234 57007==
62405 42960 03503 10124 20021 40192 57004==
62414 42960 00000 10102 21003 40188 57004==
62419 42960 03406 10122 21004 40194 57003==
62420 42960 00101 10083 20031 40240 57005==
62435 42960 03604 10096 20012 40206 57008==
62458 42960 03206 10137 20013 40206 52006==
40420 32960 03405 10106 20010 39944 40159 92348 333 58067=
