SMPK OPKC 150600=
41504 02697 22702 10050 21076 37838 48490 60001 82200 333 56900 58001 60007 82845 40%=
41505 22696 22302 10080 21045 38/// 48///to 60002 80030 333 56090 58/// 82360 41%=
41506 02997 00000 10110 21048 38507 48504 60001 333 59033 60007 32%=
41507 02997 03602 10140 20048 39248 49766 60001 333 59010 60007 54%=
41508 02997 02302 10131 21027 38649 48521 60001 333 59025 60007 33%=
41509 02997 00000 10105 21016 38754 48495 60001 333 59031 60007 43%=
41510 02997 00000 10065 21004 37904 48507 60001 333 59012 60007 61%=
41515 02997 00000 10066 21043 38580 48541 60001 333 59008 60007 46%=
41516 02996 10904 10140 21028 38535 48494 60001 81030 333 56090 59024 60007 81360 31%=
41517 02697 40000 10055 21088 37786 48510 60001 82530 333 56990 59035 60007 82640 83360 35%=
41518 02697 23602 10128 21123 38/// 48/// 60001 82200 333 56900 5//// 60007 82840 17%=
41520 02997 01802 10060 21102 37611 48244 60001 333 59023 60007 30%=
41523 02997 00000 10150 20007 39072 48495 60001 333 59029 60007 38%=
41524 02997 00000 10160 20007 39339 40199 60001 333 59032 60007 35%=
41525 12997 00000 10050 21057 37656 48377 60001 333 59022 46%=
41528 02997 00000 10165 20030 39201 48498 60001 333 59033 60007 40%=
41529 02996 02702 10210 20048 39759 40135 60001 333 59039 60007 34%=
41530 01996 20506 10210 20014 39718 40130 60001 70500 333 56009 59039 60007 29%=
41534 02997 00000 10190 20030 39720 40132 60001 333 59038 60007 34%=
41535 02997 00000 10155 21086 38694 48467 60001 333 59030 60007 18%=
41560 02997 00000 10080 21045 38320 48548 60001 333 58005 60007 41%=
41562 02997 00904 10210 21024 39694 40153 60001 333 59007 60007 21%=
41565 02997 03102 10106 21016 38657 48524 60001 333 58000 60007 43%=
41567 01996 00000 10195 20022 39694 40107 60001 70500 333 59038 60007 32%=
41571 11996 11306 10185 20001 39552 40131 60001 70500 80001 333 56009 59036 29%=
41573 02997 01302 10120 20001 37951 48472 60001 333 59024 60007 44%=
41574 02997 02302 10135 21022 38355 48532 60001 333 59001 60007 34%=
41576 01996 01304 10210 20048 40142 60001 70500 333 59029 60007 34%=
41577 01996 00000 10200 20042 39515 40123 60001 70500 333 56000 59037 60007 35%=
41593 01996 02302 10230 20092 39908 40119 60001 70510 333 59032 60007 41%=
41597 02997 00000 10225 20043 40146 60001 333 59029 60007 30%=
41598 01996 03602 10210 20032 39858 40127 60001 70500 333 59037 60007 31%=
41599 01995 33104 10190 20059 39847 40136 60001 70522 83070 333 56090 59025 60007 83460 42%=
41600 01996 00000 10200 20074 39847 40140 60001 70520 333 59014 60007 44%=
41620 32996 02304 10135 21001 38585 48489 60001 333 59009 60007 39%=
41624 02997 00000 10225 20084 39923 40120 60001 333 59037 60007 41%=
41625 02997 03104 10230 20079 39917 40114 60001 333 59037 60007 39%=
41633 02997 00000 10235 20099 4//// 60001 333 5//// 60007 42%=
41634 02997 00000 10190 21007 3//// 4//// 60001 333 5//// 60007 26%=
41635 02996 02704 10235 20086 3//// 4//// 60001 333 5//// 60007 39%=
41636 01996 01302 10240 20106 39957 40139 60001 70500 333 59026 60007 43%=
41638 01996 00000 10235 20099 4//// 69901 70550 333 5//// 60007 42%=
41639 01996 03102 10190 20072 3//// 4//// 60001 70500 333 5//// 60007 46%=
41640 01996 03604 10220 20077 39881 40129 69901 70500 333 59031 60007 40%=
41642 01996 10000 10220 20090 3//// 4//// 60001 70500 81030 333 56090 5//// 60007 81360 43%=
41643 01996 03102 10200 20098 39853 40128 69901 70412 333 59027 60007 52%=
41644 01996 00000 10190 20108 3//// 4//// 60001 70400 333 5//// 60007 59%=
41646 01995 10502 10235 20099 39930 40143 60001 70502 81070 333 56090 59035 60007 81460 42%=
41652 01996 03102 10230 20079 39956 40133 60001 70500 333 59020 60007 38%=
41660 02997 13110 10120 20028 38445 48535 60001 81030 333 56090 59027 60007 81360 53%=
41661 02997 00000 10130 20032 38396 48526 60001 333 59032 60007 50%=
41669 02997 02302 10245 20101 3//// 4//// 60001 333 5//// 60007 40%=
41670 01996 00000 10240 20106 3//// 4//// 60001 70500 333 5//// 60007 43%=
41674 01996 00504 10230 20104 3//// 4//// 60001 70500 333 5//// 60007 45%=
41675 01996 00906 10230 20079 39984 40126 60001 70500 333 59026 60007 38%=
41676 01996 00504 10240 20117 39987 40141 60001 70500 333 59031 60007 46%=
41677 01996 00502 10230 20104 39947 40112 60001 70500 333 59031 60007 45%=
41678 01996 20000 10210 20088 40140 60001 70500 82030 333 56090 59025 60007 82460 45%=
41679 01696 73102 10205 20093 4//// 60001 70522 83570 333 56990 5//// 60007 83640 84460 49%=
41680 01995 00000 10235 20099 39939 40136 60001 70500 333 59025 60007 42%=
41685 02997 03602 10185 21017 38899 48489 60001 333 59027 60007 .25%=
41696 02997 00000 10140 21013 38010 48521 60001 333 59006 60007 35%=
41697 02997 01304 10280 20048 40113 60001 333 59041 60007 23%=
41700 01995 00904 10235 20099 40110 60001 70500 333 59030 60007 42%=
41701 01996 00508 10240 20117 39987 40128 60001 70500 333 59023 60007 47%=
41710 12997 21304 10190 20041 39362 40126 60001 80001 333 56009 59015 82070 37%=
41712 12997 20504 10180 20039 39206 48526 60001 80001 333 56009 59014 82070 39%=
41715 01996 00000 10235 20132 30056 40120 60001 70500 333 59032 60007 52%=
41716 01995 00506 10230 20092 30025 40127 60001 70500 333 59032 60007 41%=
41718 01995 00504 10250 20108 30012 40114 60001 70500 333 59032 60007 41%=
41724 01996 00910 10250 20108 30057 40135 60001 70500 333 59026 60007 41%=
41725 02996 00504 10245 20124 30033 40110 60001 333 59040 60007 47%=
41726 02996 00000 10260 20122 30072 40143 60001 333 59024 60007 42%=
41738 02996 02705 10245 20124 39971 40148 60001 333 59033 60007 47%=
41739 02996 00000 10220 20046 39058 48526 60001 333 59019 60007 32%=
41742 12997 03602 10265 20150 40133 60001 333 59029 49%=
41743 01996 00000 10230 20136 60001 70400 333 60007 56%=
41744 12996 03106 10200 20012 38798 48527 60001 333 59023 28%=
41745 01996 03104 10240 20128 60001 70400 333 60007 50%=
41746 01996 00504 10250 20131 30084 40137 60001 70500 333 59015 60007 47%=
41747 01996 01304 10245 20124 40109 60001 70400 333 59032 60007 47%=
41748 01996 01302 10250 20148 30067 40130 70500 333 59025 60007 51%=
41749 01995 03106 10255 20137 30095 40128 60001 70400 333 59027 60007 48%=
41756 01996 32708 10260 20182 30084 40149 60001 70500 80001 333 56009 59026 60007 83070 62%=
41757 12996 23106 10260 20182 30139 40151 60001 80001 333 56009 59023 82070 62%=
41759 02996 02304 10260 20173 30136 40142 60001 333 59031 60007 59%=
41760 01995 22314 10250 20205 30126 40139 60001 70500 80001 333 56009 59019 60007 82080 76%=
41764 02996 03112 10290 20119 30075 40124 60001 333 56009 59021 60007 35%=
41765 02996 02304 10290 20108 30108 40139 60001 333 59017 60007 32%=
41766 21995 02304 10275 20153 40126 333 59030 60007 70000 47%=
41767 02996 00000 10270 20166 3//// 4//// 60001 333 60007 53%=
41768 02996 02304 10280 20188 30117 40124 60001 333 59026 60007 57%=
41780 01996 22906 10265 20196 30112 40139 70400 80001 333 56009 59020 60007 82070 66%=
41783 02996 02702 10270 20193 30106 40135 60001 333 59025 60007 63%=
41785 02996 22304 10270 20185 30121 40134 60001 80001 333 56009 59024 60007 82070 60%=
41786 02996 02708 10295 20138 30082 40118 60001 333 59034 60007 38%=
41BAG 02697 30000 10040 21094 60001 83500 333 56900 60007 83640 37%=
41BKI 02996 03604 10205 20039 39716 40129 60001 333 59033 60007 34%=
41SKP 02997 03602 10220 20102 3//// 4//// 69901 333 5//// 60007 47%=
43532 02996 00000 10160 20037 39317 40118 60001 333 59040 60007 45%=
43533 02997 00000 10160 20037 39220 48495 60001 333 59012 60007 44%=
43563 02997 00000 10178 20009 39435 40121 60001 333 59028 60007 32%=
41519 02997 00000 10110 21025 38776 48514 60001 333 59021 60007 39%=

UPPK OPKC 150600=
PPAA 6506/ 41515 MISDA DUE TO TECHNICAL PROBLEM=
PPAA 6506/ 41598 MISDA DUE TO TECNICAL PROBLEM=
PPAA 6506/ 41600 MISDA DUE TO TECNICAL PROBLEM=
PPAA 6506/ 41624 MISDA DUE TO TECNICAL PROBLEM=
PPAA 6506/ 41640 MISDA DUE TO TECNICAL PROBLEM=
PPAA 6506/ 41646 MISDA DUE TO TECHNICAL FAULT=
PPAA 6506/ 41675 MISDA DUE TO TECHNICAL ISSUE=
PPAA 6506/ 41678 MISDA DUE TO TECHNICAL PROBLEM=
PPAA 6506/ 41715 NO ASCENT DUE TO BALLOONS OUT OF STOCK=
PPAA 6506/ 41718 MISDA DUE TO TECHNICAL PROBLEM=
PPAA 6506/ 41739 no acent due to security risk=
PPAA 6506/ 41764 NO ASCENT DUE TO PAF FLYING=


Data Generated from File : D:/all data handling/Rmc_lhr/2025021506.FSU.txt
15/02/2025   07:04:34
____________________________________________________________________________________________
15020 01570 83204 11040 21097 30020 40228 52024 69962 7227/ 8557/ 333 10034 21040 3/104 47001 55300 20003 69917 70006 91009 90760 91112==
15090 01427 83303 11040 21063 30122 40220 52035 60012 77173 8672/ 333 10040 21042 3/105 47003 55300 10070 20002 30002 69997 70013 91008 90760 91110==
15108 01/00 92903 11120 21132 38002 48434 54000 60042 74574 89/// 333 11027 21127 49085 55300 20002 60027 70044 91004 90760 91105==
15150 07456 83607 11028 21053 39992 40216 53031 69992 7717/ 8472/ 333 10051 21028 3/103 43997 55300 20002 69957 70009 91011 90760 91112==
15170 01420 82701 10003 21003 39355 42753 53013 60022 77176 8372/ 333 10034 20003 3/000 47997 55300 20000 60017 70018 91003 90760 91103==
15280 01005 82605 11060 21068 37425 47965 54001 60032 77174 885// 333 11058 21067 49078 55300 20004 60027 70030 91010 90760 91110==
15310 04464 83504 10020 21019 30089 40178 52024 60002 8667/ 333 10078 20020 30002 55300 10020 20002 30002 60007 70000 91009 90760 91109==
15335 04463 73304 10026 21002 30162 40169 52025 69912 87600 333 10074 20023 31002 55300 20006 60007 70001 91008 90760 91108==
15350 04570 80408 10020 21011 30049 40172 52019 60002 885// 333 10061 20017 31001 55300 20002 60007 70000 91013 90760 91115==
15360 04565 43411 10026 20008 30133 40151 53019 60002 84500 333 10058 20023 60007 70000 91014 90760 91114==
15420 04/64 80902 10029 21005 30053 40168 52018 60002 8807/ 333 10050 21021 30106 55300 20002 60007 70000 91005 90760 91106==
15460 07/59 60901 11001 21013 30144 40170 52020 60002 7101/ 86070 333 10060 21007 30104 55300 20009 60007 70000 91002 90760 91103==
15470 07548 82103 10009 21011 30032 40162 53013 60002 7101/ 8457/ 333 10057 21018 30104 55300 20002 60007 70000 91004 90760 91105==
15480 07460 73201 10033 20005 30139 40157 52024 60002 7101/ 87600 333 10068 20020 31001 55300 10050 20011 30008 60007 70000 91004 90760 91104==
15549 11550 60201 10004 21013 39731 40158 53016 60002 71011 86500 333 10076 20004 70000 555 31104 588//=
15552 11958 63601 10055 20023 30098 40147 53008 60002 71022 82036 222// 00059 314// 40402 333 10078 20047 55068 70000 555 30101 580// 92033 92436=
15640 12774 20000 10024 20011 39829 40148 57006 60002 82101 333 10071 20020 55061 70000 555 34101 591// 92600=
15655 11558 52503 10045 20040 30118 40152 53007 60002 71022 83530 222// 00064 10201 333 10083 20045 70000 555 30/// 597// 92023 92426=
15730 12970 32301 10020 20004 39757 40162 53002 60002 82031 333 10078 20019 55029 70000 555 31/// 589//=
16627 11360 70000 10080 20067 30149 40154 51003 69902 70265 85650 333 20078 31/// 55001 82708 84625 86358 90730 91104==
16650 11356 60000 10082 20082 30147 40156 52004 60002 71011 83641 333 20082 31/// 55006 70047 81708 83625 85068 90730 91103==
16667 11560 71708 10116 20084 30170 40180 54000 60052 70262 85870 333 20112 31/// 55000 70054 82820 84625 87358 90730 91118==
16706 12560 71804 10134 20070 30153 40164 55017 60042 86850 333 20110 30/// 55000 70057 82820 85630 86359==
16723 12460 70000 10108 20088 30173 40186 54000 60002 84870 333 20094 30/// 70000 82818 84625 86359 90730 91105==
16742 12460 61309 10122 20099 30029 40185 53002 60002 83648 333 20108 32/// 70033 81710 83618 86268 90730 91112==
16749 12460 71410 10126 20107 30170 40185 54000 60002 84678 333 20096 30/// 55073 70000 81710 83618 86358 90730 91116==
16754 12560 61804 10130 20099 30128 40176 51002 60002 81136 333 20118 30/// 55050 81820 85068 90730 91109==
16757 12460 11908 10120 20097 30041 40176 52002 60002 81100 333 20118 30/// 55023 70000 90730 91112==
16760 12460 70000 10076 20063 40188 52001 60002 82652 333 20070 30/// 55032 70044 82710 83358 85068 90730 91111==
16765 12560 41706 10144 20091 40186 53003 60002 83101 333 20107 30/// 70000 83820 84068 90730 91109==
17022 12670 71706 10107 20009 30003 40169 56001 60002 85270 333 20068 31004 55056 21080 85834 87360 90760 91110==
17024 12670 62016 10096 20028 30081 40159 57004 69942 84550 333 20042 32002 55059 70004 84635 86359 90760 91122==
17026 11/70 51506 10088 20032 30142 40181 55003 69942 70282 83035 333 20074 31002 55061 21206 70004 83359 85270 90760 91109==
17031 12/70 32006 10098 21018 30188 40194 52001 60002 83030 333 20042 30003 83360 90760 91112==
17034 12670 60000 10079 21029 30166 40213 55003 60002 83250 333 20053 31002 55000 83835 86360 90760 91104==
17038 12970 00000 10077 21005 30167 40216 56003 60002 333 20035 30/// 90760 91108==
17042 12970 01207 10074 21020 30191 40232 58003 60002 333 20022 32002 55000 70050 90760 91115==
17050 11002 90101 10045 20026 30100 40163 53006 60002 74511 333 20043 31001 55075 90760 91106==
17056 12/70 43103 10080 20054 30157 40161 53001 60002 84030 333 20071 31005 55016 20691 84360 90760 91106==
17060 12660 72210 10100 20060 30127 40167 55000 60002 84150 333 20087 30007 55000 84840 86357 90760 91115==
17070 12565 60000 10024 21010 39308 40191 53001 60002 86500 333 21231 31102 86630 90760 91104==
17074 12570 70000 10009 20003 39248 40203 53001 60002 84550 333 21005 30105 55060 21210 84627 87359 90760 91102==
17084 12665 60000 11001 21006 39305 40237 51001 60002 83540 333 21023 34106 55027 23630 83640 86360 90760 91102==
17085 12670 41302 10032 21021 39731 40234 53004 60002 82530 333 20024 32001 55055 82640 84360 90760 91107==
17092 12660 30000 11061 21080 38914 48530 52006 60002 81530 333 21092 3/110 45002 55052 21553 81645 83359==
17096 12960 00702 11139 21166 38252 48528 52009 60002 333 21197 3/120 43015 55072 20494 70004 90760 91106==
17098 12960 02805 11108 21127 38196 48516 52010 60002 333 21150 34116 90760 91108==
17100 11625 70000 11016 21019 39233 40267 52012 60002 71042 84530 333 21018 30102 55000 20260 70074 84635 87358 90760 91104==
17112 11560 72008 10110 20110 30155 40157 52006 69982 78022 84270 333 20099 31006 55002 20565 70008 84830 87360 90760 91115==
17115 11660 71103 10077 20057 30123 40175 53002 69922 78022 84250 333 20058 31005 55043 20825 70002 84835 86360 90760 91108==
17116 12662 60401 10071 20022 30055 40178 55001 60002 82140 333 20041 30002 55042 21009 82835 86360 90760 91105==
17124 12660 60804 10029 21037 39278 40210 53001 60002 86500 333 30000 86640 90760 91110==
17128 12660 62301 11002 21060 39100 40226 53003 60002 84250 333 21044 34107 55049 20532 84840 84358 90760 91110==
17135 12670 50604 10000 21030 39332 40235 53002 60002 83550 333 21010 30104 55083 23797 83640 85360 90760 91106==
17140 12665 20701 11033 21081 38716 48496 53002 60002 82100 333 21072 3/109 47008 82840 90760 91103==
17150 12660 70000 10059 20059 30055 40180 53002 60002 84250 333 20043 31003 55034 20816 84835 86360 90760 91105==
17160 12670 73501 11023 21068 39045 48500 53001 60002 84570 333 21041 3/108 46003 55045 21206 84640 86360 90760 91103==
17170 12660 32003 11010 21083 38350 48523 52008 60002 81550 333 21043 34/// 81640 83358 90760 91107==
17175 11665 60901 10101 20081 30161 40165 50003 69942 70282 83250 333 20083 31005 55000 20469 70004 83840 85360 90760 91107==
17184 11660 60000 10063 20052 30076 40189 52003 69902 72582 84250 333 20056 31005 55019 20963 70001 84838 86360 90760 91102==
17190 12670 70000 10027 21012 39002 48499 53002 60002 85550 333 20025 30000 55048 85635 87360 90760 91102==
17195 12670 40602 11048 21082 39008 48511 53003 60002 84500 333 21082 3/110 47007 55058 21114 84640 90760 91112==
17200 12960 01702 11028 21066 39258 40291 52009 60002 333 21094 34/// 90760 91108==
17202 12970 02302 11026 21054 39198 40285 52012 60002 333 21068 34/// 90760 91108==
17203 12670 20000 11028 21093 38927 48565 52007 60002 82100 333 21066 3/108 47002 55046 20808 70006 82840 90760 91104==
17210 12970 00000 10015 21049 39193 40257 52008 60002 333 21005 34101 55023 70015 90760 91104==
17219 11658 61405 10062 20045 30046 40195 50002 69902 71082 83250 333 20042 31003 55010 83835 86360 90760 91107==
17234 12670 60602 10076 20031 30131 40200 53003 60002 83230 333 20075 31006 55004 20565 70002 83840 86360 90760 91108==
17237 12670 50000 10061 20006 39696 40208 53004 60002 82230 333 20052 30001 55020 82840 85360 90760 91102==
17240 12570 50000 10021 21003 39054 40217 53003 60002 82101 333 21002 34105 55039 21256 82830 85070 90760 91104==
17244 11656 30701 11009 21043 39019 48504 52005 60002 71011 83500 333 21032 34/// 83640 90760 91104==
17248 12970 32101 11041 21073 39003 48495 53004 60002 80004 333 21069 3/112 47007 55000 83070 90760 91103==
17250 12/70 40407 11037 21097 38823 48504 53001 60002 84050 333 21073 3/108 47007 55074 21336 84360 90760 91116==
17260 12960 03606 10031 21015 39379 40219 52009 60002 333 21012 30102 90760 91108==
17270 11970 00000 10050 20017 39593 40256 52009 69912 72111 333 20020 32101 70001 90760 91103==
17275 12970 00108 10012 21034 39033 48539 52010 60002 333 21004 35104 55068 90760 91111==
17280 12960 00701 10028 21018 39450 40264 52011 60002 333 21038 30106 55023 20733 90760 91106==
17290 12670 70903 10140 20071 30159 40191 52004 60002 84270 333 20124 30007 55022 70005 84835 87360 90760 91109==
17292 12570 70000 10031 21005 39435 40203 53005 60002 82150 333 20025 30001 55003 20670 82830 86358==
17300 12560 43507 10085 20041 30145 40218 53005 60002 83101 333 20056 30006 83830 84070 90760 91108==
17310 12970 71002 10113 20043 30192 40199 52007 60002 80001 333 20104 30004 55000 87070 90760 91104==
17330 12970 30000 10083 21005 30204 40222 53004 60002 80001 333 20071 30004 83070 90760 91108==
17350 12960 33003 10062 20009 30130 40211 51003 60002 80001 333 20030 30/// 83070==
17370 12970 30000 10099 20020 30216 40220 53005 60002 80001 333 20076 31003 55093 83070==
17375 12670 70101 10105 20033 30197 40199 52005 60002 82208 333 20080 30003 55079 21390 82835 87270 90760 91105==
33088 32997 80000 11073 21082 30013 40215 52009 8805/ 333 21073 47004 555 17105=
33135 11496 83004 11077 21083 30013 40169 52010 69972 78583 8632/ 333 21084 47005 86912 555 17108=
33177 11997 22601 11080 21092 39985 40237 52007 69952 70281 82030 333 21081 47002 555 17110=
33317 11997 63403 11076 21090 39860 40216 52013 69972 70272 86070 333 21076 47003 555 17107=
33393 12960 60000 11095 21107 39830 40248 53011 69922 86030 333 21096 47997=
33415 11497 63101 11074 21091 39811 40232 52010 69972 70272 83550 333 21076 47002 83615 555 17107=
33429 11697 73206 11076 21092 39774 40220 52012 60012 70282 85530 333 21078 47003 85633 555 17105=
33466 11559 83205 11063 21082 39974 40171 52024 60022 78582 889// 333 21063 47002 555 1/105=
33506 11495 83005 11028 21032 39910 40112 52010 60102 78588 889// 333 21029 43005 555 13103=
33562 11560 73605 11058 21096 39888 40208 52010 60012 70282 85530 333 21064 47001 555 17105=
33587 11497 83311 11058 21088 39902 40178 52025 60052 70282 883// 333 21058 47002 88919 555 17105=
33658 11782 63105 11053 21082 39922 40237 52016 69972 70381 86500 333 21055 47997 86650 555 17104=
33663 11597 63103 11036 21093 30106 40206 52013 60012 70282 85530 333 21036 47997 555 17102=
33664 12998 33103 11058 21090 39885 40218 52017 60022 83030 333 21059 47997 555 80016=
33678 11598 52807 11067 21106 39992 40213 52021 60022 70182 85200 333 21067 555 80015=
33679 11497 43404 11061 21092 30003 40204 52032 60062 70281 84900 333 21064 47003 93704=
33711 11450 83505 11026 21032 39923 40139 53018 60062 78588 883// 333 21026 47009 88713 555 17102=
33745 11497 83007 11054 21086 30008 40000 52016 60012 70282 8693/ 333 21055 43001 91114 555 80023=
33748 11597 83405 11052 21085 39959 40259 52082 60032 72682 883// 333 21052 4/002=
33754 11598 83205 11041 21060 30026 40178 52024 60022 72682 8635/ 333 21042 47001 86922 91112=
33761 11450 83305 11029 21033 39936 40167 52024 60052 77177 8872/ 333 21029 47006 555 17103=
33791 11211 83503 10004 20001 39992 40122 52009 60082 77576 8772/ 333 20004 43003 87705 555 13000=
33815 11596 83307 11040 21057 39969 40186 52031 60012 78581 889// 333 47003 91114=
33837 11443 83203 10007 21006 30097 40150 53026 69952 78382 8635/ 333 20007 555 11000=
33881 11597 83408 11036 21049 39994 40199 52037 69942 78582 883// 333 21038 42001 91113 555 80010=
33883 11597 83107 11012 21032 30012 40184 52031 69932 78582 883// 333 21014 45997 555 80019=
33885 31596 83606 10002 21014 30048 40193 52025 71022 83340 333 11001 91112 555 80011=
33892 11596 83403 11007 21007 39963 40182 53025 69972 78582 883// 333 21007 47001 555 80025=
33902 11596 83306 10012 20009 30067 40128 53011 60042 78082 889// 333 20011 555 11000=
33924 11460 81904 10081 20052 30111 40124 57008 69902 76061 8872/ 333 20059 90760 91110==
33946 12/83 81906 10052 20015 39916 40138 57013 60002 8805/ 333 21007 42001==
33983 12460 71705 10058 20021 30092 40153 57014 60002 82531 333 21014==
34300 11495 82903 11015 21026 39913 40094 53006 60072 77187 8672/ 333 21015 47008 555 17101=
34336 41520 82204 11038 21054 39999 40106 56018 78581 863//==
34344 42570 81905 11050 21061 30017 40108 57024 885// 333 91011 90760 91111==
34356 42/60 81804 11083 21110 39994 40149 57014 83056==
34357 42/70 72005 11075 21102 39976 40138 55010 87030 333 21087 91010 90760 91117==
34398 12970 62304 11059 21078 30184 40197 57005 60002 80006 333 21100==
34415 11418 82503 10006 20000 39987 40085 56016 60032 77387 8772/ 333 21016 43001 555 13100=
34438 42560 71704 11059 21073 39932 40130 57019 84530 333 90760 91110==
34445 42570 81506 11067 21072 30020 40139 56023 8257/ 333 90760 91110==
34461 42960 81705 11064 21087 30103 40161 56015 80006==
34473 31996 61907 11097 21113 30141 40182 57007 71011 80006 333 21102=
34476 41320 81906 11089 21102 30183 40191 57005 71011 886//==
34504 11411 83005 10000 21006 39928 40105 53002 60052 78482 889// 333 20000 43002=
34535 42/70 61203 11051 21073 30070 40145 56023 82035==
34545 41420 81603 11061 21067 30048 40164 56017 71022 86605==
34555 41440 81907 11069 21080 30086 40181 57013 71022 886// 333 91011 90760 91111==
34560 41140 81905 11081 21088 39978 40178 57009 71042 886// 333 88702==
34578 41240 81804 11059 21063 30197 40204 57007 71041 886//==
34579 41520 81604 11056 21060 30157 40202 57007 71011 885//==
34644 41/05 /1302 11061 21067 30089 40169 58017 74942 333 21076==
34646 41/05 92002 11064 21068 30095 40180 57013 74941 89///==
34655 41420 81604 11064 21072 30129 40192 57013 71022 886//==
34662 42470 81803 11072 21084 30186 40197 58007 886// 333 88716==
34691 12970 82002 11040 21065 30443 40430 57003 60002 8655/ 333 21049==
34720 41460 72202 11015 21021 30110 40151 57020 70242 87600==
34727 42560 81907 10007 20000 30117 40148 56021 884// 333 91010 90760 91110==
34743 41410 81702 11055 21059 30098 40192 57013 71042 885//==
34759 41420 81501 11050 21054 30072 40209 57006 71042 885//==
34772 42570 81804 11041 21056 30216 40219 57003 885//==
34785 41440 82003 11032 21053 30250 40227 57002 71022 886//==
34798 12560 82302 11030 21064 30391 40361 52002 60002 885// 333 21037==
34824 41/40 81703 10001 21020 30158 40163 57018 71011 80031==
34838 42960 21501 11011 21035 30085 40184 56012 80001==
34845 41/40 61701 11017 21024 30087 40197 57009 71041 80034 333 21104==
34858 41910 00000 11036 21036 30098 40210 55006 71041 333 21093==
34861 41/02 92303 11055 21055 39959 40212 57001 74944 89/// 333 21064==
34866 41/05 91904 11035 21035 30227 40218 57002 74942 89/// 333 21035==
34880 41460 82102 11015 21047 30255 40228 57001 70272 8672/==
34887 42570 80000 11007 21029 30251 40228 57004 885//==
34949 42/// /1402 10014 21020 39650 40204 57003==
34954 42960 00000 11054 21055 30037 40219 54001 333 21095==
34958 41920 80000 11080 21084 30014 40225 58003 71022 886// 333 21091==
34975 41905 91902 11033 21033 30229 40225 53001 74542 89/// 333 21043==
34984 42460 81503 10003 21014 30262 40231 54000 886//==
35217 12560 82204 11060 21083 30176 40218 53004 69902 885// 333 21065==
35302 12/70 82407 11042 21073 30185 40206 57001 60002 8807/ 333 21068==
35315 32598 71902 11058 21084 30164 40223 53004 87500 333 21084=
35344 32999 01901 11129 21174 39942 40247 51005 333 21157=
35358 12/60 72703 11123 21150 30052 40332 57002 60002 87040 333 21147==
35368 31996 80000 11040 21074 39960 40232 53005 77172 8802/ 333 21063=
35386 32998 21202 11086 21114 39707 40246 57007 82040 333 21116=
35394 12970 21203 11063 21126 39557 40251 57008 69922 80001 333 21107==
35404 32698 72306 11044 21071 30206 40214 57002 87500 333 21054=
35406 12560 82203 11051 21076 30224 40226 53003 60002 885// 333 21072==
35416 11/60 81501 11056 21070 30107 40231 53002 69942 77172 8802/ 333 21083==
35426 11/40 81401 11102 21130 39942 40247 53006 60002 71042 8801/ 333 21146==
35437 11998 21301 11115 21141 39930 40260 53007 69940 70272 80003 333 21167=
35449 31998 61901 11124 21151 30125 40235 57006 80003 333 21159=
35497 12970 30902 11080 21107 39711 40557 57006 60002 80001 333 21127==
35498 32998 02001 11102 21138 39348 40259 57010 333 21146=
35514 12598 72301 11040 21059 30463 40459 52004 69950 87500 333 21051=
35522 11998 51401 11075 21105 39979 40240 53005 69940 70272 8507/ 333 21104=
35542 32998 22703 11129 21149 30096 40252 53009 80001 333 21172=
35563 32998 00000 11080 21111 39437 40228 54000 333 21148=
35576 12570 60703 11109 21138 39769 40237 57002 60002 86500 333 21133==
35582 32998 30905 11101 21147 39623 40247 57006 80003 333 21156=
35594 32999 81203 11112 21127 39385 40257 57009 80002 333 21168=
35605 12598 82003 11034 21074 30253 40231 52003 69940 885// 333 21046=
35633 32998 62301 11123 21144 30033 40259 53009 86070 333 21166=
35671 12970 00502 11091 21116 39780 40225 57005 60002 333 21139==
35699 12960 30203 11094 21123 39476 40258 57005 60002 80003 333 21124==
35700 11570 82101 11034 21048 30258 40234 54000 69902 70272 885// 333 21039==
35715 32599 81602 11021 21059 30254 40239 53005 885// 333 21041=
35739 31597 80000 11066 21103 30108 40252 51009 77177 8802/ 333 21092=
35746 11/70 73202 11069 21106 30182 40251 52011 69902 70172 82031 333 21070==
35777 32997 80000 11094 21129 39863 40221 57012 8802/ 333 21139=
35796 12960 60404 11101 21120 39801 40254 57009 60002 80002 333 21153==
35849 11570 83103 11040 21081 30160 40249 52013 60002 72272 885// 333 21042==
35895 32998 80103 11112 21124 39796 40260 58009 8802/ 333 21155=
35907 32598 81204 11012 21045 30273 40242 52004 885// 333 21034=
35925 11540 82302 11020 21029 30131 40244 52007 69902 71022 886// 333 21030==
35927 32698 60201 11007 21035 30237 53006 86500 333 21024=
35953 11/05 92802 11043 21042 30110 40242 52021 60002 74941 89/// 333 21051==
35969 11584 50000 11048 21110 30053 40230 52014 60082 70172 85500 333 21032==
35997 31696 80201 11087 21120 39785 40236 58012 71022 8457/ 333 21107=
36259 42984 22601 11205 21233 38247 48536 57002 80001==
36335 32999 00000 11076 21111 39217 40264 57011 333 21166=
36358 32999 00000 11108 21134 39224 40277 57013 333 21146=
36394 32697 61505 11068 21114 39847 40281 57012 86500 333 21117=
36397 12684 51604 11073 21131 39700 40277 58012 60002 85500 333 21122==
36403 32798 71006 11022 21080 39906 40270 57012 83530 333 21088=
36418 32999 50000 11064 21128 39669 40299 57010 80003 333 21151=
36421 12999 71002 11126 21155 39724 40316 57012 69920 87030 333 21201=
36428 12/84 62501 11098 21156 39788 40309 58012 60002 83049 333 21194==
36439 31798 21101 11090 21152 38992 48498 57007 70231 81501 333 21168=
36498 32998 00204 11119 21132 39446 40270 57016 333 21180=
36501 32999 00000 11050 21089 39490 40253 57013 333 21136=
36535 12/84 20000 11101 21149 39653 40310 57008 60002 82030 333 21183==
36546 32999 21501 11115 21144 39749 40313 57011 82043 333 21182=
36619 32999 00802 11132 21165 333 21203=
36622 32998 00302 11097 21142 39438 40268 57011 333 21194=
36639 12984 00701 11087 21157 39628 40251 57011 60002 333 21218==
36643 31896 22901 11126 21135 39616 40310 58014 71041 82040 333 21201=
36665 31993 00501 11157 21176 39541 40310 57011 74641 333 21152=
36666 32497 72901 11142 21152 39796 40317 57011 87600 333 21251=
36729 32998 01601 11073 21116 39738 40231 57024 333 21165=
36736 32999 03102 11045 21119 39685 40247 57018 333 21214=
36744 32998 70304 11085 21117 39768 40232 57015 80001 333 21142=
36770 32999 20301 11002 21073 39464 40186 57017 82081 333 21180=
36786 32999 00000 10023 21089 39274 40177 57022 333 21115=
36796 31998 00000 11155 21185 39003 48441 58021 70241 333 21227=
36803 31999 02503 11097 21109 39771 40237 56019 70240 333 21162=
36806 32999 01514 11093 21188 39789 40275 57014 333 21166 91020 91125=
36819 31998 80201 11066 21090 39591 40218 56001 70142 85024 333 21120=
36821 12984 30000 11046 21081 39719 40216 57007 60002 80002 333 21130==
36839 32999 82401 10006 21078 39057 40175 57014 82081 333 21155=
36843 32998 21101 10078 21061 39011 40143 57012 80002 333 21070=
36846 32699 63607 11029 21097 38570 48461 57010 86552 333 21110=
36859 12/84 21301 10026 21048 39472 40249 57017 60002 82030 333 21086==
36870 11940 01801 11007 21050 39169 40181 57014 60002 71041 333 21064==
36874 31697 52303 11038 21070 39406 40192 57007 72842 85500 333 21094=
36877 31998 82102 11057 21071 70242 8802/ 333 21091=
36885 32999 22702 11013 21087 39052 40181 57011 82030 333 21087=
36889 32999 01404 11050 21201 36992 47002 58005 333 21116=
36894 32999 20504 10019 21054 39447 40180 58017 80001 333 21069=
36905 32999 10000 11001 21099 38712 48476 57012 80002 333 21068=
36911 42999 20000 10038 21011 39224 40188 53007 80001 333 21040=
36927 42699 21802 10023 21077 38321 48487 58008 82950 333 21045=
36934 42598 51102 10025 21038 38242 48371 57029 82934 333 21035=
36953 32999 00901 11046 21155 38171 48508 57015 333 21190=
36963 42999 31803 11089 21216 36980 48/// 58004 80001 333 21158=
36974 42998 11402 11020 21100 37963 48495 58010 80001 333 21135=
36982 42998 80602 11115 21205 36475 47046 57010 80007 333 21223=
37018 42670 31406 10074 20023 30129 40204 57006 83800 333 91012 90760 91112==
37031 41940 01303 11018 21036 30002 40204 57007 71000==
37054 41940 00000 11040 21053 39825 40225 57007 71000 333 21076==
37061 41/00 90000 11054 21062 30049 40226 57001 74944 89///==
37085 41540 81202 11005 21007 30259 40232 54001 72842 886// 333 21028==
37171 42470 50805 10047 20022 30203 40222 57003 82101 333 82818==
37228 42970 21501 10010 21085 39363 40211 57002 80005 333 21036==
37235 41/05 92401 11025 21028 39900 40228 57001 74542 89///==
37472 41940 50000 10006 21004 30253 40230 54000 71022 80001 333 21043==
38149 42570 80401 11023 21048 30186 40265 52017 885// 333 21030==
38178 41/05 83103 11005 21005 39911 40203 52011 74444 8802/ 333 21030==
38262 12970 80301 11020 21048 30167 40251 53013 60002 885// 333 21032==
38264 42670 70103 11014 21040 30158 40255 52012 875// 333 21025==
38345 42999 01201 10036 21038 38774 48471 58008 333 21061=
38353 42998 32603 10041 21042 39308 40206 52014 80001 333 21046=
38388 32598 80201 11005 21053 30173 40246 53019 885// 333 21030=
38392 72697 70204 11002 21022 30141 40247 52012 87500 333 21045 6//// 87634=
38396 42660 70303 11004 21025 30121 40250 52010 875// 333 21037 87636==
38403 42/60 80000 11002 21023 30120 40244 52010 8802/ 333 21010==
38413 42/70 81301 11010 21038 39944 40245 52006 8802/ 333 21032==
38457 11660 82202 10029 21013 39628 40223 57001 69932 70282 885// 333 20009==
38462 11584 60502 10011 21015 38750 48487 52008 69952 70277 83950 333 21022==
38507 71597 81202 10040 20033 30138 40243 52016 72162 8557/ 333 20023 6//// 85632 91004 555 50061=
38545 72998 80303 11023 21045 30063 40245 52009 8802/ 333 21040 6////=
38565 12870 60000 10005 21021 39602 40176 53003 60002 80008 333 21033==
38579 12560 80902 10016 21009 39801 40228 57001 60002 885// 333 20010==
38583 12560 83602 10026 21016 39906 40234 52004 60002 8872/ 333 20021==
38599 31396 80000 10024 20006 39685 40232 54000 71022 886// 333 20014 88707=
38611 41720 81101 10060 20018 39652 40225 54000 71022 8357/ 333 10002==
38613 42997 60901 10048 21012 40218 58002 80002 333 21010=
38616 42597 73601 10044 21007 39197 40215 58007 87500 333 21015=
38618 12/60 81901 10050 21006 39521 40214 52002 60002 84061 333 21007==
38647 71598 81202 10004 21018 30202 40246 52021 72672 8872/ 333 21004 6////=
38656 71596 80502 11002 21017 30126 40239 52014 72272 8802/ 333 21005 6////=
38683 42960 30503 10034 21020 39940 40221 52003 80001 333 21012==
38687 72697 70705 10045 21019 39982 40221 52001 87900 333 20002 6////=
38696 12660 81401 10034 20016 39344 40208 53001 60002 86570 333 20020==
38713 32997 83201 10032 21040 39028 48490 53005 82034 333 21036=
38750 32597 81905 10076 20056 30270 40241 52015 885// 333 20050=
38763 21496 83102 11013 21023 30144 40253 52025 72272 8802/ 333 21014 69950 88520=
38774 01495 83102 11006 21009 30044 40247 52008 69982 77177 8802/ 333 21005 6////=
38799 32597 80903 10025 21011 39980 40217 54000 885// 333 20013=
38806 72697 63204 10060 21029 39929 40191 53001 83502 333 20016 6////=
38812 42/60 20403 10091 20036 39741 40191 53004 82030 333 20020==
38836 31598 82502 10060 20031 39248 40185 53013 78082 889// 333 20020=
38880 01297 83006 10010 20005 39971 40233 52018 60002 78582 8892/ 333 20044 6//// 88504=
38886 31696 83502 10018 21001 39984 40218 52006 71022 885// 333 21002=
38895 32596 81001 10032 20017 39919 40215 52009 885// 333 21010=
38911 72998 00501 10090 21009 39900 40193 54000 333 20014 6////=
38915 72997 20901 10086 20034 39882 40205 58001 80001 333 20023 6////=
38927 11959 70203 10096 20059 39817 40189 53004 69942 71082 87930 333 20045 85960==
38933 31797 70502 10077 20027 39709 40223 52003 70282 83542 333 20040=
38944 32698 60000 10084 20038 39609 40141 52008 85530 333 20044=
38954 32899 70000 11021 21080 37932 48520 58015 85901 333 21065 38875 42598 62310 11087 21179 4//// 57007 82302=
38974 71497 83201 10021 20016 39868 40210 53023 76166 8872/ 333 21004 6////=
38987 31596 70502 10060 20036 39440 40185 53004 71042 88500 333 20027=
40100 43/70 01003 10112 20003 30187 40203 50001 6///1 333 58///=
40180 12960 00101 10100 20044 30115 40165 57001 60002 333 10118 20055 70000==
40199 12/// /0305 10132 20033 30127 40152 54000 60002 333 10168 20110 70000==
40255 36/// /1306 10050 29064 3//// 4//// 5////=
40265 31957 00000 10052 21004 39410 40222 52006 70500 333 20005 30104=
40270 31950 00000 10044 21037 39290 40208 52004 70500 333 20023 34103=
40272 31950 00610 10054 21027 39354 40205 57006 70500 333 20022 30001=
40296 31957 00000 10164 20074 30635 40162 5//// 70500 333 20140 30013=
40310 32960 00000 10042 21009 38960 48424 5//// 333 21012 30///=
40340 31950 03608 10118 20037 30096 40162 52001 70500 333 20090 30008=
40356 42960 00910 10057 21060 39221 48515 333 20005 59013 555 04410 50218=
40357 42960 01703 10078 21050 39570 40222 333 20031 59013=
40360 42960 00000 10032 21090 39604 40214 333 21003 59031=
40361 42960 00611 10090 21030 39420 40237 333 20063 59032=
40362 42960 41013 10108 21020 39701 40223 84002 333 20085 59007 84070=
40373 42660 61010 10112 20090 39790 40213 86500 333 20111 59012 86635=
40375 42960 20000 10090 21020 39276 40157 80002 333 20058 59054 82070=
40394 42560 51010 10082 20060 39045 48516 85600 333 20086 59031 85725 555 04410 50185=
40400 42960 21004 10196 20020 30090 40118 82030 333 20144 59045 82360=
40405 42660 50711 10102 20080 39440 40201 85500 333 20102 59019 85640=
40417 42960 63209 10158 20100 30184 40199 86030 333 20136 59013 86360=
40420 42660 80110 10155 20030 39987 40199 8152/ 333 20142 59015 81640 88460==
40430 42960 40413 10181 20120 39400 40143 84020 333 20172 59035 84460=
40437 41540 80809 10139 20130 39481 40190 71000 886// 333 20134 59028 88720=
40439 42660 20904 10214 20150 30093 40111 81530 333 20195 59030 81640=
40582 32860 53608 10138 20026 40217 51017 85030 333 55300 00193 10000 20484 30121 41142 51289 60605 55407 40363 85458 90401 91011 91115 91211 91309=
40703 12960 00000 11002 21046 38938 40242 51008 60001 333 3/106 41002 5//// 70026 90768 93101 555 11016 29072=
40706 11950 20502 11018 21066 38669 40260 52007 60001 70500 80002 333 34112 70020 82068 555 11033 29070=
40712 12970 00000 11007 21101 38696 40246 52011 60001 333 3/112 43019 5//// 70000 90768 93100 555 11033 29049=
40713 12665 10904 11003 21074 38673 40236 53010 60001 81100 333 3/106 41001 70041 90768 93101 555 11026 29059=
40718 11560 73003 10082 20051 30272 40243 51007 69921 70252 83570 222// 0//// 20201 333 31006 5004 1 70022 83620 87458 555 10069 29081=
40723 11230 83104 10016 20008 38963 40225 51021 60031 77172 8762/ 333 3/109 41998 70025 85706 84610 88556 90768 93198 555 10013 29095=
40726 12960 00000 10000 21064 38674 40239 52007 60001 333 3/112 47003 5//// 70003 90768 93100 555 11021 29062=
40727 12965 10000 11021 21072 38499 40254 52007 60001 80001 333 3/110 47004 70070 81070 90768 9310 3 555 11037 29068=
40732 12560 52801 10106 20053 30251 40226 50000 60001 85500 333 30002 50111 70002 85627 555 10082 29070=
40736 11557 80000 10094 20077 30261 40229 52013 60021 78098 8732/ 333 32007 50061 70018 84720 8392 5 88459 555 10086 29089=
40738 11540 82708 10086 20060 30255 40253 52015 60021 76062 8562/ 333 32001 50391 70037 83720 8363 0 88557 555 10074 29083=
40739 11665 20803 10038 21019 38691 40215 52016 69901 70171 82500 333 30102 5//// 79999 82635 555 10016 29067=
40741 11520 82904 10026 20014 39868 40209 52025 69931 76142 8672/ 333 31101 70003 86720 88558 555 10021 29092=
40743 11540 70000 10054 20024 39068 40199 52021 69921 71082 85306 333 31000 70002 81930 84635 8627 0 555 10041 29081=
40745 11660 40303 10071 20028 39024 40186 50009 69931 70162 84500 333 31101 70003 84635 555 10051 29074=
40747 12970 19901 11005 21065 38665 40256 51005 60001 80001 333 34111 70000 555 11025 29064=
40754 11957 02605 10042 21053 38844 40218 52014 60001 70510 333 3/103 45997 5//// 70002 555 10008 29050=
40762 11558 70000 10049 20024 38540 40178 53009 60031 71086 85306 333 3/102 45001 70034 81930 8463 5 87269 90768 93100 555 10038 29084=
40766 12965 00000 10010 21039 38725 40248 53006 60001 333 31108 5//// 70000 555 11008 29070=
40768 12965 01201 11047 21115 38273 40266 52007 60001 333 3/113 47010 70000 90768 93100 555 11064 29059=
40769 12960 00000 10029 21082 38309 40219 52010 60001 333 3/108 43007 5//// 70000 90768 93100 555 11010 29044=
40780 12960 01402 10048 21087 38705 40243 50010 60001 333 34105 5//// 70000 555 10004 29037=
40782 12960 01001 10063 21009 38897 40220 52008 60001 333 31105 5//// 70000 555 10034 29060=
40785 12960 00502 10077 21008 39117 40225 57005 60001 333 31101 5//// 70000 555 10043 29055=
40791 12960 43202 10125 21006 39373 40196 52019 60001 80005 333 30005 5//// 70000 84272 555 10070 29040=
40792 12562 72802 10082 20016 38727 40185 52019 69971 81870 333 31001 5//// 70007 81725 85359 555 10053 29063=
40798 12960 13501 10056 21147 37969 40188 51010 60001 80001 333 30107 5//// 70000 81070 555 11009 29022=
40800 12965 00901 10093 21061 38478 40185 52013 60001 333 30103 5//// 70000 555 10035 29033=
40809 12660 60000 10093 20049 38499 40169 52014 60001 82442 333 31002 5//// 70134 82635 86070 555 10072 29074=
40811 12960 43102 10144 20038 30172 40198 51008 60001 80002 333 30007 50311 70000 84069 555 10096 29049=
40812 12960 33301 10141 20085 39806 40183 52010 60001 80001 333 31006 50271 70000 83070 555 10113 29069=
40818 12960 00302 10078 20033 37995 49663 52001 60003 333 31103 5//// 70012 555 10056 29073=
40821 11630 73002 10063 20025 38818 40223 51015 60001 70522 81570 333 30003 5//// 70000 81640 8636 0 555 10046 29077=
40829 11957 50604 10118 20076 39623 40202 50010 60001 70540 80002 333 30102 50031 70003 85069 555 10097 29075=
40831 12960 43108 10152 20025 30205 40214 52014 60001 80002 333 30010 50331 70000 84070 555 10096 29042=
40833 11958 43205 10169 20070 30171 40203 53011 60003 70510 80006 333 30008 50431 70000 84270 555 10120 29052=
40841 12965 71302 10104 20052 38261 40165 51003 60001 87020 333 31001 5//// 70002 87460 555 10078 29070=
40845 11658 83307 10173 20113 30191 40196 52020 60003 70521 8251/ 333 30015 50401 70000 82640 8846 0 555 10141 29068=
40848 12660 60000 10084 20038 38543 40186 52006 60001 83506 333 32001 50191 70000 83640 86268 555 10062 29072=
40854 12962 60000 10197 20002 38945 40127 52015 60001 80006 333 30008 50441 70000 86268 555 10106 29027=
40856 12962 60203 10174 20050 38644 40149 51009 60001 81036 333 30001 50441 70000 81360 86270 555 10110 29044=
40859 11456 81502 10098 20087 38727 40184 53007 60001 71021 8732/ 333 31004 50121 70000 82715 8193 0 84635 88459 555 10092 29093=
40875 11557 70105 10223 20173 30148 40159 51018 60001 70520 82532 333 30014 50741 70000 82630 83360 86069 555 10192 29073=
40879 12962 32602 10213 20081 39494 40161 53009 60001 80002 333 30010 50491 70000 83070 555 10142 29043=
40882 11960 73205 10228 20173 30126 40161 51004 69931 70162 87030 333 30018 50311 70003 87359 555 10194 29071=
40883 11558 73202 10231 20147 30137 40164 51023 69931 70562 85570 333 30014 50401 70003 85630 86459 555 10181 29059=
40893 11558 21802 10256 20105 30141 40147 52014 60001 70500 82100 222// 00240 20300 333 30021 50561 70000 82830 555 10172 29039=
40898 11958 10502 10260 20172 30125 40134 58003 60001 70500 80001 222// 00240 20900 333 30014 50701 70000 81069 555 10205 29058=
41024 42660 60000 10258 20180 30092 40118 86500 333 20237 59024 86640==
41036 41950 01408 10172 20150 38562 48512 71040 333 20140 59010==
41055 42960 00604 10182 20060 38367 48513 333 20132 59012==
41061 42/60 21020 10178 20120 39445 40144 82030 333 20166 59027 82359==
41084 42960 00000 10200 20070 38857 48515 333 20138 59024==
41112 42460 21610 10154 20120 37956 48519 82600 333 20143 59030 82715==
41114 42560 32010 10176 20090 37992 48519 83400 333 20155 59034 83622==
41128 41530 62204 10212 20060 38814 48523 70633 82430 333 59057 82630 85359==
41136 41935 02109 10213 20050 39331 40136 70600 333 20133 59034==
41140 41556 71604 10274 20220 30126 40132 70541 82440 333 20241 59012 82630 85360==
41150 41964 73413 10193 20124 40195 70262 8703/ 333 20179 30017 59015 87364=
41176 44/62 /0209 10203 20155 30173 40179 333 20176 59021=
41184 42660 42204 10292 20175 40175 82501 333 20159 59021 82365=
41194 12560 42806 10239 20170 30168 40174 60001 83530 333 20204 59015 83620=
41196 12560 42904 10235 20171 30139 40180 60001 82530 333 20179 59014 82620 83360=
41216 42460 43409 10222 20181 30172 40176 84600 333 20199 58020 84715=
41217 42460 33311 10223 20173 30141 40171 83600 333 20190 30016 59020 83715=
41246 36/// /0008 10250 20186 30153 40156 333 0E021 20204 55300 25022 59028=
41258 36/// /2303 10277 20112 30146 40149 333 0E/// 20224 55307 21087 59028=
41263 36/// /2102 10243 20083 39585 40143 333 0E018 20175 55300 20833 59020=
41267 36/// /0000 10269 20163 30146 40158 333 0E019 20210 59011=
41268 36/// /2407 10280 20105 30107 40153 333 0E020 20199 55300 25022 59012=
41275 36/// /2304 10247 20140 30013 40181 333 0E016 20159 55300 21200 59019=
41288 26/// /0603 10255 20204 30151 40173 333 0E021 20198 59020 70002=
41304 36/// /1410 10248 20185 39844 40156 333 0E014 20163 55300 21122 59026=
41315 36/70 /1301 10258 20042 39343 48270 333 0E019 20153 55300 27865 59018=
41316 32970 09904 10253 20184 30140 40170 333 20194 59018 55407 55408 55507 55508=
41396 42962 03501 10232 20007 39434 40153 333 20120 3//// 59015=
41480 41457 40712 10262 20199 30154 40162 70544 84800 333 20237 30/// 59010 84818=
41506 12960 00000 10110 21048 38507 48040 60001 333 59033==
41508 12960 02301 10131 21027 38649 48210 60001 333 59025==
41515 12960 00000 10066 21043 38580 48410 60001 333 59008==
41516 12940 10902 10140 21028 38535 48940 60001 81030 333 56080 59024==
41517 12460 40000 10055 21088 37786 48100 60001 83530 333 56880 59035==
41518 12460 23601 10128 21123 30001 48010 60001 82200 333 56800 58000==
41523 12960 00000 10150 20007 39072 48950 60001 333 59029==
41535 12960 00000 10155 21086 38694 48670 60001 333 59030==
41560 12960 00000 10080 21045 38320 48480 60001 333 58005==
41571 11940 11303 10185 20001 39552 40131 60001 70500 80001 333 56008 59036==
41598 11940 03601 10210 20032 39858 40127 60001 70500 333 59037==
41600 11940 00000 10200 20074 39847 40140 60001 70520 333 59014==
41620 12940 02302 10135 21001 38585 48890 60001 333 59009==
41624 12960 00000 10225 20084 39923 40120 60001 333 59037==
41640 11940 03602 10220 20077 39881 40129 60001 70500 333 59031==
41660 12960 13105 10120 20028 38445 48350 60001 81030 333 56080 59027==
41678 11940 20000 10210 20088 30000 40140 60001 70500 82030 333 56080 59025==
41696 12960 00000 10140 21013 38010 48210 60001 333 59006==
41697 12960 01302 10280 20048 30000 40113 60001 333 59041==
41700 11920 00902 10235 20099 30000 40110 60001 70500 333 59030==
41710 12960 21302 10190 20041 39362 40126 60001 80001 333 56008 59015==
41712 12960 20502 10180 20039 39206 48260 60001 80001 333 56008 59014==
41715 11940 00000 10235 20132 30056 40120 60001 70500 333 59032==
41718 11920 00502 10250 20108 30012 40114 60001 70500 333 59032==
41725 12940 00502 10245 20124 30033 40110 60001 333 59040==
41739 12940 00000 10220 20046 39058 48260 60001 333 59019==
41744 12940 03103 10200 20012 38798 48270 60001 333 59023==
41749 11920 03103 10255 20137 30095 40128 60001 70400 333 59027==
41756 11940 32704 10260 20182 30084 40149 60001 70500 80001 333 56008 59026==
41757 12940 23103 10260 20182 30139 40151 60001 80001 333 56008 59023==
41759 12940 02302 10260 20173 30136 40142 60001 333 59031==
41764 12940 03106 10290 20119 30075 40124 60001 333 56008 59021==
41768 12940 02302 10280 20188 30117 40124 60001 333 59026==
41780 11940 22903 10265 20196 30112 40139 60001 70400 80001 333 56008 59020==
41785 12940 22302 10270 20185 30121 40134 60001 80001 333 56008 59024==
41859 01950 00502 10241 20090 30106 40144 70500 333 58013 70000==
41883 02956 00000 10260 20080 30113 40133 333 59001 70000==
41891 01950 01804 10251 20080 30094 40133 70500 333 58003 70000==
41907 01940 01302 10270 20070 30115 40130 70500 333 59009 70000==
41923 02950 00000 10278 20050 30122 40132 333 59011 70000==
41936 01912 00000 10282 20110 30120 40127 70540 333 59010 70000==
41943 01940 03105 10293 20030 30121 40128 70500 333 59005 70000==
41950 02950 00000 10276 20100 30129 40131 333 59007 70000==
41978 01950 02706 10288 20090 30120 40126 70510 333 59002 70000==
41992 01930 03302 10288 20160 30123 40125 70500 333 59006 70000==
42027 31595 43201 10112 21045 38402 48488 70521 82501 333 59033=
42071 31996 03606 10202 20076 40128 70521 333 59029=
42101 21596 63601 10186 20113 40135 70252 82510 333 59023 6990/ 82630 84460=
42111 21596 80000 10158 20116 39410 40117 76022 8562/ 333 58000 6992/ 85620 88458=
42123 32996 00703 10240 20088 40121 333 59032=
42131 32696 20504 10234 20074 40138 82500 333 59029=
42165 32996 00000 10262 20069 40100 333 59043=
42182 31996 30000 10226 20083 40123 70500 83030 333 59022 83360=
42189 31595 33201 10216 20103 40127 70510 81530 333 58001 81625 83360=
42309 31596 70701 10220 20129 40140 70522 84550 333 58011=
42314 31596 59902 10216 20125 40137 70522 82530 333 58009 82620 85360=
42328 31995 03403 10254 20148 40093 70500 333 59026=
42339 31995 02302 10264 20144 40115 70500 333 59036=
42348 31996 02306 10256 20076 40111 70500 333 59041=
42361 31995 00000 10268 20089 40121 70500 333 59030=
42369 31995 02702 10240 20067 39986 40134 70500 333 59005=
42379 31595 50903 10216 20125 40132 70522 82530 333 58013 82620 83360=
42410 31595 12303 10248 20156 40141 70500 81500 333 58011 81620=
42415 32996 20000 10230 20129 40149 82030 333 58012 82360=
42452 31996 00000 10276 20075 40118 70500 333 59031=
42492 32996 02701 10230 20108 40137 333 58006=
42559 32996 02701 10278 20084 40113 333 59027=
42571 31996 02701 10266 20052 40126 70500 333 59017=
42591 31596 42904 10260 20087 40142 70500 82531 333 58001 82620=
42623 31495 21802 10223 20069 39254 40112 70500 82500 333 58008 82618=
42634 32996 03202 10298 20116 40141 333 59028=
42647 31996 20000 10286 20122 40139 70400 80001 333 59025 82070=
42667 32996 12305 10274 20051 39549 40126 81030 333 59027 81360=
42675 32996 32702 10268 20079 40127 81031 333 59023 81360 83070=
42701 32996 03202 10254 20012 39397 40113 333 59008=
42724 31996 00502 10276 20092 40127 70500 333 59009=
42737 32996 12708 10310 20105 40143 80001 333 59027 81070=
42754 32996 02707 10286 20082 39501 40122 333 59025=
42779 32996 00000 10292 20060 39440 40119 333 59009=
42798 31996 00000 10282 20062 40127 70500 333 59007=
42809 31996 03202 10288 20138 40129 70500 333 59014=
42840 32996 03603 10314 20084 40147 333 59015=
42867 31996 03601 10310 20083 40133 70500 333 59018=
42874 32996 03202 10294 20146 40138 333 59013=
42886 32996 03404 10296 20023 40136 333 59008=
42895 32996 03602 10298 20106 40131 333 59009=
42909 32996 02503 10280 20180 40149 222// 20000 333 59014=
42971 31996 03602 10312 20049 40135 70500 333 59006=
43003 31995 00000 10340 20151 40132 70400 333 59011=
43014 31996 02304 10306 20062 39489 40118 70544 333 59018=
43041 31996 03203 10302 20060 39517 40118 70500 333 59013=
43063 32997 00904 10308 20077 39517 40126 333 59016=
43086 32997 00000 10300 20196 39954 40129 333 59019=
43110 31996 02703 10314 20203 40132 70544 333 59010=
43117 32997 00502 10320 20200 40122 333 59016=
43128 32997 19902 10320 20070 39529 40119 80001 333 59018 81070=
43150 31996 00903 10304 20228 30070 40131 70500 333 59008=
43185 32997 02902 10316 20215 30118 40121 333 59013=
43189 32597 10000 10296 20212 30123 40132 81500 333 59008=
43192 32996 00903 10314 20258 40125 70542 333 59012=
43198 32996 20706 10310 20057 39307 40108 80001 333 59011 82075=
43201 32997 00503 10314 20102 39388 40093 333 59010=
43213 32997 09901 10328 20171 39799 40108 333 59010=
43233 32997 29902 10304 20146 39320 40117 80001 333 59012=
43237 32997 29902 10336 20116 39710 40090 80001 333 59013 82075=
43245 32997 01402 10312 20193 30105 40131 333 59010=
43279 32597 21103 10314 20206 30114 40132 81501 333 59014 81620=
43284 31496 33603 10314 20213 30004 40117 70540 82501 333 59016 82615=
43295 32997 11403 10294 20161 39119 48523 80001 333 59010 81075=
43314 32597 12302 10336 20239 40123 81400 333 59015=
43321 31996 20905 10306 20108 39679 40118 70540 80001 333 59011 82070=
43329 32997 00000 10304 20215 30120 40133 333 59012=
43333 31496 20501 10292 20224 40116 70500 81501 333 59011 81618=
43344 31496 40704 10296 20212 30046 40145 70511 82501 333 59001 82616 83075=
43353 31496 12705 10308 20220 40116 70521 81000 333 56700 59022 81620=
43369 32597 33202 10304 20244 40125 83500 333 59020 83620=
43371 31996 10000 10332 20181 30047 40118 70500 80001 333 59019 81071=
43404 22/70 30102 10307 20223 30117 40120 5/011 333 553// 20497 59014 60008 82818 91003==
43410 22470 10903 10289 20211 30124 40127 58006 81100 333 59012 60008 555 60008==
43413 22470 50202 10289 20216 30124 40129 5/009 83106 333 553// 20589 59013 60008 91004==
43415 22470 11301 10302 20213 30020 40128 53006 81000 333 59011 60008 70000 555 60008==
43418 22470 20900 10305 20225 30087 40128 57002 82100 333 59010 60008 70000 555 60008==
43421 22470 20402 10313 20187 30017 40121 58011 82100 333 553// 20577 59014 60008 91003==
43422 22470 11001 10301 20213 39986 40118 56012 81000 333 59014 60008 555 60008==
43424 22470 12703 10304 20228 30117 40119 56005 81100 333 59011 60008 555 60008==
43436 22470 30501 10290 20238 30119 40122 55008 83000 333 59013 60008 70000 555 60008==
43441 22/70 13601 10313 20189 39976 40106 56013 333 59014 60008 70000 555 60008==
43444 22970 01801 10289 20185 39582 40111 53011 333 59013 60008 70000 555 60008==
43450 21460 12902 10318 20193 30109 40121 57010 70500 81100 333 59014 60008 555 60008==
43466 22470 13102 10311 20177 30106 40114 5/014 81100 333 553// 20527 59018 60008 91005 555 60008==
43467 22965 02904 10318 20197 30111 40117 57011 333 59015 60008 70000 555 60008==
43473 22470 11104 10205 20109 38138 48501 57004 81000 333 553// 20623 59009 60008 91008 555 60008==
43475 22470 60503 10306 20224 30115 40120 57009 83108 333 553// 20545 59013 60008 91007 555 60008==
43476 21460 43601 10240 20172 38784 48532 5/011 70510 84000 333 59015 60008 555 60008==
43479 22470 10102 10268 20193 39275 57011 81100 333 59006 60008 555 60008==
43486 21465 10301 10331 20190 30009 40107 56017 70500 81000 333 553// 20562 59017 60008 91003==
43495 22470 12304 10288 20228 30099 40113 57011 81000 333 59014 60008 555 60008==
43497 22470 21003 10310 30095 40112 57011 81100 333 553// 20595 59016 60008 91005 555 60008==
44212 42984 03302 11178 21228 39174 40403 57001==
44213 42984 00000 11183 21224 38810 40390 54000==
44214 42970 02906 11079 21217 38262 40302 57008==
44215 42970 01801 11079 21198 38401 40308 57006==
44217 32998 00000 11146 21227 37827 40390 57004 333 91200=
44218 42984 03502 11079 21155 38608 40315 57006==
44219 32999 01204 11126 21198 38634 40361 58004 333 91205=
44265 42984 01201 11111 21168 38878 40362 57005==
44266 32999 01702 11087 21197 37743 40307 58005 333 91202=
44404 42358 60903 10151 20128 38115 48450 83251 333 58013=
44416 42958 31805 10210 20104 39352 40117 80005 333 58019=
44424 42458 70706 10084 21043 37635 47029 84430 333 59008=
44434 41450 70403 10170 20099 39232 48517 70544 84630 333 58030=
44438 41940 11209 10218 20128 30013 40142 70544 80001 333 58016=
44449 42957 11108 10226 20158 39976 40135 80001 333 58016=
44454 41450 61704 10150 20083 38657 48492 70544 84870 333 58029=
44462 41240 60903 10110 20068 38249 48471 70544 86800 333 58020=
44474 41010 80201 10095 20072 38246 48497 71044 888// 333 58021=
44477 41330 72505 10196 20134 38812 48517 71044 87400 333 58014=
44478 41550 30908 10222 20157 30052 40134 70544 81130 333 58014=
48010 42957 01801 10255 20160 39961 40113 333 58017==
48020 42960 03601 10249 20150==
48025 41430 33602 10250 20150 39997 40137 58002 70521 83800==
48048 42957 00403 10292 20196 30057 40112 333 58010==
48052 32957 01802 10318 20163 333=
48062 42558 61305 10280 20233 30113 40120 86900 333 59011==
48064 42958 00901 10314 20189 30031 40087 333 58005==
48094 42959 03101 10315 20225 30103 40113 333 59019==
48109 42960 00402 10297 20223 30122 40126 333 59020==
51076 14/73 /1101 11090 21155 39394 40343 57009 60001 333 11084 21200 3/103 4/025 59024 70000 90761 91102==
51087 14/74 /1701 11075 21166 39244 40343 57008 60001 333 11063 21207 3/106 4/018 59021 70000 90761 91104==
51156 14/80 /1502 11050 21133 38699 40301 57008 60001 333 11045 21153 3/117 59026 70000 90761 91104==
51243 14/57 /1701 11095 21162 39742 40333 57010 60001 70500 333 11072 21169 3/116 59034 70000 90761 91103==
51334 14/27 /3302 11105 21144 39894 40335 57011 60001 70500 333 11093 21206 3/112 4/012 59035 90761 91103==
51379 14/71 /2700 11013 21123 39305 40308 57015 60001 333 11010 21199 3/107 4/022 59035 70000 90761 91103==
51463 14/42 /3501 11061 21120 39043 40291 57012 60001 70500 333 11034 21103 3/101 4/036 59040 70000 90761 91103==
51573 14/63 /1602 10047 21176 30228 40279 57013 60001 333 10069 21045 3/111 59019 70000 90761 91104==
51644 14/50 /1801 10027 21131 38985 40282 57007 60001 70600 333 10046 21088 3/108 59014 70000 90761 91102==
51656 14/57 /2503 10018 21107 39192 40289 57009 60001 70600 333 10048 21095 3/113 59017 70000 90761 91105==
51709 14/50 /1301 10022 21149 38651 40271 57005 60001 70600 333 10029 21057 3/108 59020 70000 90761 91104==
51711 14/58 /0903 11017 21148 38015 40221 57009 60001 333 10026 21108 3/115 59002 70000 90761 91105==
51716 14043 03001 10039 21154 38947 40269 57006 60001 70600 333 10056 21071 3/112 59018 70000 90761 91102==
51765 14058 02302 10039 21121 39253 40280 57014 60001 333 10052 21099 3/114 59018 70000 90761 91103==
51811 14/50 /0101 10032 21160 38816 40259 57012 60001 70600 333 10053 21066 3/113 59019 70000 90761 91103==
51818 14/40 /0702 10027 21169 38659 40267 57012 60001 70600 333 10054 21080 3/114 59017 70000 90761 91104==
51886 14/80 /2501 11047 21290 37102 40276 57014 60001 333 11027 21161 3/123 58002 70000 90761 91104==
52203 14/68 /1002 10028 21153 39374 40292 57012 60001 333 10028 21104 3/116 58002 70000 90761 91106==
52602 14/80 /2403 11046 21297 37264 40274 57011 60001 333 11034 21173 3/122 59005 70000 90761 91109==
52818 14/80 /0102 11019 21237 37237 40268 57012 60001 333 11013 21132 3/119 58000 70000 90761 91107==
52908 14/68 /3011 11105 21329 35717 40275 57012 60001 333 11095 21228 3/125 58005 70000 90761 91118==
55228 14/80 /2508 11016 21195 35979 40071 57010 60001 333 10008 21076 3/113 59026 70000 90761 91114==
55299 14/80 /1602 11031 21295 35811 40149 57008 60001 333 11027 21167 3/120 58003 70000 90761 91104==
55578 14/80 /0302 10112 21251 36291 49917 57027 60001 333 10113 21067 3/111 59024 70000 90761 91105==
55591 14/78 /1602 10055 21176 36462 40003 57028 60001 333 10070 21039 3/110 58001 70000 90761 91106==
55664 14/58 /2710 10088 21191 35943 49903 57026 60001 333 10096 21072 3/114 59015 70000 90761 91117==
55773 14/80 /2008 10040 21108 35973 40042 57010 60001 333 10043 21105 3/108 58013 70000 90761 91114==
56004 14/80 /2908 11080 21295 35783 40262 57012 60001 333 11073 21229 3/128 58005 70000 90761 91118==
56018 14/79 /3302 11041 21243 36148 40182 57025 60001 333 11031 21178 3/122 58019 70000 90761 91107==
56312 14/80 /1902 10075 21108 37055 40107 57028 60001 333 10083 21010 3/101 58018 70003 90761 91105==
62306 32960 00000 10105 20074 40182 52003 333 20096=
62309 32560 52403 10107 20061 40170 57/// 85500 333 20098=
62332 32960 50512 10161 20097 40165 57006 80001 333 20145=
62337 32960 01505 10098 20063 40163 57002 333 20069=
62366 35960 00704 10097 20059 40160 57001 333 20090=
62387 31910 03102 10062 20042 40156 52008 71000 333 20042=
62393 32960 03106 10068 20008 40174 52010 333 20048=
62405 32960 00000 10112 21029 40151 52015 333 20070=
62414 32960 00000 10129 21088 40146 52019 333 20104=
62419 32960 00000 10104 21002 40157 52020 333 20067=
62420 32960 00000 10079 20040 40168 52004 333 20064=
62435 32960 00000 10098 20016 40157 52013 333 20033=
62440 32560 30000 10110 20076 40171 5//// 83200 333 20096=
62458 32960 00000 10120 21042 40148 52003 333 20064=
62465 32960 02506 10148 21012 40118 5//// 333 20118=
63210 32980 00000 10265 20190 40148 333 20208 59007=
63227 32580 40912 10223 20140 40195 84200 333 20190 58018 84828=
63330 33580 61002 10174 20117 37802 40273 83530 333 20130 59004 83620 85358=
63332 32980 21801 10190 20145 38210 40103 80001 333 20130 59004 82070=
63333 32980 30000 10182 20129 38185 40202 80001 333 20114 58026 83070=
63334 32580 20000 10188 20048 37643 4//// 82100 333 20116 59004 82827=
63340 31560 73602 10174 20122 37963 40190 7052/ 83530 333 20166 58002 83625 86358=
63402 31570 60000 10164 20142 7100/ 86800 333 20110 82826 84627=
63403 11560 71702 10176 20135 60024 7052/ 83570 333 20155 83624 87358=
63450 32580 11005 10183 20078 37763 40284 81500 333 20125 59002 81625=
63451 31570 10901 10164 20106 38164 40129 7050/ 81531 333 20070 59009 81625=
63453 31970 02602 10198 20095 39098 40329 7050/ 333 20145 59003=
63460 33980 00000 10210 20146 333 20146=
63471 31957 20000 10208 2//// 38885 40159 70500 80001 333 20162 58004 82070=
63474 32980 01302 10166 20048 37618 4//// 333 20072 59002=
63478 32980 01309 10276 20196 39819 40138 333 2//// 58004=
63500 32880 10000 10248 20144 81030 333 20176 81360=
63533 31970 00805 10244 20128 38535 4//// 7050/ 333 20180 58005=
41519 02997 00000 10110 21025 38776 48514 60001 333 59021 60007=
41256 32660 29902 10289 20094 30138 40155 82500 90545 333 20197 59028 55407 55408 55507 55508 82640=
