SIPK OPKC 042100=
41504 22995 01804 11035 21116 37840 48513 333 59043 60007 RH49%=
41506 22995 40000 10020 20008 38514 48512 84020 333 56090 59005 60007 84460 92%=
41507 22996 00906 10090 20023 39265 49794 333 58035 60007 63%=
41508 22695 40000 10039 20003 38651 48518 84500 333 56900 59004 60007 84635 77%=
41509 22696 70000 10050 20014 38777 48511 82520 333 56990 59016 60007 82640 85460 RH 78%=
41510 22696 50000 11005 21018 37892 48512 83520 333 56990 59016 60007 83640 82460 91%=
41515 22695 30000 10013 20002 38564 48524 83500 333 56900 59021 60007 83650 91%=
41516 22996 70000 10030 21024 38516 48475 87010 333 56090 590323 60007 87460 RH68%=
41517 21696 70000 10020 21032 37765 48495 70422 83570 333 56990 59033 60007 83635 87460 68%=
41518 22696 71802 10056 20013 38/// 48/// 83520 333 56990 5//// 60007 83640 87461 72%=
41519 22696 30000 10080 21005 38762 48498 83500 333 56900 59052 60007 83640 RH55%=
41520 22695 81802 10020 21032 37588 48232 8352/ 333 5699/ 59031 60007 83640 88462 68%=
41523 22696 50000 10040 21011 39082 48483 82520 333 56990 58015 60007 82640 83460 69%=
41524 22696 80000 10120 20048 39352 40226 8452/ 333 5699/ 58004 60007 84640 84460 61%=
41525 22696 60000 10000 21036 37669 48396 82520 333 56990 58004 60007 82640 84460 74%=
41528 21996 00000 10070 20048 39214 48488 70400 333 58002 60007 86%=
41529 22996 00000 10090 20045 39776 40170 333 58021 60007 RH 73%=
41530 219// 11304 10110 20015 39736 40159 70500 81030 333 56090 59003 60007 81360 52%=
41534 22996 00000 10100 20057 39748 40174 333 58020 60007 74%=
41535 22696 30000 10050 20007 38698 48465 83030 333 56090 59014 60007 83360 71%=
41536 22996 00000 10080 20023 39031 48493 333 59010 60007 67%=
41560 22996 00000 10010 21015 38298 48532 333 59009 60007 RH83%=
41562 22996 33102 10100 20001 39680 40155 83030 333 56090 58016 60007 83362 RH50%=
41565 22995 03104 10061 21016 38672 48535 333 58027 60007 RH 58%=
41567 21996 00000 10100 20044 39702 40130 70400 333 59002 60007 68%=
41571 219// 00504 10090 20035 39574 40174 70500 333 59013 60007 RH69%=
41573 22997 01302 10020 21048 37955 48493 333 59032 60007 61%=
41574 22697 40000 10035 20024 38341 48523 84500 333 56900 58016 60007 84640 92%=
41576 21996 00000 10090 20045 40184 70400 333 58014 60007 73%=
41577 21996 00000 10070 20037 39540 40176 70400 333 56000 59009 60007 RH 79%=
41593 21996 00000 10100 20068 39932 40156 70400 333 58009 60007 81%=
41598 21995 00000 10085 20063 39867 40149 71000 333 59008 60007 86%=
41599 21995 00000 10110 20079 39864 40162 71000 333 59015 60007 81%=
41600 21995 00000 10090 20069 40168 71000 333 58002 60007 86%=
41620 31996 02302 10010 21068 38579 48480 70500 333 58027 60007 56%=
41624 21994 00000 10110 20068 40154 70400 333 58028 60007 75%=
41625 21994 01302 10105 20062 40142 70400 333 58022 60007 75%=
41630 21996 00000 10095 20051 40166 70400 333 58000 60007 74%=
41633 21996 00000 10090 20080 4//// 70400 333 5//// 60007 93%=
41634 22996 00000 10080 20036 3//// 4//// 333 5//// 60007 74%=
41635 21996 00000 10100 20057 3//// 4//// 70400 333 5//// 60007 74%=
41636 21996 00000 10100 20068 39980 40171 70400 333 58000 60007 81%=
41638 21996 00000 10100 20068 4//// 70400 333 5//// 60007 81%=
41639 21996 00502 10110 20090 4//// 70400 333 5//// 60007 87%=
41640 21995 00000 10115 20085 39900 40156 71000 333 59015 60007 82%=
41641 21996 00000 10120 20079 39875 40156 70400 333 59015 60007 76%=
41642 21997 00000 10085 20052 3//// 4//// 70400 333 5//// 60007 RH79%=
41643 21994 00000 10105 20085 39874 40158 71000 333 58002 60007 87%=
41644 21995 00000 10100 200079 4//// 71000 333 5//// 60007 87%=
41646 21994 00000 10130 20091 39957 40176 70400 333 58003 60007 77%=
41652 21996 03102 10090 20045 39981 40166 70400 333 58031 60007 73%=
41660 029// 02306 10015 21093 38440 48536 333 58015 60007 RH45%=
41661 22996 00000 10000 21075 38393 48525 333 58012 60007 57%=
41669 21996 00000 10110 20090 3//// 4//// 70400 333 5//// 60007 87%=
41670 21996 00000 10110 20068 4//// 70400 333 5//// 60007 75%=
41674 21995 00000 10110 20079 3//// 4//// 71000 333 5//// 60007 81%=
41675 21995 00000 10110 20079 30006 40154 71000 333 58016 60007 81%=
41676 21995 00000 10100 20068 30006 40168 71000 333 58029 60007 81%=
41677 21996 00000 10090 20069 39969 40142 70400 333 58015 60007 86%=
41678 21996 00000 10130 20056 40158 70400 333 58005 60007 61%=
41679 21996 00000 10100 20079 4//// 70400 333 5//// 60007 87%=
41680 21995 00000 10110 20079 40144 71000 333 59006 60007 81%=
41685 22997 00000 10060 21123 38916 48488 333 58029 60007 RH25%=
41696 22996 00000 11035 21078 38004 48547 333 58004 60007 RH69%=
41697 22996 00000 10115 20036 40156 333 58003 60007 RH58%=
41700 21995 30000 10105 20085 40144 71000 83030 333 56090 58020 60007 83360 87%=
41701 21995 00000 10950 20063 40152 71000 333 58013 60007 80%=
41712 22996 00000 10080 21005 39221 48515 333 58018 60007 RH55%=
41715 21994 00000 10135 20074 40161 70400 333 58029 60007 RH67%=
41716 21996 00000 10120 20056 40163 70400 333 58015 60007 65%=
41718 21995 00000 10090 20045 40146 70400 333 58006 60007 73%=
41724 21995 00000 10110 20050 40174 70400 333 58016 60007 RH69%=
41725 21996 00000 10130 20068 40149 70500 333 58016 RH66%=
41726 21994 10090 20069 30096 40171 71000 333 59001 60007 RH86%=
41738 22996 00000 10140 20013 40178 333 58013 60007 Rh42%=
41739 22996 00504 10080 21005 39067 48517 333 58007 60007 RH55%=
41742 22996 00000 10120 20014 40158 333 58012 60007 RH 48%=
41743 21996 00000 10120 20068 70400 333 60007 RH 70%=
41744 22996 00000 10060 21001 38786 48502 333 58014 60007 RH 65%=
41745 21995 03602 10130 20081 70400 333 60007 RH71%=
41747 21995 03102 10100 20057 40146 70400 333 58023 60007 RH74%=
41748 21995 00000 10120 20068 40165 70500 333 58020 60007 RH70%=
41749 22996 00000 10120 20068 40158 333 58020 60007 RH70%=
41756 21995 02702 10175 20089 40177 70504 333 58024 60007 RH57%=
41757 22996 00000 10170 20089 30161 40174 333 58009 60007 RH57%=
41759 22996 00000 10145 20107 40177 333 58019 60007 RH78%=
41764 22996 00000 10150 20069 30101 40153 333 58016 60007 RH 58%=
41765 22996 00000 10160 20093 30122 40158 333 58007 60007 RH64%=
41766 21994 00000 10110 20090 40151 74000 333 59002 60007 RH87%=
41767 22996 00000 10130 20091 3//// 4//// 333 60007 RH77%=
41768 22996 00000 10125 20074 30138 40145 333 58019 60007 RH71%=
41780 22996 00202 10190 20096 30129 40157 333 58008 60007 RH55%=
41785 22996 00000 10140 20091 30148 40161 333 58012 60007 RH 72%=
41786 22996 00000 10140 20068 30102 40140 333 58018 60007 RH 62%=
41BKI 22996 20000 10100 20044 39736 40166 82030 333 56090 58035 60007 82360 RH68%=
41SKP 21995 00000 10095 20074 4//// 71000 333 5//// 60007 87%=
43532 21996 00000 10090 20038 39313 40133 70400 333 58012 60007 69%=
43533 22996 80000 10080 20010 39238 48493 8802/ 333 5609/ 58011 60007 88460 61%=
43563 22997 00000 10094 20064 40168 333 59007 60007 81%=



41710 Not Received
41746 Not Received
41783 Not Received







Data Generated from File : D:/all data handling/Rmc_lhr/2025020421.FSU.txt
04/02/2025   21:55:40
____________________________________________________________________________________________
15020 24/70 /2901 10000 21043 30112 40319 54000 333 55300 20000 60007==
15090 24568 83001 10003 21039 30219 40316 57005 885// 333 55300 10060 20000 30000 60007 91002 90730 91102==
15108 21/00 92502 11118 21129 38106 48534 55001 74944 89/// 333 55300 20000 60007 91007 90730 91107==
15150 24570 82701 10002 21051 30096 40320 57004 8557/ 333 55300 20000 60007 91002 90730 91103==
15170 24/67 72301 11047 21076 39500 42871 51006 87070 333 55300 20000 60007 91002 90730 91102==
15280 22170 23509 11155 21174 37489 47013 54001 82500 333 55300 20000 60007 91014 90730 91116==
15310 24570 82901 10002 21046 30225 40315 58002 8457/ 333 55300 10070 20000 30000 60007 91003 90730 91103==
15335 24570 73303 10015 21045 30304 40311 57002 87500 333 55300 20000 60007 91005 90730 91105==
15350 24570 83501 10007 21051 30202 40328 50004 885// 333 55300 20000 60007 91001 90730 91102==
15360 24/70 63206 10013 21030 30284 40302 57006 86070 333 55300 20000 60007 91008 90730 91108==
15420 24562 80801 10005 21037 30204 40321 52010 8657/ 333 55300 20000 60007 91002 90730 91103==
15460 24/68 /0101 10006 21029 30295 40321 50003 333 55300 20000 60007==
15470 24968 01402 11012 21042 30181 40314 50005 333 55300 20000 60007 91003 90730 91103==
15480 24570 63202 10019 21045 30294 40312 54000 86500 333 55300 10090 20000 30000 60007 91004 90730 91105==
15549 42970 01102 11027 21047 39871 40309 52002 333 11013 21031 555 584//=
15552 42565 83601 10018 21037 30257 40308 52003 885// 333 10024 20018 555 567// 92023 92427=
15640 42674 20000 11015 21024 39991 40320 52015 82500 333 10009 21015 555 594//=
15655 42568 63402 10012 21049 30274 40309 52004 86500 333 10037 20012 555 564// 92033 92437=
15730 42670 60704 10002 21060 39891 40305 52005 83531 333 10019 20002 555 563//=
16627 42560 20000 10016 21040 30289 40295 51009 82100 333 90730 91112==
16650 42560 40417 10054 21038 30267 40276 52012 83460 333 90730 91130==
16667 42560 20112 10076 20012 30227 40239 51008 82100 333 90730 91128==
16723 42460 73611 10100 20075 30175 40189 51006 84870 333 81818 84625 87359 90730 91116==
16742 42460 33617 10114 20077 30013 40169 52010 83400 333 90730 91120==
16749 42460 63013 10144 20102 30135 40150 52005 85850 333 82818 84620 86358 90730 91116==
16754 41460 73321 10132 20109 30165 40213 51018 76162 85870 333 82818 85620 87358 90730 91131==
16760 47/// /3415 10103 20056 39793 40212 52015 7414/ 333 90730 91124==
16765 46/// /3120 10141 20083 30147 40167 52003 333 90730 91129==
17022 41565 71506 10030 20019 30098 40269 56002 78782 85950 333 85832 87359 81930 90730 91111==
17024 47/67 /2111 10017 20007 30180 40260 58004 724//==
17026 47/82 /1504 10033 20017 30228 40269 58004 723//==
17031 41460 72306 10036 20025 30254 40261 57009 78088 87200 333 82716 87828 90730 91109==
17034 41561 72204 10046 20017 30220 40268 57009 78088 84250 333 84830 87358 90730 91113==
17038 41465 70000 10044 20024 30208 40257 57009 78088 87200 333 84713 87828 90730 91107==
17042 47/62 /1103 10034 20015 30226 40267 57012 722//==
17050 46/71 /0201 10005 21054 30249 40312 52006==
17056 42670 73406 10043 21012 30288 40293 57001 84530 333 84635 87360 90730 91110==
17060 42660 70114 10053 21035 30237 40278 57001 87200 333 87835 90730 91123==
17070 46/// /3302 10003 21082 39355 40249 50000==
17074 46/// /1401 11014 21016 39286 40244 57006==
17084 42670 53102 11015 21020 39313 40249 58004 83550 333 83635 85360 90730 91109==
17085 42670 53504 10024 21013 39740 40244 58004 83550 333 83640 85360 90730 91110==
17092 41328 80000 11015 21025 38854 48481 50003 77122 8771/ 333 82708 85628 88457 90730 91107==
17096 41543 72702 11075 21091 38212 48489 57006 71011 85550 333 85625 87357 90730 91105==
17098 42660 73001 11077 21103 38174 48490 56003 85530 333 85635 87357 90730 91104==
17100 41/27 20000 11005 21077 39187 40204 54000 70500 82030 333 82358 90730 91103==
17112 46/82 /0311 10048 21040 30272 40279 52009==
17115 42460 60219 10053 21019 30219 40271 51003 83250 333 82715 83835 86360 90730 91129==
17116 46/80 /0409 10057 21038 30133 40257 50000==
17124 42660 73005 10001 21054 39298 40238 51002 84570 333 84635 85360 90730 91114==
17128 42560 70308 11018 21074 39102 40228 58003 84550 333 84625 86358 90730 91110==
17135 42/70 30509 10011 21013 39325 40220 57001 83030 333 83360 90730 91116==
17140 41665 60703 11030 21040 38706 48489 57005 70272 86500 333 86638 90730 91112==
17150 42560 50118 10047 21012 30119 40246 52004 85200 333 83720 84835 90730 91130==
17160 41670 80512 11007 21056 39022 48488 58003 70272 8452/ 333 84640 87460 91022 90730 91125==
17170 42560 51101 11026 21074 38321 48495 56002 82550 333 82630 85362 90730 91105==
17175 42665 30508 10060 21023 30230 40234 52009 83100 333 83840 90730 91123==
17184 42670 53608 10045 21012 30104 40218 52006 83250 333 83835 85360 90730 91121==
17190 41530 83302 11007 21007 38999 48494 51004 77177 8552/ 333 85630 88458 90730 91107==
17195 41356 80910 10000 21005 38966 48486 57005 77176 8752/ 333 83707 86620 88458 90730 91114==
17200 42660 72105 10051 21031 39172 40161 57005 84550 333 84640 87360 90730 91109==
17202 42670 72605 10017 21058 39117 40169 58003 83551 333 83635 85360 87070 90730 91107==
17203 42670 11702 10033 21062 38869 48523 58001 81100 333 81840 90730 91105==
17210 46/69 /0301 10056 21078 39140 40167 50000==
17219 42965 03615 10059 21002 30059 40206 52009 333 90730 91121==
17234 41660 71801 10068 20068 30118 40187 52008 70282 84270 333 84840 87359 90730 91105==
17237 41658 83003 10059 20059 39685 40193 52007 76166 8552/ 333 85635 88458 90730 91109==
17240 42570 70607 10050 20016 39014 40157 58002 85250 333 85830 87360 90730 91115==
17244 41357 83513 10009 21003 38988 48484 57007 77176 8552/ 333 82707 85630 88458 90730 91121==
17248 47/63 /0000 10036 20011 38952 40146 58010 723//==
17250 47/70 /0406 10010 21001 38781 40157 57011 724//==
17260 42960 32704 10014 21044 39310 40131 57008 80001 333 83068 90730 91104==
17270 42970 02601 10080 21027 39520 40167 58003 333 90730 91103==
17275 46/75 /0000 10061 21083 38980 40167 50000==
17280 42660 50901 10024 21057 39378 40175 58001 81510 333 81640 85460 90730 91103==
17290 42/70 23506 10116 20055 30135 40167 51004 82050 333 82360 90730 91113==
17292 41530 62801 10063 20050 39396 40154 51001 71022 84250 333 84830 86360 90730 91105==
17300 41560 60106 10118 20118 30078 40149 55002 78088 86200 333 86825 90730 91109==
17310 41559 70803 10131 20101 30123 40130 50001 79598 84970 333 83833 87359 81931 90730 91122==
17330 46/// /3001 10129 20087 30121 40132 57012==
17350 42/60 50305 10080 20049 30057 40135 58006 83051 333 83363 85068==
17370 42665 20000 10134 20036 30139 40143 57010 82200 333 82835==
17375 42670 20000 10120 20069 30128 40130 58004 82100 333 82836 90730 91106==
33088 42560 83102 11009 21023 30110 40309 52004 885//==
33135 419// 03503 11025 21044 30132 40286 52005 70271==
33177 41540 82702 10007 21002 30075 40321 52003 71022 885//==
33317 41440 83102 11017 21023 39955 40306 54000 78772 889// 333 88916==
33393 41356 83001 10004 21007 39920 40326 52002 71022 886// 333 88709==
33415 41460 80000 11004 21013 39902 40315 54000 78582 889// 333 88915==
33429 41460 83002 11018 21031 39869 40309 58001 78582 889// 333 85711==
33466 42562 83002 11010 21036 30082 40277 52001 883//==
33506 41996 52902 11027 21034 30048 40252 52003 71022 85030 555 1/101=
33562 42560 83402 11006 21037 39991 40308 52003 885//==
33587 425// 83402 11014 21037 30012 40286 52002 885// 333 88627==
33658 41562 83003 10006 21021 30008 40319 57002 70272 885// 333 88622==
33663 42560 83102 10011 21056 30203 40302 51001 889//==
33664 42597 83401 11004 21043 39981 40310 52001 885//=
33678 42598 82804 11013 21056 30101 40321 57004 885//=
33679 42497 82901 11005 21042 30106 40306 58005 885// 333 88617=
33711 41560 83203 11016 21030 30049 40267 52003 70282 883// 333 88921==
33745 42597 83102 11015 21037 30114 40318 57007 8693/=
33748 42597 83101 11013 21036 30005 40302 58007 883//=
33754 42597 83202 10003 21044 30142 40294 54000 885// 333 88629=
33761 41440 82902 11010 21026 30053 40285 57003 77177 8872/==
33791 41444 83201 11011 21018 30134 40267 51001 77172 8772/ 333 87710==
33815 41598 83103 11003 21052 30081 40297 58001 70282 889//=
33837 42/83 83002 10004 21035 30232 40286 58005 8805/==
33881 42598 73101 11006 21036 30105 40310 58003 87300=
33883 42597 82903 11005 21044 30134 40304 57003 885//=
33885 42597 80101 10000 21039 30175 40322 58002 885//=
33892 42997 83203 11014 21044 30072 40293 57004 8802/=
33902 42560 83203 10001 21037 30212 40274 58002 885//==
33924 42570 83404 10029 21043 30264 40277 57004 889//==
33946 42782 83401 11008 21016 30046 40276 58005 885// 333 88650==
33983 42560 62602 11008 21024 30193 40256 58007 86300==
34300 42560 52902 11024 21049 30049 40233 58001 85500==
34336 41420 82504 11021 21025 30040 40146 53006 77372 8872/==
34344 41440 82105 11019 21019 30066 40156 52020 77172 8872/ 333 91011 90730 91111==
34356 42570 71804 11005 21031 30056 40206 52021 87500==
34357 42470 72005 11015 21042 30030 40189 52021 87300 333 90730 91113==
34398 42/// 41405 11024 21043 30250 40263 52005 84030==
34415 42660 72903 11016 21036 30120 40220 58003 87500==
34438 41360 82405 11021 21021 39998 40195 52010 78583 883// 333 90730 91110==
34445 41540 71906 11020 21027 30073 40190 51021 77073 87500 333 91010 90730 91111==
34461 42460 81903 10001 21035 30161 40217 52020 885//==
34473 414// 81305 10006 21011 30197 40236 52013 77172 8802/=
34476 41470 81404 10012 21008 30227 40235 52012 72522 8693/==
34504 42/75 63103 11015 21029 30071 40251 52001 86030==
34535 41970 52304 11022 21048 30142 40216 52007 70282 80005==
34545 41570 62103 11018 21031 30102 40217 51015 70182 84530 333 90730 91110==
34555 42570 72307 11010 21037 30138 40232 52014 87500 333 91010 90730 91111==
34560 42560 72205 11007 21029 30031 40226 52019 87500 333 87626==
34578 41/40 82702 10002 21004 30228 40235 53015 77162 8801/==
34579 41510 81002 10002 21001 30188 40232 52012 78582 883//==
34644 41940 02403 11028 21033 30152 40231 52012 71071==
34646 42670 82505 11008 21018 30150 40234 52013 885//==
34655 42560 62004 11005 21022 30178 40240 52014 86500==
34662 41470 72101 10004 21017 30226 40238 53017 70272 87500 333 87617==
34691 42/70 30000 11005 21026 30456 40443 52001 83030==
34720 42/70 23102 11023 21041 30198 40239 51004 82030==
34727 42460 32805 10002 21028 30218 40249 54000 83400==
34743 41440 72402 11010 21024 30156 40248 52015 71022 83530==
34759 41940 02602 11009 21018 30116 40251 52012 71011==
34772 41/40 82905 10008 21003 30234 40237 52017 77176 8802/==
34785 41420 81204 11013 21018 30252 40229 52003 71022 886//==
34798 42960 50804 11005 21029 30365 40335 58001 80005==
34824 42560 62601 11005 21032 30250 40255 57003 82230==
34838 42960 01901 11034 21046 30159 40259 51005==
34845 41940 02101 11031 21041 30146 40258 51011 71000==
34858 41/40 22801 11007 21033 30142 40253 51008 71011 82030==
34861 41460 83104 11012 21028 39996 40246 52010 70282 88930==
34866 41440 83004 10010 20006 30251 40242 52013 78582 889//==
34880 41420 80902 10000 21008 30251 40224 52004 77172 8672/==
34887 41440 83202 10032 20019 30249 40226 52016 76162 8872/==
34949 42970 22503 11046 21059 39700 40270 52006 80001==
34954 42560 32601 11016 21046 30082 40262 52008 83500==
34958 41570 80000 11017 21017 30056 40262 52009 70282 885//==
34975 41440 83304 10016 20008 30242 40238 52019 78082 889// 333 88912 90730 91111==
34984 41560 83001 10036 20018 30254 40224 52013 78082 8697/==
35217 429// 00906 11085 21123 30262 40304 52003==
35302 42/// 31208 11053 21095 30265 40286 52002 83030==
35315 429// 00905 11090 21119 30242 40302 52005=
35344 429// 20405 11135 21170 30047 40355 58007 80001=
35358 429// 00503 11134 21161 30174 40356 52003==
35368 419// 40504 11039 21080 30083 40359 57002 70231 84040=
35386 419// 01804 11094 21119 39870 40419 58005 73633=
35394 42570 80706 11068 21096 39718 40425 58002 885//==
35404 429// 61305 11032 21053 30258 40266 52001 84031=
35406 429// 01103 11063 21086 30275 40277 58001==
35416 429// 00903 11101 21144 30173 40300 58002==
35426 429// 40303 11111 21140 30009 40317 57003 80001==
35437 419// 70902 11116 21142 30070 40405 53001 70232 80003=
35449 429// 00306 11124 21156 30222 40332 58004=
35497 429// 00504 11071 21118 39832 40686 57006==
35498 429// 00202 11118 21138 39483 40413 57005=
35514 42998 00904 11075 21097 30490 40486 52003=
35522 429// 00705 11092 21143 30034 40298 58003=
35542 429// 00506 11119 21148 30164 40320 57006=
35563 42998 01703 11128 21161 39569 40386 57002=
35576 429// 00406 11128 21165 39904 40382 58006==
35582 429// 00604 11125 21170 39763 40401 58003=
35594 429// 00703 11138 21168 39516 40409 58007=
35605 42998 01102 11035 21056 30278 40256 52002=
35633 429// 00604 11110 21133 30070 40295 57005=
35671 41970 00805 11080 21116 39909 40357 52002 73633==
35699 419// 00510 11067 21122 39574 40356 58018 73833 333 91016==
35700 42970 01103 11041 21050 30279 40255 52004==
35715 42997 01104 11045 21080 30277 40262 52001=
35739 429// 00902 11098 21140 30116 40262 54000=
35746 429// 00605 11071 21088 30204 40273 58002==
35777 429// 00507 11097 21133 39992 40355 52007=
35796 41960 00507 11085 21122 39894 40349 57006 70230==
35849 429// 00803 11078 21114 30171 40261 53004==
35895 42997 00104 11101 21126 39885 40352 57005=
35907 42998 00804 10016 21003 30247 40216 52004=
35925 415// 81102 11038 21052 30130 40244 58006 71022 887//==
35927 425// 81103 11035 21048 30238 54000 885//=
35953 429// 30502 11062 21102 30143 40277 53009 80002==
35969 429// 00702 11085 21144 30124 40305 52003==
35997 419// 00203 11119 21146 39868 40327 57006 71000=
36259 42984 00902 11370 21405 38392 48672 57001==
36335 425// 80706 11087 21108 39373 40442 57005 885//=
36358 426// 73407 11131 21158 39372 40452 57007 87500=
36394 429// 01401 11222 21229 30004 40472 57004=
36397 429// 01802 11183 21202 39849 40464 57003==
36403 419// 02301 11238 21250 30067 40470 58001 71000=
36418 429// 02301 11240 21257 39801 40487 57007=
36421 429// 00000 11317 21335 39862 40512 58003=
36428 429// 00000 11297 21329 39930 40503 56004==
36439 419// 01209 11145 21202 39105 48589 56002 73633=
36498 419// 00212 11106 21147 39555 40384 57014 73630 333 91015 91117=
36501 416// 70000 11094 21110 39638 40426 57008 74442 87500=
36535 429// 20000 11299 21322 39791 40513 57004 80001==
36546 419// 03001 11292 21302 39885 40499 57007 71000=
36619 429// 00502 11146 21166=
36622 419// 00505 11154 21169 39560 40420 57008 73633=
36639 429// 01202 11115 21187 39720 40356 57009==
36643 429// 02601 11253 21270 39751 40493 56004=
36665 429// 32101 11236 21253 39666 40471 58014 80001=
36666 429// 00000 11290 21312 39937 40498 57004=
36729 42998 01106 11099 21140 39818 40321 57002 333 91117=
36736 419// 00811 11050 21157 39790 40359 57011 73633=
36744 429// 00503 11145 21166 39840 40318 57006=
36770 429// 00000 11226 21226 39555 40352 58004=
36786 42999 02001 11162 21179 39346 40325 58005=
36796 429// 00000 11242 21267 39063 48477 54000=
36803 41998 00416 11105 21123 39834 40302 58008 73633 333 91020 91121=
36806 429// 01616 11139 21208 39888 40388 52006 333 91020 91126=
36819 419// 42702 11153 21168 39653 40306 57007 71011 80004=
36821 419// 21402 11186 21191 39799 40330 57005 71000 80002==
36839 42998 01801 11162 21218 39129 40335 57005=
36843 429// 02602 11110 21136 39079 40307 58007=
36846 429// 00901 11088 21197 38623 48506 57006=
36859 429// 00000 11124 21141 39530 40358 52003==
36870 429// 82701 11085 21108 39237 40288 57006 80001==
36874 426// 21801 11156 21178 39616 40458 57008 82500=
36877 429// 00000 11152 21159 39657 40741 57010=
36885 429// 31404 11077 21119 39127 40295 57006 83030=
36889 429// 21801 11088 21208 37030 47045 57002 80001=
36894 429// 00000 11139 21162 39538 40325 56004=
36905 429// 01102 11061 21138 38764 48516 57002=
36911 429// 00000 11068 21084 39271 40282 57006=
36927 42697 50000 11050 21104 38358 48525 57003 85900=
36934 42597 83601 11008 21087 38293 48420 58002 889//=
36953 428// 20000 11148 21175 38205 48508 52001 82040=
36963 429// 31403 11156 21248 37012 48/// 57004 80001=
36974 429// 00000 11170 21196 38008 48571 53001=
36982 429// 32201 11206 21295 36496 47121 57008 83030=
37018 42660 20101 10018 21016 30179 40256 52003 82500==
37031 42560 51701 11028 21037 30063 40267 52005 85500==
37054 41460 80000 11012 21022 39871 40268 52005 70282 889//==
37061 41540 82903 10000 21011 30086 40260 52007 71082 8355/==
37085 41540 83008 10021 20013 30263 40235 52031 76166 8872/ 333 91012 90730 91115==
37171 42940 00702 10000 21015 30234 40253 52001==
37228 41310 82802 11017 21022 39403 40263 52012 76676 8872/==
37235 41440 82804 10006 21001 39937 40262 52023 75052 886//==
37472 41540 73107 10056 20028 30247 40225 52018 71022 83471 333 91013 90730 91113==
38149 42970 00201 11091 21102 30160 40242 52003==
38178 429// 01602 11014 21078 39938 40243 52004==
38262 429// 00401 11053 21071 30140 40225 57003==
38264 42970 03601 11056 21074 30133 40231 57002==
38345 42998 00901 11054 21092 38820 48507 57005=
38353 429// 01702 11053 21099 39346 40282 57008=
38388 42998 00000 11042 21088 30149 40223 52005=
38392 42997 01002 11040 21052 30116 40224 57002=
38396 41920 00000 11039 21047 30100 40231 58004 71000==
38403 429// 00201 11043 21145 30107 40234 52004==
38413 429// 01502 10020 21037 39941 40237 52002==
38457 41920 70201 10010 21029 39648 40249 57003 71022 80006==
38462 429// 00000 11048 21138 38778 48532 57004=
38507 42996 00000 10001 21033 30097 40203 53003=
38545 42998 00000 11031 21045 30050 40232 58003=
38565 129// 00000 11032 21056 39621 40195 57001 60002==
38599 41595 60000 11008 21029 39700 40253 57002 71011 81501=
38611 41/20 60000 11008 21030 39673 40252 57005 71022 86040==
38613 429// 03601 11031 21066 40268 55005=
38616 429// 01801 11032 21060 39225 40277 56007=
38618 42/// 80901 11007 21028 39542 40251 57004 8807/==
38647 42997 00805 10030 21038 30138 40181 57006=
38656 42998 00702 11008 21069 30095 40208 57012=
38683 42960 10702 10003 21030 39949 40234 57004 80001==
38687 42997 01102 10012 21030 39991 40233 58004=
38696 12/// 60701 10012 21014 39368 40243 57002 60002 86050==
38713 429// 81602 11020 21070 39066 48520 54000 80004=
38750 42997 03602 10012 21051 30216 40187 57017=
38763 42997 01201 10022 21024 30087 40194 58001=
38774 42995 02301 10022 21021 30002 40202 58012=
38799 42997 01402 10020 21011 39991 40228 57004=
38806 42997 00901 10026 21013 39951 40217 57003=
38812 41920 0//01 10007 21022 39759 40225 57007 71000==
38836 419// 20000 10042 20042 39261 40204 58006 71000 82030=
38880 42997 00000 10020 21020 39939 40199 57009=
38886 42997 00801 10006 21034 39972 40207 58005=
38895 42996 01201 10037 21003 39917 40213 58009=
38911 42997 00903 10038 21028 39930 40230 57006=
38915 42997 50000 10030 21002 39911 40241 53001 80004=
38927 11926 00303 10019 21006 39846 40231 56005 60002 71000==
38933 429// 03601 10014 21024 39747 40276 52012=
38944 419// 03602 10031 21001 39635 40179 58001 71000=
38954 429// 00000 11059 21107 37945 48560 52004=
38974 42998 00000 10033 21008 39865 40205 52008=
38987 42996 02301 10002 21031 39464 40228 53001=
40100 43/60 00902 10155 20099 30142 40159 57005 333 58///=
40180 02560 51401 10141 20105 30103 40153 57002 85800 333 70000==
40199 02/// /3604 10172 20048 30116 40141 52001 333 70000==
40265 41950 00000 10062 20008 39365 40159 54000 70500=
40270 41957 00000 10094 20037 39251 40142 57002 70500=
40272 41950 02906 10090 20044 39320 40164 52002 70500=
40340 41950 03410 10146 20024 30085 40150 52005 70500=
40356 42960 00108 10086 21100 39153 48468 333 59034 555 04410 50120=
40357 42960 01908 10124 21080 39476 40103 333 59047=
40360 42960 02906 10104 21060 39542 40128 333 59027=
40361 42960 00000 10126 21130 39347 40148 333 59043=
40362 42960 01408 10117 21070 39603 40110 333 59060=
40373 42960 01512 10142 21050 39735 40149 333 59046=
40375 42960 20000 10166 21040 39247 40110 82020 333 59032 82460=
40394 42960 02104 10118 21030 39007 48493 333 59045 555 04410 50112=
40400 42960 30204 10190 20150 30097 40125 83030 333 59015 83360=
40405 42960 01504 10140 21020 39397 40146 333 59051=
40417 42960 01206 10118 20050 30163 40178 333 59025=
40420 42960 02203 10114 21090 39973 40188 333 59021=
40430 42960 02003 10217 20030 39401 40137 333 59020=
40437 42960 01304 10142 21090 39465 40163 333 59032=
40439 41958 20902 10216 20180 30099 40117 70540 80001 333 59007 82070=
40582 32960 01606 10117 20047 40170 58007 333 00048 10243 20066 5//// 55096 00627 10345 21651 42332 53117=
40703 42960 00000 10002 21102 38898 40175 56003 333 70000 555 11027 29046 31205=
40706 42960 30404 11010 21109 38637 40192 57002 80002 333 70000 83068 555 11038 29047 32605=
40712 41658 52603 11008 21112 38663 40180 54000 70511 82502 333 70000 82640 85067 555 11036 29045 33003=
40713 42962 10904 11002 21106 38641 40168 52002 80001 333 70000 81070 555 11033 29045 30904=
40718 41958 70000 10065 20054 30206 40177 52001 71000 80006 333 70000 87268 555 10060 29093 30706=
40723 42960 02902 11048 21098 38945 40209 51001 333 70000 555 11060 29068 32502=
40726 42960 02202 10038 21068 38646 40166 54000 333 70000 555 10002 29046 31906=
40727 42960 41702 11038 21098 38476 40200 52002 80008 333 70000 84270 555 11054 29063 32709=
40732 42960 00000 10070 20047 30190 40165 56002 333 70000 555 10060 29085 31005=
40736 42960 00000 10068 20053 30200 40174 55001 333 70000 555 10061 29090 30704=
40737 42960 00000 10020 20011 30140 40158 58008 333 70000 555 10017 29094 30103 40407=
40738 42960 00000 10008 21010 30186 40188 58003 333 70000 555 10002 29088 31204 4////=
40739 42965 03302 10006 21107 38677 40188 58001 333 70000 555 11026 29043 31507=
40741 42960 00000 10016 21040 39848 40186 58007 333 70000 555 11004 29066 31508=
40743 42965 00000 10044 21105 39054 40173 57005 333 70000 555 11004 29033 30810=
40745 42962 03103 10011 21039 39031 40193 56001 333 70000 555 11007 29069 32104=
40747 42965 00000 10001 21081 38634 40189 52003 333 70000 555 11025 29054 31906=
40754 42960 10000 10059 21121 38814 40161 51004 80001 333 70000 81070 555 10004 29026 32706=
40762 42960 03302 11028 21120 38549 40199 58002 333 70000 555 11052 29049 31909=
40766 42960 00902 10001 21089 38696 40192 54000 333 70000 555 11027 29051 32107=
40768 42965 60803 11006 21095 38248 40175 53002 80006 333 70000 86268 555 11034 29051 31406=
40769 42960 02801 10020 21096 38280 40157 54000 333 70000 555 11018 29042 32807=
40780 42960 01103 10025 21074 38687 40197 58003 333 70000 555 11009 29048 32106=
40782 42962 01302 10004 21062 38879 40200 51001 333 70000 555 11018 29061 32805=
40785 42960 00000 10052 21052 39084 40180 51002 333 70000 555 10015 29047 30204=
40791 42962 01702 10082 21137 39348 40173 56003 333 70000 555 10018 29020 31103 41605=
40792 42962 00702 10022 21160 38713 40176 56004 333 70000 555 11027 29025 32606=
40798 42960 00101 11027 21211 37957 40184 58001 333 70000 555 11067 29023 32312 4////=
40800 42960 03201 10024 21112 38454 40175 52003 333 70000 555 11019 29036 31004=
40809 42962 01103 11034 21193 38498 40198 58005 333 70000 555 11068 29028 33007 43012=
40811 42960 01202 10107 20025 30156 40182 58002 333 70000 555 10072 29057 31803=
40812 42960 00302 10090 20005 39794 40172 58004 333 70000 555 10055 29055 31503=
40821 42960 01601 10043 21126 38776 40169 50000 333 70000 555 11010 29028 31305 41109=
40829 42960 01102 10032 21102 39627 40208 56004 333 70000 555 11009 29037 33408 4////=
40831 41957 01203 10137 20108 30171 40180 58007 71000 333 70000 555 10122 29083 30605=
40833 42960 00701 10114 20005 30161 40193 58003 333 70000 555 10069 29047 31903=
40841 42960 01103 10004 21121 38242 40171 52001 333 70000 555 11033 29039 30104=
40848 42960 00000 10064 21109 38535 40178 57002 333 70000 555 10008 29028 32405=
40854 42960 03002 10092 21037 38945 40139 57009 333 70000 555 10042 29040 32803=
40856 42962 02002 10009 21101 38654 40195 58008 333 70000 555 11025 29044 30106 4////=
40859 42960 00000 10024 21093 38725 40199 58003 333 70000 555 11012 29042 32004=
40875 41957 02602 10150 20106 30168 40180 58001 70500 555 10127 29075 32406=
40879 42962 00102 10103 21096 39504 40188 58007 333 70000 555 10037 29024 32304 42707=
40882 42960 03303 10164 20095 30148 40183 58006 333 70000 555 10128 29064 33405=
40883 41957 03603 10158 20068 30156 40184 58013 70500 333 70000 555 10114 29055 32304=
40893 42960 02903 10193 20108 30173 40178 56005 333 70000 555 10147 29058 32605=
40898 42960 00302 10197 20073 30167 40176 58008 333 70000 555 10134 29045 31306 4////=
41024 42660 43606 10266 20210 30095 40121 84500 333 59008 84640=
41036 41956 00000 10162 20140 38565 48515 71000 333 59012 555 04410 50122=
41055 42960 01104 10163 21080 38369 48515 333 59015 555 04410 50117=
41061 42960 01310 10138 21070 39454 40161 333 59020=
41084 42960 03302 10158 21110 38860 48515 333 59010 555 04410 50118=
41112 42960 00000 10129 20100 37954 48515 333 59003 555 04410 50087=
41114 42960 00000 10131 20100 37991 48532 333 59003 555 04410 50155=
41128 42960 02902 10132 21090 38835 48538 333 59017 555 04410 50168=
41136 42960 00708 10146 21120 39347 40163 333 59021=
41140 42960 01204 10251 20190 30124 40133 333 59002=
41150 42970 01405 10175 20082 40186 333 59015=
41176 44/70 /0808 10177 20100 30180 40186 333 59016=
41184 42960 01903 10127 20078 40197 333 58002=
41194 42960 02203 10192 20101 30183 40189 333 58004=
41196 42960 01603 10163 20094 30152 40194 333 58003=
41216 42960 00000 10168 20103 30188 40193 333 59001=
41217 42960 03503 10167 20099 30158 40188 333 59002=
41244 36/// /3104 10142 20079 39752 40180 333 0E020 55300 25022 59003=
41246 36/// /3207 10197 20099 30176 40178 333 0E019 55300 25022 59000=
41254 36/// /3301 10047 21029 38053 49888 333 0E002 55300 25022 58010=
41256 32960 01505 10172 20087 30160 40177 333 58000 55000 55407 55408 55507 55508=
41262 36/// /3006 10157 20005 39978 40179 333 0E016 55300 20000 59003=
41263 36/// /1200 10155 21012 39585 40160 333 0E017 55300 20000 58007=
41267 36/// /2604 10195 20115 30167 40180 333 0E018 58007=
41275 36/// /2807 10145 21013 30020 40195 333 0E015 55300 20000 58001=
41288 36/// /1700 10207 20136 30160 40182 333 0E021 58009=
41315 36/70 /3512 10162 21067 39345 48253 333 0E019 55300 27865 58000=
41396 42965 00902 10115 21052 39434 40184 333 59017=
41480 41558 60913 10253 20174 30158 40166 70544 86500 333 59002 86625=
41506 12920 40000 10020 20008 38514 48120 60001 84020 333 56080 59005==
41508 12420 40000 10039 20003 38651 48180 60001 84500 333 56800 59004==
41515 12420 30000 10013 20002 38564 48240 60001 83500 333 56800 59021==
41516 12940 70000 10030 21024 38516 48750 60001 87010 333 56080 59032==
41517 11440 70000 10020 21032 37765 48950 60001 70422 87570 333 56880 59033==
41518 12440 71801 10056 20013 30001 48010 60001 87520 333 56880 58000==
41519 12440 30000 10080 21005 38762 48980 60001 83500 333 56800 59052==
41523 12440 50000 10040 21011 39082 48830 60001 83520 333 56880 58015==
41535 12640 30000 10050 20007 38698 48650 60001 83030 333 56080 59014==
41536 12940 00000 10080 20023 39031 48930 60001 333 59010==
41560 12940 00000 10010 21015 38298 48320 60001 333 59009==
41571 11900 00502 10090 20035 39574 40174 60001 70500 333 59013==
41598 11920 00000 10085 20063 39867 40149 60001 71000 333 59008==
41600 11920 00000 10090 20069 30000 40168 60001 71000 333 58002==
41620 11940 02301 10010 21068 38579 48800 60001 70500 333 58027==
41624 11910 00000 10110 20068 30000 40154 60001 70400 333 58028==
41630 11940 00000 10095 20051 30000 40166 60001 70400 333 58000==
41640 11920 00000 10115 20085 39900 40156 60001 71000 333 59015==
41660 12900 02303 10015 21093 38440 48360 60001 333 58015==
41678 11940 00000 10130 20056 30000 40158 60001 70400 333 58005==
41696 12940 00000 11035 21078 38004 48470 60001 333 58004==
41697 12940 00000 10115 20036 30000 40156 60001 333 58003==
41700 11920 30000 10105 20085 30000 40144 60001 71000 83030 333 56080 58020==
41712 12940 00000 10080 21005 39221 48150 60001 333 58018==
41715 11910 00000 10135 20074 30000 40161 60001 70400 333 58029==
41718 11920 00000 10090 20045 30000 40146 60001 70400 333 58006==
41725 41940 00000 10130 20068 30000 40149 70500 333 58016==
41739 12940 00502 10080 21005 39067 48170 60001 333 58007==
41744 12940 00000 10060 21001 38786 48020 60001 333 58014==
41749 12940 00000 10120 20068 30000 40158 60001 333 58020==
41756 11920 02701 10175 20089 30000 40177 60001 70504 333 58024==
41757 12940 00000 10170 20089 30161 40174 60001 333 58009==
41759 12940 00000 10145 20107 30000 40177 60001 333 58019==
41764 12940 00000 10150 20069 30101 40153 60001 333 58016==
41768 12940 00000 10125 20074 30138 40145 60001 333 58019==
41780 12940 00201 10190 20096 30129 40157 60001 333 58008==
41785 12940 00000 10140 20091 30148 40161 60001 333 58012==
42027 32596 22701 10034 20001 38394 48483 82500 333 59021=
42071 31993 09902 10084 20071 40159 71000 333 59019=
42123 22040 00000 10110 20068 40156 333 58001 60005==
42131 21020 03201 10102 20094 40159 71000 333 59004 60005==
42165 32996 00000 10134 20031 40155 333 58008=
42182 21994 20000 10154 20140 40138 71000 82030 333 59008 6990/ 82360=
42189 21994 30000 10152 20141 40123 71021 82031 333 59019 6992/ 82360 83070=
42328 32996 00000 10118 20058 40137 333 58010=
42339 31995 00000 10138 20025 40155 70500 333 58015=
42348 21020 00000 10158 20105 40145 70500 333 58004 60005==
42369 31995 00000 10170 20135 40117 71000 333 59014=
42379 31995 00000 10160 20131 40098 71000 333 59031=
42452 21520 30000 10158 20129 40137 71000 82530 333 58007 60005==
42492 31994 00000 10180 20138 40112 71000 333 59025=
42591 21020 00000 10160 20131 40122 71000 333 59022 60005==
42701 31995 00000 10180 20097 39373 40108 70500 333 59024=
42724 31994 00000 10156 20153 40100 71000 333 59019=
42798 31994 01102 10184 20157 40115 71000 333 59022=
42809 21020 00000 10190 20149 40107 70500 333 59023 60005==
42886 31994 00000 10210 20174 40114 71000 333 59015=
42895 31995 20000 10220 20205 40112 70500 82030 333 59021 82360=
42971 31594 40000 10248 20236 40112 71100 84530 333 59024 84620=
43086 31995 00000 10212 20193 39938 40118 70500 333 58004=
43128 31996 00000 10218 20153 39506 40115 70500 333 59013=
43150 21520 40000 10244 20229 30048 40109 71000 82501 333 59015 60005 82620==
43185 31996 00000 10228 20209 30094 40097 70500 333 59014=
43189 31996 10000 10236 20215 30100 40109 70500 80001 333 59016=
43201 32996 00000 10206 20086 39370 40100 333 59008=
43213 22040 00000 10228 20147 39777 40096 333 59012 60005==
43233 32996 20000 10194 20148 39298 40124 80001 333 59013=
43245 32996 02002 10248 20214 30079 40106 333 59011=
43279 31596 20000 10230 20215 30092 40110 71000 81501 333 59012=
43284 21940 30503 10252 20225 39983 40099 71022 80001 333 59009 60005 83075==
43295 32496 10903 10190 20154 39100 48502 80001 333 59008 81075=
43314 32996 10000 10268 20239 40099 80001 333 59012=
43321 31496 49902 10226 20149 39663 40113 70500 81501 333 59010 81615 83070=
43329 22540 20000 10240 20219 30095 40108 81501 333 59011 60005==
43333 31495 30000 10258 20222 40092 70510 83500 333 59013 83618=
43344 31995 33204 10224 20199 30010 40111 71000 80001 333 59016 83075=
43369 32596 33602 10278 20252 40097 83500 333 59008 83620=
43371 32996 10000 10250 20217 30029 40102 80001 333 59009 81071=
43413 22/70 20503 10260 29085 30102 40107 5/015 333 59008 60008 91005==
43418 22470 10501 10255 20225 30061 40102 57015 81100 333 59014 60008 555 60008==
43421 22970 0//// 333 60008==
43424 22970 00000 10230 20221 30101 40103 57012 333 59009 60008 555 60008==
43436 22/70 30000 10270 20226 30094 40097 55018 333 59011 60008 555 60008==
43441 22/70 20501 10225 20210 39960 40094 56014 333 59009 60008 555 60008==
43444 22470 10901 10200 20188 39566 40096 54016 81000 333 59008 60008 555 60008==
43450 21458 30202 10235 20215 30092 40104 56009 70510 83000 333 58003 60008 555 60008==
43466 42468 3//// 83100==
43467 21465 10000 10255 20235 30092 40098 57012 70500 81100 333 59006 60008 555 60008==
43486 41456 7//// 56/// 70522 86000==
43495 22/70 10502 10255 20227 30077 40090 57016 333 59009 60008 555 60008==
43497 22970 00202 10239 30072 40090 57014 333 553// 20000 59014 60008 555 60008==
44212 429// 00000 11353 21402 39312 40658 57010==
44213 429// 00000 11322 21363 38937 40640 57006==
44214 42970 00000 11233 21286 38403 40619 58003==
44215 429// 01202 11272 21304 38532 40638 57010==
44217 32998 00000 11305 21341 37948 40748 54000 333 91200=
44218 429// 02601 11258 21295 38746 40618 58008==
44219 32999 01302 11332 21364 38767 40685 57005 333 91204=
44265 429// 03101 11298 21330 38975 40601 57008==
44266 329// 03506 11244 21298 37846 40634 58004 333 91206=
44454 42457 20702 10106 20076 38650 48485 82100 333 59017=
51076 14/79 /3600 11227 21252 39501 40475 57012 60001 333 11117 21255 3/102 4/026 59010 70000 90761 91103==
51087 14/76 /0802 11198 21237 39350 40474 57008 60001 333 11115 21247 3/106 4/018 59005 70000 90761 91104==
51156 14/80 /0402 11135 21232 38800 40423 57007 60001 333 11040 21168 3/115 59007 70000 90761 91106==
51243 14/57 /0101 11174 21197 39864 40465 57008 60001 333 11094 21174 3/112 59007 70000 90761 91104==
51334 14/39 /1701 11178 21200 30017 40460 57004 60001 722// 333 11068 21206 3/110 4/012 59007 70000 90761 91104==
51379 14/32 /1701 11209 21234 39427 40469 57007 60001 710// 333 11109 21249 3/106 4/023 59011 70001 90761 91103==
51463 14/47 /0000 11169 21190 39152 40453 57013 60001 710// 333 11106 21180 3/101 4/037 59017 70000 90761 91102==
51573 14/66 /0201 11042 21126 30324 40376 57004 60001 333 10054 21061 3/111 58012 70000 90761 91103==
51644 14/57 /0301 11087 21118 39046 40363 54000 60001 705// 333 10014 21138 3/106 4/003 58012 70000 90761 91103==
51656 14/57 /0402 11092 21113 39254 40363 57004 60001 333 10027 21133 3/113 58012 70000 90761 91105==
51709 14/63 /2803 11068 21181 38698 40342 52001 60001 333 10021 21073 3/109 58006 70000 90761 91103==
51711 14/62 /2802 11129 21167 38062 40318 54000 60001 333 11035 21139 3/118 58015 70000 90761 91106==
51716 14/60 /3601 11071 21142 38994 40341 57004 60001 333 10032 21101 3/111 58005 70000 90761 91104==
51765 14/80 /1501 11066 21166 39317 40353 57006 60001 333 10051 21135 3/112 58019 70000 90761 91105==
51811 14/50 /1101 11045 21173 38861 40322 57006 60001 706// 333 10042 21087 3/109 58001 70000 90761 91107==
51818 14/58 /0000 11055 21185 38703 40328 57005 60001 333 10010 21076 3/109 58002 70000 90761 91104==
51886 14/80 /0000 11113 21274 37095 40242 57001 60001 333 10002 21182 3/116 59034 70000 90761 91103==
52203 14/77 /3301 11119 21177 39449 40387 57003 60001 333 10005 21120 3/118 58015 70000 90761 91105==
52602 14/80 /0103 11126 21277 37253 40269 57001 60001 333 11019 21221 3/117 59037 70000 90761 91107==
52818 14/80 /2601 11081 21219 37221 40211 57002 60001 333 10017 21158 3/114 59036 70000 90761 91104==
52908 14/80 /2608 11062 21170 35719 40001 57001 60001 333 10020 21195 3/115 59055 70000 90761 91128==
55299 14/80 /0401 11130 21303 35842 40091 52001 60001 333 10086 21190 3/121 59037 70000 90761 91115==
55591 14/78 /0702 10007 21181 36486 49957 54000 60001 333 10186 21029 3/110 59055 70000 90761 91103==
56004 14/80 /2805 11088 21232 35782 40005 57001 60001 333 10060 21222 3/118 59061 70000 90761 91122==
56018 14/80 /1001 11086 21243 36132 49996 57007 60001 333 10117 21163 3/117 59077 70000 90761 91119==
62306 32560 52912 10175 20109 40190 52007 85200=
62309 32960 02802 10140 20099 40170 52002=
62332 32560 23106 10174 20101 40168 54000 82100=
62337 32960 00000 10119 20088 40160 57001=
62366 34556 43503 10161 20098 40167 52004 70500 84500=
62387 32960 03106 10129 20098 40166 52003=
62393 32960 03607 10151 20079 40184 52005=
62405 32960 01906 10171 20067 40141 52006=
62419 32960 03309 10202 20006 40126 52006=
62420 32960 03401 10141 20067 40181 52006=
62432 32960 02906 10156 20021 40193 52007=
62435 32960 30303 10164 20045 40156 52006 83030=
62458 32960 03405 10168 20076 40140 54000=
62459 32960 02001 10158 20062 40127 57001=
62465 32960 02603 10178 20110 40133 52009=
41316 32988 03309 10196 21032 30153 40183 92045 333 58000 55000 55407 55408 55507 55508=
