SMPK OPKC 041800=
41504 02995 01302 11010 21111 37827 48493 60003 333 59047 60007 RH 46%= 
41516 02996 60000 10050 21030 38513 48472 60003 86010 333 56090 59032 60007 86460 RH 56%=
41517 01696 70000 10030 21051 37760 48488 60003 70422 83570 333 56990 59043 60007 83635 87460 RH 55%= 
41518 02696 71802 10061 20013 38/// 48/// 60003 83520 333 56990 5//// 60007 83640 87461 RH 72%= 
41519 02696 30000 10100 21007 38753 48492 60003 83500 333 56900 59052 60007 83640 RH 47%=
41520 02695 82702 10020 21048 37590 48234 60003 8352/ 333 5699/ 59032 60007 83640 88462 RH 61%= 
41530 019// 11304 10110 20015 39734 40157 60003 70500 81030 333 56090 58011 60007 81360 RH 52%=
41571 119// 00506 10110 20035 39577 40174 60003 70500 333 59003 RH 60%=
41620 31996 02702 10040 21085 38572 48474 60003 70500 333 58027 60007 RH 40%=
41660 029// 02306 10030 21112 38447p 48538 60003 333 58025 60007 RH 35%=
41661 02996 00000 10020 21065 38400 48531 60003 333 58020 60007 RH 53%=
41685 02997 00000 10075 21117 38919 48493 60003 333 58017 60007 RH 24%=
41696 02996 00000 11020 21083 38007 48546 60003 333 58004 60007 RH 62%=
41697 02996 00000 10155 20035 40163 60003 333 58002 60007 RH 45%= 
41710 12996 00502 10115 21139 39385 40173 60003 333 58031 RH 15%=
41712 12996 00000 10100 21024 39226 48525 60003 333 58026 RH 42%=
41715 01994 00000 10170 20125 30101 40168 60003 70400 333 58018 60007 RH 75%=
41724 01995 00000 10140 20056 30083 40164 60003 70500 333 59030 60007 RH 57%=
41725 01996 00000 10150 20081 30079 40158 60003 70500 333 58020 RH 63%=
41726 01994 10100 20068 30103 40177 60003 70500 333 58009 60007 RH 81%= 
41738 02996 02704 10190 21075 39998 40180 60003 333 58019 60007 RH 16%=
41739 02996 00504 10100 21007 39076 48520 60003 333 58006 60007 RH 47%=
41742 12996 00000 10145 20035 40164 60003 333 58012 RH 48%= 
41743 01996 00000 10140 20080 60003 70400 333 60007 RH 67%= 
41744 12996 00000 10090 20009 38793 48511 60003 333 58014 RH 57%= 
41745 01996 00000 10160 20081 60003 70400 333 60007 RH 60%=
41747 01995 00000 10105 20050 40149 60003 70400 333 58023 60007 RH 69%=
41748 01995 00000 10145 20074 40171 60003 70500 333 58018 60007 RH 63%= 
41749 02996 00000 10130 20068 30139 40172 60003 333 58022 60007 RH 66%=
41756 01995 02702 10190 20085 30118 40185 60003 70504 333 58028 60007 RH 50%= 
41757 12996 00000 10180 20095 30169 40182 60003 333 58016 RH 58%=
41759 02996 02302 10190 20108 30181 40187 60003 333 58019 60007 RH 59%=
41764 02996 00000 10170 20094 30108 40159 60003 333 58012 60007 RH 61%=
41765 02996 00502 10180 20106 30125 40160 60003 333 58005 60007 RH 62%=
41766 01994 00000 10140 20091 30132 40162 60003 74000 333 58008 60007 RH 72%=
41767 02996 00000 10145 20097 3//// 4//// 60003 333 60007 RH 73%=
41768 02996 03602 10145 20086 30152 40159 60003 333 58011 60007 RH 68%=
41780 02996 03102 10205 20104 30135 40163 60003 333 58006 60007 RH 52%=
41783 02996 00000 10190 20138 30121 40151 60003 333 58006 60007 RH 72%=
41785 02996 00000 10160 20093 30158 40171 60003 333 58016 60007 RH 64%=
41786 02996 00000 10165 20076 30112 40155 60003 333 58023 60007 RH 56%=

SMPK OPLA 041800=
=================
41506 12995 30000 10040 20018 38514 48512 60023 83020 333 56090 59015 60007 83460 85%=
41507 02996 00906 10120 20021 39263 49786 60003 333 58048 60007 51%=
41508 02695 40000 10056 21008 38654 48522 60003 84500 333 56900 58010 60007 84635 64%=
41509 02696 50000 10065 20019 38770 48506 60033 82520 333 56990 59008 60007 82640 84460 72%=
41510 02696 60000 10005 21007 37890 48507 60013 83520 333 56990 59004 60007 83640 83460 91%=
41515 12695 30000 10029 20005 38560 48521 60013 83500 333 56900 59015 60007 83650 84%=
41523 02996 00000 10075 20017 39076 48484 60003 333 58017 60007 67%=
41524 02696 60000 10125 20028 39344 40216 60003 84520 333 56990 59002 60007 82640 82460 52%=
41525 12696 60000 10000 21036 37667 48406 60003 82520 333 56990 58006 82640 84460 74%=
41528 01696 20000 10100 20059 39218 48499 60003 70400 333 56900 58013 60007 82640 76%=
41529 02996 01302 10115 20050 39774 40165 60003 333 58014 60007 RH 64%=
41534 02996 01304 10130 20056 39735 40155 60003 333 58019 60007 61%=
41535 02696 00000 10070 20011 38703 48470 60003 333 59001 60007 66%=
41536 02996 50000 10105 20041 39033 48498 60003 85030 333 56090 58000 60007 85360 65%=
41560 02996 00000 10045 21002 38307 48538 60003 333 59009 60007 RH72%=
41562 02996 33104 10120 20014 39684 40156 60003 83030 333 56090 58023 60007 83362 RH48%=
41565 02995 03104 10072 21019 38665 48529 60003 333 58015 60007 RH 53% =
41567 01996 00000 10125 20062 39706 40130 60003 70400 333 58020 60007 65%=
41572 01996 03108 10100 20008 39514 40155 60003 70400 333 58001 60007 RH53%=
41573 02697 43602 10035 21028 37957 48493 60003 84400 333 56900 59021 60007 84640 63%=
41574 02697 40000 10060 20039 38345 48526 60003 84500 333 56900 58014 60007 84640 86%=
41576 01996 00000 10120 20056 40172 60003 70400 333 58010 60007 65%=
41577 01996 00000 10090 20035 39538 40169 60003 70400 333 56000 58000 60007 RH 69%=
41593 01996 00000 10120 20068 39935 40157 60003 70400 333 58007 60007 70%=
41597 01996 00000 10120 20079 40173 60003 70400 333 58011 60007 76%=
41598 01995 00000 10110 20068 39869 40147 60003 71000 333 59007 60007 75%=
41599 01995 01304 10130 20091 39865 40161 60003 70400 333 59008 60007 77%=
41600 01996 00000 10120 20090 39853 40156 60003 70400 333 59005 60007 82% =
41624 01994 00000 10130 20068 39954 40159 60003 70400 333 58029 60007 66%=
41625 01995 00000 10125 20074 39947 40152 60003 70400 333 58027 60007 71%=
41630 01996 00000 10115 20062 40167 60003 70400 333 58003 60007 70%=
41633 01996 00000 10110 20079 4//// 60003 70400 333 5//// 60007 81%=
41634 02996 00000 10110 20047 3//// 4//// 60003 333 5//// 60007 65%=
41635 01996 00000 10115 20062 3//// 4//// 60003 70400 333 5//// 60007 70%=
41636 01996 00000 10125 20074 39979 40170 60003 70400 333 58006 60007 71%=
41638 01996 00000 10130 20091 4//// 60003 70400 333 5//// 60007 77%=
41639 01996 00502 10130 20091 3//// 4//// 60003 70400 333 5//// 60007 77%=
41640 01995 00000 10130 20091 39909 40163 60003 70400 333 58017 60007 77%=
41641 01996 00000 10140 20080 39881 40161 60003 70400 333 59004 60007 67%=
41642 01996 00000 10110 20068 3//// 4//// 60003 70400 333 5//// 60007 75%=
41643 01995 00000 10125 20096 39879 40162 60003 71000 333 58006 60007 82%=
41644 01996 00000 10120 20090 3//// 4//// 60003 70400 333 5//// 60007 82%=
41646 01995 00000 10145 20097 39959 40178 60003 70400 333 58004 60007 73%=
41652 01996 03102 10110 20043 39991 40176 60003 70400 333 58033 60007 63%=
41669 01996 00000 10125 20096 3//// 4//// 60003 70400 333 5//// 60007 82%=
41670 01996 00000 10125 20074 4//// 60003 70400 333 5//// 60007 71%=
41674 01995 00000 10130 20091 3//// 4//// 60003 70400 333 5//// 60007 77%=
41675 01995 00000 10130 20091 30010 40157 60003 70400 333 58017 60007 77%=
41676 01996 00000 10120 20068 30016 40178 60003 70400 333 58028 60007 70%=
41677 01996 00000 10110 20079 39973 40145 60003 70400 333 58012 60007 81%=
41678 01996 00000 10160 20057 40169 60003 70400 333 58009 60007 50%=
41679 01996 00000 10115 20085 4//// 60003 70400 333 5//// 60007 82%=
41680 01996 00000 10130 20080 39949 40152 60003 70400 333 59006 60007 71%=
41700 01995 20000 10130 20080 40150 60003 70400 82030 333 56090 58013 60007 82360 71%=
41701 01996 00000 10130 20091 30018 40165 60003 70400 333 58015 60007 77%=
41716 01996 00000 10140 20056 30062 40169 60003 70400 333 58017 60007 57%=
41718 01995 20000 10115 20062 30049 40155 60003 70400 82030 333 56090 58009 60007 82360 70%=
41BKI 02996 20000 10115 20050 39730 40158 60003 82030 333 56090 58021 60007 82360 RH64%=
41SKP 01996 00000 10120 20090 3//// 4//// 60003 70400 333 5//// 60007 82%=
43532 01996 00000 10120 20035 39320 40132 60003 70400 333 58020 60007 56%=
43533 02997 00000 10100 20035 39242 48502 60003 333 58022 60007 64%=
43536 32596 70501 10056 20021 38396 48484 84520 333 59016 RH78%=
43563 02997 00000 10111 20047 39452 40157 60003 333 59007 60007 65%=

==================
41505 Not Received
41526 Not Received
41533 Not Received
41564 Not Received
41568 Not Received
41592 Not Received
41594 Not Received
41672 Not Received
41746 Not Received
41760 Not Received
41781 Not Received
41BAG Not Received
==================

UPPK OPKC 041800=
=================
PPAA 5418/ 41517 NO ASCENT DUE TO SMOKE HAZE=
PPAA 5418/ 41739 NO ASCENT DUE TO SECURITY RISK=
PPAA 5418/ 41516 NO ASCENT DUE TO TECHNICAL FAULT=
PPAA 54171 41780 NO ASCENT DUE TO RED BALLOON SHORTAGE=
PPAA 5418/ 41715 NO ASCENT DUE TO BALLOONS OUT OF STOCK=
PPAA 5418/ 41764 NO ASCENT DUE TO SHORTAGE OF 30GRAM BALOON=

PPAA 5418/ 41675 MISDA DUE TO TECHNICAL ISSUE=
PPAA 5418/ 41646 MISDA DUE TO TECHNICAL FAULT=
PPAA 5418/ 41624 MISDA DUE TO TECHNICAL FAULT=
PPAA 5418/ 41718 MISDA DUE TO TECHNICAL PROBLEM=
PPAA 5418/ 41678 MISDA DUE TO TECHNICAL PROBLEM=
PPAA 5418/ 41600 MISDA DUE TO TECHNICAL PROBLEM=
PPAA 5418/ 41640 MISDA DUE TO TECHNICAL PROBLEM=
PPAA 5418/ 41598 MISDA DUE TO TECHNICAL PROBLEM=

Data Generated from File : D:/all data handling/Rmc_lhr/2025020418.FSU.txt
04/02/2025   19:07:21
__________________________________________________________________________
15020 04570 82902 10001 21049 30112 40319 52009 69902 8557/ 333 10014 21002 31002 55300 20000 60007 91002 90760 91103==
15090 04570 82902 10007 21042 30224 40321 52008 60002 8557/ 333 10016 20001 34000 55300 10060 20000 30000 60007 91002 90760 91103==
15108 01/00 92804 11122 21134 38106 48534 53012 60002 74542 89/// 333 11109 21132 49075 55300 20000 60007 91007 90760 91107==
15150 04567 72701 10001 21053 30099 40323 52007 60002 84570 333 10020 21004 31003 55300 20000 60007 91001 90760 91102==
15170 04/69 43102 11046 21080 39493 42866 53008 60002 84070 333 11001 21111 34012 55300 20000 60007 91003 90760 91103==
15280 02/70 13208 11154 21214 37487 47011 54001 60002 81070 333 11131 21157 49085 55300 20000 60007 91014 90760 91115==
15310 04570 73001 10004 21039 30227 40317 53009 60002 85570 333 10026 21017 31007 55300 10080 20000 30000 60007 91003 90760 91103==
15335 04570 50203 10014 21041 30306 40313 52006 60002 85500 333 10042 21006 31008 55300 20000 60007 91005 90760 91105==
15350 04566 81201 10013 21029 30198 40324 53008 60002 885// 333 10032 21026 31006 55300 20000 60007 91001 90760 91102==
15360 04/70 73306 10015 21030 30290 40308 52011 60002 87070 333 10028 21004 60007 91007 90760 91109==
15420 04/67 71502 10010 21039 30194 40311 52003 60002 87050 333 10048 21055 31009 55300 20000 60007 91004 90760 91104==
15460 04570 73401 10009 21032 30292 40318 52006 60002 87500 333 10033 21007 31004 55300 20000 60007 91001 90760 91102==
15470 04960 01203 10013 21043 30176 40308 52004 60002 333 10065 21003 30014 55300 20000 60007 91003 90760 91103==
15480 04470 61801 10028 21066 30294 40312 53010 60002 86600 333 10049 21002 30011 55300 10100 20000 30000 60007 91004 90760 91105==
15549 12970 00903 11015 21046 39869 40305 53001 60002 333 10027 21041 555 577//=
15552 12565 83403 10023 21049 30254 40305 52006 60002 885// 222// 00079 10301 333 10055 21004 555 559// 92023 92427=
15640 12974 00000 10009 21005 39976 40301 53002 60002 333 10048 21005 555 590//=
15655 12568 73604 10036 21047 30270 40304 53007 60002 87500 222// 00084 10301 333 10058 20013 555 555// 92035 92437=
15730 12670 80904 10019 21049 39886 40297 53006 60002 84557 333 10050 20005 555 561//=
16627 12560 20508 10040 21043 30280 40287 52017 60002 82100 333 10080 90730 91120==
16650 12560 50517 10068 21031 30255 40265 52010 60002 83460 333 10082 83620 83358 90730 91133==
16667 12560 20210 10088 20027 30219 40231 53014 60022 81140 333 10108 90730 91127==
16706 11560 53618 10100 20047 30195 40202 52008 60032 70162 84830 333 10110 81820 83630==
16723 41460 70207 10104 20084 30169 40182 53004 70165 84870 333 10124 81818 84625 87359 90730 91110==
16742 12460 33315 10116 20084 30003 40159 52003 60022 83400 333 10156 90730 91124==
16749 12460 63009 10150 20092 30130 40145 51001 69902 84850 333 10170 82816 84620 86358 90730 91116==
16754 11460 63419 10138 20108 30147 40195 52015 60022 70162 84870 333 10170 82818 84620 86358 90730 91132==
16760 11360 73611 10108 20086 40196 52010 60092 76066 87600 333 10159 82707 86620 90730 91121==
16765 12560 53311 10144 20098 40164 52007 69922 85830 333 10177 85820 84625 90730 91123==
17022 12670 71403 10046 21001 30100 40271 50001 60012 84250 333 10059 84834 87360 90760 91111==
17024 11570 71804 10031 20023 30184 40264 55000 60032 70262 85570 333 10062 85632 87359 90760 91115==
17026 11570 71502 10044 20020 30233 40273 50002 69972 72162 85570 333 10072 85630 87458 90760 91115==
17031 11458 72405 10034 20025 30263 40270 51003 60092 78088 87200 333 10063 84710 87827 90760 91116==
17034 11560 73004 10047 20023 30229 40277 52005 60082 78082 84250 333 10073 84830 87358 90760 91114==
17038 11459 70000 10049 20027 30217 40266 50003 60052 78088 87200 333 10090 84711 87825 90760 91127==
17042 11560 81105 10037 20023 30238 40279 50007 60332 76166 8552/ 333 10113 85630 88458 90760 91111==
17050 12970 00000 10034 21038 30243 40308 52013 60002 333 10082 90760 91113==
17056 12670 60206 10046 21015 30289 40294 52014 60002 83230 333 10074 83835 86360 90760 91121==
17060 12660 70313 10057 21027 30238 40279 52008 60002 87200 333 10089 87835 90760 91128==
17070 12565 70704 10005 21046 39355 40252 51006 69932 84520 333 10044 84630 86460 90760 91112==
17074 12570 71301 11002 21007 39292 40255 51005 60002 84250 333 10050 84830 87360 90760 91115==
17084 11670 63603 10001 21004 39317 40252 53005 60032 70172 84550 333 10036 84635 86360 90760 91114==
17085 12670 30104 10033 21017 39744 40248 50003 60042 83500 333 10051 83640 90760 91112==
17092 12660 70000 10002 21060 38851 48477 50002 60002 85550 333 10057 85640 87357 90760 91106==
17096 11538 70801 11063 21081 38218 48498 50000 60002 71011 85550 333 11036 85625 87357 90760 91105==
17098 12660 41302 11076 21106 38177 48500 51002 60002 84500 333 10027 84640 90760 91114==
17100 11/23 20000 10010 21074 39187 40217 52007 60002 70500 82030 333 82358==
17112 12570 60409 10055 21018 30263 40266 52016 60002 86200 333 10091 86830 91019 90760 91123==
17115 12460 50319 10060 21022 30216 40268 52011 60002 83250 333 10086 82715 83835 85360 90760 91136==
17116 12570 70610 10059 21012 30134 40259 52013 60002 84250 333 10094 84833 87360 90760 91119==
17124 12660 72606 11004 21041 39296 40240 52007 60002 84570 333 10071 84635 85360 90760 91118==
17128 12670 50408 11010 21077 39105 40237 51007 60002 81501 333 10058 81640 85068 90760 91118==
17135 12670 50507 10027 20000 39326 40223 52008 60002 83550 333 10070 83635 85360 90760 91114==
17140 11665 70506 11023 21029 38711 48494 50001 60012 72272 85520 333 10037 85638 87458 90760 91111==
17150 12560 40117 10053 21002 30115 40242 52007 69902 84100 333 10080 81720 84835 90760 91129==
17160 11663 80413 10001 21041 39025 48488 50000 69952 77062 8452/ 333 10064 84636 88460 90760 91121==
17170 12560 50602 11027 21075 38323 48498 50001 60002 82550 333 10047 82630 85362 90760 91111==
17175 12665 30608 10070 21016 30221 40225 52012 69902 83100 333 10102 83840 90760 91124==
17184 11670 63508 10052 21007 30098 40212 52005 60012 70382 83250 333 10071 83835 86361 90760 91121==
17190 11556 83103 10012 20010 38995 48490 55000 60042 76866 8552/ 333 10062 85630 88458 90760 91108==
17195 11257 82401 10013 20006 38971 48484 50004 60032 76122 8752/ 333 10097 84706 86625 88458 90760 91115==
17200 12660 71903 10020 21033 39177 40189 50002 60002 84530 333 10115 84640 87360 90760 91108==
17202 12670 62405 10033 21056 39120 40186 50000 60002 82541 333 10111 82635 84360 86070 90760 91108==
17203 12670 31801 10046 21072 38870 48520 51003 60002 82230 333 10108 82840 83360 90760 91109==
17210 12670 50000 10075 21074 39141 40184 51003 60002 82101 333 10127 82840 85070==
17219 11570 53514 10073 20015 30050 40197 52007 69922 70282 83230 333 10119 83830 84360 90760 91122==
17234 11660 72101 10082 20081 30110 40179 53005 60032 78088 84270 333 10138 84835 87359 90760 91104==
17237 11659 83001 10070 20070 39678 40188 52007 60042 76122 8552/ 333 10133 85635 88459 90760 91108==
17240 11570 70705 10061 20030 39016 40175 52007 69972 72582 85250 333 10136 85830 87360 90760 91121==
17244 11456 73611 10012 20005 38995 48488 52002 60022 76122 85550 333 10088 82710 85625 87359 90760 91121==
17248 12670 60000 10054 20000 38962 48469 58003 60002 83230 333 10111 83835 85360 90760 91112==
17250 12670 70405 10033 20005 38792 48482 50000 60002 84570 333 10096 84640 87360 90760 91115==
17260 12960 13104 10047 21026 39318 40151 51003 60002 80001 333 10139 81068 90760 91110==
17270 12970 02601 10089 21019 39523 40175 52002 60002 333 10152 90760 91107==
17275 12970 30000 10067 21078 38983 48504 50000 60002 80001 333 10115 83068 90760 91109==
17280 12660 52202 10070 21051 39379 40181 50001 60002 81510 333 10139 81640 85460 90760 91106==
17290 12/70 53404 10133 20080 30131 40163 53005 69922 85050 333 10177 85359 90760 91110==
17292 11540 73102 10069 20055 39395 40163 55000 60042 71082 84270 333 10121 84830 87358 90760 91106==
17300 11460 73405 10121 20121 30080 40152 55001 60072 78098 87900 333 10166 86825 81915 90760 91114==
17310 12670 72107 10175 20109 30122 40129 57009 60002 84270 333 10201 84835 87360 90760 91109==
17330 12670 40000 10150 20106 30133 40151 56003 60002 82130 333 10188 82840 84360 90760 91107==
17350 12960 41003 10130 20069 30063 40142 50002 60002 80001 333 10190 84068==
17370 12965 00000 10139 20035 30149 40153 58002 69922 333 10186 90760 91103==
17375 11670 60103 10144 20079 30132 40134 55000 69902 72581 84250 333 10189 84834 86360 90760 91112==
33088 32597 82902 11007 21024 30106 40305 52008 885// 333 10006 555 1/100=
33135 114// 83503 11015 21023 30127 40281 52008 69952 77172 8872/ 333 10004 88712 555 1/102=
33177 11596 80000 10006 21004 30072 40318 52008 69902 71082 889// 333 10006 555 1/000=
33317 124// 83002 11015 21042 39955 40306 52007 69902 885// 333 11011 88618 555 1/101=
33393 11356 83102 10004 21012 39918 40324 52010 69902 71072 886// 333 10006 88709=
33415 11497 80000 11006 21018 39902 40315 52009 69932 78582 889// 333 10006 85712 555 1/101=
33429 11697 83303 11015 21041 39870 40310 52011 69902 70272 8655/ 333 11009 86635 555 1/102=
33466 11564 83501 11008 21040 30081 40276 52007 69972 70282 8655/ 333 10000 555 1/102=
33506 11997 73102 11012 21025 30045 40248 51004 69902 70282 87030 333 10000 555 1/000=
33562 11560 73202 11002 21038 39988 40304 51007 69922 70282 85530 333 10007 555 1/101=
33587 125// 73101 11008 21043 30010 40283 52004 69902 87900 333 10011 87922 555 1/100=
33658 11580 83202 10005 21045 30010 40321 52012 69902 72222 885// 333 10011 88625 555 1/100=
33663 32597 83001 10008 21032 30202 40301 52006 8655/ 333 10022 555 1/100=
33664 32597 83102 11005 21039 39980 40309 52008 885// 333 10000 555 80017=
33678 32598 82803 11012 21051 30101 40322 52010 885// 333 11001 555 80013=
33679 32497 83202 11001 21042 30111 40309 52010 885// 333 10014 88617=
33711 11560 83103 11013 21027 30046 40264 52004 60022 70282 883// 333 10008 88932 555 1/101=
33745 12597 83002 11014 21040 30121 40322 52008 69902 8593/ 333 11004 555 80013=
33748 32597 83202 11012 21041 30012 40309 52007 883// 333 11002 555 80013=
33754 32597 83102 10006 21044 30142 40294 53006 885// 333 10013 88626=
33761 11470 82902 11006 21030 30056 40288 52006 69902 77172 8872/ 333 10012 555 1/100=
33791 11986 62702 11020 21032 30133 40266 52006 69902 70282 86030 333 10013 555 1/102=
33815 11598 83105 11002 21051 30082 40298 52006 69902 78582 889// 333 10005=
33837 11683 83202 10008 21040 30237 40291 52010 69902 70282 885// 333 10031 88645 555 1/100=
33881 32598 70000 11004 21039 30108 40313 52007 87300 333 10006 555 80011=
33883 32597 83103 11004 21045 30138 40307 52009 885// 333 10004 555 80016=
33885 32597 83402 10006 21042 30177 40324 52005 885// 333 10015 555 80012=
33892 32997 83104 11010 21047 30075 40296 52007 8802/ 333 10001 555 80022=
33902 32597 83102 10005 21032 30214 40276 52006 885// 333 10021 555 1/100=
33924 11570 63404 10025 21057 30268 40281 52009 69902 70282 86500 333 10040==
33946 11784 80201 11001 21015 30051 40280 52008 69902 70272 885// 333 10023 88650==
33983 12560 62602 11008 21021 30200 40263 52010 60042 86500 333 10019==
34300 11597 33301 11020 21045 30050 40234 51002 69972 70281 83500 333 10004 555 1/103=
34336 41440 82804 11018 21025 30034 40140 54000 77187 8872/ 333 90760 91113==
34344 41440 82404 11019 21019 30045 40134 52010 77172 8872/==
34356 41570 71704 10000 21021 30035 40185 52019 70252 87500==
34357 41470 81806 11009 21031 30009 40167 52022 70282 883// 333 91013 90760 91113==
34398 115// 81305 11003 21021 30245 40258 52006 69902 70272 885// 333 10004==
34415 11997 02903 11014 21040 30123 40223 52007 69902 70281 333 10018 555 1/102=
34438 41340 82505 11025 21025 39988 40185 52013 78683 883// 333 90760 91111==
34445 42570 82006 11012 21023 30052 40169 51025 885// 333 91010 90760 91110==
34461 41460 81803 10005 21023 30140 40197 52021 70182 885//==
34473 325// 81205 10008 21012 30184 40223 52008 885// 333 10022=
34476 42/70 81304 10013 21004 30215 40223 52010 8805/ 333 90760 91111==
34504 11675 73104 11012 21035 30070 40250 52006 60022 70282 87500 333 10005=
34535 41420 82503 11013 21021 30135 40209 51015 78688 889//==
34545 41570 62407 11018 21030 30087 40201 52019 78582 84330 333 91010 90760 91111==
34555 42570 82105 11003 21027 30123 40217 51026 885// 333 90760 91110==
34560 41560 82105 11002 21015 30013 40207 52019 70276 8457/ 333 84624 90760 91111==
34578 41340 81801 10025 20020 30213 40220 52013 76162 8671/==
34579 41540 80903 10019 20011 30176 40220 52004 71022 885//==
34644 41540 82403 11010 21012 30140 40219 52025 77172 8657/==
34646 42670 82403 11009 21018 30137 40222 52024 885// 333 90760 91110==
34655 42560 82305 10004 21023 30164 40226 52023 885//==
34662 41/40 82001 10008 21005 30209 40221 53020 77166 8802/ 333 88515==
34691 32598 61402 10007 21019 30455 40442 52007 83550 333 10026=
34720 42970 02902 11016 21039 30194 40235 51011==
34727 42460 52806 10007 21024 30217 40248 51011 85500==
34743 41540 72302 11006 21020 30141 40233 52025 71022 82970==
34759 41440 82503 10005 21011 30104 40238 52022 71082 889//==
34772 41/40 81102 10032 20022 30217 40220 52010 76166 8802/==
34785 42560 61105 11007 21021 30249 40226 52012 86500==
34798 12960 00702 11012 21038 30366 40336 52006 60002 333 10060==
34824 42560 62802 10003 21027 30253 40258 52012 82430==
34838 41960 22401 11021 21040 30154 40254 51014 70281 80005==
34845 42970 02703 11012 21031 30135 40246 52022==
34858 41540 82802 10007 21021 30134 40244 51025 71022 885//==
34861 41440 82804 11006 21018 39986 40235 52020 78582 889//==
34866 41460 83104 10020 20004 30238 40229 53022 78085 889//==
34880 41540 70902 10008 21011 30247 40221 52011 71022 87900==
34887 42570 80902 10045 20012 30233 40210 52010 885//==
34949 41570 82704 11019 21043 39694 40257 52023 70272 8653/==
34954 41560 52502 10005 21025 30074 40253 51021 70282 85400==
34958 41560 80000 10000 20000 30046 40251 51021 78582 889//==
34975 41440 83306 10029 20025 30223 40219 52022 78082 889// 333 88912 91011 90760 91111==
34984 42560 80502 10041 20016 30241 40210 52011 8697/==
35217 329// 51104 11065 21106 30259 40301 52009 80003 333 11028=
35302 325// 81407 11030 21065 30263 40284 52007 885// 333 11021=
35315 329// 00806 11077 21108 30237 40296 52003 333 11030=
35344 329// 00303 11130 21162 30054 40362 58002 333 11065=
35358 129// 00503 11126 21161 30171 40353 52001 60002 333 11062==
35368 319// 20908 11091 21130 30085 40366 57004 73630 82040 333 11036=
35386 319// 01704 11088 21117 39875 40423 52001 73633 333 11054=
35394 32998 20605 11083 21115 39720 40432 52001 82040 333 11055=
35404 325// 81106 11010 21036 30257 40265 52010 8555/ 333 11004=
35406 329// 01003 11046 21073 30276 40278 52010 333 11007=
35416 329// 00803 11088 21138 30175 40302 52004 333 11027=
35426 329// 40402 11086 21119 30012 40317 58003 80001 333 11044=
35437 319// 70808 11086 21114 30069 40399 58003 73632 80003 333 11072 91115=
35449 329// 20205 11105 21141 30226 40335 53011 80001 333 11032=
35497 329// 00504 11045 21101 39838 40684 58005 333 11022=
35498 329// 03401 11114 21137 39488 40417 57001 333 11033=
35514 32998 00905 11056 21082 30487 40483 52007 333 10001=
35522 329// 30905 11092 21132 30037 40301 53010 83030 333 11047=
35542 329// 00506 11111 21136 30170 40326 58004 333 11047=
35563 32998 01903 11120 21157 39571 40386 58002 333 11081=
35576 129// 00607 11120 21165 39910 40387 52001 60002 333 11075==
35582 329// 00502 11127 21176 39766 40405 54000 333 11059=
35594 329// 01103 11132 21165 39523 40415 54000 333 11057=
35605 32998 00902 11020 21032 30276 40254 52009 333 10039=
35633 329// 00504 11092 21117 30075 40299 58003 333 11044=
35671 31998 00806 11070 21108 39907 40354 52007 73633 333 11032=
35699 119// 00509 11083 21115 39592 40379 52001 60002 73633 333 11030==
35700 32998 01204 11018 21042 30275 40251 52007 333 10058=
35715 32997 01208 11039 21084 30276 40261 52003 333 10020=
35739 329// 00904 11076 21131 30116 40261 58007 333 11038=
35746 329// 30506 11059 21085 30206 40275 54000 80001 333 10004=
35777 329// 40509 11080 21121 39985 40346 52008 80001 333 11038=
35796 31997 00607 11069 21111 39900 40352 58002 73630 333 11034=
35849 329// 00000 11064 21105 30167 40256 58003 333 11018=
35895 32997 00204 11097 21123 39890 40356 58005 333 11045=
35907 32998 00905 10024 20003 30243 40212 52010 333 10084=
35925 315// 80903 11043 21061 30136 40250 58001 71012 887// 333 10000=
35927 329// 01106 11036 21046 30238 52003 333 10025=
35953 329// 30803 11056 21098 30134 40268 54000 80002 333 11005=
35969 329// 20704 11091 21147 30121 40302 52002 82050 333 11027=
35997 319// 00501 11110 21146 39874 40332 58002 71011 333 11033=
36259 42984 00000 11364 21399 38393 48672 52002==
36335 325// 80606 11086 21104 39378 40447 58002 885// 333 11043=
36358 326// 63506 11114 21142 39379 40453 58005 86500 333 11059=
36394 329// 01502 11216 21226 30008 40475 58011 333 11116=
36397 329// 01802 11167 21186 39852 40464 58006 333 11110=
36403 319// 31101 11215 21225 30068 40467 54000 71011 83030 333 11102=
36418 329// 00000 11226 21242 39808 40490 58002 333 11147=
36421 329// 00000 11299 21317 39865 40510 52001 333 11179=
36428 329// 03401 11284 21315 39934 40504 58002 333 11165 95090=
36439 319// 01209 11127 21183 39107 48591 58005 73630 333 11082=
36498 319// 00208 11099 21145 39569 40398 58002 73630 333 11065=
36501 326// 70000 11096 21117 39646 40436 58010 87500 333 11097=
36535 329// 00000 11286 21312 39795 40513 58003 333 11154=
36546 319// 02901 11273 21286 39892 40502 58001 71000 333 11144=
36619 329// 03603 11128 21152 333 11049=
36622 319// 00605 11148 21165 39568 40426 58003 73633 333 11082=
36639 319// 00202 11101 21212 39729 40362 58007 70230 333 11006=
36643 329// 02302 11249 21266 39755 40496 58004 333 11157=
36665 329// 32201 11232 21250 39680 40485 58003 80001 333 11130=
36666 129// 00000 11285 21306 39941 40502 58005 69900 333 11174=
36729 31998 00908 11089 21132 39820 40320 58001 70230 333 11058 91116=
36736 319// 00608 11049 21149 39801 40370 58007 73633 333 11001=
36744 329// 00403 11131 21161 39846 40322 58011 333 11024=
36770 329// 00000 11226 21226 39559 40356 52001 333 11072=
36786 32999 00000 11145 21162 39351 40324 52001 333 11005=
36796 329// 00000 11219 21250 39063 48480 51004 333 11138=
36803 41998 00416 11103 21112 39842 40310 58002 73633 333 11075 91021 91123=
36806 329// 01618 11134 21267 39882 40380 52005 333 11084 91022 91128=
36819 319// 62701 11142 21159 39660 40311 56001 71022 80004 333 11104=
36821 319// 02102 11152 21157 39804 40327 58008 71000 333 11035=
36839 32998 01801 11157 21210 39134 40339 58002 333 11025=
36843 329// 02501 11114 21133 39086 40316 52002 333 10053=
36846 329// 00604 11089 21215 38629 48515 58002 333 10041=
36859 329// 00000 11102 21121 39527 40348 52009 333 10044=
36870 329// 82701 11092 21116 39243 40298 58006 80001 333 11004=
36874 326// 61801 11174 21196 39624 40473 58009 83508 333 11077=
36877 329// 00000 11139 21149 39667 40746 58010 333 11025=
36885 329// 21402 11095 21129 39133 40310 58007 82030 333 11042=
36889 329// 21602 11090 21214 37032 47046 58008 80001 333 11015=
36894 329// 00000 11123 21149 39542 40325 58005 333 11042=
36905 329// 01202 11068 21134 38766 48526 58001 333 10030=
36911 429// 30000 11060 21075 39277 40286 58011 83030 333 10011=
36927 42697 13602 11046 21107 38361 48525 58003 81100 333 10027=
36934 42597 83501 11006 21084 38295 48429 58005 889//=
36953 328// 20000 11145 21184 38204 48508 52002 82040 333 11020=
36963 429// 31103 11148 21254 37016 48/// 58008 82051 333 11050=
36974 429// 00000 11166 21200 38007 48581 58009 333 11040=
36982 429// 33301 11174 21272 36504 47109 58003 83030 333 11074=
37018 42660 80101 10032 21011 30176 40253 52011 86904==
37031 42560 63002 11008 21032 30058 40260 52020 86500==
37054 41460 82502 11007 21020 39866 40262 51022 78588 889//==
37061 41540 82804 10003 21006 30079 40253 52026 78582 883// 333 90760 91110==
37085 41540 82803 10059 20052 30232 40205 52018 76162 8872/==
37171 42/40 10601 10016 21003 30233 40252 52006 81030==
37228 41310 82801 11008 21012 39391 40247 52024 77375 8872/==
37235 41440 82903 10029 20018 39914 40235 52028 71022 886//==
37472 41540 82906 10072 20014 30229 40207 52019 71011 8357/ 333 91011 90760 91111==
38149 42970 03501 11062 21102 30157 40238 52001 333 10040==
38178 429// 00000 10006 21067 39934 40226 52004 333 10080==
38262 129// 00701 11044 21071 30143 40228 58002 60002 333 10063==
38264 42970 00000 11028 21051 30135 40231 57002 333 10052==
38345 42998 31001 11050 21086 38825 48516 58008 82030 333 10055=
38353 429// 20000 11060 21075 39354 40293 58009 80001 333 10000=
38388 72998 00000 11021 21075 30144 40216 53008 333 10068 6////=
38392 72997 00502 11010 21036 30118 40224 58002 333 10085 6////=
38396 41920 00000 11021 21047 30104 40234 54000 71000 333 10083==
38403 429// 00701 11016 21140 30103 40227 52007 333 10095==
38413 429// 01403 10022 21042 39939 40234 53026 333 10098==
38457 11920 73601 10015 21017 39651 40251 57007 60002 71011 80006 333 10084==
38462 42/// 20000 11046 21139 38782 48514 58003 82050 333 10070==
38507 72965 00000 10072 21011 30094 40200 54000 333 10099 6////=
38545 72998 00000 11019 21035 30053 40235 52001 333 10104 6////=
38565 129// 00802 11025 21063 39622 40197 58008 60002 333 10105==
38579 12/// 80000 10019 20006 39819 40245 54000 60002 8807/ 333 10105==
38583 11/20 80201 10029 20002 39916 40243 58005 60002 71022 83041 333 10095==
38599 31995 60000 10013 21019 39702 40251 57008 71022 80001 333 10067=
38611 41/20 63503 10013 21022 39676 40260 57010 71022 86040 333 10091==
38613 429// 00302 11013 21046 40265 58005 333 10064=
38616 429// 01801 11012 21055 39232 40276 58002 333 10055=
38618 129// 81601 10004 21026 39546 40253 57007 60002 80008 333 10070==
38647 72997 00904 10035 21039 30144 40187 52002 333 10116 6////=
38656 72998 00702 10034 21064 30107 40219 58003 333 10110 6////=
38683 42960 30000 10013 21036 39953 40237 57002 80001 333 10113==
38687 72997 01104 10030 21075 39995 40236 52003 333 10115 6////=
38696 129// 20901 10015 21005 39370 40243 58007 60002 80001 333 10075==
38713 329// 81602 11014 21062 39066 48520 54000 80004 333 10053=
38750 72997 03602 10064 21014 30227 40198 58010 333 10145 6////=
38763 72997 01001 10036 21024 30088 40195 53004 333 10110 6////=
38774 72995 02101 10046 21005 30014 40211 52002 333 10124 6////=
38799 32997 01101 10037 21006 39995 40231 58006 333 10126=
38806 32997 00902 10030 21021 39954 40219 58003 333 10116=
38812 41920 00702 10032 21012 39766 40227 57010 71000 333 10110==
38836 416// 20000 10050 20050 39267 40210 52002 71011 82500 333 10078=
38880 02997 00803 10042 21026 39948 40206 53003 60002 333 10120 6////=
38886 72997 00902 10029 21001 39977 40209 53002 333 10142 6////=
38895 32996 01003 10052 21007 39926 40219 54000 333 10136=
38911 32997 01102 10030 21031 39936 40237 58021 333 10120=
38915 32997 51202 10058 20001 39910 40238 58005 80004 333 10118=
38927 11/35 30302 10033 20007 39851 40235 56003 60002 71011 83030 333 10105==
38933 329// 00501 10040 21006 39735 40259 53005 333 10100=
38944 319// 00201 10045 20003 39636 40178 52003 71011 333 10098=
38954 328// 30000 11041 21114 37941 48530 52007 82901 333 10010=
38974 72998 03101 10058 20001 39857 40195 53008 333 10155 6////=
38987 32996 00000 10035 21012 39463 40218 58001 333 10120=
40100 43/60 61003 10162 20097 30147 40163 50002 6///1 333 58///=
40180 12560 31801 10150 20105 30105 40154 52005 60002 83400 333 10198 20111 70000==
40199 12/// /3503 10203 20029 30114 40139 52015 60002 333 10268 20156 70000==
40265 31950 03204 10095 21018 39365 40167 52004 70500 333 10190=
40270 31957 03106 10114 20014 39253 40151 52005 70500 333 10200=
40272 31950 02906 10104 21011 39321 40163 52003 70500 333 10214=
40340 31950 13509 10178 20018 30080 40145 52013 70500 81001 333 10266 81070=
40356 42960 03310 10120 21110 39160 48469 333 10204 59027 55/// 555 04410 50136=
40357 42960 01404 10146 21050 39482 40119 333 10235 59049 55///=
40360 42960 02506 10142 21130 39542 40133 333 10214 59024 55///=
40361 42960 00000 10167 21120 39354 40144 333 10250 59045 55///=
40362 42960 01204 10144 21070 39619 40134 333 10260 59056 55///=
40373 42960 01312 10154 21050 39748 40167 333 10240 59036 55///=
40375 42960 42404 10202 21110 39246 40122 84020 333 10272 59033 55/// 84460=
40394 42960 01802 10156 21050 39021 48502 333 10248 59035 55/// 555 04410 50137=
40400 42960 33204 10218 20140 30096 40124 83030 333 10258 59020 55/// 83360=
40405 42960 01504 10171 21030 39406 40147 333 10251 59041 55///=
40417 42960 01204 10129 21020 30175 40190 333 10245 59015 55///=
40420 42960 02104 10143 21090 39980 40193 333 10242 59017 55///=
40430 42960 01505 10241 20010 39398 40128 333 10295 59026 55///=
40437 42960 01504 10175 21070 39471 40172 333 10241 59031 55///=
40439 41958 10000 10244 20190 30104 40122 70544 80001 333 10320 59008 55/// 81070=
40582 32960 11510 10169 20047 40176 50002 81030 333 55300 00000 10291 20000 30000 41006 51293 60000 55407 40000 81360 90401 91009 91117 91213 91311=
40703 12960 00000 10032 21110 38901 40189 51005 60001 333 55090 70000 555 11010 29034=
40706 12960 40404 10006 21112 38639 40209 52007 60001 80002 333 55090 22433 70000 84068 555 11029 29041=
40712 11656 52603 10000 21098 38663 40203 52005 60001 70511 82502 333 55093 21281 70000 82640 8506 7 555 11028 29048=
40713 12962 31102 10019 21114 38639 40172 52007 60001 80001 333 55088 70000 83069 555 11022 29037=
40718 12960 02101 10089 20060 30205 40176 53004 60001 333 55080 21202 70000 555 10076 29082=
40723 12960 09901 11002 21087 38946 40214 51002 60001 333 55080 21441 70000 555 11028 29052=
40726 12960 01903 10040 21071 38646 40189 52006 60001 333 55082 70000 555 10002 29044=
40727 12960 40000 11005 21102 38474 40217 52008 60001 80008 333 55082 21476 70000 84270 555 11034 29048=
40732 11958 00000 10078 20051 30192 40168 51004 60001 70500 333 55083 70000 555 10066 29083=
40736 12960 01202 10080 20047 30201 40175 54000 60001 333 55048 70000 555 10066 29080=
40738 12960 00000 10036 20007 30189 40191 51002 60001 333 55087 21367 70000 555 10025 29081=
40739 12965 03302 10016 21105 38678 40194 50003 60001 333 55098 70000 555 11022 29040=
40741 12960 03202 10041 21037 39855 40194 53001 60001 333 55093 70000 555 10014 29057=
40743 12962 00000 10048 21097 39059 40191 52006 60001 333 55093 21452 70000 555 10003 29034=
40745 12962 02103 10042 21031 39032 40196 50000 60001 333 55081 21387 70000 555 10015 29059=
40747 12965 30000 10026 21094 38631 40210 52013 60001 80001 333 55090 21498 70000 83070 555 11013 29041=
40754 12963 40502 10094 21118 38810 40155 51003 60001 81032 333 55094 70000 81361 83069 555 10025 29021=
40762 12960 02802 11004 21127 38551 40203 51003 60001 333 55096 70000 555 11038 29039=
40766 12960 03002 10061 21079 38696 40200 51005 60001 333 55098 21544 70000 555 10013 29036=
40768 12965 40402 10011 21101 38246 40194 53006 60001 80006 333 55083 21580 70000 84268 555 11025 29043=
40769 12960 33101 10055 21103 38280 40177 52005 60001 80001 333 55093 21452 70000 83069 555 10003 29031=
40780 12960 01002 10032 21079 38690 40213 50002 60001 333 55093 20926 70000 555 11006 29044=
40782 12965 00000 10048 21071 38878 40209 51008 60001 333 55096 70000 555 10008 29042=
40785 12960 00000 10075 21049 39082 40177 51008 60001 333 55090 24894 70000 555 10030 29041=
40791 12965 01002 10092 21151 39351 40181 51003 60001 333 55090 21641 70000 555 10022 29016=
40792 12962 00403 10044 21142 38717 40187 50000 60001 333 55100 21786 70000 555 11012 29024=
40798 12960 00702 11010 21210 37958 40214 51013 60001 333 55092 21746 70000 555 11056 29020=
40800 12960 03001 10026 21106 38451 40191 51007 60001 333 55091 21481 70000 555 11017 29037=
40809 12962 01202 11020 21194 38503 40211 51005 60001 333 55100 21673 70000 555 11059 29025=
40811 12960 01801 10119 21006 30158 40185 51006 60001 333 55094 70000 555 10069 29042=
40812 12960 00000 10114 21005 39798 40179 52006 60001 333 55085 21170 70000 555 10065 29044=
40818 12965 02801 10046 21210 37985 40180 51012 60001 333 55078 21900 70000 555 11022 29014=
40821 12960 21901 10069 21125 38776 40180 50005 60001 82070 333 55062 21443 70000 82359 555 10009 29024=
40829 12960 01703 10063 21106 39631 40216 52008 60001 333 55098 70000 555 10012 29029=
40831 12960 01503 10147 20074 30178 40187 53008 60001 333 55098 70000 555 10111 29062=
40833 12960 01102 10148 20005 30164 40196 51005 60001 333 55097 70000 555 10087 29038=
40841 12960 11103 10025 21128 38241 40183 52007 60001 80001 333 55097 21843 70000 81070 555 11022 29031=
40848 12960 03202 10086 21125 38537 40189 52009 60001 333 55090 217844 70000 555 10018 29021=
40851 12960 01402 10062 21102 38270 40182 51012 60001 333 55100 21858 70000 555 10007 29030=
40854 12960 02502 10106 21063 38954 40155 51004 60001 333 55090 70000 555 10043 29030=
40856 12962 01102 10039 21099 38662 40202 51007 60001 333 55100 22466 70000 555 11007 29036=
40859 12960 02102 10068 21084 38728 40207 52012 60001 333 55100 70000 555 10016 29033=
40875 11957 02503 10194 20120 30169 40181 50001 60001 70500 333 55100 21800 555 10153 29062=
40879 12962 00502 10126 21091 39511 40195 51005 60001 333 55104 70000 555 10051 29021=
40882 12960 03003 10184 20092 30154 40189 51004 60001 333 55100 70000 555 10136 29055=
40883 11956 02703 10186 20073 30169 40196 53013 60001 70500 333 55100 70000 555 10129 29048=
40893 12960 03403 10208 20092 30178 40183 51007 60001 333 55101 21236 70000 555 10146 29048=
40898 12960 00704 10214 20055 30175 40184 51013 60001 333 55103 70000 555 10135 29036=
41024 42660 12803 10264 20220 30096 40122 81500 333 10313 55085 59008 81640==
41036 42960 00000 10198 20140 38570 48520 333 10270 59007==
41055 42960 00808 10196 21080 38375 48522 333 10267 59006==
41061 42960 21408 10157 21050 39459 40171 80001 333 10250 59020 82075==
41084 42960 00606 10200 21120 38862 48515 333 10276 59009==
41112 42960 00000 10138 20130 37959 48523 333 10242 55101 58000==
41114 42960 02406 10148 20110 37997 48535 333 10246 58002==
41128 42960 00000 10168 21090 38836 48539 333 10260 55100 59010==
41136 42960 00709 10189 21130 39356 40173 333 10250 55000 59015==
41140 42960 01204 10270 20190 30128 40133 333 10308 58001==
41150 42970 01105 10170 20085 40195 333 10217 59009=
41176 44/70 /0601 10173 20073 30192 40198 333 10219 59006=
41184 42960 02102 10148 20081 40201 333 10260 58008=
41194 12960 02706 10207 20100 30189 40195 60001 333 10242 58010=
41196 12960 00000 10185 20097 30159 40201 60001 333 10240 58011=
41216 42960 03403 10185 20104 30194 40198 333 10229 58004=
41217 42960 03107 10185 20094 30165 40195 333 10286 58005=
41396 42965 00703 10165 21060 39441 40178 333 10255 59011=
41480 41558 60815 10255 20174 30163 40172 70544 86500 333 10282 59002 86620=
41506 12920 30000 10040 20018 38514 48120 60001 83020 333 56080 59015==
41508 12420 40000 10056 21008 38654 48220 60001 84500 333 56800 58010==
41515 12420 30000 10029 20005 38560 48210 60001 83500 333 56800 59015==
41516 12940 60000 10050 21030 38513 48720 60001 86010 333 56080 59032==
41517 11440 70000 10030 21051 37760 48880 60001 70422 87570 333 56880 59043==
41518 12440 71801 10061 20013 30001 48010 60001 87520 333 56880 58000==
41519 12440 30000 10100 21007 38753 48920 60001 83500 333 56800 59052==
41523 12940 00000 10075 20017 39076 48840 60001 333 58017==
41535 12640 00000 10070 20011 38703 48700 60001 333 59001==
41536 12940 50000 10105 20041 39033 48980 60001 85030 333 56080 58000==
41560 12940 00000 10045 21002 38307 48380 60001 333 59009==
41571 41900 00503 10110 20035 39577 40174 70500 333 59003==
41598 11920 00000 10110 20068 39869 40147 60001 71000 333 59007==
41600 11940 00000 10120 20090 39853 40156 60001 70400 333 59005==
41620 11940 02701 10040 21085 38572 48740 60001 70500 333 58027==
41624 11910 00000 10130 20068 39954 40159 60001 70400 333 58029==
41630 11940 00000 10115 20062 30000 40167 60001 70400 333 58003==
41640 11920 00000 10130 20091 39909 40163 60001 70400 333 58017==
41660 12900 02303 10030 21112 38447 48380 60001 333 58025==
41678 11940 00000 10160 20057 30000 40169 60001 70400 333 58009==
41696 12940 00000 11020 21083 38007 48460 60001 333 58004==
41697 12940 00000 10155 20035 30000 40163 60001 333 58002==
41700 11920 20000 10130 20080 30000 40150 60001 70400 82030 333 56080 58013==
41710 42940 00501 10115 21139 39385 40173 333 58031==
41712 42940 00000 10100 21024 39226 48250 333 58026==
41715 11910 00000 10170 20125 30101 40168 60001 70400 333 58018==
41718 11920 20000 10115 20062 30049 40155 60001 70400 82030 333 56080 58009==
41725 41940 00000 10150 20081 30079 40158 70500 333 58020==
41739 12940 00502 10100 21007 39076 48200 60001 333 58006==
41744 42940 00000 10090 20009 38793 48110 333 58014==
41749 12940 00000 10130 20068 30139 40172 60001 333 58022==
41756 11920 02701 10190 20085 30118 40185 60001 70504 333 58028==
41757 42940 00000 10180 20095 30169 40182 333 58016==
41759 12940 02301 10190 20108 30181 40187 60001 333 58019==
41764 12940 00000 10170 20094 30108 40159 60001 333 58012==
41768 12940 03601 10145 20086 30152 40159 60001 333 58011==
41780 12940 03101 10205 20104 30135 40163 60001 333 58006==
41785 12940 00000 10160 20093 30158 40171 60001 333 58016==
41859 01930 00000 10176 20170 30085 40123 70500 333 59023 70000==
41883 01930 00000 10180 20170 30097 40118 70500 333 59026 70000==
41891 01930 03602 10178 20160 30076 40116 70500 333 59023 70000==
41907 01930 00000 10155 20150 30103 40118 70500 333 59024 70000==
41923 01940 00000 10214 20140 30110 40120 70500 333 59020 70000==
41936 01910 00000 10154 20140 30109 40117 70500 333 59020 70000==
41943 01920 00000 10160 20150 30109 40117 71000 333 59018 70000==
41950 01930 00000 10168 20160 30118 40120 70500 333 59017 70000==
41978 01940 02803 10200 20170 30110 40116 70500 333 59012 70000==
41992 01925 00000 10207 20150 30114 40116 70500 333 59011 70000==
42027 32596 70501 10056 20021 38396 48484 84520 333 59016=
42071 31994 09902 10106 20086 40164 71010 333 59007=
42101 21595 43201 10146 20128 40157 71096 84500 333 59016 6990/ 84630=
42111 21694 32702 10130 20116 39419 40134 71011 83100 333 59018 6994/ 83830=
42123 32996 00000 10120 20075 40159 333 59001=
42131 31995 03201 10128 20117 40163 71000 333 59002=
42165 32996 00000 10142 20025 40154 333 58008=
42182 21994 20000 10160 20143 40143 71000 82030 333 59014 6990/ 82360=
42189 21594 40000 10156 20146 40126 71062 82531 333 59023 6992/ 82630 83360 84070=
42314 31995 39902 10160 20146 40114 71000 83030 333 59024 83360=
42328 32996 09902 10154 20078 40136 333 58009=
42339 31995 00000 10152 20022 40159 70500 333 58016=
42348 31995 09903 10184 20106 40142 70500 333 59003=
42361 31994 20000 10178 20158 40135 71010 82030 333 59016 82360=
42369 31995 00000 10185 20145 39974 40124 71000 333 59023=
42379 31995 00000 10174 20143 40112 71000 333 59030=
42410 31594 50000 10178 20158 40123 71022 82530 333 59027 82620 84360=
42415 31994 00000 10170 20142 40125 71000 333 59026=
42452 31595 30000 10166 20134 40137 71000 82530 333 59008=
42492 31995 00000 10190 20142 30060 40121 70500 333 59030=
42559 32996 30000 10190 20149 40124 83030 333 59007 83360=
42571 31996 00000 10200 20141 40121 70500 333 59026=
42591 31995 00000 10168 20132 40134 71000 333 59027=
42623 31495 20000 10130 20101 39245 40131 71000 82500 333 59013 82618=
42634 32996 02302 10182 20099 40163 333 58009=
42647 31996 00000 10182 20061 40152 70400 333 58013=
42667 31995 23204 10206 20168 39540 40131 70500 82030 333 59011 82360=
42675 31995 00000 10220 20185 40113 70500 333 59012=
42701 31995 00000 10194 20097 39391 40122 70500 333 59018=
42724 31995 00000 10170 20163 40115 71000 333 59020=
42737 32996 02704 10180 20126 40163 333 58018=
42754 31995 22703 10200 20113 39495 40136 70500 82030 333 59003 82360=
42779 32996 00000 10222 20158 39430 40125 333 59018=
42798 31995 00000 10204 20154 40122 70500 333 59019=
42809 31995 00000 10196 20148 40115 70500 333 59025=
42840 32996 03402 10210 20108 40150 333 58009=
42867 31995 20000 10216 20152 40121 70500 82030 333 59015 82360=
42874 31996 00000 10252 20179 40116 70500 333 59014=
42886 31995 00000 10232 20178 40125 70500 333 59015=
42895 31995 20000 10230 20215 40125 70500 82030 333 59019 82360=
42909 32996 03603 10202 20144 40156 333 58016=
42971 31594 41401 10258 20241 40129 71000 84500 333 59015 84620=
43003 31995 00000 10232 20132 40134 70400 333 59005=
43014 31995 00000 10222 20162 39473 40119 70544 333 59008=
43041 31996 00000 10230 20178 39509 40125 70500 333 59011=
43063 32996 00000 10198 20145 39508 40139 333 59005=
43086 32996 00000 10214 20195 39933 40113 333 59017=
43110 31996 03603 10235 20189 40128 70544 333 59008=
43117 32996 00000 10232 20144 40115 333 59014=
43128 31996 00000 10248 20156 39519 40123 70500 333 59015=
43150 31595 30000 10248 20230 30065 40126 71000 81501 333 59008 81620=
43185 32996 00000 10238 20216 30111 40115 333 59014=
43189 31996 10000 10240 20212 30114 40123 70500 80001 333 59015=
43192 32996 00000 10242 20215 40115 333 59013=
43201 32996 00000 10210 20073 39374 40103 333 59012=
43213 32996 19901 10256 20137 39789 40105 80001 333 59018=
43233 32996 20903 10220 20145 39314 40134 80001 333 59011=
43237 32996 29902 10268 20123 39701 40090 80001 333 59014 82075=
43245 32996 01101 10262 20220 30095 40121 333 59015=
43279 31596 20000 10238 20220 30107 40125 71000 81501 333 59015=
43284 31496 50702 10268 20227 39999 40114 71022 81501 333 59009 81615 84075=
43295 32996 10503 10210 20169 39115 48520 80001 333 59009 81075=
43314 32996 10000 10282 20236 40112 80001 333 59012=
43321 31496 40703 10244 20131 39676 40124 70500 81501 333 59007 81615 84070=
43329 32596 10000 10250 20226 30108 40121 80001 333 59012=
43333 31595 30502 10262 20227 40112 70510 83500 333 59002 83620=
43344 31495 41403 10242 20202 30027 40127 71011 82501 333 59004 82616 84075=
43369 32596 30000 10284 20256 40117 83500 333 59006 83620=
43371 32596 10000 10260 20237 30041 40114 81500 333 59015 81620=
43413 11470 10604 10263 29084 30117 41/// 5/003 60008 70200 81000 333 59010 81818 91006=
43418 01470 20500 10260 20223 30076 40117 52005 60008 70200 82100 333 59012 60008 82118=
43421 41970 2//// 70200 333 82180=
43424 01970 00502 10236 20221 30113 40115 52012 60008 70200 333 59006 60008=
43436 01970 33601 10268 20230 30112 40115 55001 60008 70211 333 55001 59005 60008 83080=
43441 01970 10501 10245 20207 39974 40108 52011 60008 70100 333 59013 60008 81080=
43444 01470 10501 10212 20197 39582 40113 54008 60008 70200 81000 333 59007 60008=
43450 01458 10302 10246 20222 30101 40113 50004 60008 70500 81000 333 59009 60008 81818=
43467 01465 10000 10275 20237 30104 40110 52006 60008 70500 81100 333 59004 60008 81116=
43486 41460 6//// 41/// 50/// 70511 84000 333 55002 84816 86278=
43495 01970 01401 10274 20241 30093 40106 52001 60008 70221 333 59010 60008=
43497 01470 30202 10254 30086 40104 52001 60008 70110 83100 333 553// 20000 59018 60008 83118=
44212 429// 01702 11342 21390 39322 40663 57008==
44213 429// 00000 11330 21372 38943 40654 57009==
44214 42970 00000 11228 21276 38406 40618 52001==
44215 429// 01801 11257 21293 38542 40636 57003==
44217 32998 00000 11282 21319 37948 40718 52003 333 91204=
44218 429// 01701 11244 21278 38754 40616 57005==
44219 32999 00802 11323 21354 38772 40684 57004 333 91203=
44265 429// 03201 11272 21302 38983 40592 57005==
44266 329// 03504 11237 21281 37850 40630 54000 333 91204=
51076 14/73 /0201 11215 21240 39513 40489 57004 60001 333 11117 21255 3/102 4/026 59001 70000 90761 91103==
51087 14/62 /1001 11224 21255 39358 40495 57006 60001 333 11115 21247 3/106 4/018 59004 70000 90761 91103==
51156 14/80 /0302 11122 21228 38807 40428 57006 60001 333 11040 21168 3/114 59007 70000 90761 91106==
51243 14/60 /3301 11162 21186 39872 40474 57003 60001 333 11094 21169 3/112 59005 70000 90761 91104==
51334 14/56 /1601 11186 21212 30021 40466 54000 60001 70500 333 11068 21194 3/109 4/012 59009 70000 90761 91104==
51379 14/30 /1601 11244 21276 39434 40491 57007 69911 70500 333 11109 21251 3/106 4/023 59003 70001 90761 91103==
51463 14/50 /1401 11177 21202 39165 40468 57004 60001 71000 333 11106 21180 3/101 4/038 59008 70000 90761 91103==
51573 14/65 /0102 11034 21131 30328 40380 52015 60001 333 10054 21061 3/109 58009 70000 90761 91104==
51644 14/57 /0201 11072 21112 39046 40364 57005 60001 70500 333 10014 21138 3/105 4/003 58006 70000 90761 91104==
51656 14/61 /0901 11080 21113 39258 40368 57005 60001 333 10027 21133 3/112 58007 70000 90761 91107==
51709 14/63 /2902 11065 21179 38697 40344 57005 60001 333 10021 21067 3/109 59006 70000 90761 91103==
51711 14/62 /0000 11099 21166 38062 40315 57008 60001 333 11035 21139 3/113 58001 70000 90761 91106==
51716 14/59 /3101 11059 21133 38998 40348 57004 60001 333 10032 21101 3/110 58003 70000 90761 91105==
51765 14/71 /1502 11047 21154 39323 40362 52003 60001 333 10051 21135 3/111 58014 70000 90761 91107==
51811 14/50 /1101 11040 21172 38867 40337 57001 60001 70600 333 10042 21087 3/109 58000 70000 90761 91107==
51818 14/50 /0000 11052 21183 38708 40336 57002 60001 70500 333 10010 21076 3/109 58000 70000 90761 91104==
51886 14/80 /2301 11086 21276 37096 40250 57003 60001 333 10002 21182 3/114 59043 70000 90761 91104==
52203 14/78 /0701 11080 21171 39452 40386 52005 60001 333 10005 21116 3/116 58010 70000 90761 91108==
52602 14/80 /3304 11111 21273 37254 40271 57006 60001 333 11019 21221 3/117 59053 70000 90761 91107==
52818 14/80 /2801 11087 21221 37223 40229 57004 60001 333 10017 21158 3/114 59044 70000 90761 91104==
52908 14/80 /2904 11107 21278 35720 40066 57015 60001 333 10020 21195 3/115 59065 70000 90761 91129==
55228 04980 /2604 11046 21188 35996 40093 52001 60002 70000 333 10005 21127 3/107 54405 59051 60001 70000 90720 91113=
55299 14/75 /0401 11100 21305 35841 40075 57004 60001 333 10086 21190 3/119 59045 70000 90761 91117==
55578 04980 /2404 10086 21225 36367 49985 52010 60002 70000 333 10159 21111 3/104 54404 59029 60001 70000 90720 91110=
55591 14/68 /3101 10006 21182 36486 40007 52006 60001 333 10186 21029 3/108 59048 70000 90761 91103==
55664 04980 /3402 11036 21208 36026 40103 57004 60002 70000 333 10133 21116 3/111 54405 59027 60001 70000 90720 91122=
55773 04980 /0500 11071 21181 36020 40050 57002 60002 70000 333 10137 21100 3/114 59019 60001 70000 90720 91114=
56004 14/80 /2902 11106 21264 35783 40049 57015 60001 333 10060 21222 3/116 59069 70000 90761 91125==
56018 14/64 /1001 11041 21243 36139 40041 57010 60001 333 10117 21163 3/113 59072 70000 90761 91121==
56312 04980 /2402 10044 21038 37071 40072 52011 60002 70000 333 10177 21025 3/001 54405 59037 60001 70000 90720 91112=
62306 42560 53008 10185 20132 40183 52008 85200 333 10203==
62309 42960 03302 10163 20106 40168 52005 333 10211==
62332 42560 23311 10178 20098 40168 52004 82100 333 10198==
62337 42960 00000 10136 20097 40161 52007 333 10200==
62366 44956 03605 10175 20094 40163 52008 70500 333 10202==
62387 42960 33206 10159 20087 40163 52011 80004 333 10220==
62393 42960 00107 10172 20084 40180 52005 333 10224==
62405 42960 02204 10188 21005 40135 52008 333 10280==
62414 42960 03508 10238 21025 40130 52010 333 10302==
62419 42960 03008 10229 20000 40119 52009 333 10302==
62420 42960 03502 10164 20065 40174 52011 333 10218==
62435 42960 03204 10188 20026 40149 52014 333 10266==
62455 42960 03405 10173 20095 40152 52007 333 10219==
62458 42960 03404 10187 20056 40140 54000 333 10210==
62459 42960 03303 10197 20077 40129 52007 333 10224==
62465 32960 03502 10197 20096 40124 52004 333 10239=
63333 42980 00000 10158 20091 38178=

==================
42747 Not Received
42686 Not Received
42398 Not Received
43198 Not Received
43353 Not Received
43410 Not Received
==================