SIPK OPKC 110900=
41504 22697 50000 10065 21082 37836 48483 83530 333 56990 59009 60007 84640 82360 33%=
41505 22696 82304 10045 21015 38/// 48/// 86670 333 56990 58/// 83730 83640 87760 65%=
41506 22697 61804 10100 20027 38518 48515 83520 333 56990 59007 60007 83640 84460 61%=
41507 22697 50000 10160 20086 39264 49780 83520 333 56990 58003 60007 83640 82460 61%=
41508 22596 63102 10131 20062 38667 48538 86700 333 56900 59015 60007 82720 84635 62%=
41509 21496 61802 10090 20048 38767 48506 72166 85720 333 56990 59002 69947 82715 83640 84460 RH 75%=
41510 21696 80000 10030 20019 37903 48513 77072 8352/ 333 56990 59018 60017 83635 85460 92%=
41515 22597 62704 10065 20043 38561 48522 85720 333 56990 59017 60007 82730 83650 83460 86%=
41516 22496 81302 10130 21047 38524 48483 84610 333 56990 59035 60007 81720 83840 87460 RH29%=
41517 22696 70000 10070 21043 37779 48497 81470 333 56990 59013 60007 81715 83635 87760 44%=
41518 22596 81802 10122 21009 38/// 48/// 8572/ 333 5699/ 5//// 60007 82720 83640 88461 41%=
41519 22596 70000 10125 20014 38751 48492 84720 333 56990 59012 60007 81730 83640 85462 RH47%=
41520 22596 81804 10040 21037 37612 48251 8562/ 333 5699/ 59018 60007 82720 83640 88462 57%=
41523 22696 82302 10140 20035 39098 48518 8352/ 333 5699/ 58004 60007 83640 85460 49%=
41524 22697 80000 10135 20088 39365 40236 8352/ 333 5699/ 59010 60007 83635 85460 75%=
41525 21091 80000 10000 21000 37667 48403 72272 887// 333 48003 569// 59004 60047 88700 100%=
41528 21697 80000 10130 20060 39220 48506 72055 8552/ 333 5699/ 58020 69907 85640 88460 62%=
41529 22596 60502 10205 20081 39788 40165 83230 333 56990 58018 60007 81825 82635 84360 RH 45%=
41534 22697 30000 10200 20061 39750 40161 83500 333 56900 58017 60007 83640 RH 40%=
41535 22697 41302 10150 21010 38713 48485 84500 333 56900 59006 60007 84635 RH33%=
41536 22597 33602 10130 20072 39054 48522 83200 333 56900 58024 60007 83830 68%=
41560 22997 00000 10100 21090 38332 48558 333 58005 60007 RH25%=
41562 22997 00902 10230 20019 39686 40142 333 58003 60007 RH 25%=
41567 21696 30502 10205 20068 39723 40136 70511 83500 333 56900 58011 60007 83640 41%=
41573 21092 83602 10025 20008 37967 48504 77197 889// 333 40003 569// 59010 60037 88700 82920 92% =
41574 22697 61302 10110 20028 38345 48523 86400 333 56900 59002 60007 86640 57%=
41576 22697 32306 10250 20055 40156 83500 333 56900 59001 60007 83640 29%=
41577 21696 82304 10155 20079 39552 40172 72052 83470 333 56990 58018 69947 83840 85460 RH61%=
41593 21996 40502 10240 20081 39930 40141 70521 84070 333 56090 58012 60007 84460 36%=
41597 22997 32702 10250 20084 40155 83030 333 56090 58009 60007 83362 35%=
41598 21996 32306 10260 20058 39862 40127 70510 83070 333 56090 59005 60007 83460 27%=
41599 21696 53106 10235 20086 39857 40142 70522 82470 333 56990 59002 60007 82640 84460 39%=
41600 21696 73102 10235 20104 40135 70522 83570 333 56990 59006 60007 83645 85462 45%=
41620 32996 02304 10160 21101 38590 48494 333 58003 60007 16%=
41624 22997 00902 10250 20084 40147 333 58023 60007 35%=
41625 21996 01304 10250 20055 39933 40129 70500 333 58012 60007 29%=
41630 21996 41306 10245 20076 40148 70500 84030 333 56090 58007 60007 84360 34%=
41633 22997 20000 10230 20090 4//// 82030 333 56090 5//// 60007 82360 41%=
41634 21697 32302 10210 20058 3//// 4//// 71700 82500 333 56900 5//// 60007 81936 82640 37%=
41635 21996 02702 10240 20081 3//// 4//// 70504 333 5//// 60007 36%=
41636 21996 00502 10260 20111 39972 40154 70500 333 58010 60007 39%=
41638 21996 30000 10245 20076 4//// 70510 83030 333 56090 5//// 60007 83360 34%=
41639 22997 30902 10230 20079 4//// 83030 333 56090 5//// 60007 83360 38%=
41640 21696 73104 10235 20073 39891 40137 70522 83570 333 56990 58001 60007 83640 85460 35%=
41641 21696 53605 10235 20073 39870 40139 70510 83470 333 56990 58005 60007 83640 83460 35%=
41642 22997 20000 10235 20132 4//// 333 5//// 60007 52%=
41643 21696 63602 10240 20139 39867 40138 70422 82570 333 56990 58003 60007 82640 84460 53%=
41644 21696 60000 10230 20104 4//// 70400 82520 333 56990 5//// 60007 82640 84460 45%=
41646 21995 50504 10225 20119 39948 40161 70400 85070 333 56090 58004 60007 85460 51%=
41652 21996 00508 10235 20111 40145 70500 333 58010 60007 45%=
41660 22997 13116 10125 21059 38454 48544 81030 333 56090 58033 60007 60007 81360 27%=
41661 22997 03604 10130 21049 38407 48534 333 58034 60007 28%=
41669 22997 02302 10260 20111 3//// 4//// 333 5//// 60007 39%=
41670 21996 00000 10250 20108 4//// 70500 333 5//// 60007 41%=
41674 21995 10504 10250 20096 3//// 4//// 70500 81030 333 56090 5//// 60007 81362 38%=
41675 21996 00904 10245 20089 39995 40136 70500 333 58009 60007 37%=
41676 21996 03102 10235 20111 30018 40174 70500 333 58018 60007 45%=
41677 21996 00504 10240 20094 39966 40130 70500 333 58007 60007 39%=
41678 21996 00504 10240 20094 40137 70500 333 58002 60007 39%=
41679 21696 53102 10230 20146 4//// 70411 82570 333 56990 5//// 60007 82640 83460 59%=
41680 21995 03604 10240 20128 40146 70400 333 58011 60007 50%=
41685 22997 03602 10200 21139 38917 48508 333 58019 60007 .09%=
41696 22997 03102 10150 21030 38009 48518 333 58011 60007 Rh29%=
41697 22997 00000 10290 21029 40134 333 59007 60007 RH12%=
41700 21996 10506 10250 20096 40129 70500 81030 333 56090 58009 60007 81360 38%=
41701 21995 20511 10250 20131 30004 40145 70500 82030 333 56090 58010 60007 82360 47%=
41710 22997 22702 10200 21047 40166 80001 333 56009 58054 60007 82070 18%=
41712 22997 00508 10180 20025 39193 48514 333 58020 60007 RH35%=
41715 21996 00502 10270 20061 40141 70500 333 58019 60007 RH26%=
41715 21996 00502 10270 20061 40141 70500 333 58019 60007 RH26%=
41716 21996 00504 10260 20111 40143 70500 333 59013 60007 39%=
41718 21995 00506 10270 20136 40134 70500 333 58019 60007 44%=
41724 21996 00504 10270 20114 40154 70500 333 58016 60007 RH38%=
41725 22996 00506 10265 20129 40137 333 58012 60007 RH43%=
41726 21996 00000 10275 20121 30078 40148 70500 333 59012 60007 RH 38%=
41738 22996 02308 10260 20099 39983 40160 333 58011 60007 RH36%=
41739 22996 23606 10190 21016 39059 48521 80001 333 56009 58016 60007 82070 RH24%=
41742 22997 42702 10300 20123 40138 80001 333 56009 58018 60007 84070 34%=
41743 21996 00502 10250 20131 70400 333 60007 RH 47%=
41744 22996 03102 10240 21039 38791 48524 333 58007 60007 RH 15%=
41745 21996 03604 10280 20116 70400 333 60007 RH36%=
41746 21996 43104 10260 20111 40130 70400 80001 333 56009 58005 60007 84070 RH39%=
41747 21996 03108 10280 20092 40133 70500 333 58013 60007 RH31%=
41748 22996 00506 10270 20089 40147 333 58014 60007 RH32%=
41749 21995 03108 10290 20119 40140 70400 333 58010 60007 RH35%=
41756 22996 03108 10265 20140 40166 333 58011 60007 RH46%=
41757 22996 02708 10255 20115 30162 40175 60001 333 58017 60007 RH42%=
41759 21996 03102 10280 20104 40161 70500 333 58015 60007 RH33%=
41760 01996 22318 10260 20182 40143 70500 80001 333 56009 58006 60007 82080 RH 62%=
41760 01996 22318 10260 20182 40143 70500 80001 333 56009 58006 60007 82080 RH 62%=
41764 21996 03610 10290 20067 30083 40132 333 58009 60007 RH24%=
41765 22996 13104 10300 20123 30103 40137 333 58006 60007 RH34%=
41766 21996 03602 10285 20112 40145 70500 333 58010 60007 70000 RH34%=
41767 22996 03608 10290 20142 3//// 4//// 333 60007 RH40%=
41768 22996 03102 10305 20162 30129 40136 333 58006 60007 RH42%=
41780 21996 42308 10300 20156 30109 40136 70500 80001 333 56900 58002 60007 84070 RH42%=
41783 02996 00902 10300 20156 30106 40135 60002 333 58006 60007 RH 42%=
41785 22996 03104 10285 20156 30136 40149 333 58008 60007 RH 46%=
41786 22996 02706 10300 20098 30092 40128 333 58015 60007 RH 29%=
41BAG 22697 62302 10045 21085 60002 84510 333 56990 60007 84640 86460 38%=
41SKP 21996 30000 10225 20130 4//// 70400 83030 333 56090 5//// 60007 84360 55%=
43532 22697 70000 10155 20043 39346 40151 85520 333 56990 58024 60007 85640 85460 47%=
43533 22697 70000 10155 20079 39227 48501 83520 333 56990 58018 60007 83640 85460 61%=
43563 22697 42304 10244 20059 40125 84500 333 56900 59002 60007 84640 30%=
41571 21696 43116 10200 20012 39573 40151 70511 81430 333 56990 58006 60007 RH28%=
41565 22996 63102 10122 21009 38669 48536 83520 333 56990 58001 60007 83650 83460 RH 41%=
41BKI 22696 40504 10210 20100 39744 40158 82520 333 56990 58023 69907 82640 82460 RH 49%=
41530 21996 73114 10190 20072 39753 40168 70562 83430 333 56990 58028 69907 83840 84360 46%=

Data Generated from File : D:/all data handling/Rmc_lhr/2025021109.FSU.txt
11/02/2025   10:04:01
____________________________________________________________________________________________
15020 27457 81601 11063 21091 30173 40387 52010 7101/ 886// 333 55300 20357 60007 91002 90730 91103==
15090 27458 83401 11048 21072 30287 40387 52009 7101/ 886// 333 55300 00210 20339 30331 60007 91003 90730 91104==
15108 22984 01004 11095 21187 38136 48559 52009 333 55310 21516 60007 91006 90730 91107==
15150 27450 83603 11058 21081 30154 40384 52011 7101/ 886// 333 55300 20349 60007 91005 90730 91105==
15170 24970 00000 11051 21114 39524 42891 50003 333 55310 21126 60007 91002 90730 91102==
15280 22984 10903 11134 21233 37509 47037 52007 80008 333 55310 21814 60007 91006 90730 91107==
15310 27956 23603 11043 21072 30270 40362 52008 7101/ 80001 333 55305 00350 20947 30874 60007 91008 90730 91108==
15335 24/60 33502 11022 21069 30346 40354 52004 83030 333 55310 21281 60007 91005 90730 91105==
15350 24/62 10405 11024 21074 30238 40366 52005 81040 333 55310 20885 60007 91010 90730 91110==
15360 27/56 73611 11016 21029 30317 40335 52005 7101/ 87070 333 55300 20534 60007 91013 90730 91115==
15420 22560 20302 11026 21074 30243 40361 52006 82100 333 55310 21167 60007 91005 90730 91105==
15460 27458 50202 11031 21063 30327 40353 50001 7101/ 85600 333 55306 20931 60007 91004 90730 91104==
15470 27559 20904 11042 21072 30228 40364 52007 7101/ 82100 333 55310 21208 60007 91005 90730 91105==
15480 24462 73002 11008 21048 30314 40333 54001 87600 333 55300 00220 20421 30351 60007 91005 90730 91105==
15549 41919 50203 11046 21059 39901 40344 52008 71022 85030 333 11045 21086 93501 555 590// 92712=
15552 42565 73403 11002 21055 30267 40318 53006 86510 333 10002 21037 555 564// 92024 92427=
15640 42674 13201 10006 21039 30000 40327 52007 81500 333 10006 21059 555 572//=
15655 42565 50000 10005 21056 30291 40326 52004 82536 333 10006 21044 555 560// 92032 92437=
15730 42965 01801 11002 21046 39904 40319 58004 333 11002 21070 555 572//=
16627 42960 00608 10050 21036 30306 40313 54000 333 90730 91115==
16650 42560 10613 10056 21087 30295 40305 51006 81100 333 90730 91123==
16667 42560 23607 10068 21024 30275 40287 51006 82100 333 90730 91118==
16706 42660 50215 10078 20014 30259 40266 52008 85500==
16723 42960 00315 10076 21007 30242 40256 52011 333 90730 91123==
16742 42460 13617 10086 21042 30075 40235 52009 81100 333 90730 91124==
16749 42960 03006 10120 21002 30200 40215 52007 333 90730 91111==
16754 42460 63614 10110 20038 30210 52011 86800 333 82818 86625 90730 91124==
16760 41358 70210 10062 20029 40262 53008 76060 87600 333 82708 86625 90730 91119==
16765 42560 23223 10122 20003 40226 52003 82240 333 90730 91129==
17022 42570 43104 10039 21014 30118 40290 53001 84200 333 84833 90730 91109==
17024 41557 62102 10052 20016 30204 40284 51001 76062 84550 333 84632 86359 90730 91117==
17026 42570 72703 10053 20024 30252 40292 57003 85570 333 85628 87358 90730 91107==
17031 41358 73109 10047 20027 30276 40283 56004 78088 87200 333 85709 87825 90730 91112==
17034 42670 60204 10081 20029 30237 40284 57003 83250 333 83835 86360 90730 91107==
17038 42670 23504 10083 20014 30226 40275 55002 82100 333 82835 90730 91110==
17042 42670 22901 10082 20016 30243 40284 57003 82100 333 82835 90730 91111==
17050 42970 03505 10014 21074 30260 40326 50001 333 90730 91111==
17056 42970 03306 10031 21019 30301 40306 58004 333 90730 91111==
17060 41358 63607 10018 20008 30260 40302 52004 78388 85250 333 82709 85829 86357 90730 91115==
17070 42665 31802 10005 21065 39372 40275 58002 83500 333 83634 90730 91106==
17074 41570 80502 11014 21019 39308 40280 57003 77077 8552/ 333 85628 88458 90730 91104==
17084 41670 73303 10002 21003 39330 40270 56001 70272 84570 333 84635 87360 90730 91111==
17085 41470 83108 10025 20003 39758 40266 58002 77077 8552/ 333 82710 84635 88459 90730 91113==
17092 42/60 20000 11040 21102 38920 48531 57006 82030 333 82362 90730 91104==
17096 41956 03302 11116 21127 38268 48547 57006 71040 333 90730 91105==
17098 42960 02905 11076 21129 38224 48546 58005 333 90730 91109==
17100 42970 03201 10018 21099 39266 40306 57010 333 90730 91104==
17112 42670 30504 10042 21035 30300 40303 51002 83200 333 83835 90730 91113==
17115 41560 70313 10031 20012 30246 40299 52004 78382 87200 333 84720 86830 90730 91120==
17116 42670 42002 10052 21031 30164 40290 58004 82130 333 82835 84360 90730 91104==
17124 42660 22904 10012 21074 39325 40281 58003 82500 333 82640 90730 91108==
17128 42660 50909 10018 21075 39123 40257 56002 83250 333 83835 84358 90730 91115==
17135 42670 80803 10022 21026 39351 40256 56001 8452/ 333 84640 88460 90730 91107==
17140 41659 80702 11019 21049 38725 48505 53001 71072 8552/ 333 85638 88458 90730 91107==
17150 42660 40313 10055 21029 30155 40283 50000 84200 333 84835 90730 91119==
17160 41670 63304 11001 21052 39052 48509 56002 70272 83550 333 83635 86360 90730 91110==
17170 42660 32906 10008 21094 38365 48538 58002 81540 333 81640 83357 90730 91113==
17175 42665 30505 10068 21029 30275 40279 51003 83100 333 83840 90730 91115==
17184 42670 10107 10062 21058 30152 40267 57006 81500 333 81635 90730 91114==
17190 42670 33202 11013 21089 39031 48514 58002 83500 333 83635 90730 91107==
17195 41412 80000 11004 21021 39000 48508 55000 77177 8652/ 333 84710 86620 88457 90730 91104==
17200 42460 70703 10040 21014 39238 40250 56001 84570 333 82715 84635 87359 90730 91108==
17202 42670 60708 10049 21025 39183 40252 57006 84550 333 84635 86360 90730 91114==
17203 42670 31001 10044 21086 38927 48570 58006 82240 333 82840 83360 90730 91104==
17210 42670 41601 10075 21076 39192 40244 58006 81101 333 81840 84070 90730 91106==
17219 42565 13619 10065 21044 30113 40262 50001 81100 333 81830 90730 91126==
17234 42970 01401 10082 21047 30184 40254 52007 333 90730 91105==
17237 42970 00701 10045 21061 39739 40260 58003 333 90730 91103==
17240 42970 00504 10032 21068 39054 40230 58008 333 90730 91113==
17244 41470 70107 11002 21060 39033 48514 53002 70172 87500 333 82717 87630 90730 91114==
17248 42670 73402 10004 21045 39008 48506 50000 84520 333 84640 87460 90730 91105==
17250 42670 70202 10001 21052 38823 48507 50000 84550 333 84640 87360 90730 91106==
17260 41250 80611 10034 20025 39365 40203 50000 76122 8642/ 333 84706 86625 88458 90730 91115==
17270 41657 70804 10037 20029 39585 40249 51001 76066 85520 333 85635 87459 90730 91111==
17275 41409 70000 10000 21004 39034 48539 51003 77022 85720 333 81715 84635 87458 90730 91112==
17280 41657 70803 10042 20008 39445 40259 58004 71042 83510 333 83640 87460 90730 91108==
17290 42970 03505 10108 21057 30202 40234 51004 333 90730 91114==
17292 42970 03003 10041 21074 39446 40222 53003 333 90730 91108==
17300 42960 03412 10114 21052 30147 40220 58006 333 90730 91121==
17310 42970 02402 10148 21022 30190 40197 50002 333 90730 91108==
17330 42670 52803 10115 21024 30195 40213 58002 83250 333 83840 85360 90730 91112==
17350 42660 60512 10128 20023 30122 40201 53001 84250 333 84840 86360==
17370 42670 60000 10137 20034 30197 40201 57004 84230 333 84835 86360==
17375 42670 11601 10128 21016 30202 40204 55001 81100 333 81835 90730 91106==
33088 41/60 81003 11080 21100 30200 40407 52009 77172 8802/==
33135 42460 80902 11063 21095 30263 40422 52009 886// 333 88715==
33177 41540 80603 11080 21088 30134 40390 52007 71022 885//==
33317 41440 80903 11075 21083 30035 40397 52010 71042 886// 333 88713==
33393 41249 81202 11072 21080 39956 40376 52008 72072 886// 333 88706==
33415 41256 81204 11067 21083 39957 40383 52008 71022 886// 333 88706==
33429 41220 81003 11068 21082 39937 40389 52012 71022 886// 333 88705==
33466 41458 80603 11073 21086 30205 40407 52008 71072 885// 333 34///==
33506 42960 00603 11074 21108 30187 40398 52004==
33562 41458 80802 11062 21070 30080 40406 52011 71022 886//==
33587 41/20 80902 11075 21084 30117 40400 52013 71022 8802/==
33658 41358 81103 11076 21083 30064 40386 52009 71022 886// 333 88708==
33663 41/40 80000 11069 21081 30287 40390 52011 71011 8805/==
33664 41596 60903 11059 21070 30045 40383 52012 71042 86500=
33678 41596 82803 11071 21078 30182 40405 52014 71011 885//=
33679 42997 80902 11061 21076 30176 40380 52007 8805/=
33711 42460 30405 11054 21084 30161 40385 52007 83600 333 83710==
33745 41896 60703 11077 21078 30192 40397 52017 71011 86030=
33748 41596 71002 11064 21076 30073 40378 52013 71011 87300=
33754 42598 80502 11061 21076 30229 40386 52012 885// 333 88625=
33761 42561 80305 11061 21073 30146 40385 51009 886//==
33791 42975 00505 11038 21075 30240 40376 52007==
33815 42598 50604 11059 21091 30150 40372 52010 83830=
33837 41458 80204 11034 21074 30300 40355 51004 71022 82604==
33881 42597 50203 11049 21069 30164 40374 52009 85300=
33883 42998 50104 11046 21066 30191 40363 52010 80002=
33885 41596 63604 11051 21078 30230 40373 52006 71011 86500=
33892 42998 60305 11061 21087 30138 40363 52008 82031=
33902 42960 00405 11026 21067 30292 40355 52004==
33924 42460 70506 11012 21035 30313 40326 54000 86609==
33946 42376 50810 11010 21027 30087 40318 52004 85600 333 85709 91012 90730 91113==
33983 42460 20306 10005 21038 30249 40312 52001 81530 333 90730 91110==
34300 42960 20502 11077 21117 30212 40403 51001 80001==
34336 41960 00401 11085 21132 30280 40391 58001 70270==
34344 42970 03502 11077 21112 30288 40382 58003==
34356 42960 03403 11075 21113 30203 40360 57003==
34357 42970 02701 11089 21122 30198 40365 57005==
34398 42570 60502 11021 21061 30304 40317 58009 86500==
34415 42970 00701 11055 21093 30283 40386 54000==
34438 42960 03503 11076 21117 30170 40374 54001==
34445 42970 02902 11081 21114 30250 40372 57006==
34461 42960 03302 11048 21103 30294 40353 57008==
34473 42997 23603 11049 21082 30292 40333 57006 80003=
34476 42970 63402 11046 21070 30325 40333 58005 80004==
34504 42968 00604 11062 21107 30194 40380 52006==
34535 42970 03203 11091 21130 30298 40376 57002==
34545 42470 60403 11063 21089 30244 40362 57003 85630==
34555 41440 80103 11057 21069 30267 40364 57004 71022 886//==
34560 42360 70201 11050 21065 30144 40345 57006 87600 333 87707==
34578 42/60 60303 11021 21074 30323 40330 58008 86040==
34579 42570 63302 11029 21096 30281 40326 58009 86500==
34644 42960 00603 11033 21078 30272 40353 58002==
34646 42970 80603 11047 21071 30266 40353 54000 80004==
34655 42560 43503 11024 21063 30286 40349 57005 84500==
34662 42470 63303 11049 21070 30330 40341 57007 86500 333 86619==
34691 42/70 70502 11026 21068 30534 40521 58012 87050==
34720 42970 20303 11048 21091 30314 40356 50001 80001==
34727 42960 00605 11045 21073 30319 40351 54001==
34743 42960 70302 11020 21067 30253 40346 57004 80005==
34759 42960 83502 11014 21059 30198 40334 58009 80004==
34772 42/70 83304 11024 21080 30323 40326 58007 8807/==
34785 42570 83503 11026 21068 30337 40314 57009 885//==
34798 42/60 83604 11024 21060 30452 40421 58006 8805/==
34824 42960 00504 11016 21070 30330 40335 54000==
34838 42960 00603 10004 21085 30227 40327 57003==
34845 42970 80802 11005 21060 30221 40333 58006 80009==
34858 42960 00000 11021 21079 30220 40333 58007==
34861 42/70 60403 11025 21090 30073 40326 57008 82031==
34866 42970 53503 11016 21084 30333 40324 58009 80001==
34880 41540 83502 11026 21068 30335 40308 57007 77072 8372/==
34887 42570 83602 11025 21065 30336 40313 58007 885//==
34949 42/// /0903 11021 21074 39752 40319 57006==
34954 42970 21001 10007 21080 30144 40324 58011 80001==
34958 42970 80000 11010 21092 30118 40325 58010 80007==
34975 42570 83403 11016 21068 30319 40315 58010 885//==
34984 42/70 63403 11008 21077 30341 40309 58008 80030==
35217 42960 00502 11056 21103 30272 40314 57007==
35302 42970 30806 11027 21104 30296 40318 58009 80008==
35315 42998 20402 11040 21078 30243 40302 57013 80002=
35344 42999 00303 11102 21122 30036 40340 57009=
35358 42960 00501 11073 21103 30156 40334 57012==
35368 42999 00000 11062 21116 30074 40351 58014=
35386 42998 22002 11062 21097 39811 40350 58009 82040=
35394 42970 52303 11047 21098 39651 40348 58008 80001==
35404 42998 30304 11009 21080 30301 40309 57012 80001=
35406 42960 50703 11032 21075 30301 40303 57009 80001==
35416 42970 20403 11038 21106 30175 40299 57009 80001==
35426 42984 10305 11036 21116 39996 40295 58020 80001==
35437 42998 20303 11072 21121 30083 40412 57007 80003=
35449 42998 01006 11068 21115 30218 40326 58020=
35497 42970 30000 11021 21083 39813 40649 58011 80001==
35498 42998 00000 11090 21138 39451 40368 57011=
35514 42998 30503 11036 21097 30517 40513 57008=
35522 42998 60702 11047 21114 30034 40293 57005 80001=
35542 42998 00504 11083 21120 30172 40326 57010=
35563 42998 11301 11032 21120 39553 40341 57008 80001=
35576 42970 60601 11126 21155 39903 40381 58004 80001==
35582 42998 70902 11107 21162 39741 40373 58009 80002=
35594 42999 60101 11096 21126 39490 40366 58010 80002=
35605 42998 60206 11014 21062 30306 40284 57015 80008=
35633 42998 20704 11077 21117 30081 40304 58008 80003=
35671 42970 00702 11061 21105 39900 40345 58021==
35699 42960 00000 11013 21095 39575 40341 58012==
35700 41970 60104 11017 21051 30299 40275 57021 70272 80005==
35715 42999 60805 11049 21098 30285 40270 57009 86040=
35739 42699 70905 11062 21117 30137 40281 58001 87500=
35746 42/70 81205 11045 21072 30234 40303 58003 8807/==
35777 42997 00903 11060 21118 39988 40346 57019=
35796 42960 00702 11095 21125 39915 40372 57013==
35849 42570 81604 11020 21070 30216 40303 58002 885//==
35895 42998 03604 11090 21114 39898 40364 57016=
35907 42598 83506 11019 21057 30317 40286 58012 885//=
35925 42670 60902 11038 21063 30140 40254 58007 86200==
35927 42698 60902 11052 21089 30247 57011 86500=
35953 42584 80000 11024 21068 30188 40320 58003 885//==
35969 42584 81401 11046 21145 30158 40337 58008 885//==
35997 42998 03201 11050 21118 39890 40338 57020=
36259 42984 00301 11188 21245 38285 48570 57006==
36335 42999 11803 11013 21076 39299 40329 57002 80001=
36358 42999 00000 11054 21082 39297 40336 57001=
36394 41997 01511 11098 21134 39924 40366 58006 73633 333 91015 91115=
36397 41920 01616 11124 21154 39775 40370 58005 73833 333 91020 90730 91120==
36403 41698 30910 11030 21112 39989 40357 58006 73633 82901=
36418 42999 70000 11124 21167 39773 40425 58003 88030=
36421 42999 71101 11130 21180 39822 40421 58006 87030=
36428 42784 70301 11110 21189 39893 40422 58012 82552==
36439 42798 70000 11082 21141 39074 48568 58001 83531=
36498 42998 01102 11097 21132 39553 40379 58008=
36501 42999 02001 11041 21102 39557 40323 57006=
36535 42984 20000 11119 21173 39762 40430 58006 80001==
36546 42999 20301 11113 21179 39854 40423 58004 80001=
36619 42999 00905 11109 21137=
36622 42998 01301 11090 21138 39541 40377 58009=
36639 42984 01201 11037 21150 39739 40357 57014==
36643 42999 03201 11156 21186 39719 40429 58007=
36665 42999 02902 11121 21158 39642 40408 58002=
36666 42999 01403 11135 21168 39897 40422 58006=
36729 42998 01402 11070 21122 39863 40362 58021=
36736 42999 03001 11047 21108 39803 40372 57015=
36744 42998 00404 11053 21122 39878 40341 57020=
36770 42999 20000 11006 21097 39591 40324 57013 80001=
36786 42999 00902 11003 21109 39392 40316 57014=
36796 42998 00000 11087 21166 39106 48545 58018=
36803 42999 00602 11086 21110 39896 40365 58016=
36806 42999 61510 11093 21197 39896 40388 57010 80002 333 91119=
36819 42998 30901 11016 21067 39699 40321 57013 80001=
36821 42984 00000 11028 21103 39835 40335 57017==
36839 42999 02901 11023 21124 39167 40312 57016=
36843 42998 00000 10016 21109 39122 40296 57013=
36846 42999 00502 11004 21128 38664 48546 57011=
36859 42984 03501 10042 21098 39577 40358 57023==
36870 42960 00402 10010 21077 39273 40290 57014==
36874 42999 02702 11061 21123 39656 40470 57016=
36877 42999 00502 11005 21075 39708 40736 57015=
36885 42999 02702 10006 21083 39157 40291 57012=
36889 42999 00000 11028 21196 37063 47079 57009=
36894 42999 00704 10028 21070 39561 40300 57021=
36905 42999 02701 11025 21100 38810 48566 57013=
36911 42998 80000 11018 21040 39318 40316 54000 80038=
36927 42699 21402 10053 21099 38382 48540 57016 82900=
36934 42599 21502 10039 21030 38301 48429 58009 82200=
36953 42999 00901 11052 21108 38254 48508 57013=
36963 42999 02301 11025 21176 37038 48/// 57011=
36974 42998 01802 10038 21076 38000 48524 57023=
36982 42999 00303 11074 21304 36527 47098 57007=
37018 42970 00601 10106 21039 30197 40272 58008==
37031 42960 80503 10037 21079 30106 40306 57008 80004==
37054 42/60 60301 11011 21061 39922 40322 57012 80030==
37061 42960 83401 11011 21081 30149 40325 58011 80008==
37085 42/70 83003 10001 21075 30341 40314 58013 82032==
37171 42770 12303 10091 20017 30255 40273 58005 81200==
37228 42/60 22401 10006 21044 39435 40291 57010 82070==
37235 42/70 51102 11003 21051 39982 40311 57013 8007/==
37472 42560 73204 10005 21056 30331 40308 57012 82571==
38149 42570 71703 11012 21041 30205 40284 52002 87500==
38178 42570 61902 11028 21130 39996 40295 54000 86400==
38262 42570 81403 11011 21069 30201 40285 58003 885//==
38264 41/70 81505 11018 21042 30188 40285 57007 77172 8802/ 333 88510==
38345 42698 80901 11006 21048 38863 48547 57003 885//=
38353 41997 32602 10022 21046 39389 40301 57009 704// 83030=
38388 42598 72302 10003 21063 30214 40287 57006 87900=
38392 41397 81504 11016 21024 30180 40287 58008 70272 886// 333 88709=
38396 42/40 81606 11008 21023 30166 40295 58011 8802/ 333 88508==
38403 42960 01802 11015 21097 30177 40303 58007==
38413 42/70 62801 11021 21079 30018 40321 52009 84031==
38457 41960 82501 10027 20009 39701 40301 57005 70275 886//==
38462 42684 80000 10042 21023 38803 48532 58009 8692/==
38507 42698 61806 10030 21028 30183 40289 58005 83530=
38545 42998 21605 11002 21047 30135 40318 58002 82080=
38565 11560 80000 11019 21035 39687 40265 58009 60002 72844 886//==
38579 41560 80000 10005 21011 39884 40316 57006 70272 8852/==
38583 41560 83202 10009 21014 39982 40313 52008 70277 8872/==
38599 41396 82408 10012 21012 39752 40305 57012 71022 885// 333 83708 85629=
38611 41/40 82102 10049 20019 39710 40289 57014 71022 8807/==
38613 42995 82201 10029 20005 40282 58014 8802/=
38616 41596 72701 10014 21003 39264 40300 58013 710// 87500=
38618 41660 82901 10039 21004 39581 40281 57012 70252 8457/==
38647 42698 72703 10048 21005 30229 40272 57009 87800=
38656 42698 81602 10038 21011 30178 40290 58014 885//=
38683 42460 80000 11011 21050 30037 40326 58011 885// 333 88613==
38687 42797 41603 11000 21029 30084 40331 57009 82501=
38696 12560 71401 10020 21030 39423 40300 58007 60002 87900==
38713 41494 83401 11022 21037 39099 48540 58003 71022 886//=
38750 42597 81802 10079 20032 30327 40298 58006 885//=
38763 42598 72403 10062 21006 30176 40283 58008 87800 333 87827=
38774 42598 53502 10058 21015 30090 40289 58009 85200=
38799 42597 81604 10002 21046 30074 40315 57011 885//=
38806 42697 61802 11016 21043 30039 40311 58010 83502=
38812 41240 80000 10002 21022 39842 40312 58009 71022 885// 333 83706==
38836 41698 50000 10052 20017 39299 40245 57019 71022 889//=
38880 42697 31103 10062 21029 30022 40281 58010 82530=
38886 42997 30902 10032 21006 30006 40302 58004 83040=
38895 42696 51902 10022 21012 30018 40317 58009 85100=
38911 42998 72601 11006 21054 30014 40321 58005 85072=
38915 42597 83402 10018 21023 39993 40329 58001 885//=
38927 12560 70402 10052 20006 39908 40291 58021 60002 87400 333 87620==
38933 41996 82302 10030 21021 39787 40315 58009 71022 8805/=
38944 42697 70000 10036 20001 39689 40236 57010 86530=
38954 42899 80000 10035 21047 37935 48530 58024 86910=
38974 42998 03201 10051 21002 39949 40290 58010=
38987 42996 02602 10014 21061 39538 40305 58012=
40100 43/80 42309 10160 20070 30189 40205 50000 333 58///=
40180 02560 72303 10146 20091 30144 40194 52003 8700/ 333 70000==
40199 02/// /0206 10187 20051 30158 40183 57015 333 70000==
40265 41540 01606 10112 20051 39404 40208 57004 70522 86800 333 82825 85630=
40270 41550 70000 10117 20045 39288 40195 57003 70510 85250 333 85830=
40272 41930 21204 10100 20058 39364 40211 52019 71022 82800 333 80830=
40340 42960 03412 10168 20045 40191 57013=
40356 42960 01516 10130 21050 39203 48505 333 58007 555 04410 50189=
40357 42960 01414 10130 21030 39553 40200 333 58010=
40360 42960 01404 10128 21040 39595 40193 333 58010=
40361 42960 00908 10135 21010 39407 40210 333 58009=
40362 42960 31017 10151 21010 39677 40198 80001 333 58007 83070=
40373 41658 61119 10150 20010 39778 40201 70720 86500 333 58005 86635=
40375 42960 03304 10126 21030 39280 40165 333 58000=
40394 42960 00606 10140 21020 39030 48503 333 58014 555 04410 50165=
40400 42960 02909 10222 20000 30108 40136 333 59013=
40405 41958 01904 10217 20050 39404 40132 70600 333 59003=
40417 42960 20608 10223 20040 30175 40190 82030 333 59006 82360=
40430 42660 50507 10226 21040 39395 40129 85500 333 58000 85640=
40437 41956 01412 10207 20000 39467 40168 70700 333 59001=
40439 42660 60804 10216 20090 30099 40117 85530 333 59005 85640=
40582 42660 70504 10163 20041 40208 57017 82630 333 55300 00370 10000 20803 30225 41219 51410 61028 55407 40577 82640 87358 90400 91007 91113 91207 91303=
40703 42960 02504 10012 21085 38978 40302 57005 333 70000 555 11017 29048 66666 01014 11020 20002 30026 50058 90088=
40706 41556 52706 11004 21091 38706 40315 54000 70511 83302 333 70000 83830 81932 83067 555 11030 29052 66666 00023 11009 20013 30035 50054 90075=
40712 42965 12701 11016 21118 38735 40318 50002 80001 333 70000 81067 555 11042 29046 66666 00007 10012 20016 30021 50036 90054=
40713 41645 50301 11005 21074 38708 40287 58001 70510 82202 333 70000 82835 84068 555 11027 29060 66666 00000 10020 20040 30053 50070 90096=
40718 42460 33202 10086 20034 30319 40289 57009 83800 333 70000 82815 83620 555 10064 29070 66666 00088 10060 20058 30070 50090 90114=
40723 42560 19901 10021 21078 39008 40292 58010 81170 333 70000 81830 555 11012 29048 66666 00018 10000 20018 30030 50048 90070=
40726 42660 43203 11032 21079 38714 40319 58001 84500 333 70000 84635 555 11045 29070 66666 00002 10006 20026 30030 50048 90082=
40727 41658 71401 11035 21065 38530 40323 54000 71022 85510 333 70004 85640 87460 555 11043 29080 66666 01005 10011 20021 30029 50040 90073=
40732 42565 10303 10094 20016 30305 40280 58004 81100 333 70000 81823 555 10062 29058 66666 00080 10078 20078 30086 50102 90118=
40736 42560 13101 10106 20026 30314 40288 58007 81100 333 70000 81825 555 10072 29058 66666 00070 10070 20068 30078 50094 90118=
40738 42660 32704 10098 20030 30299 40301 57008 83100 333 70004 83835 555 10069 29063 66666 00092 10078 20066 30080 50098 90122=
40739 42562 71803 10008 21007 38737 40289 58007 86710 333 70022 82725 84635 86458 555 10002 29089 66666 00048 10050 20026 30036 50048 90086=
40741 42960 00000 10040 20015 39945 40293 58009 333 70000 555 10030 29084 66666 00068 10043 20044 30061 50085 90116=
40743 42670 20903 10015 21064 39133 40300 58005 81101 333 70000 81835 555 11012 29056 66666 00014 10010 20040 30071 50107 90134=
40745 42962 01003 10020 21063 39097 40303 58010 333 70000 555 11010 29054 66666 01004 10002 20022 30038 50066 90105=
40747 42560 82003 10000 21056 38687 40286 58004 86670 333 79999 86720 85459 555 11019 29066 66666 00022 10017 20031 30046 50061 90092=
40754 41656 22404 10054 21096 38877 40266 58007 70500 82100 333 70000 82840 555 10006 29033=
40762 42965 20000 10014 21073 38595 40303 58002 80002 333 70005 82069 555 11014 29052 66666 00010 10022 20022 30036 50062 90092=
40766 42560 61203 10027 21039 38741 40279 58008 81771 333 70000 81730 86070 555 10003 29062 66666 00004 10016 20032 30040 50064 90100=
40768 41957 00201 11050 21096 38299 40355 58004 70520 333 70000 555 11061 29070 66666 01005 11008 20008 30020 50032 90056=
40769 41535 20402 11017 21063 38331 40287 58004 70521 82600 333 70000 82725 555 11032 29071 66666 00006 10010 20026 30032 50060 90102=
40780 42960 01502 10084 21020 38715 40249 57005 333 70000 555 10042 29048 66666 00040 10026 20040 30042 50070 90096=
40782 42962 00000 10095 21028 38903 40237 58013 333 70000 555 10046 29042 66666 00070 10046 20060 30056 50092 90114=
40785 42960 00602 10066 21016 39152 40279 57012 333 70000 555 10034 29056 66666 00096 10068 20054 30062 50092 90156 77777 00/// 10000 20/// 30/// 50/// 70/// 99///=
40791 42965 02502 10104 21062 39423 40268 58011 333 70000 555 10044 29030 66666 00122 10110 20092 30106 50128 90162=
40792 42965 02803 10055 21072 38767 40267 58007 333 70000 555 10011 29040 66666 00084 10064 20056 30070 50114 90126=
40798 42660 42505 10072 21092 37975 40206 58004 83501 333 70000 83640 555 10014 29030 66666 00068 10029 20019 30037 50059 90080=
40800 42960 00802 10097 21058 38491 40242 57016 333 70000 555 10038 29033 66666 00090 10054 20052 30076 50094 90120=
40809 42562 13006 10095 21096 38530 40233 58011 81100 333 70000 555 10029 29025 66666 00126 10078 20057 30083 50107 90130=
40811 41958 20302 10200 20045 30178 40205 58017 70500 80001 333 70000 82070 555 10125 29036 66666 00170 10144 20152 30170 50190 90210=
40812 42960 01001 10200 20007 39814 40193 58012 333 70000 555 10112 29028 66666 00154 10136 20130 30146 50164 90196=
40818 42665 52506 10109 21078 37993 40182 57018 82202 333 70000 82835 84060 555 10037 29026 66666 00090 10080 20050 30055 50067 90070=
40821 42660 43501 10073 21043 38836 40262 58018 81102 333 70000 81840 83070 555 10029 29044 66666 00133 10097 20082 30095 50114 90136=
40829 42960 03005 10145 21028 39670 40253 58021 333 70000 555 10075 29030 66666 00168 10132 20130 30130 50156 90176=
40831 42660 70303 10162 20041 30206 40214 58010 84370 333 70000 82935 82640 87460 555 10106 29044 66666 00166 10152 20178 30186 50204 90226=
40833 42660 70301 10216 20010 30184 40217 58008 87300 333 70000 81935 86640 555 10122 29026 66666 00210 10184 20176 30182 50196 90216=
40841 42660 42305 10140 21063 38265 40196 57022 81130 333 70000 81840 83362 555 10058 29024 66666 00074 10060 20088 30104 50112 90142=
40845 42560 80203 10173 20104 30201 40206 57013 8492/ 333 70000 82930 84640 88460 555 10136 29064 66666 00184 10176 20170 30176 50188 90202=
40848 41550 80000 10086 20015 38566 40231 57005 70522 8532/ 333 70000 82930 85635 88459 555 10054 29061 66666 00106 10104 20098 30102 50100 90122 77777 00/// 10/// 20/// 30/// 50/// 70/// 99///=
40851 42960 72602 10145 21099 38290 40180 58012 80000 333 70000 8//// 555 10054 29018 66666 00178 10104 20192 30108 50122 90152=
40854 42960 20803 10129 21030 38995 40216 58016 80002 333 70000 82070 555 10064 29033 66666 00224 10146 20172 30157 50178 90201=
40856 42960 30202 10145 21014 38677 40208 58016 80006 333 70000 83270 555 10075 29033 66666 00180 10134 20108 30118 50130 90140=
40859 41558 71202 10142 21043 38746 40216 58011 70522 84370 333 70000 81930 83635 86459 555 10066 29027 66666 00152 10106 20098 30114 50128 90150=
40875 41957 71703 10251 20086 30174 40186 58020 70520 80006 333 70000 87269 555 10162 29035 66666 00300 10216 20214 30214 50240 90250=
40879 42960 62402 10208 20022 39520 40198 57020 80006 333 70000 86270 555 10119 29029 66666 00236 10206 20196 30204 50214 90236=
40882 42960 61304 10240 20085 30150 40185 58020 80006 333 70000 86270 555 10157 29037 66666 00250 10212 20204 30220 50224 90244=
40883 41956 01405 10228 20112 30158 40185 58018 70500 80000 333 70000 555 10163 29048 66666 00266 10232 20206 30222 50230 90242=
40893 42960 02905 10255 20080 30166 40172 57019 333 70000 555 10161 29033 66666 00259 10246 20240 30242 50255 90245=
40898 42960 11206 10271 20136 30143 40152 57027 80001 222// 00232 20801 333 70000 81069 555 10191 29044 66666 00354 10294 20246 30254 50264 90268=
41024 42660 23106 10275 20140 30096 40122 82500 333 59004 82640=
41036 42560 42120 10235 20100 38546 48496 84800 333 59001 84830 555 04410 50104=
41055 42560 21713 10224 20080 38355 48500 82400 333 58003 82630 555 04410 50103=
41061 42960 01118 10240 20040 39427 40124 333 59020=
41084 42960 00206 10246 20060 38841 48500 333 59004 555 04410 50087=
41112 42960 02018 10196 20000 37946 48511 333 58004 555 04410 50090=
41114 42960 02018 10220 20010 37980 48507 333 58005 555 04410 50074=
41128 42960 00902 10255 20060 38807 48517 333 59015 555 04410 50116=
41136 42960 01608 10330 21020 39312 40104 333 59025=
41140 42560 22308 10302 20220 30118 40122 82100 333 58011 82830=
41150 42970 50510 10201 20101 40193 81039 333 59005 81360 84175=
41170 42960 20211 10207 20130 30178 40192 80001 333 58001 82072=
41176 44/70 /0608 10214 20125 30184 40190 333 59001=
41184 42960 30406 10250 20073 40185 80001 333 58006 83070=
41194 42960 00204 10253 20090 30175 40181 333 58002=
41196 42960 19901 10252 20059 30146 40187 81030 333 58004 81368=
41216 42960 00207 10232 20120 30178 40182 333 59001=
41217 42960 00208 10258 20067 30147 40176 333 59003=
41244 36/// /3210 10291 21086 39739 40146 333 0E018 55300 25022 59004=
41246 32960 00507 10246 20097 30182 41160 333 58028=
41256 32960 23411 10244 20152 30166 40184 80001 333 58023 55407 55408 55507 55508 82075=
41257 36/// /0304 10249 20111 39686 40177 333 0E016 55300 21604 58026=
41262 36/// /1109 10292 20100 39964 40156 333 0E014 55300 22945 58006=
41265 32960 01402 10270 20102 39583 41135 333 58023=
41267 36/// /3410 10248 20169 30168 40181 333 0E020 58028=
41268 32960 00311 10257 20158 30124 41150 333 58030=
41275 36/// /2403 10298 20007 30011 40178 333 0E014 55300 22954 58013=
41288 36/// /1109 10264 20202 30156 40178 333 0E021 58019=
41315 26/70 /1611 10246 20159 39339 48224 333 0E019 55300 27865 58009 70002=
41316 32586 11508 10272 20194 30137 40167 81500 333 58010 55407 55408 55507 55508 81625=
41396 42965 01305 10291 20053 39413 40115 333 59001=
41480 42460 30719 10279 20192 30148 40156 83100 333 58017 83818=
41506 12460 61802 10100 20027 38518 48150 60001 84520 333 56880 59007==
41508 12440 63101 10131 20062 38667 48380 60001 84700 333 56800 59015==
41515 12460 62702 10065 20043 38561 48220 60001 83720 333 56880 59017==
41516 12440 81301 10130 21047 38524 48830 60001 87610 333 56880 59035==
41517 12940 70000 10070 21043 37779 48970 60001 87470 333 56880 59013==
41518 12440 81801 10122 21009 30001 48010 60001 8872/ 333 5688/ 58000==
41519 12440 70000 10125 20014 38751 48920 60001 85720 333 56880 59012==
41523 12440 82301 10140 20035 39098 48180 60001 8552/ 333 5688/ 58004==
41535 12460 41301 10150 21010 38713 48850 60001 84500 333 56800 59006==
41536 12460 33601 10130 20072 39054 48220 60001 83200 333 56800 58024==
41560 12960 00000 10100 21090 38332 48580 60001 333 58005==
41571 21696 43116 10200 20012 39573 40151 70511 81430 333 56990 58006 60007=
41598 11940 32303 10260 20058 39862 40127 60001 70510 83070 333 56080 59005==
41600 11440 73101 10235 20104 30000 40135 60001 70522 85570 333 56880 59006==
41620 12940 02302 10160 21101 38590 48940 60001 333 58003==
41624 12960 00901 10250 20084 30000 40147 60001 333 58023==
41630 11940 41303 10245 20076 30000 40148 60001 70500 84030 333 56080 58007==
41640 11440 73102 10235 20073 39891 40137 60001 70522 85570 333 56880 58001==
41660 12960 13108 10125 21059 38454 48440 60001 81030 333 56080 58033==
41678 11940 00502 10240 20094 30000 40137 60001 70500 333 58002==
41696 12960 03101 10150 21030 38009 48180 60001 333 58011==
41697 12960 00000 10290 21029 30000 40134 60001 333 59007==
41700 11940 10503 10250 20096 30000 40129 60001 70500 81030 333 56080 58009==
41710 12960 22701 10200 21047 30000 40166 60001 80001 333 56008 58054==
41712 12960 00504 10180 20025 39193 48140 60001 333 58020==
41715 11940 00501 10270 20061 30000 40141 60001 70500 333 58019==
41718 11920 00503 10270 20136 30000 40134 60001 70500 333 58019==
41725 12940 00503 10265 20129 30000 40137 60001 333 58012==
41739 12940 23603 10190 21016 39059 48210 60001 80001 333 56008 58016==
41744 12940 03101 10240 21039 38791 48240 60001 333 58007==
41749 11920 03104 10290 20119 30000 40140 60001 70400 333 58010==
41756 12940 03104 10265 20140 30000 40166 60001 333 58011==
41757 12940 02704 10255 20115 30162 40175 60001 333 58017==
41759 11940 03101 10280 20104 30000 40161 60001 70500 333 58015==
41764 12940 03605 10290 20067 30083 40132 60001 333 58009==
41768 12940 03101 10305 20162 30129 40136 60001 333 58006==
41780 11940 42304 10300 20156 30109 40136 60001 70500 80001 333 56800 58002==
41785 12940 03102 10285 20156 30136 40149 60001 333 58008==
41859 01440 62302 10252 20160 30069 40106 70522 83520 333 59012 70000 83618 86458==
41883 02956 02702 10280 20070 30088 40108 333 59012 70000==
41891 01430 52504 10220 20180 30081 40120 70522 82330 333 59003 70000 82615 85365 81930==
41907 01940 02702 10288 20100 30092 40107 70500 333 59012 70000==
41923 01450 32703 10294 20140 30101 40111 70520 83430 333 59014 70000 82616==
41936 01914 02604 10304 20160 30100 40107 70540 333 59010 70000==
41943 01440 61803 10290 20180 30106 40113 70522 83530 333 59013 70000 83617 84362==
41950 01440 30000 10294 20180 30106 40108 70511 82530 333 59015 70000 82617==
41978 01940 02107 10273 20180 30115 40121 70500 333 59003 70000==
41992 01930 02103 10285 20190 30123 40125 70500 333 58000 70000==
42027 31595 72902 10108 20023 38410 48496 70522 83420 333 59005=
42071 31896 53206 10232 20119 40136 70500 85030 333 58001 85358=
42101 32996 03404 10254 20126 40134 333 59002=
42111 32596 23603 10254 20078 39409 40090 82100 333 59011 82830=
42123 32596 51402 10244 20126 40128 82530 333 58002 82630 84360=
42131 32996 30502 10264 20099 40125 80001 333 59004=
42165 32996 00000 10308 20041 40105 333 59006=
42182 31996 02503 10288 20095 40114 70500 333 59009=
42189 32996 12903 10264 20099 40112 80001 333 59009 81070=
42309 21395 80203 10160 20160 40135 75055 8532/ 333 58027 6004/=
42314 21495 80205 10162 20152 40134 71062 8352/ 333 58027 6002/ 83618 88459=
42328 32996 23203 10290 20088 40102 80001 333 58005 82075=
42339 31995 11401 10296 20087 40115 70500 80001 333 59006 81070=
42348 31996 02505 10296 21002 40116 70500 333 59009=
42361 31995 00000 10308 20111 40114 70500 333 59007=
42369 31996 03206 10282 20101 40116 70500 333 59010=
42379 31995 02706 10270 20087 40098 70500 333 59019=
42410 31595 20000 10252 20157 40107 70500 81530 333 59007 81620=
42415 31995 00503 10220 20142 40120 70500 333 58005=
42452 31996 00902 10282 20120 40106 70500 333 59009=
42492 31996 02706 10274 20123 40110 70500 333 59013=
42559 32996 03602 10310 20094 40090 333 58000=
42571 31996 02701 10304 20105 40109 70500 333 59002=
42591 32996 02704 10292 20121 40122 333 59008=
42623 31496 32305 10232 20075 39239 40094 70500 83500 333 58008 83618=
42634 32996 12702 10306 20114 40141 80001 333 58004 81070=
42647 31996 02506 10306 20132 40139 70400 333 58013=
42667 32996 02308 10302 20104 39538 40109 333 59030=
42675 32996 00502 10296 20117 40109 333 58005=
42701 32996 03203 10282 20071 39382 40089 333 59005=
42724 31495 62303 10274 20194 40111 70522 84430 333 59011 83618 84360=
42737 32996 02905 10306 20146 40141 333 58009=
42754 32996 02906 10296 20108 39489 40107 333 58002=
42779 32996 03202 10332 20063 39416 40084 333 59008=
42798 31596 20000 10324 20112 40095 70500 82500 333 59013 82620=
42809 31595 33202 10306 20170 40109 70500 81530 333 59013 81620=
42840 32996 03403 10298 20139 40142 333 58015=
42867 31596 52003 10336 20154 40101 70511 85800 333 59007 82620 84825=
42874 32596 33203 10342 20209 40098 83100 333 59011 83825=
42886 31596 43208 10356 20129 40099 70500 84500 333 59011 84620=
42895 32996 00902 10310 20208 40108 333 59017=
42909 32996 02908 10264 20200 40144 222// 20000 333 58012=
42971 31996 01804 10332 20173 40115 70500 333 59014=
43003 31995 03206 10326 20157 40128 70400 333 58013 /////=
43014 31996 02504 10340 20193 39470 40113 70544 333 58002=
43041 31996 02702 10334 20155 39500 40093 70500 333 59010=
43063 32997 02703 10338 20112 39496 40096 333 58005=
43086 32997 09901 10320 20220 39934 40108 333 59004=
43110 31995 02706 10328 20155 40126 70544 333 58007=
43117 32997 01402 10352 20242 40096 333 58000=
43128 32997 01103 10332 20160 39517 40103 333 58003=
43150 31996 22005 10294 20227 30064 40125 70500 80001 333 59008 82075=
43185 32997 01803 10322 20198 30117 40120 333 58000=
43189 32597 10000 10326 20220 30120 40129 81500 333 59002=
43192 32996 02302 10340 20206 40120 333 58012=
43198 32496 30703 10330 20118 39299 40095 82501 333 56209 58008 82612=
43201 32997 00202 10326 20102 39384 40086 333 59004=
43213 32997 09901 10356 20079 39787 40093 333 58002=
43233 32997 00905 10318 20122 39310 40102 333 58004=
43237 32997 10703 10350 20147 39696 40075 80001 333 58000 81075=
43245 32997 00505 10320 20199 30098 40124 333 59001=
43279 32597 31105 10318 20211 30109 40127 70120 82501 333 58007 82620=
43284 32496 12310 10324 20193 39995 40108 81500 333 58014 81615=
43295 32997 10902 10304 20052 39105 48531 80001 333 58002 81075=
43314 32997 22303 10342 20223 40109 80001 333 58006=
43321 31996 20905 10316 20114 39665 40101 70500 80001 333 58002 82070=
43329 32997 10502 10300 20250 30107 40121 80001 333 58005=
43333 31496 30503 10300 20220 40110 70510 82501 333 58014 82618=
43344 31496 40205 10322 20179 30015 40112 70511 82501 333 58008 82616 83075=
43353 31496 22606 10308 20196 40102 70521 81530 333 56790 58004 81620=
43369 32597 30502 10320 20243 40107 83500 333 58002 83620=
43371 31996 19902 10336 20296 30027 40098 70500 80001 333 58002 81071=
44212 42984 20102 11186 21236 39194 40430 57007 80004==
44213 42984 00501 11192 21236 38833 40423 52001==
44214 42/70 22307 11084 21223 38308 40364 57011 82080==
44215 42970 12507 11079 21214 38435 40350 57007 80001==
44217 32998 00000 11156 21244 37882 40476 57004 333 91202=
44218 42/84 20104 11095 21184 38652 40378 55009 82030==
44219 32999 01006 11165 21223 38698 40466 57005 333 91206=
44265 42984 11102 11156 21209 38969 40497 57006 80001==
44266 32999 22806 11099 21259 37794 40388 58006 80008 333 91207=
48010 42957 03201 10295 20166 39931 40080 333 59001==
48020 42960 02301 10300 20098==
48025 41430 20901 10312 20146 39958 40095 58010 70511 82500==
48048 42958 01802 10346 20237 30034 40088 333 58007==
48052 32958 01801 10360 20177 333=
48062 42558 23205 10290 20248 30113 40120 82500 333 58005==
48064 42958 01403 10323 20215 30020 40076 333 58011==
48094 42960 03202 10325 20160 30075 40085 333 59018==
48109 42960 00401 10305 20225 30122 40125 333 58007==
51076 14/71 /1602 11124 21188 39505 40481 57004 60001 333 11123 21246 3/103 4/025 58087 70000 90761 91104==
51087 14/67 /2401 11118 21190 39350 40487 57007 60001 333 11106 21266 3/106 4/019 58083 70000 90761 91104==
51156 14/73 /1103 11077 21158 38782 40420 57005 60001 333 11062 21175 3/119 58065 70000 90761 91105==
51243 14/59 /0802 11099 21175 39845 40447 57006 60001 333 11095 21195 3/117 58059 70000 90761 91105==
51334 14/26 /2201 11111 21174 30001 40449 57008 60001 70500 333 11054 21215 3/112 4/012 58077 70000 90761 91103==
51379 14/80 /0903 11043 21162 39413 40440 57005 60001 333 11043 21232 3/107 4/022 58054 70000 90761 91105==
51463 14/41 /3002 11077 21133 39142 40412 57005 60001 70500 333 11046 21128 3/101 4/036 58045 70000 90761 91105==
51573 14/64 /2302 10055 21191 30330 40382 57011 60001 333 10065 21043 3/111 58172 70000 90761 91108==
51644 14/58 /1401 10027 21136 39053 40363 57015 60001 333 10044 21094 3/107 58149 70000 90761 91104==
51656 14/57 /2502 10007 21181 39272 40382 57012 60001 333 10038 21094 3/113 58147 70000 90761 91105==
51709 14/60 /1404 10048 21157 38695 40299 57014 60001 333 10126 21036 3/106 58148 70000 90761 91110==
51711 14/59 /0703 11022 21146 38073 40304 57010 60001 333 10118 21105 3/117 58131 70000 90761 91108==
51716 14050 00703 10054 21141 38999 40321 57012 60001 70600 333 10100 21040 3/109 58159 70000 90761 91108==
51765 14/57 /1003 10025 21201 39333 40375 57006 60001 333 10055 21104 3/114 58140 70000 90761 91109==
51811 14/60 /0503 10052 21148 38861 40307 57012 60001 333 10122 21037 3/111 58148 70000 90761 91105==
51818 14/60 /0403 10047 21183 38700 40292 57010 60001 333 10135 21034 3/108 58134 70000 90761 91106==
51886 14/80 /3008 11016 21330 37109 40227 52003 60001 333 10014 21082 3/113 58076 70000 90761 91121==
52203 14/74 /1302 11008 21216 39463 40398 57007 60001 333 10022 21105 3/114 58162 70000 90761 91109==
52602 14/80 /2807 11033 21296 37264 40258 52007 60001 333 10008 21133 3/115 58071 70000 90761 91116==
52818 14/80 /3204 11004 21176 37237 40238 52003 60001 333 10027 21087 3/114 58074 70000 90761 91111==
52908 14/65 /3012 11080 21325 35710 40220 57011 60001 333 11070 21208 3/123 58018 70000 90761 91120==
55228 14/80 /2506 11029 21284 35988 40156 57029 60001 333 11023 21160 3/122 59015 70000 90761 91112==
55299 14/80 /2203 11074 21125 35810 40183 57009 69951 72200 333 11005 21146 3/118 58013 70005 90761 91114==
55578 14/80 /2903 10077 21350 36308 49973 57038 60001 333 10096 21024 3/110 58003 70000 90761 91111==
55591 14/80 /0602 10069 21238 36453 49958 57031 60001 333 10110 20019 3/000 58018 70000 90761 91110==
55664 14/67 /2609 10048 21299 35951 40058 57033 60001 333 10054 21129 3/117 59012 70000 90761 91118==
55773 14/66 /1008 11022 21075 35968 40115 57012 60001 77000 333 10030 21126 3/115 59010 70000 90761 91114==
56004 14/80 /2904 11072 21269 35772 40221 57013 60001 333 11051 21225 3/127 58010 70000 90761 91113==
56018 14/77 /2702 11013 21280 36127 40117 57015 60001 333 10009 21142 3/118 58010 70000 90761 91108==
56312 14/80 /3403 10039 21021 37036 40100 57016 60001 72100 333 10095 21006 3/000 58004 70001 90761 91108==
62306 21560 63210 10148 20037 40238 52009 72120 86800 333 60017==
62309 42560 53507 10168 20075 40218 52008 83230==
62332 42560 52308 10144 20086 40204 52005 85800==
62337 42560 32706 10167 20084 40195 57002 83200==
62366 45560 32810 10149 20021 40206 52001 83200==
62387 42560 30111 10155 20063 40215 52005 83200==
62393 42960 00115 10142 20048 40224 52005==
62405 42960 03004 10181 20037 40180 52001==
62414 42960 03509 10176 20029 40169 57002==
62419 42960 00210 10189 20023 40161 57002==
62420 42960 03407 10153 20033 40223==
62435 42960 00210 10179 20024 40197 52008==
62440 42960 02805 10152 20083 40206 54000==
62455 42960 03205 10158 20049 40204 52001==
62458 42960 03210 10170 20031 40189 57007==
62459 42960 03017 10181 20063 40165 57006==
40420 42960 00303 10202 20040 39982 40190 90846 333 58000=
