SMPK OPKC 160600=
41504 02697 51802 10040 21072 37811 48464 60001 82530 333 56990 59027 60007 82640 83360 RH44%=
41505 22696 81304 10060 21010 38/// 48///to 60002 82520 333 56990 58/// 82360 61%=
41506 02696 81802 10050 20028 38517 48515 60011 76062 8452/ 333 5699/ 58010 60017 84640 85460 86%=
41507 02697 72304 10110 20047 39238 49762 60001 83520 333 56990 59010 60007 83640 84460 65%=
41508 02696 82302 10092 20009 38669 48537 60001 83520 333 56990 58020 60007 83635 85460 RH 57%=
41509 01696 70000 10100 20035 38756 48496 60011 75065 84520 333 56990 58002 60017 84635 86458 RH 64%=
41510 02696 80000 10025 20014 37902 48513 60001 84520 333 56990 59002 60007 84640 84460 92%=
41515 02697 80000 10060 21016 38541 48504 60001 8572/ 333 5699/ 59039 60007 82732 83650 85460 58%=
41516 02696 63102 10140 21028 38521 48480 60001 82510 333 56990 59012 60007 82640 86460 RH31%=
41517 01496 70000 10080 21085 37772 48488 60001 70422 84620 333 56990 59014 60007 81720 83635 87460 30%=
41518 02696 71802 10139 21071 38/// 48/// 60001 83520 333 56990 5//// 60007 83640 86461 22%=
41519 02697 80000 10120 21026 38753 48493 60001 8352/ 333 5699/ 59023 60007 836406 88460 36%=
41520 02596 71804 10050 21098 37603 48239 60001 85670 333 56990 59008 60007 82720 83640 86762 33%=
41523 02696 80000 10110 20022 39090 48504 60001 8452/ 333 5699/ 58018 60007 84640 84460 54%=
41524 01697 80000 10125 20054 39365 40239 60011 72162 8552/ 333 5699/ 59030 60017 85640 83460 62%=
41525 01090 80000 10010 21015 37667 48400 60041 72272 887// 333 48003 569// 58011 60027 88700 83%=
41528 02697 30000 10155 20056 39215 48507 60001 83500 333 56900 58014 60007 83640 52%=
41529 02996 00502 10195 20038 39766 40145 60001 333 58007 60007 RH 35%=
41530 01996 02704 10185 21005 39726 40185 60001 70500 333 58010 60007 27%=
41534 02997 00000 10200 20061 39729 40139 60001 333 58009 60007 RH 40%=
41535 02697 20000 10150 21049 38701 48474 60001 82500 333 56900 58017 60007 82640 RH25%=
41536 02597 73605 10140 20022 39028 48501 60001 83520 333 56990 59005 60007 83630 87460 45%=
41560 02997 00000 10065 21018 38330 48559 60001 333 58010 60007 RH55%=
41562 02997 50000 10185 20037 39666 40128 60001 85030 333 56090 59028 60007 85360 RH 37%=
41565 02696 51302 10117 21035 38652 48520 60001 82530 333 56990 59005 60007 82640 83360 35%=
41567 01696 60000 10180 20058 39696 40112 60001 70522 82530 333 56990 58002 60007 82640 84360 45%=
41571 01996 41304 10210 21004 39567 40142 60001 70511 80001 333 56009 58015 60007 RH24%=
41572 01696 40906 10210 20029 39504 40119 60001 70500 84010 333 56090 58011 60007 84460 RH30%=
41573 02697 61302 10120 20015 37965 48484 60001 83520 333 56990 58014 60007 83640 83460 47%=
41574 02697 21302 10140 20002 38343 48520 60001 81530 333 56990 59012 60007 81640 82360 39%=
41576 01996 30000 10180 20044 40157 60001 70500 83030 333 56090 58010 60007 83360 41%=
41577 01996 22302 10220 20015 39532 40137 60001 70510 82030 333 56090 58017 60007 82362 RH 26%=
41593 01996 40000 10225 20108 39920 40132 60001 70522 84070 333 56090 58012 60007 84460 48%=
41597 02997 40000 10185 20078 40155 60001 84030 333 56090 58006 60007 84362 50%=
41598 01996 30000 10190 20072 39867 40138 60001 70500 83030 333 56090 58009 60007 83362 46%=
41599 01696 51304 10195 20114 39857 40146 60001 70412 82470 333 56990 58010 60007 82640 83460 59%=
41600 01696 53102 10195 20081 39849 40142 60001 70411 82570 333 56990 58002 60007 82640 83462 51%=
41620 32696 42702 10150 21019 38577 48482 60001 84500 333 56900 59008 60007 84640 30%=
41624 01995 31302 10210 20142 39930 40129 60001 70400 333 58007 60007 65%=
41625 01696 51302 10190 20138 39923 40122 60001 70411 82530 333 56990 58006 60007 82640 84360 72%=
41630 01996 31302 10235 20111 40142 60001 70512 83030 333 56090 58012 60007 83360 45%=
41633 02696 60000 10215 20117 3//// 4//// 60001 70410 83520 333 56090 5//// 60007 83640 83461 54%=
41634 02697 30000 10185 20060 3//// 4//// 60001 83500 333 56900 5//// 60007 83640 44%=
41635 01996 40000 10205 20126 3//// 4//// 60001 70400 84030 333 56090 5//// 60007 84360 60%=
41636 01996 60000 10225 20108 39965 40148 60001 70522 86070 333 56090 59008 60007 86462 48%=
41638 01996 31802 10220 20113 4//// 60001 70411 83030 333 56090 5//// 60007 83360 51%=
41639 01696 53102 10170 20057 3//// 4//// 60001 70520 82530 333 56990 5//// 60007 82640 83460 47%=
41640 01695 61802 10220 20090 39892 40139 60001 70522 82570 333 56990 58011 60007 82640 84460 43%=
41641 01696 63003 10220 20102 39869 40140 60001 70510 83470 333 56990 58010 60007 83640 84460 47% =
41642 01996 33102 10205 20116 3//// 4//// 60001 70400 83070 333 56090 5//// 60007 83461 56%=
41643 01696 53102 10185 20123 39865 40141 60001 70421 82470 333 56990 59012 60007 82640 83460 67%=
41644 01696 50000 10190 20108 3//// 4//// 60001 70400 82520 333 56990 5//// 60007 82640 83460 59%=
41646 01995 50000 10220 20134 39938 40151 60001 70402 85070 333 56090 58008 60007 85460 58%=
41652 01996 72304 10195 20079 39964 40142 60001 70500 83520 333 56990 58008 60007 83640 85460 47%=
41660 02697 73120 10100 20027 38441 48531 60001 84530 333 56990 59004 60007 84650 86358 RH 60%=
41661 02697 63102 10125 20022 38389 48516 60001 83520 333 56990 59007 60007 83635 83460 49%=
41669 02997 51302 10200 20120 3//// 4//// 60001 85030 333 56090 5//// 60007 85362 60%=
41670 01996 60000 10190 20108 3//// 4//// 60001 70400 81530 333 5//// 56990 60007 81640 85360 59%=
41674 01995 61804 10190 20118 3//// 4//// 60001 70421 86070 333 56090 5//// 60007 86460 63%=
41675 01995 62306 10210 20100 39992 40135 60001 70522 86070 333 56090 58008 60007 86460 49%=
41676 01995 42304 10210 20122 39993 40148 60001 70400 84020 333 56090 58006 60007 84460 57%=
41677 01996 40000 10190 20118 39958 40125 60001 70400 84030 333 56090 58011 60007 84362 63%=
41678 01996 20000 10215 20095 40134 60001 70500 82030 333 56090 59006 60007 82460 46%=
41679 01996 30000 10205 20126 4//// 60001 70411 83030 333 56090 5//// 60007 83360 60%=
41680 01995 50000 10220 20134 39935 40132 60001 70400 85010 333 56090 59004 60007 85460 58%=
41685 02697 60000 10195 20019 38907 48498 60001 83520 333 56990 58008 60007 83635 83460 RH31%=
41696 02697 52302 10135 20023 38017 48528 60001 82520 333 56990 58007 60007 82640 83460 RH47%=
41697 02997 00000 10240 20094 40134 60001 333 58018 60007 RH39%=
41700 01695 61302 10220 20102 40124 60001 70520 82530 333 56990 58013 60007 82640 84360 47%=
41701 01995 41308 10220 20113 30007 40148 60001 70400 84030 333 56090 58020 60007 84360 51%=
41710 12997 23104 10215 20038 39352 40111 60001 80001 333 56009 59010 82070 RH31%=
41712 12997 11304 10205 20036 39197 48523 60001 80008 333 56009 59009 81270 RH33%=
41715 01696 50502 10215 20117 30059 40124 60001 70500 82530 333 56990 58003 60007 82635 83360 RH54%=
41716 01995 50000 10210 20088 30037 40140 60001 70500 85030 333 56090 58012 60007 85360 45%=
41718 01995 60000 10210 20122 30022 40125 60001 70420 86030 333 56090 58010 60007 86362 57%=
41724 01995 50904 10220 20124 30064 40143 60001 70522 85030 333 56090 58007 60007 85360 RH54%=
41725 01996 50504 10215 20117 30041 40119 60001 70500 85030 333 56090 58008 85360 RH54%=
41726 01695 30000 10220 20113 30052 40123 60001 70500 83500 333 56900 59020 60007 83640 RH51%=
41738 02996 21304 10245 20113 39964 40141 60001 82030 333 56090 59013 60007 82360 RH43%=
41739 02996 40000 10210 20029 39047 48513 60001 84030 333 56090 59011 60007 84360 RH30%=
41742 12997 03102 10260 20191 40127 60001 84030 333 56090 59006 84360 RH66%=
41743 01996 03102 10230 20136 60001 70400 333 60007 RH 56%=
41744 12996 10000 10200 20012 38784 48513 60001 81020 333 56090 59014 81460 RH 28%=
41745 01696 73102 10215 20166 60001 70400 83530 333 56990 60007 83635 84360 RH 74%=
41746 01996 40000 10230 20104 30072 40125 60001 70500 84030 333 56090 59012 60007 84360 RH45%=
41747 01995 63104 10230 20126 40107 60001 70400 83630 333 56990 59003 60007 83640 83360 RH52%=
41748 02696 60504 10245 20145 40136 60001 83530 333 56090 59005 60007 83635 83360 RH54%=
41749 01695 73108 10220 20154 30092 40125 60001 70400 82530 333 56990 59003 60007 83635 84360 RH66%=
41749 01695 73108 10220 20154 30092 40125 60001 70400 83530 333 56990 59003 60007 83635 85360 RH66%COR= 
41756 01996 43106 10252 20202 30077 40142 60001 70500 80001 333 56009 59007 60007 84070 RH72%=
41757 12996 42304 10260 20191 30129 40141 60001 84030 333 56090 59010 60007 84360 RH66%=
41759 02996 32304 10280 20104 30130 40136 60001 83030 333 56090 59006 60007 83360 RH33%=
41760 01996 22310 10260 20182 30130 40143 60001 70500 82040 333 56090 58004 60007 82360 RH 62%=
41764 01696 50000 10260 20182 30074 40123 60001 70400 83510 333 56990 59001 60007 83635 84360 RH62%=
41765 02696 50000 10260 20173 30096 40131 83530 333 56990 59008 60007 83635 82360 RH59%=
41766 21995 42302 10250 20141 40132 84500 333 56090 58006 60007 70000 84630 RH51%=
41767 01995 32702 10255 20202 3//// 4//// 60001 70400 83030 333 56090 60007 83360 RH72%=
41768 02996 01806 10245 20207 30128 40135 60001 333 58011 60007 RH79%=
41780 01996 02702 10270 20193 30106 40133 60001 70400 333 59005 60007 RH63%=
41783 02996 32704 10265 20188 30091 40120 60001 83030 333 56090 59015 60007 83360 RH 63%=
41785 02996 02302 10265 20213 30114 40127 60001 333 59007 60007 RH 73%=
41786 02996 02306 10250 20151 30081 40118 60001 333 59001 60007 RH54%=
41BAG 02697 40052 10035 21081 60001 84500 333 56900 60007 84640 42%=
41BKI 02996 00504 10190 20013 39725 40141 60001 333 58009 60007 31%=
41SKP 01996 40000 10200 20140 3//// 4//// 60001 70400 84030 333 56090 5//// 60007 84360 68%=
43532 02697 50000 10155 20030 39332 40135 60001 82520 333 56900 58015 60007 82640 83460 43%=
43533 02997 31304 10150 20007 39213 48487 60001 83030 333 56090 59007 60007 83360 38%=
43536 31595 73601 10120 21030 38412 48498 70521 83501 333 58010 RH 46%=
43563 02997 40000 10156 20043 39451 40144 60001 84030 333 56090 58016 60007 84360 47%=

==================
41526 Not Received
41533 Not Received
41564 Not Received
41568 Not Received
41592 Not Received
41594 Not Received
41672 Not Received
41781 Not Received
==================

UPPK OPKC 160600=
PPAA 6606/ 41506 MISDA DUE TO TECHNICAL FAULT%=
PPAA 6606/ 41517 MISDA DUE TO AIRMOVEMENT=
PPAA 6606/ 41715 NO ASCENT DUE TO BALLOONS OUT OF STOCK=
PPAA 6606/ 41739 no acent due to security risk=
PPAA 6606/ 41764 NO ASCENT DUE TO PAF FLYING AT BULBRI AIR BASE=
PPAA 6606/ 41675 MISDA DUE TO TECHNICAL ISSUE=
PPAA 6606/ 41624 MISDA DUE TO TECHNICAL PROBLEM=
PPAA 6606/ 41640 MISDA DUE TO TECHNICAL PROBLEM=
PPAA 6606/ 41678 MISDA DUE TO TECHNICAL PROBLEM=
PPAA 6606/ 41718 MISDA DUE TO TECHNICAL PROBLEM=
PPAA 66051 41780 MISDA NO ASCENT DUE TO RED BALLOON SHORTAGE=
PPAA 6606/ 41646 MISDA DUE TO TECHNICAL FAULT=
PPAA 6606/ 41600 MISDA DUE TO TECHNICAL FAULT=
PPAA 6606/ 41598 MISDA DUE TO TECHNICAL FAULT=

Data Generated from File : D:/all data handling/Rmc_lhr/2025021606.FSU.txt
16/02/2025 07:01:21
____________________________________________________________________________________________
15020 04570 82901 11035 21078 30015 40223 52007 60002 8557/ 333 11031 21040 3/104 42998 55300 20003 60007 91002 90760 91102==
15090 04470 80000 11054 21087 30131 40230 53002 60002 8557/ 333 11036 21082 3/112 48002 55300 10070 20003 30003 60007 91001 90760 91101==
15108 01/00 92806 11155 21171 37998 48436 53009 60012 74974 89/// 333 11126 21155 49086 55300 20003 69937 70010 91007 90760 91110==
15150 04570 81501 11035 21071 30001 40226 55001 60002 8357/ 333 11023 21036 3/104 42998 55300 20004 60007 91002 90760 91102==
15170 04570 62503 11057 21109 39389 42779 53006 60002 85301 333 11031 21077 3/105 43003 55300 20005 60007 70019 91005 90760 91106==
15280 01/84 22808 11137 21154 37402 47928 55000 60002 73643 81031 333 11086 21137 49083 55300 20007 60007 70033 91013 90760 91114==
15310 04570 81401 11026 21101 30136 40226 54001 60002 8457/ 333 11015 21028 30103 55300 10040 20004 30004 60007 70000 91002 90760 91102==
15335 41470 81901 11030 21088 30223 40231 52003 77122 8672/ 333 11011 21031 34103 55300 20007 91002 90760 91102==
15350 01/70 80701 11028 21093 30104 40231 55000 69902 7227/ 8802/ 333 11015 21029 34102 55300 20004 69907 91001 90760 91102==
15360 04/70 63504 11028 21087 30209 40227 52002 60002 86070 333 11014 21029 60007 70000 91005 90760 91105==
15420 01/57 80601 11034 21051 30104 40222 54001 69932 7717/ 8802/ 333 11025 21035 3/104 43001 55300 20002 69937 70004 91003 90760 91103==
15460 07/20 80703 11036 21046 30199 40226 52004 60022 7717/ 8802/ 333 11023 21036 3/104 47002 55300 20005 60017 70016 91005 90760 91105==
15470 01458 80504 11034 21047 30082 40215 54000 69952 77172 8672/ 333 11018 21034 3/103 47001 55300 20002 69917 70013 91006 90760 91106==
15480 17459 80503 11016 21060 30206 40224 52004 60022 7717/ 8672/ 333 11012 21024 34102 4/001 55300 10080 20004 30002 70020 91006 90760 91106==
15549 11/04 91602 11027 21030 39772 40206 53002 69972 74742 333 11026 21037 47001 70008 555 3/105 598//=
15552 11430 83602 10000 21018 30152 40203 57004 60012 77176 8802/ 222// 00057 10302 333 10005 21004 46002 55042 70013 555 3/101 40740 58801 69999 70642 92034 92435=
15640 11559 80000 10017 20009 39879 40200 53001 60042 71072 886// 333 10034 20006 41998 55069 70038 555 3/000 594// 70666=
15655 11565 80504 10020 20007 30159 40193 57005 69922 70262 885// 222// 00063 10301 333 10035 20017 70002 555 31/// 40000 59100 69599 70600 92034 92437=
15730 11530 80000 10019 20011 39779 40185 56001 60012 76165 8567/ 333 10100 20017 55084 70011 555 31/// 59501 69999 70645=
16627 11460 80310 10064 20046 30158 40163 56004 60012 70362 8667/ 333 20064 31/// 55062 70010 83710 85625 88358 90730 91115==
16650 12360 50911 10108 20100 30135 40145 56001 60062 85600 333 20090 31/// 55055 70064 81708 84618 90730 91117==
16667 11560 72204 10098 20082 30155 40166 51002 69952 70262 85850 333 20090 31/// 55016 70005 82820 84625 86358 90730 91107==
16706 11560 61903 10102 20094 30143 40148 52003 60072 70191 85850 333 20078 32/// 55052 70087 81820 85635==
16723 41560 69905 10114 20086 30154 40167 52007 75352 83230 333 20084 31/// 55000 83830 85360 90730 91107==
16742 12460 41405 10116 20084 30005 40160 53002 60002 84800 333 20110 30/// 70000 81816 84620 90730 91111==
16749 12460 29903 10108 20088 30147 40162 53005 60002 82100 333 20094 30/// 55001 70000 90730 91106==
16754 12560 11715 10132 20089 30097 40146 57002 60002 81150 333 20104 30/// 55034 70000 90730 91122==
16757 12460 32010 10122 20103 30017 40151 57002 60002 83800 333 20098 30/// 55063 70000 82818 83630 90730 91116==
16760 12560 11806 10102 20057 40157 54000 60002 81230 333 20097 30/// 55033 70000 90730 91114==
16765 12560 11304 10140 20091 40165 52005 60002 81100 333 20139 30/// 70000 90730 91107==
17022 11563 80305 10054 20054 30019 40187 53005 60102 76066 8552/ 333 20053 32004 55000 20348 70133 85629 88458 90760 91113==
17024 11440 71903 10048 20048 30109 40188 53005 60052 76066 85520 333 20048 32003 55012 70076 83718 85632 87559 90760 91107==
17026 11570 73004 10061 20047 30154 40193 53006 60012 72162 85570 333 20059 32003 55053 20971 70011 85628 87459 90760 91114==
17031 11356 73605 10085 20071 30180 40186 53006 60002 71022 85130 333 20078 30006 84707 85830 87360 90760 91110==
17034 11670 70000 10096 20072 30148 40194 53006 69922 70282 83250 333 20085 32007 55000 70002 83835 87360 90760 91107==
17038 12/70 52805 10097 20005 30135 40183 52008 60002 85030 333 20090 30/// 85359 90760 91120==
17042 12670 71207 10114 21038 30153 40193 52007 60002 84250 333 20097 30006 55000 84835 87360 90760 91122==
17050 11560 80104 10031 20015 30126 40190 55000 60022 76022 8552/ 333 20031 32001 55044 70018 85630 88458 90760 91108==
17056 11565 70505 10069 20050 30177 40181 53002 60042 78082 84270 333 20068 32006 55003 20473 70097 84829 87358 90760 91111==
17060 11460 70510 10073 20057 30138 40179 55000 60022 72588 87200 333 20070 32006 55000 70064 84717 86830 90760 91116==
17070 11665 79901 10035 20027 39295 40173 53005 69912 70262 84520 333 20553 32000 70007 84634 87460 90760 91104==
17074 12560 70000 10039 20032 39228 40169 53005 60002 85550 333 20031 31000 55032 20938 85630 87360 90760 91104==
17084 11670 80000 10016 20010 39271 40193 53002 69902 72162 8552/ 333 20005 32103 55047 25066 85635 88460 90760 91104==
17085 12670 62002 10051 20005 39691 40188 53005 60002 84550 333 20049 30004 55068 84640 86360 90760 91106==
17092 12970 30000 11066 21089 38892 48509 53003 60002 80001 333 21089 3/110 45002 55065 21758 83067 90760 91109==
17096 11102 92701 11176 21181 38242 48526 53001 60002 74942 333 21210 3/120 43015 55093 20674 90760 91104==
17098 12960 02802 11142 21160 38197 48520 53006 60002 333 21192 30120 90760 91106==
17100 11950 00000 11021 21052 39235 40274 52006 60002 71000 333 21051 30106 55022 20846 90760 91103==
17112 11445 70304 10083 20083 30156 40158 51001 60162 78088 87230 333 20082 32008 55000 20582 70165 82710 84835 87358 90760 91111==
17115 12460 70505 10081 20081 30124 40176 53001 60002 84250 333 20079 32007 55015 20523 70010 82710 84830 87360 90760 91114==
17116 11530 70000 10085 20085 30054 40176 53002 69912 71082 84250 333 20074 32007 55003 20649 70030 84830 86360 90760 91105==
17124 12660 20000 11012 21015 39258 40197 52005 60002 82500 333 20578 34104 82640 90760 91105==
17128 11656 50000 10009 21008 39072 40190 53005 60002 71022 83130 333 21009 34104 55009 20281 83840 85360 90760 91105==
17135 12/70 40802 10024 21015 39297 40187 52005 60002 84030 333 20019 30101 55021 23266 84360 90760 91105==
17140 12665 70601 10006 21029 38690 48475 52004 60002 84550 333 21014 3/102 47006 84638 87358 90760 91103==
17150 11602 50000 10048 20048 30047 40173 53006 60002 74122 83250 333 20022 31002 55048 20976 83835 85360 90760 91104==
17160 12670 60000 10004 21042 39015 48478 52006 60002 82501 333 21018 3/105 45001 55053 21231 82640 86070 90760 91102==
17170 12660 30302 11016 21085 38337 48512 53001 60002 81501 333 21084 34/// 81640 83068 90760 91106==
17175 11662 71202 10095 20091 30148 40152 50004 60052 78022 84270 333 20075 32004 55014 20716 70193 84835 87360 90760 91107==
17184 12960 01101 10030 20025 30058 40171 52004 60002 333 20020 30002 55057 21243 90760 91102==
17190 12670 73501 10022 21005 38979 48478 52004 60002 87200 333 20006 30102 55013 87835 90760 91102==
17195 12670 40604 11058 21083 38975 48481 52007 60002 81501 333 21076 3/110 47006 55071 21277 81640 84068 90760 91108==
17200 12960 52104 11033 21053 39224 40256 53005 60002 80001 333 21076 34/// 85070 90760 91107==
17202 12670 52203 11027 21035 39165 40250 52004 60002 81541 333 21069 34/// 81635 83360 85070 90760 91106==
17203 12/70 30000 11032 21107 38897 48538 58001 60002 83030 333 21072 3/108 47006 55084 21549 83360 90760 91104==
17210 11670 60000 10026 21061 39149 40206 56002 69912 70262 83130 333 21005 32102 55072 70001 83840 86360==
17219 11226 41702 10044 20037 30028 40175 53006 60002 71011 82630 333 20019 30001 55049 21076 82705 83360 90760 91105==
17234 12/70 10000 10072 20071 30108 40177 52004 60002 81040 333 20066 30003 55068 21202 81360 90760 91103==
17237 12670 50000 10061 20007 39696 40208 53004 60002 82230 333 20052 30001 55020 82840 85360 90760 91102==
17240 12970 00000 10012 21008 39031 40193 53007 60002 333 21002 34106 55068 21340 90760 91103==
17244 12/70 22202 10002 21051 38987 48480 53006 60002 82030 333 21038 34/// 82362 90760 91104==
17248 12/70 40801 11005 21045 38971 48473 52009 60002 84050 333 21038 3/107 47005 55000 84360 90760 91103==
17250 12670 30405 11010 21065 38793 48481 52005 60002 83500 333 21035 3/104 45003 55074 21516 83640 90760 91112==
17260 12660 50202 10045 20009 39341 40174 53006 60002 81101 333 20010 30000 81840 85068 90760 91108==
17270 12670 32602 10053 21025 39545 40203 53003 60002 81230 333 20033 31000 81840 83360 90760 91105==
17275 12670 50214 10030 21056 38983 48496 55002 60002 81542 333 20009 30001 55096 81640 83360 85068 90760 91119==
17280 12660 53002 10023 21039 39407 40221 52004 60002 81531 333 21046 30107 55078 21373 81640 83360 85070 90760 91107==
17290 12970 00801 10123 20082 30136 40168 53002 60002 333 20117 30005 55013 90760 91104==
17292 11902 00000 10009 21001 39410 40181 53002 60002 74600 333 20003 34101 55000 20385 70004==
17300 12960 03606 10071 20035 30110 40182 53008 60002 333 20051 30006 90760 91110==
17310 12970 00803 10113 20050 30153 40160 52012 60002 333 20105 30004 55000 90760 91105==
17330 12970 33002 10095 20005 30160 40178 52012 60002 80001 333 20084 30006 83070 90760 91108==
17350 12960 03606 10110 20009 30084 40163 53007 60002 333 20070 30///==
17370 12/70 30000 10146 20024 30164 40168 53008 60002 83030 333 20112 30007 55094 83360==
17375 12670 13601 10102 20028 30169 40171 53010 60002 81200 333 20083 30003 55029 21168 81835 90760 91104==
33088 12597 80000 11070 21084 30008 40210 52013 69932 885// 333 21112 47005 555 17107=
33135 11696 22901 11138 21148 30034 40194 53011 69952 71081 82030 333 21139 47006 555 17117=
33177 32597 62602 11057 21068 39969 40218 53008 86900 333 21058 47002 555 17107=
33317 11597 72702 11070 21075 39854 40209 53008 60012 70282 83930 333 21104 47004 555 17107=
33393 11960 00000 11108 21117 39816 40236 53004 69922 70281 333 21115 47997=
33415 11497 80000 11053 21070 39801 40218 53006 69952 70282 886// 333 21061 47002 88712 555 17103=
33429 11497 53004 11072 21088 39771 40216 53007 69962 70282 83501 333 21079 47004 555 17107=
33466 12598 72302 11077 21132 39994 40192 53001 69902 87300 333 21092 47002 555 1/106=
33506 11597 52402 11086 21105 39976 40184 53007 69902 70282 85500 333 21091 47003 555 17109=
33562 11560 73602 11078 21104 39898 40220 53006 69902 78581 84930 333 21080 47001 555 17107=
33587 32997 23101 11104 21132 39931 40213 53005 80001 333 21110 47003 555 17113=
33658 11573 83003 11038 21074 39912 40225 52008 69902 78582 8435/ 333 21041 84920 555 14103=
33663 32597 62701 11062 21077 30117 40218 53005 84530 333 21062 555 14104=
33664 32598 62801 11051 21078 39887 40219 53007 86500 333 21069 41998 555 80014=
33678 32898 62802 11085 21125 30008 40232 52001 86030 333 21100 42997 555 80011=
33679 32997 62801 11097 21128 30022 40226 58016 82031 333 21104 43002=
33711 32960 32902 11099 21120 39981 40205 53008 83030 333 21102 47008 555 17111=
33745 32597 60000 11053 21070 30036 40240 53006 84430 333 21073 42997 555 80015=
33748 32597 81901 11054 21100 39925 40224 53006 885// 333 21068 46002 555 80012=
33754 32998 21101 11121 21141 30061 40219 54000 82030 333 21122 47001=
33761 32970 63401 11100 21120 39984 40222 53009 80004 333 21113 43005 555 13114=
33791 32982 72502 11091 21111 30076 40212 53007 85031 333 21102 43005 555 13106=
33815 32598 82701 11056 21101 30000 40219 57002 885// 333 21068 45001=
33837 32983 62701 11056 21106 30167 40222 53006 82034 333 21074 46001 555 16104=
33881 32598 70000 11042 21094 30022 40228 53006 87500 333 21060 41997 555 80009=
33883 32598 71801 11048 21084 30054 40223 52004 87300 333 21075 42001 555 80014=
33885 32597 81901 11033 21082 30091 40239 53005 885// 333 21037 555 80011=
33892 32998 60000 11070 21107 30000 40225 52005 86030 333 21111 47002 555 80021=
33902 32897 62702 11088 21103 30160 40224 53009 82044 333 21100 43002 555 13107=
33924 12570 30104 11038 21079 30210 40223 53010 60002 82519 333 21041==
33946 12480 83601 11057 21080 39989 40222 52008 60002 886// 333 21061 42001 88716==
33983 11560 83504 11042 21097 30138 40201 53013 69902 70882 8655/ 333 21046==
34300 32597 72601 11088 21107 39986 40173 53006 84530 333 21101 47009 555 17109=
34336 41460 82502 11099 21119 30048 40158 51008 72272 8367/ 333 21126==
34344 42970 23101 11096 21101 30062 40154 50009 80001 333 21110==
34356 42960 60000 11109 21130 39996 40152 52018 80006 333 21123==
34357 42570 62502 11090 21113 39985 40147 50013 83531 333 21096==
34398 11970 63405 11085 21109 30091 40104 53043 69982 70173 80005 333 21049==
34415 11564 63602 11104 21124 30074 40177 51003 69902 78581 86900 333 21116 47005 555 17108=
34438 42/60 82401 11091 21102 39966 40168 53006 85079 333 21097==
34445 42/70 62504 11086 21104 30038 40158 51010 83071 333 21105==
34461 42960 62702 11069 21108 30094 40152 51016 80006 333 21088==
34473 12997 32904 11094 21119 30094 40135 52034 60020 80003 333 21088=
34476 41970 62708 11075 21097 30128 40136 52028 70271 80004 333 21078 91011 90760 91111==
34504 32963 62803 11102 21125 30014 40200 52008 86030 333 21102 47005=
34535 41570 62803 11068 21097 30097 40172 53005 70282 81901 333 21068==
34545 41570 82703 11063 21095 30049 40165 50009 78582 82335 333 21069==
34555 41440 82804 11060 21098 30077 40172 53017 77172 8872/ 333 21060==
34560 41940 63005 11076 21100 39958 40157 52021 71022 80001 333 21101 90760 91110==
34578 41540 82903 11051 21076 30148 40155 52028 71062 885// 333 21053==
34579 41570 32704 11053 21090 30105 40149 52024 70171 83500 333 21067 90760 91112==
34644 41560 83301 11049 21073 30093 40173 53016 77172 8657/ 333 21054==
34646 41540 83102 11053 21087 30087 40173 52016 78582 8695/ 333 21058==
34655 42560 62704 11044 21082 30109 40172 52021 86500 333 21044==
34662 42/70 72902 11050 21089 30152 40164 52022 80070 333 21064==
34691 12/70 81806 11031 21044 30356 40343 53036 60002 8802/ 333 21035==
34720 41960 23102 11056 21079 30147 40188 53014 72271 80005 333 21056==
34727 42460 83204 11050 21087 30165 40197 51007 883// 333 21050==
34743 42/60 73102 11031 21057 30083 40175 52017 87030 333 21047==
34759 42460 83004 11026 21059 30040 40175 52021 885// 333 21028==
34772 41570 43006 11050 21086 30162 40165 52028 70261 82501 333 21051 90760 91111==
34785 41570 82705 11009 21045 30176 40153 53029 70362 885//==
34798 11560 82105 10034 20029 30301 40271 53014 60002 72162 885// 333 21035==
34824 41560 83602 11040 21078 30196 40201 52013 78582 883// 333 21040==
34838 42/60 82901 11045 21079 30092 40193 52017 8807/ 333 21049==
34845 41570 83002 11025 21053 30068 40179 52016 70282 885// 333 21025==
34858 41540 80000 11018 21058 30064 40175 52017 71072 885// 333 21018==
34861 41440 83505 11027 21036 39920 40169 52022 71082 889// 333 21027 90760 91110==
34866 41540 83404 11009 21047 30176 40167 52023 78582 8595/ 333 21009==
34880 41420 82903 10001 21004 30182 40155 52021 77176 8872/==
34887 41540 83204 10010 20003 30184 40161 52021 71082 885//==
34949 41540 72802 11018 21033 39617 40176 52009 77072 85530 333 21024==
34954 41460 83101 11013 21017 30000 40178 52014 78582 889// 333 21013==
34958 42570 83201 10003 21023 39970 40173 51014 885//==
34975 42470 83603 10014 21002 30167 40163 51023 885// 333 88619==
34984 41560 62502 10030 20024 30192 40161 52017 70141 82502==
35217 11/02 91913 11030 21037 30048 40089 57014 60002 73873 89/// 333 21056 90760 91118==
35302 11/60 82407 11002 21017 30056 40077 53005 60022 77173 8802/ 333 21055 90760 91119==
35315 11497 81709 11020 21029 30055 40112 57026 69950 77222 8802/ 333 21046=
35344 31598 81805 11065 21081 39919 40215 53001 72272 885// 333 21154=
35358 12/60 62001 11135 21170 30073 40253 53006 60002 86040 333 21151==
35368 32999 30000 11084 21116 39995 40272 52017 83040 333 21082=
35386 11597 82101 11094 21114 39740 40282 52014 69900 78582 889// 333 21168=
35394 11560 80000 11058 21088 39576 40270 52014 69902 77072 8452/ 333 21143==
35404 11598 81906 11004 21016 30086 40094 53011 69900 72272 885// 333 21050=
35406 11/60 81806 11011 21021 30105 40107 57011 60002 77172 8802/ 333 21039==
35416 12570 81805 11021 21084 30026 40148 57010 60002 885// 333 21065==
35426 12584 81605 11029 21070 39889 40184 54000 69902 885// 333 21070==
35437 11598 82007 11033 21057 39888 40206 54000 69930 70272 885// 333 21067=
35449 32998 71603 11121 21143 30152 40261 53011 87050 333 21182=
35497 12570 20000 11051 21083 39742 40581 52016 69962 82500 333 21085==
35498 11698 80000 11058 21087 39370 40267 52015 60010 70272 885// 333 21097=
35514 32598 81608 10001 21014 30368 40364 57009 885// 333 21038=
35522 32698 81902 11029 21063 39921 40176 53002 885// 333 21067=
35542 32598 81805 11086 21101 30099 40252 52008 885// 333 21153=
35563 31596 61602 11066 21082 39476 40266 52014 71022 86500 333 21128=
35576 12/70 71101 11075 21109 39815 40279 52011 60002 87070 333 21126==
35582 11597 80000 11058 21096 39660 40275 52015 69930 77172 8872/ 333 21089=
35594 11997 80000 11051 21075 39414 40268 52013 69900 77177 8802/ 333 21103=
35605 32598 81804 10022 20003 30155 40133 57004 885// 333 21050=
35633 31596 81805 11038 21056 30017 40235 53009 71022 885// 333 21088=
35671 11540 71901 11104 21121 39839 40289 52015 60002 71071 87500 333 21168==
35699 12560 80000 11047 21085 39499 40268 52019 69952 885// 333 21153==
35700 11510 82204 10011 20011 30176 40152 53002 69902 71022 885// 333 21036==
35715 32599 72005 10019 21021 30194 40179 53004 87500 333 21032=
35739 32699 81806 11016 21073 30100 40241 53014 885// 333 21045=
35746 11540 81505 11045 21068 30199 40268 52010 60002 77072 885// 333 21094==
35777 32997 00000 11098 21134 39931 40292 52011 333 21149=
35796 12/60 80602 11081 21108 39832 40283 52018 69902 83017 333 21083==
35849 12970 31402 11020 21115 30188 40275 52010 60002 80001 333 21083==
35895 32598 83301 11055 21073 39827 40283 52012 885// 333 21083=
35907 32998 51503 10030 20006 30185 40155 53007 80001 333 21031=
35925 12/70 61809 11004 21016 30112 40224 53009 60002 8802/ 333 21020==
35927 32598 71809 10005 21045 30208 52009 87500 333 21008=
35953 12584 80000 11026 21070 30147 40280 52013 60002 885// 333 21039==
35969 12/84 30000 11122 21174 30108 40292 52008 60002 83070 333 21174==
35997 31696 83601 11036 21061 39833 40277 52019 71022 885// 333 21042=
36259 42984 02601 11236 21266 38251 48542 57002==
36335 12999 20000 11072 21117 39233 40280 52020 60010 80001 333 21152=
36358 11999 00000 11098 21133 39226 40275 52023 60030 70171 333 21109=
36394 32697 71805 11061 21114 39831 40263 52014 87500 333 21170=
36397 12684 71606 11066 21126 39686 40261 52014 60002 84501 333 21105==
36403 31995 81401 11070 21117 39896 40266 52015 71022 8807/ 333 21151=
36418 32999 80903 11095 21125 39645 40281 52009 8805/ 333 21181=
36421 32999 80000 11145 21186 39703 40299 53013 8801/ 333 21279=
36428 12784 72101 11130 21154 39770 40296 53014 60002 85550 333 21252==
36439 31698 82601 11055 21130 38961 48478 53005 70332 8495/ 333 21107=
36498 32998 21701 11126 21147 39468 40296 52020 80001 333 21170=
36501 31999 70000 11061 21083 39483 40248 52014 70172 87030 333 21121=
36535 12684 70000 11080 21130 39633 40283 52015 60002 85530 333 21258==
36546 32999 70000 11110 21146 39722 40283 52005 86075 333 21240=
36619 32999 81402 11084 21121 8805/ 333 21161=
36622 31598 82103 11096 21121 39452 40282 52010 70281 8597/ 333 21145=
36639 12/84 80501 11065 21119 39668 40288 52011 60002 8807/ 333 21178==
36643 32996 23202 11108 21131 39594 40282 52012 80003 333 21215=
36665 32996 82702 11126 21164 39519 40277 53016 8807/ 333 21174=
36666 32498 70000 11143 21156 39770 40290 52008 86670 333 21248=
36729 32598 71002 11049 21085 39798 40290 52011 87500 333 21117=
36736 32999 82002 11049 21106 39726 40291 52004 8807/ 333 21143=
36744 32998 80000 11028 21051 39815 40271 52022 8802/ 333 21118=
36770 32999 83602 11030 21043 39539 40274 52015 80002 333 21117=
36786 31598 82001 11058 21072 39340 40278 52013 70242 886// 333 21097=
36796 32998 00000 11120 21171 39040 48481 51002 333 21181=
36803 32999 62603 11074 21099 39832 40296 52010 82035 333 21128=
36806 32999 61404 11082 21176 39799 40283 52011 80002 333 21155=
36819 31597 80000 11014 21034 39647 40265 52023 71022 8152/ 333 21075=
36821 12/84 80000 11016 21041 39776 40271 52016 60002 8807/ 333 21083==
36839 32999 81701 11033 21102 39118 40261 52003 82049 333 21121=
36843 32998 50802 11014 21070 39075 40256 52018 80005 333 21090=
36846 32999 30602 11069 21108 38612 48498 52010 80005 333 21140=
36859 12/84 71402 10024 21048 39510 40290 52008 60002 82045 333 21050==
36870 12/60 80401 10003 21045 39237 40253 52016 60002 8805/ 333 21043==
36874 31597 80901 11026 21069 39465 40252 52012 70242 889// 333 21105=
36877 32999 83302 11013 21031 8807/ 333 21080=
36885 31596 80204 11014 21030 39118 40256 52011 71011 886// 333 21037=
36889 32999 81801 11100 21171 37001 47013 52010 8802/ 333 21146=
36894 31995 70000 10021 21021 39512 40249 52012 71011 85032 333 21042=
36905 32999 73601 11023 21066 38746 48506 52008 84032 333 21049=
36911 42996 80901 11014 21023 39269 40258 53012 8807/ 333 21041=
36927 41699 72706 10002 21082 38318 48487 52008 71522 87900 333 21035=
36934 42597 81401 10019 21042 38231 48361 54000 87902 333 21010=
36953 32699 71201 11062 21109 38179 48508 58003 84943 333 21154=
36963 41798 71805 11079 21125 36975 48/// 51001 70272 84501 333 21134=
36974 42798 71101 11036 21088 37965 48509 52011 86502 333 21078=
36982 42998 70000 11090 21185 36463 47017 54000 81037 333 21191=
37018 41560 82702 10047 20040 30104 40180 52014 78082 889// 333 20047 90760 91112==
37031 41420 83003 11021 21031 39984 40185 52011 78582 889// 333 21022==
37054 42460 82301 10016 21016 39790 40180 53018 885//==
37061 41940 83101 10008 21011 30007 40179 52019 71022 80007==
37085 41540 82902 11004 21006 30192 40166 52018 72841 885//==
37171 41670 81205 10088 20027 30151 40169 53003 70282 889// 333 86643 90760 91114==
37228 42/60 30601 10019 21030 39328 40170 52011 83070 333 90760 91110==
37235 42970 02302 10028 21029 39861 40181 52037==
37472 42960 03004 10040 21012 30182 40159 52026==
38149 42570 81102 11007 21052 30191 40270 52012 885// 333 21025==
38178 41560 80000 11009 21041 39939 40233 52012 71022 885// 333 21023==
38262 12570 81202 11004 21028 30181 40265 53013 60002 885// 333 21025==
38264 42670 71003 11005 21026 30174 40271 52012 875// 333 21024==
38345 42698 81001 10023 21030 38813 48503 52008 885// 333 21025=
38353 42597 80000 10008 21028 39342 40254 52008 886// 333 21023=
38388 72998 00901 10011 21038 30195 40268 53015 333 21035 6////=
38392 32697 81304 10004 21007 30158 40264 52014 885// 333 21014 88636=
38396 42260 81002 11001 21022 30144 40273 52012 886// 333 21013 88706==
38403 42/60 83201 10001 21017 30145 40269 52015 8807/ 333 21013==
38413 42/70 81305 10004 21026 39945 40243 52003 8802/==
38457 11/10 82301 10013 20002 39646 40246 52018 60042 76876 8802/ 333 20009==
38462 11560 80000 10003 21013 38756 48496 52012 69902 77077 886// 333 21022==
38507 72998 21408 10038 21011 30119 40223 53009 82030 333 20016 6////=
38545 72998 71401 10005 21009 30083 40263 58009 87050 333 21005 6////=
38565 12660 80403 11005 21033 39636 40212 52015 60012 885// 333 21010==
38579 11560 72301 10022 20009 39835 40262 52031 60072 70242 87500 333 20004==
38583 11560 82902 10015 21002 39928 40258 52020 60042 70277 8872/ 333 20003==
38599 11596 82405 10038 20055 39711 40256 52024 60010 71082 889// 333 20019 83624 85940=
38611 41/10 80101 10051 20034 39670 40245 52029 76166 8802/ 333 20032 81883==
38613 42996 80101 10034 20002 40244 52019 8802/ 333 20005=
38616 41596 73601 10028 21008 39221 40247 52014 71022 87500 333 20001=
38618 11660 80000 10059 20005 39534 40225 52018 60002 72162 8257/ 333 21004==
38647 21997 20805 10038 20009 30180 40223 52007 70161 80001 333 21005 69900=
38656 72698 71602 10020 21023 30150 40263 52016 85580 333 20002 6////=
38683 42660 80000 10013 21029 39985 40269 52009 885// 333 21003 88645==
38687 21/93 91401 10008 20003 30031 40275 52007 74542 333 20002 60040 89/02=
38696 11560 83202 11001 21007 39375 40254 52012 60042 78582 889// 333 21016==
38713 11/93 93201 11005 21011 39058 48510 52030 60070 74774 333 21006=
38750 72997 01802 10054 20035 30265 40236 52005 333 21018 6////=
38763 32597 70802 10008 21006 30127 40236 52007 87800 333 21006 87627=
38774 72897 81603 10017 20003 30057 40258 57012 8807/ 333 21006 6////=
38799 32597 82001 10032 20014 30039 40276 52010 885// 333 21014=
38806 32697 71403 10024 21003 39985 40252 52006 87500 333 20002 60030=
38812 11340 80101 10017 20001 39799 40265 54000 60022 71022 883// 333 20004 82709==
38836 31598 82502 10052 20020 39280 40223 52017 70282 8592/ 333 20038=
38880 22297 81204 10020 20015 39991 40253 52015 886// 333 20005 88705 60002=
38886 32597 81103 10049 20013 30020 40252 53008 885// 333 20026=
38895 32596 81502 10030 20009 39971 40267 52011 885// 333 20014=
38911 32698 80000 10034 21023 39963 40264 53006 885// 333 20022=
38915 22597 80000 10039 20002 39933 40263 52007 87500 333 20012 60010=
38927 11357 83202 10043 20020 39880 40264 52014 69982 71022 889// 333 20036 87709==
38933 42997 31403 10081 20029 39735 40250 52014 60020 82032 333 20068=
38944 11697 61303 10079 20050 39646 40180 52014 60010 70282 84530 333 20072=
38954 32899 80000 10001 21026 37894 48480 57010 86920 333 21059=
38974 72998 51104 10066 20017 39897 40235 53004 85080 333 20037 6////=
38987 31394 83401 10028 20023 39495 40255 52010 71044 886// 333 20021=
40100 43/70 72007 10144 20091 30141 40157 53009 6///1 333 58///=
40180 12960 00802 10138 20052 30087 40136 52019 60002 333 10166 20109 70000==
40199 12/// /0203 10133 20021 30129 40154 52027 60002 333 10198 20102 70000==
40255 36/// /0704 10077 29068 3//// 4//// 5////=
40265 11550 40303 10084 20024 39374 40170 52023 60032 70562 84200 333 20026 30100 70029 84830=
40270 11950 10904 10076 21009 39258 40158 52017 69932 70596 81010 333 20055 31001 70003 81460=
40272 31950 00608 10070 20007 39320 40171 57047 70500 333 20010 31101=
40340 31956 00104 10126 21001 30096 40161 52030 70500 333 20110 30009=
40356 42660 70616 10045 20000 39174 48475 84220 333 20039 59047 84840 87460 555 04410 50164=
40357 42560 60719 10061 20060 39512 40160 86500 333 20052 59058 86630=
40360 42560 61010 10106 21020 39552 40146 86500 333 20086 59052 86630=
40361 41430 70309 10081 20080 39363 40176 71096 87600 333 20081 59057 87710=
40362 42660 61213 10124 20050 39634 40152 86500 333 20117 59067 86635=
40373 41558 71210 10108 20100 39749 40174 76062 87500 333 20100 59041 87630=
40375 42960 02903 10119 21070 39256 40129 333 20067 59020=
40394 41558 62410 10118 20090 39008 48482 71000 86600 333 20078 59037 86730 555 04410 50146=
40400 42960 00604 10178 20080 30110 40138 333 20124 58020=
40405 41620 51604 10126 20130 39398 40148 71000 85500 333 20109 59042 85640=
40417 41630 73506 10129 20120 30165 40181 76362 83520 333 20124 59019 83640 87459=
40420 41640 70206 10143 20130 39967 40179 71062 83470 333 20122 59020 83640 85360=
40430 42660 20603 10184 20130 39396 40138 82500 333 20157 59004 82640=
40437 41650 61405 10134 20130 39465 40179 71000 86500 333 20109 59016 86640=
40439 42660 20000 10144 20100 30108 40126 81530 333 20118 58015 81640=
40582 31657 70000 10130 20084 40177 53004 70511 83470 333 55300 00248 10000 20391 30087 41239 51277 60478 55407 40304 83640 87358 90400 91003 91105 91205 91301=
40703 12960 00000 10004 21063 38938 40238 52010 60001 333 34107 5//// 70000 555 11017 29061=
40706 11958 10402 11009 21077 38666 40254 51006 60001 70500 80002 333 34109 70000 81067 555 11030 29060=
40712 12670 42703 11054 21135 38691 40263 52007 60001 81502 333 3/112 43014 5//// 70000 81640 8406 7 90768 93100 555 11072 29053=
40713 11958 13202 11001 21061 38666 40229 52013 60001 70500 80001 333 34108 70000 555 11021 29064=
40718 12960 00301 10098 20067 30227 40198 52004 60001 222// 0//// 20301 333 31103 50101 70000 555 10084 29081=
40723 12660 10000 10018 21020 38977 40241 53013 60001 81100 333 31107 70003 81840 555 10004 29076=
40726 12960 00000 11022 21077 38668 40244 52007 60001 333 3/112 41002 5//// 70000 90768 93100 555 11038 29066=
40727 12960 30000 11019 21061 38487 40245 52003 60001 80001 333 3/110 41003 70000 83070 90768 9310 0 555 11032 29073=
40732 12970 11503 10108 20023 30214 40189 53002 60001 80002 333 30102 50091 70000 81070 555 10072 29056=
40736 12960 00901 10104 20063 30237 40211 51002 60001 333 31100 50061 70002 555 10085 29076=
40738 11956 01103 10086 20077 30235 40237 52007 60001 71040 333 31105 50221 70002 555 10082 29094=
40739 12965 00601 10036 21062 38699 40220 51009 60001 333 30103 5//// 70000 555 10002 29049=
40741 11657 11005 10069 20042 39900 40241 53008 60001 71010 81500 333 30003 70002 81635 555 10057 29083=
40743 12965 00804 10060 21024 39082 40216 52020 60001 333 30000 70000 555 10028 29055=
40745 11430 73202 10032 21008 39064 40238 51012 60001 70522 87600 333 31001 70009 87715 555 10017 29075=
40747 12665 30000 10006 21072 38651 40237 52006 60001 81501 333 34110 70000 81640 83070 555 11020 29056=
40754 11958 22705 10064 21117 38882 40253 52058 60001 70500 81031 333 30105 5//// 70000 81360 555 10008 29026=
40762 12965 00000 10035 21028 38563 40217 52015 60001 333 31107 70000 555 10011 29063=
40766 12980 11203 10030 21049 38700 40212 52004 60001 80002 333 30111 5//// 70000 81067 555 10002 29056=
40768 12962 00000 11025 21082 38266 40271 52006 60001 333 3/113 47008 5//// 70000 90768 93100 555 11042 29065=
40769 11957 00601 11011 21061 38301 40227 52011 60001 70500 333 3/108 43005 5//// 70000 90768 9310 0 555 11027 29069=
40780 12960 61303 10077 21068 38679 40199 50004 60001 80005 333 35104 5//// 70000 86267 555 10025 29035=
40782 12965 20000 10059 21032 38878 40206 52007 60001 80001 333 30106 5//// 70000 82070 555 10024 29052=
40785 12960 00000 10096 21009 39105 40209 57005 60001 333 30101 5//// 70000 555 10053 29048=
40791 12965 02002 10110 21086 39378 40208 51013 60001 333 30102 5//// 70000 555 10042 29024=
40792 12962 01402 10090 21085 38737 40200 52018 60001 333 30103 5//// 70000 555 10029 29028=
40798 12960 10701 10021 21125 37969 40229 51004 60001 80001 333 30113 5//// 70000 81070 555 11025 29033=
40800 12965 00000 10112 21123 38475 40190 52015 60001 333 30107 50001 70000 555 10033 29018=
40809 12965 01002 10084 21062 38524 40206 52023 60001 333 30102 5//// 70000 555 10030 29035=
40811 12660 41102 10144 20044 30144 40171 50004 60001 81230 333 30001 50081 70000 81840 84360 555 10098 29051=
40812 12960 03401 10145 20071 39785 40163 50010 60001 333 31003 50321 70000 555 10108 29061=
40821 12962 11401 10099 21026 38809 40209 52014 60001 80002 333 30101 5//// 70000 81069 555 10048 29041=
40829 12960 03608 10161 20027 39625 40196 51018 60001 333 30007 50261 70000 555 10099 29041=
40831 11657 40302 10148 20027 30167 40176 51005 60001 70510 84500 333 30004 50441 70000 84640 555 10094 29044=
40833 12960 02402 10156 20025 30148 40180 51008 60001 333 30005 50461 70000 555 10098 29041=
40841 12965 31002 10101 20030 38259 40161 52014 60001 80002 333 30001 5//// 70000 83070 555 10067 29061=
40845 12660 20000 10175 20117 30173 40178 52013 60003 82500 333 30011 50241 70000 82640 555 10144 29069=
40848 12960 50000 10106 20025 38538 40174 52013 60001 80006 333 31100 50211 70000 85269 555 10068 29057=
40854 12960 63302 10160 20009 38968 40153 52017 60001 80006 333 30006 50361 70000 86270 555 10091 29036=
40856 12960 32903 10128 20037 38662 40168 51016 60001 81072 333 30006 50351 70000 81360 83070 555 10084 29054=
40859 11958 61702 10094 20070 38720 40178 51014 60001 71022 83076 333 31003 50211 70000 83360 8626 9 555 10082 29085=
40875 12970 79901 10226 20128 30153 40165 51025 60001 87070 333 30017 50201 79999 87360 555 10170 29054=
40879 12965 61103 10220 20105 39487 40150 50009 60001 82036 333 31014 50541 79999 82360 85270 555 10155 29048=
40882 11557 82604 10202 20164 30137 40172 53018 69911 76062 8532/ 333 31017 50261 70001 82925 83630 88558 555 10179 29079=
40883 11558 72902 10210 20138 30142 40169 53018 60001 70522 84520 333 30017 50341 70002 84630 87458 555 10168 29063=
40893 12560 73205 10241 20154 30146 40152 52022 60001 81510 222// 00230 20301 333 30023 50521 70000 81630 87459 555 10189 29058=
40898 11956 20000 10259 20164 30124 40133 51008 60001 70500 82030 222// 00234 20900 333 30014 50611 70000 82359 555 10200 29056=
41024 42660 50106 10250 20190 30097 40123 85500 333 20218 58005 85640==
41036 41559 10000 10172 20170 38550 48500 71040 81600 333 20120 59012 81720==
41055 42560 21610 10203 20080 38360 48505 82400 333 20176 59007 82630==
41061 42/60 21114 10172 20080 39437 40138 82030 333 20159 59008 82358==
41084 42560 21805 10215 20080 38839 48499 82400 333 20178 59018 82630==
41112 42560 12014 10183 20010 37948 48511 81100 333 20156 59006 81820==
41114 42560 21711 10204 21030 37987 48515 82400 333 20169 59005 82622==
41128 42560 20000 10207 20060 38822 48531 82500 333 20150 58008 82630==
41136 42960 02805 10205 20040 39326 40128 333 20140 59005==
41140 41558 41308 10268 20220 30110 40122 70510 84100 333 20244 59016 84830==
41150 41964 80207 10164 20141 40185 72162 8807/ 333 20158 30015 59010 88461=
41170 41960 33515 10192 20145 30166 40180 70162 83030 333 20171 58000 83362=
41176 44/70 /0211 10200 20157 30170 40176 333 20171 59003=
41184 42660 53605 10237 20152 40160 81520 333 20193 59015 81545 85460=
41194 11960 50207 10250 20149 30154 40160 69901 70361 85030 333 20219 59014 85366=
41196 11960 40205 10242 20160 30125 40165 69991 70060 84030 333 20204 59015 84362=
41216 42960 60206 10233 20174 30163 40167 8603/ 333 20206 59009 86368=
41217 42960 60204 10227 20175 30135 40165 8603/ 333 20191 30017 59006 86368=
41246 22/60 30905 10260 20159 30153 41136 83040 333 20202 30021 60005 83362==
41258 26/// /3106 10260 20133 30147 40151 333 20240 55308 21095 58002 60005==
41263 36/// /1301 10259 20066 39581 40135 333 0E018 20178 55300 21123 59005=
41265 36/// /3001 10247 20063 39578 40140 333 0E021 20167 55300 20831 59002=
41267 36/// /0704 10254 20198 30146 40159 333 0E021 20221 58001=
41268 26/// /2206 10273 20098 30105 40152 333 20223 55300 25022 59001 60005==
41275 36/// /1804 10206 20151 30013 40184 333 0E017 20159 55300 21064 58000=
41288 31360 21104 10260 20210 30144 40166 70044 82600 333 20197 3/021 5//// 82708=
41315 36/70 /1700 10214 20131 39341 48237 333 0E018 20159 55300 27865 59002=
41316 22570 29904 10253 20191 30142 40172 82500 333 20199 55/// 05508 553// 05410 58002 60005 82625==
41396 42965 03601 10228 20000 39424 40143 333 20097 30/// 59010=
41480 41560 30511 10258 20202 30150 40159 70044 83500 333 20221 30/// 59003 83620=
41506 11440 81801 10050 20028 38517 48150 60011 76062 8552/ 333 5688/ 58010==
41508 12440 82301 10092 20009 38669 48370 60001 85520 333 56880 58020==
41515 12460 80000 10060 21016 38541 48040 60001 8572/ 333 5688/ 59039==
41516 12440 63101 10140 21028 38521 48800 60001 86510 333 56880 59012==
41517 11440 70000 10080 21085 37772 48880 60001 70422 87620 333 56880 59014==
41518 12440 71801 10139 21071 30001 48010 60001 86520 333 56880 58000==
41519 12460 80000 10120 21026 38753 48930 60001 8852/ 333 5688/ 59023==
41523 12440 80000 10110 20022 39090 48040 60001 8452/ 333 5688/ 58018==
41535 12460 20000 10150 21049 38701 48740 60001 82500 333 56800 58017==
41536 12460 73603 10140 20022 39028 48010 60001 87520 333 56880 59005==
41560 12960 00000 10065 21018 38330 48590 60001 333 58010==
41571 11940 41302 10210 21004 39567 40142 60001 70511 80001 333 56008 58015==
41598 11940 30000 10190 20072 39867 40138 60001 70500 83030 333 56080 58009==
41600 11440 53101 10195 20081 39849 40142 60001 70411 83570 333 56880 58002==
41620 12440 42701 10150 21019 38577 48820 60001 84500 333 56800 59008==
41624 11920 31301 10210 20142 39930 40129 60001 70400 333 58007==
41630 11940 31301 10235 20111 30000 40142 60001 70512 83030 333 56080 58012==
41640 11420 61801 10220 20090 39892 40139 60001 70522 84570 333 56880 58011==
41660 12460 73110 10100 20027 38441 48310 60001 86530 333 56880 59004==
41678 11940 20000 10215 20095 30000 40134 60001 70500 82030 333 56080 59006==
41696 12460 52301 10135 20023 38017 48280 60001 83520 333 56880 58007==
41697 12960 00000 10240 20094 30000 40134 60001 333 58018==
41700 11420 61301 10220 20102 30000 40124 60001 70520 84530 333 56880 58013==
41710 12960 23102 10215 20038 39352 40111 60001 80001 333 56008 59010==
41712 12960 11302 10205 20036 39197 48230 60001 80008 333 56008 59009==
41715 11440 50501 10215 20117 30059 40124 60001 70500 83530 333 56880 58003==
41718 11920 60000 10210 20122 30022 40125 60001 70420 86030 333 56080 58010==
41725 11940 50502 10215 20117 30041 40119 60001 70500 85030 333 56080 58008==
41739 12940 40000 10210 20029 39047 48130 60001 84030 333 56080 59011==
41744 12940 10000 10200 20012 38784 48130 60001 81020 333 56080 59014==
41749 11420 73104 10220 20154 30092 40125 60001 70400 84530 333 56880 59003==
41756 11940 43103 10252 20202 30077 40142 60001 70500 80001 333 56008 59007==
41757 12940 42302 10260 20191 30129 40141 60001 84030 333 56080 59010==
41759 12940 32302 10280 20104 30130 40136 60001 83030 333 56080 59006==
41764 11440 50000 10260 20182 30074 40123 60001 70400 84510 333 56880 59001==
41768 12940 01803 10245 20207 30128 40135 60001 333 58011==
41780 11940 02701 10270 20193 30106 40133 60001 70400 333 59005==
41785 12940 02301 10265 20213 30114 40127 60001 333 59007==
41859 01940 02302 10260 20090 30095 40132 70510 333 59011 70000==
41883 02956 01402 10277 20100 30112 40132 333 59001 70000==
41891 01945 00902 10253 20090 30098 40137 70500 333 58004 70000==
41907 01940 02702 10270 20100 30115 40130 70500 333 58000 70000==
41923 02950 02702 10288 20100 30126 40136 333 58004 70000==
41936 01912 02308 10294 20140 30122 40129 70544 333 58002 70000==
41943 01940 02303 10288 20150 30132 40140 70500 333 58011 70000==
41950 01950 02402 10280 20170 30133 40135 70500 333 58004 70000==
41978 01950 02905 10290 20090 30127 40133 70500 333 58005 70000==
41992 01935 02103 10310 20030 30136 40138 70500 333 58013 70000==
42027 31595 73601 10120 21030 38412 48498 70521 83501 333 58010=
42071 31996 42903 10218 20091 40141 70510 84020 333 58012 84460=
42101 31996 13201 10224 20122 40151 70500 80001 333 58019 81070=
42111 31995 30000 10226 20121 39426 40116 70510 82031 333 58016 82360 83070=
42123 32596 61401 10218 20110 40138 83530 333 58015 83630 86359=
42131 32996 40503 10241 20097 40147 80001 333 58008=
42165 32996 09902 10260 20093 40119 333 58018=
42182 31995 29902 10256 20116 40133 70540 82030 333 58012 82360=
42189 31995 00000 10234 20117 40130 70500 333 58005=
42309 31996 30203 10204 20138 40146 70521 83030 333 58005=
42314 31596 70203 10200 20134 40145 70522 83530 333 58007 83620 87360=
42328 31595 61602 10286 20156 40098 70500 82530 333 58007 82630 86360=
42339 31995 11802 10290 20088 40124 70500 80001 333 58010 81075=
42348 31996 00906 10252 20091 40131 70500 333 58019=
42361 31995 00501 10246 20111 40132 70500 333 58009=
42369 31996 00000 10256 20102 40133 70500 333 58000=
42379 31995 02703 10236 20116 40132 70500 333 59002=
42410 31595 20503 10230 20142 40145 70500 82500 333 58004 82620=
42415 32996 21401 10234 20084 40153 82030 333 58001 82360=
42452 31996 09901 10260 20121 40122 70500 333 58001=
42492 31995 00000 10252 20137 40134 70500 333 59003=
42559 32996 03603 10290 20123 40108 333 59003=
42571 31996 03201 10278 20110 40110 70500 333 59014=
42591 32996 00502 10272 20085 40136 333 59005=
42623 31496 22303 10214 20083 39257 40119 70500 82500 333 58003 82618=
42634 32996 03203 10292 20139 40140 333 59002=
42647 31996 03202 10290 20169 40133 70400 333 59006=
42667 32996 02903 10266 20100 39547 40126 333 59002=
42675 32996 02303 10280 20103 40122 333 59003=
42701 32996 02705 10298 20111 39392 40098 333 59005=
42724 31995 02301 10276 20175 40132 70500 333 58005=
42737 32996 02704 10290 20132 40142 333 59002=
42754 32996 02705 10280 20117 39497 40121 333 58036=
42779 32996 03205 10310 20069 39432 40109 333 59008=
42798 31996 02904 10290 20065 40122 70500 333 59005=
42809 31995 02003 10300 20166 40128 70500 333 59001=
42840 31995 00202 10292 20126 40143 70400 333 59004=
42867 31996 03202 10320 20100 40119 70500 333 59012=
42874 31996 03202 10316 20155 40125 70500 333 59010=
42886 31995 02703 10310 20083 40128 70500 333 59007=
42895 32996 01804 10320 20139 40128 333 59003=
42909 32996 02703 10274 20214 40145 222// 20000 333 59004=
42971 32996 02002 10314 20165 40136 333 58001=
43003 31995 00000 10342 20145 40133 70400 333 58001=
43014 31995 02503 10314 20053 39489 40117 70542 333 58000=
43041 31996 00000 10310 20106 39518 40119 70500 333 58001=
43063 32997 00901 10318 20054 39518 40125 333 58001=
43086 32997 00000 10316 20186 39950 40124 333 59004=
43110 31996 02703 10355 20137 40133 70544 333 58001=
43117 32997 01402 10330 20219 40125 333 58005=
43128 32997 00000 10328 20095 39532 40121 333 58003=
43150 31996 21404 10306 20227 30081 40142 70500 80001 333 58011 82075=
43185 32597 42502 10314 20226 30129 40132 84500 333 58011 84620=
43189 32597 20000 10300 20210 30135 40144 81501 333 58012=
43192 32996 02301 10330 20166 40124 333 59003=
43198 32996 21406 10314 20102 39311 40111 80001 333 58004 82075=
43201 32997 02302 10324 20094 39390 40092 333 58002=
43213 32997 00000 10326 20188 39804 40113 333 58005=
43233 32997 10904 10310 20115 39327 40123 80001 333 58007=
43237 31996 29902 10340 20146 39715 40096 70500 80001 333 58005 82075=
43245 32597 11603 10304 20208 30102 40129 81500 333 59003=
43279 31997 01603 10314 20206 30121 40139 70200 333 58007=
43284 31496 21403 10316 20219 30006 40119 70500 81501 333 58002 81615=
43295 32997 10902 10280 20158 39120 48540 80001 333 58001 81075=
43314 32597 30000 10328 20216 40122 82801 333 59001=
43321 31996 20908 10300 20109 39685 40125 70500 80001 333 58006 82070=
43329 32997 10000 10304 20208 30121 40135 80001 333 58001=
43333 31495 20504 10294 20220 40122 70510 82500 333 58006 82618=
43344 31996 10506 10300 20203 30029 40128 70500 80001 333 59017 81075=
43353 31495 12705 10306 20248 40117 70521 81500 333 56600 58001 81620=
43369 32597 33202 10306 20249 40123 83500 333 59002 83620=
43371 31996 10000 10332 20157 30048 40119 70500 80001 333 58001 81071=
43404 22470 10903 10308 20222 30120 40123 54004 81000 333 553// 20572 58003 60008 91005 555 60008==
43410 22470 30704 10288 20205 30127 40130 50001 83200 333 58003 60008 555 60008==
43413 22470 20204 10292 20228 30124 40129 5/005 82100 333 553// 20602 58000 60008 91006==
43415 22470 20501 10300 20210 30023 40131 56002 82000 333 58003 60008 70000 555 60008==
43418 22470 40501 10296 20216 30088 40129 52002 84000 333 58001 60008 70000 555 60008==
43421 22470 20802 10310 20205 30019 40123 5/006 82100 333 553// 20579 58002 60008 91004==
43424 22970 00503 10304 20218 30116 40118 56005 333 59001 60008 70000 555 60008==
43436 22470 40501 10292 20218 30114 40117 56006 84000 333 59005 60008 70000 555 60008==
43441 22/70 10501 10300 20198 39981 40112 58006 333 58005 60008 555 60008==
43444 22970 00201 10286 20150 39580 40111 57009 333 59002 60008 70000 555 60008==
43450 22465 40501 10322 20198 30115 40127 50005 84000 333 58006 60008 555 60008==
43466 22470 33002 10306 20209 30107 40115 5/007 83100 333 553// 20564 58001 60008 91005 555 60008==
43467 22470 32303 10316 20221 30111 40117 57003 82200 333 58000 60008 555 60008==
43473 22970 01104 10222 20002 38137 48502 57003 333 553// 20622 59001 60008 91006 555 60008==
43475 22470 20502 10316 20208 30117 40121 57005 82100 333 553// 20557 58002 60008 91005 555 60008==
43476 22970 00901 10258 20074 38786 48536 5/003 333 58002 60008 555 60008==
43479 22970 00202 10262 20160 39276 57007 333 58001 60008 555 60008==
43486 21468 32001 10333 20211 30011 40109 51010 70521 83000 333 553// 20596 58002 60008 91002==
43495 22470 42002 10296 20245 30103 40116 56/// 83000 333 58004 60008 70000==
43497 22470 10903 10305 30097 40114 57006 81100 333 553// 20607 58002 60008 91006 555 60008==
44212 42960 33502 11200 21236 39190 40432 54000 80007==
44213 42984 20602 11186 21219 38826 40411 54000 80004==
44214 42970 02304 11080 21209 38264 40304 58006==
44215 42970 21002 11113 21181 38406 40341 57004 80004==
44217 32998 10000 11113 21198 37826 40352 58002 80004 333 91202=
44218 42984 23402 11103 21154 38614 40339 58004 80004==
44219 32999 02702 11143 21202 38631 40370 58003 333 91202=
44265 42984 01401 11085 21150 38859 40325 58008==
44266 32999 02805 11041 21243 37739 40252 58003 333 91207=
44404 42958 01804 10158 20073 38122 48458 80000 333 58007=
44416 42958 02805 10214 20113 39352 40128 80000 333 58000=
44424 42960 12102 10140 21052 37645 47055 80001 333 58010=
44434 41556 10904 10184 20108 39229 48510 70044 81100 333 59003=
44438 42956 01507 10238 20132 30007 40136 80000 333 59006=
44449 42957 01006 10238 20172 39977 40135 80000 333 58001=
44454 41456 22803 10188 20079 38656 48490 70044 82100 333 59001=
44462 41430 70902 10104 20072 38246 48468 70544 87800 333 59003=
44474 41010 80201 10097 20074 38246 48497 71044 888// 333 58000=
44477 41540 51801 10176 20104 38816 48521 70544 85400 333 58004=
44478 42956 01506 10242 20162 30049 40131 80000 333 59003=
48020 42958 00401 10263 20138==
48025 41430 31401 10371 20133 39991 40130 59007 70521 83800==
48048 42957 00402 10285 20184 30063 40118 333 58006==
48052 32957 01801 10314 20179 333=
48062 42558 20903 10290 20215 30125 40131 82500 333 58011==
48064 42958 01401 10308 20189 30030 40087 333 58000==
48094 42959 03202 10320 20180 30106 40116 333 58003==
48109 42960 00401 10296 20223 30124 40128 333 58002==
51076 14/80 /2200 11027 21138 39359 40283 57003 60001 333 11027 21157 3/103 4/025 59035 70000 90761 91103==
51087 14/71 /3201 11027 21130 39209 40288 57005 60001 333 11027 21177 3/106 4/018 59035 70000 90761 91104==
51156 14/80 /1002 11030 21135 38682 40269 52003 60001 333 11030 21123 3/115 59017 70000 90761 91106==
51243 14/50 /1402 11102 21167 39716 40306 52001 60001 70500 333 11077 21158 3/115 59026 70000 90761 91104==
51334 14/39 /0401 11059 21131 39865 40300 57009 60001 70500 333 11052 21191 3/111 4/012 59029 90761 91103==
51379 14/44 /2803 11093 21147 39270 40279 57009 60001 70500 333 11011 21188 3/106 4/022 59035 70000 90761 91105==
51463 14/27 /3501 11097 21113 39036 40303 52015 60001 71000 333 11063 21153 3/101 4/036 59007 70000 90761 91103==
51573 14/66 /1101 10056 21169 30206 40257 57008 60001 333 10084 21029 3/110 59022 70000 90761 91103==
51644 14/50 /2101 10043 21150 38962 40252 57005 60001 70600 333 10050 21063 3/106 59023 70000 90761 91103==
51656 14/56 /2502 10031 21128 39172 40260 57005 60001 70600 333 10060 21101 3/112 59020 70000 90761 91105==
51709 14/50 /1502 10028 21135 38632 40244 57006 60001 70600 333 10043 21053 3/108 59019 70000 90761 91105==
51711 14/60 /2702 11033 21159 38007 40214 52003 60001 333 10005 21103 3/115 59008 70000 90761 91106==
51716 14045 00501 10028 21148 38929 40254 52001 60001 70600 333 10056 21054 3/110 59018 70000 90761 91103==
51765 14/61 /0202 10041 21137 39226 40251 57013 60001 333 10076 21108 3/115 59027 70000 90761 91104==
51811 14/50 /3601 10027 21164 38807 40259 52005 60001 70600 333 10056 21053 3/110 59009 70000 90761 91103==
51818 14/46 /0102 10036 21192 38646 40244 52006 60001 70600 333 10051 21072 3/113 59013 70000 90761 91104==
51886 14/80 /0201 11046 21297 37106 40281 57014 60001 333 11018 21175 3/124 58004 70000 90761 91103==
52203 14/65 /1702 10053 21153 39347 40253 57015 60001 333 10057 21102 3/115 59027 70000 90761 91104==
52602 14/76 /0102 11024 21299 37271 40317 57010 60001 333 11021 21202 3/126 58007 70000 90761 91103==
52818 14/79 /3101 11010 21260 37232 40262 57009 60001 333 10003 21164 3/121 59005 70000 90761 91103==
52908 14/80 /0502 11099 21242 35728 40300 57005 60001 333 11082 21230 3/125 58011 70000 90761 91104==
55299 14/80 /2710 11044 21176 35820 40117 52010 69971 333 11011 21105 3/114 58009 70008 90761 91117==
55591 14/80 /2805 10057 21206 36499 40068 52009 69951 333 10085 21019 3/101 58037 70012 90761 91111==
56004 14/08 /2904 11099 21143 35786 40250 54000 60011 77000 333 11056 21180 3/123 58003 70011 90761 91108==
56018 14/79 /0501 11009 21134 36118 40106 57022 60001 333 11009 21125 3/115 59030 70000 90761 91105==
62306 42560 22102 10096 20069 40176 52009 82100 333 20079==
62309 42560 22204 10112 20059 40164 82200 333 20101==
62332 42560 23504 10163 20114 40151 52023 82100 333 20140==
62337 42560 32406 10144 20108 40141 52017 83800 333 20118==
62366 44530 32202 10129 20099 40162 52018 71000 83200 333 20118==
62387 41910 02702 10083 20063 40171 52017 71000 333 20062==
62393 42960 00000 10078 21053 40189 52015 333 20056==
62414 42960 00000 10139 21094 40164 52023 333 20107==
62419 42960 00000 10124 21063 40165 52017 333 20077==
62420 42960 00000 10096 20046 40180 52021 333 20067==
62435 42960 03201 10099 21042 40162 52017 333 20036==
62440 31930 00000 10112 20080 40153 5//// 71000 333 20098=
62455 42960 00308 10118 20022 40163 333 20086==
62458 42960 03602 10115 20020 40160 52021 333 20064==
62465 32960 02205 10186 21086 40126 5//// 333 20132=
63210 32580 11606 10266 20180 40142 81200 333 20201 59006 81832=
63227 32980 00411 10214 20130 40196 333 20180 59002=
41256 329// 33604 10263 20118 30141 40158 90545 333 20187 58003 55407 55408 55507 55508=
