SIPK OPKC 090300=
41504 22997 61806 11035 21096 37922 48596 86030 333 21055 56090 58004 60007 70000 86360 RH59%=
41505 22696 32302 11015 21025 38/// 48/// 80030 333 21025 55090 58/// 60007 70000 83360 91%=
41506 22697 83606 10070 21027 38554 48551 8452/ 333 20049 5699/ 59006 60007 70000 84640 84460 50%=
41507 22697 30000 10060 20026 39288 49824 83100 333 20040 56900 59001 60007 70000 83840 79%=
41508 22697 50000 10022 21020 38684 48548 82520 333 21003 56909 59006 60007 70000 82635 83460 74%=
41509 22697 70000 10020 21006 38825 48552 83520 333 20010 56990 58013 60007 70000 83640 85460 83%=
41510 22997 50000 10000 21013 37928 48551 85030 333 21022 56090 59006 60007 70000 85360 91%=
41515 22997 40000 10015 21027 38607 48566 84020 333 20002 56090 58016 60007 70000 84460 74%=
41516 22996 00000 10000 21028 38598 48551 82030 333 21005 56090 59009 60007 70000 82360 RH81%=
41517 21696 40000 11035 21072 37839 48587 82530 333 21059 56990 59023 60007 70000 82640 83360 70%=
41518 22697 33602 10028 21058 38/// 48/// 82230 333 20020 56990 5//// 60007 70000 82640 81362 52%=
41519 22997 00000 10065 21026 38816 48548 333 20060 59018 60007 70000 RH52%=
41520 22997 10000 11030 21109 37664 48329 81030 333 21050 56090 59010 60007 70000 81362 51%=
41523 22697 30000 10030 21009 39103 48499 83500 333 20020 56900 59007 60007 70000 83640 76%=
41524 22997 40504 10150 21072 39379 40246 84020 333 20115 56090 59013 60007 70000 84460 21%=
41525 22697 61804 10050 21009 37683 48402 82520 333 20020 56990 59002 60007 70000 82640 84460 66%=
41528 22697 30000 10075 20042 39237 48510 82520 333 20047 59021 60007 70000 82640 81460 80%=
41529 22696 60000 10105 20050 39786 40177 83520 333 20056 56990 59007 60007 70000 83640 83460 69%=
41530 21996 72304 10140 21023 39750 40170 70522 87030 333 20115 56090 59005 60007 87362 32%=
41534 22696 60000 10085 20039 39745 40173 83520 333 20060 56990 59014 60007 70000 83640 83460 73%=
41535 22697 40000 10030 20005 38725 48487 84500 333 21005 56900 59015 60007 70000 84635 RH84%=
41536 22997 00000 10060 21001 39057 48512 333 20035 59002 60007 70000 65%=
41560 22997 00000 10010 21012 38289 48522 333 21030 59018 60007 70000 RH83%=
41562 22997 00000 10100 20031 39696 40172 333 20075 59011 60007 70000 RH62%=
41565 22996 43104 10061 21033 38636 48502 82520 333 20040 56090 59006 60007 70000 82640 82460  RH 51%=
41567 21696 30000 10075 20040 39712 40143 70400 82530 333 20045 56990 59005 60007 70000 82640 81360 79%=
41571 21996 70000 10095 20015 39585 40185 70522 84031 333 20060 56099 58000 60007 70000 RH58%=
41573 22697 20504 10070 21043 37978 48507 82500 333 20010 56900 58001 60007 70000 82640 44%=
41574 22997 02302 10015 21010 38356 48539 333 21005 59018 60007 70000 84%=
41576 21995 20000 10050 20025 40190 71000 82030 333 20047 56090 59004 60007 70000 82360 84%=
41577 21696 50000 10070 20037 39549 40185 70421 81530 333 20050 56990 59001 60007 70000 81640 83360 RH 79%=
41593 21996 40000 10900 20057 39939 40164 70411 84070 333 20087 56090 59007 60007 70000 84460 80%=
41598 21995 00000 10075 20040 39890 40173 70400 333 20073 59001 60007 70000 79%=
41599 21994 00000 10075 20053 39865 40167 71000 333 20065 59007 60007 70000 86%=
41600 21996 00000 10085 20063 39858 40164 70400 333 20075 59010 60007 70000 86%=
41620 31996 00000 10050 21049 38598 48499 70500 333 20015 58000 60007 70000 49%=
41624 21995 00000 10100 20031 39954 40161 70400 333 20095 59011 60007 70000 62%=
41625 21996 00000 10075 20013 39941 40149 70400 333 20070 59008 60007 70000 65%=
41630 21994 00000 10080 20046 40171 70400 333 20075 59003 60007 70000 79%=
41633 21996 00000 10085 20063 4//// 70400 333 20070 5//// 60007 70000 86%=
41634 22997 23102 10070 21003 3//// 4//// 82030 333 20048 56090 5//// 60007 70000 82460 60%,=
41635 21996 20000 10075 20027 3//// 4//// 70400 82030 333 20065 56090 5//// 60007 70000 82360 72%=
41636 21996 00000 10085 20063 39980 40172 70400 333 20075 59012 60007 70000 86%=
41638 21995 20000 10090 20069 4//// 71000 82030 333 20082 56090 5//// 60007 70000 82360 86%=
41639 21996 00000 10090 20045 3//// 4//// 70400 333 20075 5//// 60007 70000 73%=
41640 21996 00000 10110 20079 39908 40164 70400 333 20092 59005 60007 70000 81%=
41641 21994 00000 10115 20085 39884 40165 71000 333 20092 59007 60007 70000 82%=
41642 21995 03102 10080 20046 3//// 4//// 70410 333 20070 5//// 60007 70000 79%=
41644 21995 00000 10085 20063 4//// 71000 333 20065 5//// 60007 70000 86%=
41646 21995 00000 10105 20074 39962 40183 71000 333 20090 59004 60007 70000 81%=
41652 21995 03102 10085 20052 39983 40169 70400 333 20076 59008 60007 70000 79%=
41660 22997 31308 10070 21062 38429 48520 83030 333 20050 56090 59008 60007 70000 83360 RH 39%=
41661 22697 40000 10020 21032 38388 48520 84500 333 20005 56900 59004 60007 70000 84635 68%=
41669 21996 20000 10085 20063 3//// 4//// 70400 82030 333 20075 56090 5//// 60007 70000 82360 86%=
41670 21996 00000 10085 20063 4//// 70400 333 20082 5//// 60007 70000 86%=
41674 21994 20000 10080 20058 3//// 4//// 71000 82030 333 20077 56090 5//// 60007 70000 82360 86%=
41675 21994 40000 10095 20074 30008 40157 71000 84030 333 20093 56090 59010 60007 70000 84360 87%=
41676 21995 20000 10100 20057 30015 40180 70400 82030 333 20095 56090 59009 60007 70000 82360 74%=
41677 21995 50000 10080 20058 39976 40150 71000 85030 333 20075 56090 59010 60007 70000 85362 86%=
41678 21996 30000 10130 20068 40167 70400 83020 333 20115 56090 59016 60007 70000 83460 66%=
41679 21996 00000 10100 20074 4//// 70400 333 20086 5//// 60007 70000 87%=
41680 21995 00000 10090 20069 39959 40167 71000 333 20085 59011 60007 70000 86%=
41685 22997 03604 10080 21106 38922 48496 333 20070 56090 59011 60007 70000 RH26%=
41696 22697 40000 10040 21037 38001 48529 82520 333 20020 56990 58003 60007 70000 82640 82460 RH57%=
41697 22997 00000 10100 20057 39979 40142 333 20080 59036 60007 70000 RH74%=
41700 21994 20000 10110 20079 30013 40145 71000 82030 333 20096 56090 59013 60007 70000 82360 81%=
41701 21995 20000 10085 20052 30020 40169 70400 82030 333 20079 56090 59014 60007 70000 82360 79%=
41710 22997 00000 10140 20061 39330 40105 333 20105 59024 60007 70000 59%=
41712 22996 00000 10120 20035 39172 48481 333 20105 59020 60007 70000 RH56%=
41715 21994 00000 10130 20080 30093 40160 70400 333 20095 59010 60007 70000 RH71%=
41716 21994 00000 10110 20068 30053 40160 70400 333 20098 59015 60007 70000 75%=
41718 21995 00000 10090 20057 30044 40151 71000 333 20086 59011 60007 70000 80%=
41724 21994 00000 10100 20068 30087 40169 71000 333 20085 59015 60007 70000 RH81%=
41725 21995 00000 10120 20068 30069 40149 70500 333 20110 59008 60007 70000 RH70%=
41726 21994 00000 10080 20046 30121 40196 71000 333 20075 59019 60007 70000 RH79%=
41738 22996 00000 10135 20035 39968 40153 333 20125 59019 60007 70000 RH51%=
41739 22996 00504 10075 20017 39079 48519 333 20070 59013 60007 70000 RH67%=
41742 22996 20000 10130 20028 30059 40167 82030 333 20075 56090 59016 60007 70000 82360 RH 50%=
41743 21995 00000 10125 20085 70400 333 20095 60007 70000 RH 77%=
41744 22996 00000 10080 21021 38783 48501 333 20045 59025 60007 70000 RH 49%=
41745 21996 00000 10120 20079 70400 333 20100 60007 70000 RH76%=
41746 21993 00000 10080 20058 30098 40155 71000 333 20075 59027 60007 70000 RH86%=
41747 21993 03104 10080 20069 30079 40142 74200 333 20070 59024 60007 70000 RH93%=
41748 21996 00000 10115 20074 30097 40163 70500 333 20100 59012 60007 70000 RH76%=
41749 21995 03106 10120 20090 30120 40156 70400 333 20105 59031 60007 70000 RH82%=
41756 21996 00504 10175 20140 30083 40150 70504 333 20120 59013 60007 70000 RH80%=
41757 22996 00000 10130 20091 30162 40175 333 20115 58001 60007 70000 RH77%=
41759 22996 00000 10120 20068 30133 40139 333 20095 59022 60007 70000 RH70%=
41760 21996 03102 10150 20081 30129 40142 70500 333 20100 59020 60007 70000 RH 63%=
41764 21995 00000 10160 20081 30088 40139 70400 333 20145 59020 60007 70000 RH60%=
41765 22996 00000 10150 20092 30108 40144 333 20137 59021 60007 70000 RH68%=
41766 21994 00000 10100 20079 30127 40158 70400 333 20080 59016 60007 70000 RH 87%=
41767 22996 00000 10115 20085 3//// 4//// 333 20090 60007 RH82%=
41768 22996 00000 10095 20051 30135 40142 333 20070 59022 60007 70000 RH74%=
41780 21996 30702 10130 20028 30112 40141 70500 80001 333 20120 56009 59018 60007 70000 83070 RH50%=
41783 22996 00000 10150 20081 30104 40134 333 20140 59018 60007 70000 RH 63%=
41785 22996 00000 10130 20091 30143 40156 333 20095 59015 60007 70000 RH 77%=
41786 22996 40000 10070 20007 30105 40143 82030 333 20050 56099 59016 60007 70000 82362 82072 RH 64%=
41BAG 22696 40502 10010 21044 84500 333 21030 56900 60007 70000 84640 67%=
41BKI 22696 50000 10120 20029 39739 40166 82530 333 20070 56990 59008 60007 70000 82640 83360 RH 54%=
41SKP 21996 00000 10080 20058 4//// 70400 333 20068 5//// 60007 70000 86%=
43532 22697 20000 10080 20048 39339 40165 82500 333 20060 56900 59028 60007 70000 82640 80%=
43533 22997 00000 10070 20024 39236 48488 333 20045 59003 60007 70000 73%=
43563 22997 00000 10067 20005 39470 40186 333 20061 58003 60007 70000 65%=


Data Generated from File : D:/all data handling/Rmc_lhr/2025020903.FSU.txt
09/02/2025   04:06:54
____________________________________________________________________________________________
15020 24/68 /1402 11049 21087 30209 40422 57007 333 55300 20000 60007==
15090 24566 70303 11047 21074 30326 40426 57006 87500 333 55300 10060 20000 30000 60007 91005 90730 91105==
15108 22984 01209 11088 21219 38166 48587 57005 333 55300 20000 60007 91011 90730 91112==
15150 24570 83502 11048 21089 30190 40420 57008 8657/ 333 55300 20000 60007 91004 90730 91105==
15170 21958 03101 11128 21142 39560 42913 54001 71000 333 55300 20000 60007 91002 90730 91102==
15280 22970 00505 11090 21288 37549 47086 57005 333 55300 20000 60007 91006 90730 91108==
15310 27/59 /3503 11066 21083 30303 40397 57005 7101/ 333 55300 10240 20000 30000 60007==
15335 24963 03603 11055 21080 30378 40385 57005 333 55300 20000 60007 91006 90730 91108==
15350 24/63 /3302 11063 21090 30275 40405 57008 333 55300 20000 60007==
15360 24/70 30312 10006 21041 30342 40360 58005 83030 333 55300 20000 60007 91016 90730 91116==
15420 24/66 /3501 11031 21078 30280 40399 57009 333 55300 20000 60007==
15460 24/67 /0105 11031 21071 30359 40386 57008 333 55300 20000 60007==
15470 24569 80902 11032 21071 30267 40403 57005 8457/ 333 55300 20000 60007 91002 90730 91103==
15480 24463 83103 11021 21049 30342 40361 57007 886// 333 55300 10040 20000 30000 60007 91009 90730 91109==
15549 42570 73603 11056 21069 39940 40386 57002 87500 333 11043 21057 555 589//=
15552 42460 83406 11023 21057 30294 40346 57010 885// 333 11015 21024 555 575// 92036 92437=
15640 42668 83412 11031 21042 30032 40364 57016 885// 333 11015 21031 555 592//=
15655 41568 83210 11014 21056 30310 40345 57008 70272 885// 333 11007 21016 91116 555 57000 69199 92037 92437=
15730 42670 83604 11034 21062 39941 40363 57006 8652/ 333 11003 21034 555 581//=
16627 42565 50112 10014 21043 30320 40327 57007 85500 333 90730 91120==
16650 42460 70517 10042 21019 30303 40313 57004 87800 333 84818 87625 90730 91130==
16723 42560 10309 10064 20020 30222 40236 57005 81200 333 90730 91117==
16742 42960 03611 10082 20030 30046 40205 57010 333 90730 91115==
16749 42960 09902 10056 20021 30178 40193 57008 333 90730 91105==
16754 42460 63417 10098 20068 30191 40240 57008 86600 333 82710 86625 90730 91130==
16760 47/// /0309 10063 20037 39814 40240 57008 7214/ 333 90730 91121==
16765 46/// /3315 10114 20036 30182 40202 57006 333 90730 91125==
17022 41570 71702 10024 20015 30114 40286 57008 70282 85250 333 85833 87360 90730 91106==
17024 46/82 /2212 10023 20008 30186 40265 57012==
17026 46/80 /2303 10035 20020 30230 40270 57012==
17031 42570 70404 10038 20020 30257 40264 57007 87200 333 87827 90730 91114==
17034 41570 72203 10053 20019 30220 40267 57009 70282 84250 333 84830 87360 90730 91109==
17038 41470 72507 10062 20014 30204 40253 57010 78088 87200 333 84716 87833 90730 91120==
17042 46/76 /1102 10046 20022 30222 40264 57005==
17050 46/80 /3306 10000 21064 30285 40350 57009==
17056 42670 63310 10002 21035 30325 40330 55003 83540 333 83636 86360 90730 91124==
17060 41460 73513 10037 20009 30259 40301 55006 70282 87200 333 83712 87825 90730 91125==
17070 42665 79901 11012 21043 39373 40276 56006 84520 333 84634 87460 90730 91103==
17074 46/83 /1901 11008 39300 40265 57008==
17084 42670 70000 10003 21010 39324 40257 57007 84570 333 84635 87360 90730 91102==
17085 42570 80000 10018 21009 39753 40258 57007 8452/ 333 84630 88460 90730 91103==
17092 42/60 30701 11118 21118 38881 48498 53001 83030 333 83360 90730 91105==
17096 42660 40704 11082 21095 38228 48502 55000 84500 333 84640 90730 91111==
17098 42660 60404 11086 21110 38191 48509 56003 84530 333 84635 86357 90730 91108==
17100 42670 30000 11032 21058 39224 40254 52004 81530 333 81640 83358 90730 91103==
17112 46/80 /0705 10018 21027 30312 40320 50000==
17115 41460 73515 10022 20002 30253 40306 55001 72522 87200 333 84715 86830 91026 90730 91127==
17116 42465 70402 10036 20013 30165 40291 57005 86270 333 83717 85830 87360 90730 91110==
17124 42660 63104 11004 21064 39320 40269 56005 86500 333 86635 90730 91113==
17128 42670 70610 11007 21054 39122 40256 55006 84530 333 84640 86360 90730 91113==
17135 42670 40505 10014 21040 39347 40246 55005 84500 333 84640 90730 91108==
17140 41650 80503 11036 21048 38721 48501 56006 77072 8552/ 333 85638 88458 90730 91109==
17150 41460 73611 10025 20016 30156 40284 57002 78082 87200 333 84715 86835 90730 91118==
17160 41645 80205 11009 21064 39048 48506 55007 77122 8552/ 333 85636 88458 90730 91109==
17170 42560 10503 11069 21142 38316 48493 53002 81500 333 81630 90730 91119==
17175 42665 50804 10041 21022 30275 40279 54000 82130 333 82840 85360 90730 91110==
17184 42670 43605 10036 21011 30147 40262 56004 83240 333 83840 84360 90730 91112==
17190 42670 63601 11012 21063 39022 48510 55007 84550 333 84635 86360 90730 91105==
17195 42470 70906 11028 21053 38993 48502 55004 87500 333 82715 87630 90730 91108==
17200 42960 02104 11081 21088 39211 40239 55000 333 90730 91105==
17202 42970 02406 11046 21067 39145 40222 55002 333 90730 91110==
17203 42970 02201 11034 21104 38881 48528 55001 333 90730 91104==
17210 46/83 /2701 10015 21096 39132 40182 50004==
17219 42965 00119 10041 21011 30103 40252 58003 333 90730 91126==
17234 42970 03201 10040 21023 30164 40233 57003 333 90730 91104==
17237 42970 00000 10013 21043 39728 40246 55002 333 90730 91103==
17240 42970 00101 10008 21054 39051 40222 55006 333 90730 91115==
17244 42660 63506 11008 21054 39022 48508 56007 86500 333 86635 90730 91109==
17248 46/81 /0701 11008 21056 38995 40232 56007==
17250 46/80 /0604 11024 21056 38813 40236 57008==
17260 42960 00205 11005 21055 39327 40160 56004 333 90730 91107==
17270 42670 32902 10042 21040 39531 40187 55001 83500 333 83640 90730 91107==
17275 46/72 /0311 10006 21066 38967 40185 53002==
17280 42960 02306 11020 21048 39386 40192 53003 333 90730 91108==
17290 42970 00207 10077 21055 30177 40209 57007 333 90730 91116==
17292 42970 03001 10012 21063 39436 40209 57004 333 90730 91106==
17300 42960 03212 10063 21040 30137 40209 57006 333 90730 91115==
17310 42970 00703 10101 21044 30172 40179 57009 333 90730 91112==
17330 46/// /2903 10081 21048 30180 40192 55007==
17350 42560 30505 10050 21049 30107 40186 55005 82160 333 82830 83358==
17370 42/70 20000 10090 21004 30186 40190 57007 82030 333 82360==
17375 42670 30101 10075 21009 30187 40189 58006 81130 333 81835 83360 90730 91104==
33088 42560 81104 11065 21084 30223 40429 57005 885//==
33135 424// 81202 11072 21089 30297 40457 57007 886// 333 55000 88712==
33177 42560 81104 11054 21075 30149 40403 57002 885//==
33317 424// 80903 11076 21090 30066 40430 57006 885// 333 55010 88619==
33393 42360 61404 11061 21078 39973 40392 57003 86600 333 86708==
33415 42460 81302 11062 21074 39986 40412 57007 886// 333 88711==
33429 42360 81504 11079 21093 39970 40426 57006 886// 333 88707==
33466 42561 80502 11069 21094 30235 40437 57011 885//==
33506 42560 80403 11072 21089 30225 40437 57008 885// 333 55050==
33562 42660 80701 11076 21090 30116 40445 57004 885//==
33587 425// 80402 11073 21090 30148 40432 57007 885// 333 88627==
33658 42472 81305 11058 21082 30095 40416 57007 886// 333 55000 88715==
33663 42/60 80801 11056 21098 30328 40431 57006 8805/==
33664 42997 61302 11068 21087 30082 40423 57006 86030 333 55000 555 21068 7992/=
33678 42898 82803 11075 21098 30218 40445 57007 8805/ 555 21077 7990/=
33679 42497 80602 11062 21081 30230 40435 58001 885// 333 88617 555 21063 7992/=
33711 42360 80506 11078 21092 30196 40423 57007 886// 333 88707==
33745 42597 80302 11061 21068 30232 40441 57008 8693/ 333 55000 555 21062 7990/=
33748 42597 80901 11069 21082 30110 40416 57004 883// 555 21069 7000/=
33754 42997 80302 11064 21083 30267 40425 56006 8805/ 333 55005 555 21067 7990/=
33761 42961 00104 11094 21099 30177 40419 57010==
33791 42967 00406 11077 21099 30273 40411 56010==
33815 42598 50302 11069 21085 30186 40410 57005 85500 333 55000 555 21069 7990/=
33837 42460 50407 11047 21071 30330 40385 58008 85600 333 55025 85715==
33881 42997 03502 11077 21091 30198 40411 57006 555 21078 7990/=
33883 42597 63504 11077 21077 30223 40401 57007 86500 555 21077 7991/=
33885 41996 23604 11085 21097 30266 40410 57005 71000 82040 333 55003 555 21090 7000/=
33892 41996 00102 11087 21096 30181 40412 54000 71000 555 21089 7990/=
33902 42960 00506 11072 21111 30323 40387 57007 333 55070==
33924 22560 20607 11030 21054 30334 40347 57008 82500 333 21031 60002 91012 90730 91114==
33946 22480 80711 11029 21048 30094 40327 57007 886// 333 21030 55003 60002 88716 91014 90730 91118==
33983 22960 00609 11028 21059 30260 40324 57004 333 21031 55088 60002 91015 90730 91117==
34300 42560 80703 11073 21097 30256 40447 56005 885//==
34336 22960 00402 11131 21151 30330 40444 57011 333 21131 47010 60002==
34344 22960 02901 11145 21148 30342 40439 57009 333 21145 47012 60002==
34356 22970 00202 11137 21156 30264 40427 57012 333 21149 43007 55085 60002==
34357 22970 32402 11149 21168 30255 40426 57011 80001 333 21149 43016 60002==
34398 229// 00305 11104 21117 30366 40380 57014 333 55079 60002==
34415 42960 20503 11102 21117 30330 40435 57008 80001==
34438 22960 00202 11113 21121 30215 40424 57010 333 21136 47010 60002==
34445 22970 02803 11151 21162 30302 40428 57013 333 21154 43007 60002==
34461 22960 00201 11096 21121 30355 40414 57012 333 21097 43003 60002==
34473 329// 00304 11100 21137 30352 40394 57014 333 47003 55095 555 21101 7000/=
34476 21940 03606 11099 21116 30384 40392 57013 71000 333 21102 43003 55092 60002==
34504 41557 80505 11086 21097 30231 40419 57005 71022 88500==
34535 21440 80203 11100 21111 30340 40418 57007 77172 886// 333 21111 47011 69902==
34545 22560 80203 11097 21107 30288 40409 56010 885// 333 21097 43003 60002==
34555 21440 80407 11067 21081 30312 40409 56010 71022 886// 333 21071 42997 60002 90730 91110==
34560 41240 80505 11084 21096 30197 40401 57011 71022 886// 333 21084 88705==
34578 21/40 60104 11088 21091 30376 40384 57010 71022 86030 333 21088 60002==
34579 21940 03502 11105 21125 30335 40381 57009 71000 333 21105 43003 60002==
34644 22940 00405 11070 21078 30312 40394 57005 333 21071 60002==
34646 22570 80504 11047 21063 30302 40389 57009 885// 333 21052 55092 60002==
34655 22560 80204 11067 21080 30329 40393 57008 885// 333 21071 60002==
34662 22470 70204 11076 21092 30380 40392 57009 87500 333 21076 60002 87618==
34691 22970 00000 11098 21124 30582 40569 57013 333 55059 60002==
34720 22560 80303 11075 21088 30347 40389 55007 885// 333 21078 43004 55095 60002==
34727 22560 20606 11058 21075 30344 40376 57007 82500 333 21059 42997 60002 91012 90730 91112==
34743 21440 80402 11068 21077 30292 40387 57004 71011 885// 333 21075 60002==
34759 21540 80403 11071 21071 30238 40378 57003 71022 885// 333 21071 55092 60002==
34772 22960 00103 11085 21104 30369 40372 57005 333 21085 60002==
34785 22960 00103 11103 21118 30378 40354 57010 333 21103 60002==
34798 22960 03604 11101 21114 30485 40453 58010 333 60002==
34824 22960 00605 11066 21089 30355 40360 57005 333 21066 55068 60002 90730 91110==
34838 22960 00503 11071 21104 30256 40359 57005 333 21071 60002==
34845 21940 60602 11076 21086 30251 40366 57007 71022 80001 333 21080 45998 60002==
34858 21620 50000 11072 21077 30253 40368 57006 71011 82530 333 21086 60002==
34861 21440 80605 11074 21080 30109 40368 57006 71022 884// 333 21074 55082 60002==
34866 22960 00203 11080 21094 30373 40363 57005 333 21080 60002==
34880 21940 00103 11091 21109 30373 40345 57009 71000 333 21091 55082 60002==
34887 22970 03602 11089 21104 30371 40347 57009 333 21090 60002==
34949 22970 00604 11127 21144 39773 40366 57006 333 21133 46003 55075 60002==
34954 22970 02501 11104 21122 30178 40366 56005 333 21107 55089 60002==
34958 22970 00000 11128 21144 30149 40366 56006 333 21132 46001 60002==
34975 22970 00302 11087 21104 30353 40349 57007 333 21087 34/// 60002==
34984 22960 03403 11094 21112 30375 40342 57007 333 21094 60002==
35217 129// 00302 11128 21163 30334 40377 57007 60002 333 47014==
35302 129// 00606 11107 21135 30363 40385 57006 60002 333 42001==
35315 329// 00204 11130 21182 30298 40358 57010 333 47005 555 21131 3/114 7000/=
35344 319// 00406 11157 21190 30067 40379 53008 70230 333 47031 55089 555 21159 7000/=
35358 129// 00205 11170 21196 30185 40371 52007 60002 333 43022==
35368 32999 03404 11163 21205 30069 40356 52013 333 48042 55094 555 21180 7000/=
35386 32998 00000 11248 21273 39807 40388 53004 333 47028 555 21248 7000/=
35394 12970 21201 11215 21243 39639 40383 53001 60002 80001 333 43031==
35404 329// 00405 11099 21116 30359 40368 57013 555 21099 34111 7000/=
35406 129// 00404 11108 21121 30354 40356 57013 60002 333 46002 55078==
35416 12/// 30104 11121 21150 30218 40347 57005 60002 83030 333 47009 55094==
35426 129// 00305 11113 21164 30031 40340 53002 60002 333 47011==
35437 319// 20613 11121 21147 30089 40425 53003 73630 80003 333 47016 55087 91018 91118 555 21122 7000/=
35449 329// 00406 11155 21186 30223 40334 53006 333 48016 555 21156 7000/=
35497 12970 00000 11186 21211 39786 40676 53005 60002 333 47049==
35498 32998 00000 11260 21279 39426 40406 52004 333 47049 555 21260 7000/=
35514 32998 00504 11111 21139 30558 40554 57012 333 42003 555 21114 7000/=
35522 329// 70203 11120 21172 30068 40336 53006 87030 333 47004 555 21120 7000/=
35542 329// 00507 11151 21185 30184 40343 53014 333 47008 55072 555 21152 7000/=
35563 32998 00000 11118 21188 39541 40353 53012 333 47026 55086 555 21175 7000/=
35576 12970 00403 11210 21252 39865 40357 53008 60002 333 47028==
35582 32998 00504 11180 21235 39717 40367 53011 333 47020 555 21180 7000/=
35594 32999 01901 11190 21228 39468 40376 53008 333 47030 555 21260 7000/=
35605 32998 00202 11110 21130 30353 40330 57010 555 21111 7000/=
35633 329// 40305 11152 21176 30097 40327 52011 80001 333 44004 55075 555 21156 7000/=
35671 12/70 23202 11186 21215 39883 40350 53012 60002 82040 333 47012==
35699 12960 00505 11077 21178 39532 40313 53004 60002 333 48018==
35700 12970 00404 11110 21123 30347 40322 57008 60002 333 55079==
35715 32997 00703 11124 21159 30328 40312 57002 555 21127 7000/=
35739 326// 80000 11140 21183 30146 40294 53005 885// 333 48004 555 21162 7000/=
35746 12/// 80105 11105 21149 30213 40284 52007 60002 86052 333 42997 55091==
35777 32997 50000 11146 21173 39961 40329 52011 80004 333 47011 555 21153 7000/=
35796 12960 00303 11158 21195 39864 40330 53006 60002 333 47025 55093==
35849 125// 80000 11074 21118 30176 40265 52008 60002 885// 333 41/// 55093==
35895 32998 40202 11175 21201 39866 40346 53009 80002 333 47007 555 21179 7000/=
35907 32998 03505 11061 21096 30349 40317 57016 555 21064 7000/=
35925 129// 00503 11145 21165 30182 40302 53005 60002==
35927 329// 00501 11133 21139 30292 53003 555 21136 7000/=
35953 41/40 80604 11056 21090 30124 40257 52011 77976 8802/ 333 41998==
35969 41/40 80905 11050 21078 30094 40272 52015 76261 8802/==
35997 31996 20201 11166 21192 39858 40326 52008 71000 82040 333 47002 555 21166 7000/=
36259 42584 80901 11303 21335 38215 48517 57013 84902==
36335 32999 00000 11186 21212 39283 40386 53001 333 48042 555 21218 7000/=
36358 32999 00000 11188 21211 39274 40368 57001 333 47018 555 21240 7000/=
36394 32997 21303 11253 21271 39899 40368 57009 82040 333 48015 555 21266 7000/=
36397 42984 62004 11248 21270 39743 40365 57009 80001 333 47008==
36403 31996 51102 11260 21276 39956 40358 57022 71022 83041 333 48039 55071 555 21288 7000/=
36418 32999 70000 11264 21284 39695 40380 57007 80003 333 48075 555 21305 7000/=
36421 32999 62301 11306 21329 39748 40387 57003 83032 333 47101 555 21336 7000/=
36428 12/84 70802 11287 21322 40391 58006 60002 83042 333 47054 55087==
36439 32798 71206 11154 21188 38992 48488 57009 82531 333 48038 555 21187 7000/=
36498 32998 00104 11151 21206 39487 40325 53002 333 48065 555 21170 7000/=
36501 32999 00000 11198 21227 39534 40347 57001 333 47006 555 21241 7000/=
36535 12984 73201 11313 21341 39681 40400 57003 60002 80004 333 48082 55090==
36546 32999 00000 11288 21318 39777 40384 57012 333 47040 555 21326 7000/=
36619 32999 03601 11213 21252 333 47023 555 21228 7000/=
36622 32998 03101 11202 21232 39485 40355 53005 333 48039 555 21235 7000/=
36639 12984 00801 11247 21289 39667 40334 53002 60002 333 47064==
36643 32999 02201 11247 21266 39650 40382 53008 333 47016 555 21260 7000/=
36665 31996 01501 11214 21231 39561 40350 57004 71000 333 47022 55086 555 21251 7000/=
36666 32498 32801 11282 21306 39831 40385 57001 82601 333 47016 55080 555 21328 7000/=
36729 32998 03401 11216 21234 39799 40324 54000 333 43012 555 21220 7000/=
36736 32999 03501 11187 21213 39730 40327 53004 333 44020 55092 555 21197 7000/=
36744 32998 00000 11202 21221 39841 40331 52017 333 47004 555 21203 7000/=
36770 32999 00000 11184 21184 39541 40323 53015 333 47025 555 21205 7000/=
36786 32999 00000 11113 21130 39335 40293 53011 333 43050 555 21137 7000/=
36796 32998 00000 11232 21267 39055 48478 53005 333 47071 555 21233 7000/=
36803 32999 00000 11167 21181 39834 40316 53011 333 43005 555 21173 7000/=
36806 32998 01607 11190 21250 39831 40338 53014 555 21239 7000/=
36819 31997 80000 11163 21176 39655 40311 52004 71022 82021 333 43004 55080 555 21163 7000/=
36821 11940 40202 11182 21189 39793 40322 52013 60002 71000 80002 333 42002==
36839 32999 00000 11126 21180 39127 40315 52011 333 43012 555 21149 7000/=
36843 32998 02403 11030 21081 39078 40266 53011 333 47033 555 21040 7000/=
36846 32999 20903 11113 21197 38626 48515 52009 80040 333 43063 555 21130 7000/=
36859 12984 00000 11087 21102 39516 40331 53012 60002 333 42003==
36870 11940 30201 11050 21063 39229 40265 52006 60002 71000 80001 333 43029==
36874 32998 51803 11156 21177 39609 40450 52004 80006 333 47013 555 21158 7000/=
36877 32999 52101 11121 21127 39662 40733 52006 83031 333 47018 555 21123 7000/=
36885 32999 21402 11065 21084 39120 40281 52008 82030 333 47034 555 21077 7000/=
36889 32999 01804 11068 21151 37049 47068 52008 333 47012 555 21077 7000/=
36894 32995 00000 11106 21123 39526 40301 52012 333 43009 555 21107 7000/=
36905 32999 01101 11048 21109 38759 48516 53012 333 43023 55073 555 21050 7000/=
36911 12999 50000 10008 21057 39269 40250 53007 6//// 80001 333 21020 555 50021 530// 7000/=
36927 12699 71402 11013 21076 38366 48535 53009 6//// 87900 333 21034 555 51002 530// 7000/=
36934 12698 63301 11032 21079 38276 48410 53004 6//// 82902 333 2//// 555 11005 5//// 530// 7000/=
36953 32899 52701 11101 21121 38206 48508 53010 83041 333 47020 55076 555 21135 7000/=
36963 12999 51603 11103 21139 37032 48/// 53004 6//// 82051 333 2//// 4/007 555 11098 5//// 530// 7000/=
36974 12998 70000 11116 21122 38022 48572 52008 6//// 80001 333 2//// 4/003 555 11074 5//// 530// 7000/=
37018 22960 00304 11008 21085 30182 40261 57004 333 21010 55082 60002 90730 91112==
37031 22960 00503 11081 21124 30138 40347 57005 333 21081 55095 60002==
37054 22460 80000 11093 21114 39944 40357 57009 884// 333 21093 47003 60002==
37061 21940 03401 11103 21117 30179 40362 56007 71000 333 21114 42997 55094 60002==
37085 22940 03303 11086 21107 30372 40344 57008 333 21088 34/// 60002==
37171 22640 70703 10030 21015 30233 40252 57004 87500 333 20019 60002 87637==
37228 21420 82801 11064 21073 39450 40331 57010 71022 886// 333 21064 47003 55000 69902==
37235 22/60 31101 11082 21095 30006 40345 57011 8004/ 333 21082 46001 60002==
37472 22970 02803 11052 21080 30359 40335 57011 333 21055 34/// 55000 60002==
38149 12970 02401 11170 21196 30206 40290 53005 60002==
38178 42/70 82403 11081 21122 39931 40233 52011 8802/ 333 55000==
38262 12920 03001 11150 21174 30201 40290 53014 60002 333 55058==
38264 12970 03101 11149 21176 30194 40297 52010 60002==
38345 12698 80000 10001 21029 38823 48512 52015 6//// 885// 333 20001 34101 555 5//// 530// 7000/=
38353 12998 52301 11014 21078 39332 40252 52016 6//// 80001 333 21019 3/107 41025 555 5//// 530// 7000/=
38388 32998 00000 11132 21175 30202 40279 58011 333 21134 34115 55012 555 7000/=
38392 32997 23002 11144 21157 30178 40290 53008 80002 333 21147 34113 55000 555 7000/=
38396 12960 33002 11128 21155 30160 40295 52008 60002 80001 333 21128==
38403 42/60 32301 11100 21120 30126 40255 52006 83070==
38413 42/70 82904 11081 21087 39988 40298 52035 8802/ 333 55000==
38457 41/40 82802 10024 20008 39676 40276 52023 76876 8802/ 333 55021==
38462 12684 80000 10004 21018 38785 48523 52022 60002 8692/ 333 21010==
38507 32996 60203 11058 21097 30180 40289 57005 82031 333 21060 30107 55083 555 7000/=
38545 12998 01401 11127 21127 30110 40300 52008 60032 333 21129 3/102 48007 55000 555 7012/=
38565 12660 82103 10008 21012 39642 40217 52010 60002 885// 333 20002==
38579 42560 83201 10040 20006 39837 40261 52017 889// 333 55000==
38583 41560 83402 10033 20020 39943 40271 52017 78088 8892/==
38599 32897 82310 10041 20015 39715 40259 53013 8695/ 333 20041 84956=
38611 11/20 80702 10051 20001 39664 40240 52025 60002 71022 8807/ 333 55055==
38613 12996 80201 10004 21013 40254 52020 6//// 8802/ 333 20004 30101 555 10045 5//// 530// 7000/=
38616 12597 72301 10026 21010 39220 40247 52020 6//// 87500 333 2//// 555 10042 5//// 530// 7000/=
38618 12660 81201 10034 21004 39533 40231 52023 60002 8257/ 333 55040==
38647 32597 80804 11046 21073 30223 40268 57001 885// 333 21046 3/103 42001 555 7001/=
38656 32998 00902 11056 21098 30174 40291 53004 333 21056 34104 55000 555 7000/=
38683 12460 43402 11044 21053 30007 40299 52006 60002 84500 333 84612==
38687 32697 80000 11026 21071 30051 40297 53003 8802/ 333 21040 34101 55000 555 7005/=
38696 41510 82902 11010 21010 39394 40277 52009 74442 886// 333 55000==
38713 31/92 90901 10001 21002 39058 48510 52020 74542 333 20000 55026=
38750 32997 63202 11020 21043 30315 40285 58011 86030 333 21021 31102 55011 555 7002/=
38763 11497 80702 11035 21046 30169 40280 57001 69902 77072 8802/ 333 21037 3/103 47004 55000 88520 555 7002/=
38774 32897 81201 11024 21036 30080 40285 57002 8807/ 333 21030 31100 555 7000/=
38799 32597 81401 11022 21037 30060 40304 58001 885// 333 21024 31101 555 7005/=
38806 32697 70000 11014 21040 30004 40275 53001 87500 333 21016 34101 555 7002/=
38812 41120 83102 11022 21025 39813 40287 52001 71022 883// 333 82703==
38836 21597 80000 10006 20006 39285 40245 54000 78588 889// 333 20002 47003 60062=
38880 12297 80703 11016 21022 30011 40277 55004 69902 886// 333 21020 31101 88704 555 7990/=
38886 31596 80801 10000 21018 30042 40279 57007 71022 885// 333 21005 31101 555 7995/=
38895 32596 71302 11018 21044 39985 40288 57007 87500 333 21018 34102 555 7003/=
38911 32998 83402 10006 21044 39974 40279 57004 8807/ 333 20002 31002 55000 555 7996/=
38915 42597 83001 10020 20004 39957 40290 58001 69902 885// 333 20016 32002 555 7003/=
38927 41442 81401 10034 20016 39887 40272 51006 78088 889// 333 55020 87713==
38933 21596 81403 10048 20009 39762 40285 52024 76066 8802/ 20046 60072=
38944 31696 81602 10040 20025 39657 40200 53005 70522 885// 333 20039=
38954 32899 70000 11043 21052 37967 48560 53002 85901 333 21048=
38974 32974 83201 10008 21006 39937 40284 58003 8802/ 333 20007 32003 55000 555 7000/=
38987 32496 80204 10014 20011 39484 40246 57012 885// 333 20014 32002 55000 555 7009/=
40100 43/82 80805 10116 20044 30186 40202 58010 333 58///=
40180 02660 60101 10089 20040 30142 40193 57007 82170 333 70000==
40199 02/// /0302 10082 20010 30167 40193 57009 333 70000==
40265 41950 01203 10019 20006 39400 40215 57006 71000=
40270 41950 01904 10042 20001 39284 40202 57007 70500=
40272 41630 30000 10013 21003 39355 40212 57005 71000 83000 333 83635=
40356 42960 00000 11018 21040 39200 48489 333 58022 555 04410 50208=
40357 42960 03505 10017 21040 39541 40195 333 58028=
40360 42960 00000 10011 21010 39595 40204 333 58008=
40361 42960 00000 10000 21080 39409 40254 333 58010=
40362 42960 02706 10022 21070 39674 40204 333 58025=
40373 42960 03205 10055 21070 39768 40194 333 58015=
40375 42960 00000 10029 21060 39295 40190 333 58002=
40394 42960 01802 10014 21070 39046 48508 333 58017 555 04410 50204=
40400 42960 00404 10128 20040 30128 40156 333 59002=
40405 42960 00104 10060 21030 39437 40211 333 58012=
40417 42960 02603 10084 20010 30157 40173 333 58008=
40420 42960 03502 10094 21030 39962 40178 333 58010=
40430 42960 00508 10126 21030 39427 40190 333 58019=
40437 42960 00000 10080 21030 39468 40180 333 58002=
40439 42960 00302 10124 20080 30120 40138 333 58000=
40582 31957 22906 10090 21006 40192 53016 70500 82030 333 55300 00000 10241 20000 30000 40854 51094 60000 55407 40000 82360 90401 91005 91111 91209 91307=
40703 42660 60000 11082 21100 38935 40256 53005 84570 333 10006 21082 70000 84640 86459 555 11084 29087 66666 01036 11036 20018 30038 50060 90090=
40706 42565 70806 11056 21141 38664 40265 52001 81376 333 11021 21058 79999 81930 83458 87268 555 11075 29051 66666 01029 11002 20033 30047 50059 90076=
40712 42660 63203 11091 21152 38689 40263 52003 82502 333 11018 21092 70010 82640 86067 555 11101 29061 66666 00008 10011 20018 30021 50036 90058=
40713 42660 70911 11036 21125 38646 40211 50005 81578 333 11006 21038 70000 81635 86266 555 11058 29050 66666 00016 10036 20049 30058 50073 90097=
40718 41440 83208 10025 20019 30322 40292 53001 76366 8532/ 333 10050 20017 70441 82912 84615 88557 555 10023 29096=
40723 42460 89901 11022 21040 38971 40251 56005 8252/ 333 11018 21026 70001 81710 88456 555 11027 29088 66666 00000 10012 20034 30042 50054 90070=
40726 41650 80105 11048 21091 38656 40238 52009 70522 8452/ 333 11012 21050 70002 84635 88458 555 11058 29072 66666 00012 10016 20040 30040 50052 90082=
40727 41640 83303 11063 21080 38465 40230 52009 71022 8352/ 333 11022 21063 70037 83640 88560 555 11066 29088 66666 01003 10014 20025 30033 50044 90074=
40732 41556 83205 10032 20016 30297 40272 53002 76062 8632/ 333 10044 20032 70098 82920 85625 88558 555 10026 29089 66666 00072 10074 20085 30092 50106 90126=
40736 41456 80000 10042 20033 30282 40256 56003 76162 8632/ 333 10054 20040 70300 85717 81922 88558 555 10038 29094 66666 00066 10070 20082 30090 50098 90118=
40738 42560 81302 10029 20008 30276 40278 53002 8452/ 333 10050 20027 70039 84630 88458 555 10021 29086 66666 00048 10060 20070 30084 50100 90124=
40739 42665 80204 11014 21071 38671 40207 57006 8552/ 333 10010 21032 70000 85635 88459 555 11032 29065 66666 00000 10000 20034 30054 50067 90090=
40741 41557 80000 10008 21009 39925 40271 55001 71022 8472/ 333 10040 20008 70006 84725 88458 555 10002 29088 66666 00044 10058 20075 30087 50101 90118=
40743 42662 61304 10011 21054 39042 40180 57009 83502 333 10050 20007 70001 83635 84070 555 11011 29062 66666 00018 10038 20076 30103 50123 90134=
40745 41318 81205 11005 21003 39055 40232 55001 75175 886// 333 10039 21006 70002 88708 555 11001 29098 66666 00008 10030 20052 30068 50080 90105=
40747 41557 83404 11039 21079 38610 40204 51010 77072 8632/ 333 11003 21039 70004 82725 81935 84640 86558 555 11049 29074 66666 00004 10019 20035 30050 50066 90094=
40754 41520 80000 11007 21029 38797 40170 53004 77177 8372/ 333 10066 21011 70010 81730 83640 88560 555 11015 29085=
40762 41540 80604 11019 21027 38511 40172 57014 78587 8832/ 333 10006 21020 70007 81930 84635 88459 555 11021 29094 66666 00006 10018 20034 30054 50072 90090=
40766 41362 70000 11029 21039 38662 40194 52015 70272 81770 333 10082 21029 70152 81707 87457 555 11031 29093 66666 00022 10045 20050 30058 50078 90102=
40768 41605 80302 11064 21068 38211 40205 52012 72222 8232/ 333 11041 21064 70112 81935 88459 555 11063 29097 66666 00005 10010 20015 30027 50038 90058=
40769 41610 83301 11035 21038 38237 40154 53011 77072 8552/ 333 10006 21035 70152 85635 88458 555 11034 29098 66666 00020 10034 20036 30050 50064 90104=
40780 42960 00000 11096 21108 38645 40217 52007 333 21098 10003 70150 555 11096 29091 66666 00030 10040 20050 30050 50080 90100=
40782 41660 70801 11007 21007 38839 40170 53014 70272 85320 333 10065 21013 70030 81935 84640 87459 555 11007 29100 66666 00016 10020 20052 30058 50096 90116=
40785 41508 82901 10005 21002 39076 40196 52021 77577 8432/ 333 10064 20004 70104 82930 83635 88558 555 10002 29095 66666 00036 10062 20072 30082 50104 90158=
40791 42560 51102 10062 20021 39286 40113 56006 83900 333 10102 20053 79999 83930 83640 555 10044 29075 66666 00076 10086 20110 30124 50144 90166=
40792 41558 73002 10033 20021 38650 40112 56010 71062 84370 333 10055 20025 70006 82930 84635 85358 555 10028 29092 66666 00054 10062 20076 30094 50126 90126=
40798 42660 22304 11025 21094 37890 40122 52006 82400 333 10047 21030 70000 82635 555 11046 29059 66666 00003 10017 20043 30055 50063 90080=
40800 42660 12806 10039 21091 38395 40113 52013 81500 333 10073 21003 70000 81640 555 11006 29038 66666 00016 10044 20072 30082 50092 90120=
40809 41560 61207 10058 20046 38429 40091 58011 70282 83370 333 10095 20047 70033 81930 86458 555 10052 29092 66666 00051 10060 20087 30100 50110 90128=
40811 42960 00801 10067 20020 30148 40175 53011 333 10161 20061 70000 555 10048 29072 66666 00096 10130 20162 30172 50188 90208=
40812 42660 31401 10070 20028 39772 40154 53005 83500 333 10138 20070 70000 83640 555 10052 29074 66666 00092 10108 20124 30136 50168 90190=
40821 42960 02402 10023 21005 38719 40127 53004 333 10061 20021 70000 555 10012 29082 66666 00042 10062 20095 30105 50116 90136=
40829 42660 53507 10081 20022 39576 40153 52003 81570 333 10116 20077 70000 81640 85359 555 10056 29066 66666 00100 10120 20144 30144 50152 90176=
40831 41658 32703 10065 20015 30174 40183 51006 70520 83500 333 10164 20065 70000 83640 555 10045 29070 66666 00092 10128 20184 30190 50206 90226=
40833 42660 53202 10089 20019 30151 40184 52019 85500 333 10164 20086 70000 85640 555 10060 29062 66666 00112 10134 20148 30150 50196 90216=
40841 42965 02006 10074 21044 38184 40070 55001 333 10124 20023 70001 555 10028 29043 66666 00068 10064 20062 30086 50110 90142=
40845 42660 53407 10146 20087 30169 40174 53008 85500 333 10155 20100 70000 85640 555 10116 29068 66666 00130 10140 20166 30176 50190 90202=
40848 42960 00000 10028 21043 38478 40121 52006 333 10168 20024 70000 555 10002 29060 66666 00048 10046 20094 30098 50104 90124=
40854 42660 12602 10075 20048 38893 40091 56007 81100 333 10133 20072 70000 81840 555 10062 29083 66666 00090 10130 20164 30176 50182 90198=
40856 41658 61905 10086 20072 38611 40117 55001 71062 84370 333 10135 20063 70011 81935 83640 555 10079 29091 66666 00092 10104 20122 30126 50116 90134=
40859 41958 31503 10062 20000 38670 40123 53001 70500 80001 333 10140 20062 70000 83070 555 10036 29064 66666 00040 10092 20112 30124 50126 90150=
40875 41520 62703 10194 20174 30111 40122 53004 71000 85530 333 10217 20188 70001 85625 555 10182 29088 66666 00200 10216 20226 30224 50236 90246=
40879 42960 10103 10145 20096 39463 40132 53006 80002 333 10228 20140 70000 81070 555 10119 29072 66666 00176 10190 20210 30214 50218 90234=
40882 41940 63308 10172 20123 30097 40132 53006 70500 80006 333 10204 20172 70000 86270 555 10145 29073 66666 00180 10198 20218 30230 50228 90244=
40883 41956 03105 10180 20138 30107 40134 53014 70500 80000 333 10216 20180 70000 555 10156 29076 66666 00186 10188 20210 30222 50230 90244=
40893 41450 31005 10217 20180 30121 40127 53006 71000 83600 333 10237 20217 70000 83715 555 10194 29080 66666 00238 10240 20248 30249 50251 90252=
40898 41958 00000 10188 20156 30132 40141 53010 71000 222// 00230 20900 333 10223 20188 70000 555 10169 29082 66666 00180 10200 20238 30252 50260 90266=
41024 42960 03606 10184 20120 30117 40144 333 59001=
41036 42960 00000 10103 20080 38555 48504 333 58006 555 04410 50148=
41055 42960 03402 10119 20000 38354 48502 333 59002 555 04410 50127=
41061 42960 01308 10123 21040 39431 40140 333 59009=
41084 42960 00000 10135 21030 38844 48499 333 58000 555 04410 50104=
41112 42960 01505 10121 20050 37939 48509 333 59006 555 04410 50108=
41114 42960 01506 10096 20010 37979 48517 333 59005 555 04410 50123=
41128 41925 00000 10122 21010 38804 48510 70600 333 59016 555 04410 50129=
41136 41956 00205 10153 20040 39316 40127 70500 333 59009=
41140 41959 01304 10232 20190 30117 40123 70500 333 59004=
41150 42970 23406 10164 20060 40169 82030 333 58008 82360=
41170 42660 23310 10167 20060 30150 40164 81031 333 58014 81362=
41176 44/70 /3407 10143 20067 30160 40166 333 58015=
41184 42660 62604 1020 20164 40140 70600 83530 333 58005 83640 83360=
41194 41556 72808 10209 20153 30132 40138 70522 8353/ 333 58003 83622 86362=
41196 41557 62707 10205 20154 30102 40143 70500 82530 333 58004 82625 85358=
41216 42960 43405 10194 20143 30143 40147 84030 333 58015 84362=
41217 42560 53307 10194 20141 30113 40142 82530 333 58009 82625 84362=
41242 36/// /1709 10216 20171 30111 40136 333 0E020 55300 25022 59020=
41246 36/// /3205 10219 20198 30123 40125 333 0E022 55300 25022 59018=
41254 36/// /2806 10114 21023 38037 49826 333 0E005 55300 25022 59007=
41262 36/// /1204 10157 20132 39941 40141 333 0E017 55300 20000 59008=
41263 36/// /2702 10148 20127 39554 40128 333 0E017 55300 20000 59011=
41265 36/// /3106 10153 20139 39549 40126 333 0E019 55300 20000 59014=
41267 36/// /1804 10203 20150 30109 40122 333 0E018 59023=
41268 36/// /2213 10207 20167 30074 40121 333 0E021 55300 25022 59021=
41275 36/// /0705 10146 20127 39984 40158 333 0E015 55300 20000 59011=
41288 32560 12402 10205 20167 30121 40143 81500 333 5//// 81620=
41315 36/69 /0000 10156 20149 39309 47926 333 0E021 55300 27865 59005=
41316 32580 53502 10204 20159 30110 40140 85500 333 59005 55000 55407 55408 55507 55508 85625=
41396 42965 22603 10133 20071 39399 40140 80001 333 59007 82070=
41480 42460 63002 10256 20209 30124 40132 86500 333 59006 83618 86630=
41506 22697 83606 10070 21027 38554 48551 8452/ 333 20049 5699/ 59006 60007 70000 84640 84460=
41508 22697 50000 10022 21020 38684 48548 82520 333 21003 56909 59006 60007 70000 82635 83460=
41515 22997 40000 10015 21027 38607 48566 84020 333 20002 56090 58016 60007 70000 84460=
41516 22996 20000 10000 21028 38598 48551 82030 333 21005 56090 59009 60007 70000 82360=
41517 22696 40000 11035 21072 37839 48587 82530 333 21059 56990 59023 60007 70000 82640 83360=
41518 22697 33602 10028 21058 38/// 48/// 82230 333 20020 56990 5//// 60007 70000 82640 81362=
41519 22997 00000 10065 21026 38816 48548 333 20060 59018 60007 70000=
41523 22697 30000 10030 21009 39103 48499 83500 333 20020 56900 59007 60007 70000 83640=
41535 22697 40000 10030 20005 38725 48487 84500 333 21005 56900 59015 60007 70000 84635=
41536 22997 00000 10060 21001 39057 48512 333 20035 59002 60007 70000=
41560 22997 00000 10010 21012 38289 48522 333 21030 59018 60007 70000=
41571 21996 70000 10095 20015 39585 40185 70522 84031 333 20060 56099 58000 60007 70000=
41598 21995 00000 10075 20040 39890 40173 70400 333 20073 59001 60007 70000=
41600 21996 00000 10085 20063 39858 40164 70400 333 20075 59010 60007 70000=
41620 31996 00000 10050 21049 38598 48499 70500 333 20015 58000 60007 70000=
41624 21995 00000 10100 20031 39954 40161 70400 333 20095 59011 60007 70000=
41630 21994 00000 10080 20046 40171 70400 333 20075 59003 60007 70000=
41640 21996 00000 10110 20079 39908 40164 70400 333 20092 59005 60007 70000=
41660 22997 31308 10070 21062 38429 48520 83030 333 20050 56090 59008 60007 70000 83360=
41678 21996 30000 10130 20068 40167 70400 83020 333 20115 56090 59016 60007 70000 83460=
41696 22697 40000 10040 21037 38001 48529 82520 333 20020 56990 58003 60007 70000 82640 82460=
41697 22997 00000 10100 20057 39979 40142 333 20080 59036 60007 70000=
41700 21994 20000 10110 20079 30013 40145 71000 82030 333 20096 56090 59013 60007 70000 82360=
41710 22997 00000 10140 20061 39330 40105 333 20105 59024 60007 70000=
41712 22996 00000 10120 20035 39172 48481 333 20105 59020 60007 70000=
41715 21994 00000 10130 20080 30093 40160 70400 333 20095 59010 60007 70000=
41718 21995 00000 10090 20057 30044 40151 71000 333 20086 59011 60007 70000=
41725 21995 00000 10120 20068 30069 40149 70500 333 20110 59008 60007 70000=
41739 22996 00504 10075 20017 39079 48519 333 20070 59013 60007 70000=
41744 22996 00000 10080 21021 38783 48501 333 20045 59025 60007 70000=
41749 21995 03106 10120 20090 30120 40156 70400 333 20105 59031 60007 70000=
41756 21996 00504 10175 20140 30083 40150 70504 333 20120 59013 60007 70000=
41757 22996 00000 10130 20091 30162 40175 333 20115 58001 60007 70000=
41759 22996 00000 10120 20068 30133 40139 333 20095 59022 60007 70000=
41764 21995 00000 10160 20081 30088 40139 70400 333 20145 59020 60007 70000=
41768 22996 00000 10095 20051 30135 40142 333 20070 59022 60007 70000=
41780 21996 30702 10130 20028 30112 40141 70500 80001 333 20120 56009 59018 60007 70000 83070=
41785 22996 00000 10130 20091 30143 40156 333 20095 59015 60007 70000=
41859 01940 03102 10163 20140 30111 40150 70500 333 20130 59017 70000==
41883 02950 00000 10166 20130 30134 40155 333 20125 59013 70000==
41891 01940 01002 10179 20120 30114 40154 70500 333 20121 59014 70000==
41907 01940 03102 10158 20140 30141 40157 70500 333 20105 59010 70000==
41923 01940 00000 10204 20090 30144 40154 70500 333 20162 59015 70000==
41936 01907 00000 10160 20140 30145 40152 74244 333 20114 59012 70000==
41943 01930 00000 10180 20120 30143 40150 70500 333 20108 59009 70000==
41950 01950 00000 10180 20120 30153 40155 70500 333 20115 59011 70000==
41978 01933 00604 10200 20100 30143 40149 70500 333 20145 59007 70000==
41992 01930 00303 10224 20090 30148 40150 70500 333 20170 59001 70000==
42027 32595 61801 10020 21010 38450 48537 84530 333 10130 20008 59012 555 10027=
42071 31995 00000 10090 20069 40167 71000 333 10226 20062 59005 555 10008=
42101 31995 00000 10100 20088 40172 71000 333 10248 20075 59003 555 10012=
42111 31996 21401 10108 20089 39432 40153 71011 81031 333 10251 20086 58008 81360 82070 555 10007=
42123 31995 30000 10102 20077 40154 70500 83030 333 10270 20097 59023 83360 555 10013=
42131 31995 30000 10086 20073 40169 71011 80001 333 10251 20068 59011 555 10013=
42165 32996 60000 10142 20063 40150 85031 333 10288 20134 59019 85360 86070 555 10001=
42182 31995 20000 10104 20096 40166 71000 82030 333 10261 20078 59003 82360 555 10007=
42189 31994 00000 10114 20077 40157 71000 333 10223 20085 58000 555 10013=
42309 31995 20000 10182 20155 40152 71000 82030 333 20078 59021 555 10080=
42314 31995 10000 10176 20148 40150 71040 81030 333 20109 59022 81360 555 10045=
42328 31995 60000 10154 20078 40127 70500 86030 333 10293 20120 59019 86360 555 10002=
42339 31595 10501 10144 20034 40153 70500 81500 333 10293 20113 59021 81630 555 10001=
42348 31995 20000 10158 20043 40165 70500 82030 333 10268 20106 59008 82360 555 10013=
42361 31994 00000 10112 20088 40169 71000 333 20080 59005 555 10003=
42369 31995 02703 10139 20081 40160 70500 333 10262 20093 59005 555 10001=
42379 31995 00000 10136 20113 40148 71000 333 10240 20087 59014 555 10000=
42398 31594 29902 10184 20147 40143 71000 82600 333 20132 59017 555 10000=
42410 31594 20000 10176 20159 40155 71000 81530 333 20130 59027 81620 555 10004=
42415 31995 00000 10168 20144 40159 71000 333 20134 59018 555 10019=
42452 31996 00000 10146 20104 40159 71000 333 10260 20092 59010 555 10014=
42492 31995 02703 10160 20095 40157 70500 333 20132 59011 555 10001=
42559 32996 00000 10128 20070 40160 333 20102 59013 555 10000=
42571 31996 00000 10128 20084 40168 70500 333 20090 59009 555 10002=
42591 31995 02302 10152 20081 40172 70500 333 20100 59010 555 10000=
42623 31495 20901 10140 20061 39272 40160 70500 82600 333 20061 59013 82710 555 10002=
42634 31995 00000 10158 20074 40142 70500 333 20149 59011 555 10000=
42647 31896 23604 10180 20088 40145 70400 82030 333 20149 59011 82358 555 10000=
42667 32996 01105 10154 20096 39558 40161 333 20106 59020 555 10000=
42675 31996 00000 10132 20088 40167 70500 333 20095 59013 555 10000=
42701 31996 20000 10166 20017 39415 40156 70500 82030 333 20102 59004 82360 555 10000=
42724 31995 00000 10170 20123 40150 70500 333 20110 59012 555 00000 10000=
42737 31996 30702 10186 20125 40144 70500 80001 333 20144 59006 83070 555 10000=
42754 31996 21102 10210 20082 39503 40142 70500 80001 333 20149 59016 82075 555 10000=
42779 32996 00000 10168 20099 39455 40167 333 20110 59006 555 10000=
42798 31595 23203 10160 20081 40161 70500 82500 333 20104 59005 82620 555 10000=
42809 31995 00201 10205 20106 40157 70500 333 20156 59011=
42840 31995 03602 10200 20156 40133 70500 333 20186 59005 555 10000=
42867 31996 00202 10212 20097 40142 70500 333 20150 59022 555 10001=
42874 31996 10000 10214 20009 40160 70500 80001 333 20153 81075 59006 555 10000=
42886 31995 20000 10184 20029 40168 70500 82040 333 20097 59007 82360 555 10000=
42895 32996 03402 10208 20127 40163 333 20153 59007 555 10000=
42909 32996 09902 10198 20143 40135 222// 20000 333 20179 58000 555 10000=
42971 31995 00000 10228 20187 40164 70500 333 20184 59003 555 10000=
43003 31995 00000 10224 20172 40125 70400 333 20200 59004 555 10000=
43014 31995 00000 10210 20162 39485 40136 70544 333 20186 59007 555 10000=
43041 31995 00000 10202 20139 39528 40150 70500 333 20145 59009 555 10000=
43063 32997 00000 10196 20171 39510 40141 333 20164 59010 555 00000 10000=
43086 31996 00000 10230 20212 39960 40139 70500 333 10342 20180 59006 555 10000=
43110 31995 01404 10224 20169 40124 70544 333 20205 59007 555 10000=
43117 32997 01402 10248 20200 40128 333 20226 59011 555 10000=
43128 31996 10000 10248 20174 39532 40137 70511 80001 333 10330 20201 59008 81070 555 10000=
43150 31996 30000 10256 20233 30087 40148 71000 80001 222// 20000 333 10318 20240 59007 83075 555 10000=
43185 31996 00701 10260 20236 30132 40136 70500 333 10333 20237 59006 555 10000=
43189 31596 20000 10252 20228 30136 40145 70511 82500 333 10317 20232 59007 555 10000=
43192 31995 00502 10230 20207 40119 70500 333 20214 59005 555 10000=
43198 32496 30503 10212 20124 39305 40132 82501 333 10328 20164 56109 59004 82612 555 10000=
43201 32997 02001 10236 20122 39386 40110 333 10337 20186 59006 555 10000=
43213 31996 00000 10234 20200 39804 40123 70500 333 10368 20214 59007 555 10000=
43233 32997 20703 10236 20197 39321 40137 80001 333 10321 20183 59008 555 10000=
43237 31996 00000 10214 20146 39712 40109 70500 333 10353 20182 59008 555 10000=
43245 32597 11802 10270 20228 30114 40141 81800 333 10332 20245 59004 555 10005=
43279 31594 10000 10254 20218 30119 40137 74400 81500 333 10328 20223 59013 555 10056=
43284 32996 00704 10236 20171 30002 40118 333 10344 20214 59008 555 10036=
43295 32997 10902 10214 20170 39120 48527 80001 333 10307 20174 59008 81075 555 10005=
43310 32496 43602 10266 20237 40117 82211 333 20242 58011=
43314 32996 10902 10268 20227 40117 80001 333 10356 20245 59010 555 10000=
43321 31995 20904 10230 20172 39689 40140 70500 80001 333 10325 20202 59004 82070 555 10001=
43329 31596 23402 10244 20229 30122 40136 70500 81501 333 10306 20220 59006 555 10005=
43333 31495 50502 10290 20238 40128 70521 83401 333 20254 56109 58000 81618 83820 85070 555 10074=
43344 31495 41104 10250 20232 30037 40137 71011 82501 333 10321 20214 59007 82616 83075 555 10015=
43353 31495 10262 20200 70521 81500 333 10316 20242 56700 59008 81620=
43369 32597 20000 10242 20230 40118 82500 333 10327 20217 59002 82620 555 10073=
43371 31596 20000 10236 20192 30048 40121 71000 81501 333 10364 20218 59005 81620 555 10049=
43404 22470 30901 10277 20253 30120 40123 54020 81000 333 10311 20213 553// 20191 59009 60008 70000 91003==
43410 21/68 10705 10276 20216 30126 40129 705// 80002 333 10279 20265 3/025 59006 60008 70000==
43413 22470 10604 10273 20242 30129 40134 52023 81100 333 10313 20258 553// 20205 59005 60008 70000 91006==
43415 22470 20402 10250 20223 30021 40129 52017 82000 333 10280 20216 3/019 59005 60008 70000==
43418 22970 00501 10275 20213 30082 40123 52015 333 10276 20249 59010 60008 70000==
43421 22470 10801 10255 20254 30024 40130 52023 81000 333 10322 20220 553// 20193 59006 60008 70000 91002==
43422 22/69 10501 10238 20226 39992 40127 52/// 333 10282 20215 59006 60008 70000==
43424 22970 00502 10240 20225 30121 40123 53018 333 20216 59005 60008 70000==
43436 22470 13402 10268 20235 30120 40123 52019 81000 333 10280 20244 3/023 59013 60008 70000==
43441 22970 01101 10240 20215 39984 40118 53024 333 10290 20212 3/019 59002 60008 70000==
43444 22470 31102 10235 20191 39582 40115 53020 81000 333 20203 59005 60008 70000==
43450 21557 10305 10256 20223 30110 40122 51016 70500 81000 333 10308 20226 3/020 59004 60008 70000==
43466 22/68 10502 10263 20200 30109 40117 5/021 333 10345 20231 553// 20221 59007 60008 70000 91005==
43467 21930 00504 10252 20216 30110 40116 52021 70500 333 20228 59007 60008 70000==
43473 22470 10808 10146 20087 38127 48500 52018 81000 333 10177 20117 3/008 553// 20326 59004 60008 70000 91013==
43475 21468 73302 10273 20220 30119 40124 52025 705// 84108 333 10324 20237 553// 20168 59006 60008 70000 91005==
43476 21460 40000 10168 20145 38789 48530 70511 84000 333 10189 20135 55001 59011 60008 70000==
43479 21465 6//00 10183 20174 39284 52023 71011 86200 333 10227 20152 59008 60008 70000==
43486 21450 11501 10243 20180 30020 40121 52024 70500 81000 333 10353 20188 553// 20244 59002 60008 70000 91001==
43495 22467 10702 10258 20187 30102 40115 52024 81000 333 20227 59002 60008 70000==
43497 22470 30204 10269 20000 30098 40115 5/022 82000 333 10333 20234 553// 20257 59006 60008 70000 91007==
44212 42/70 63201 11217 21252 39130 40374 57017 86010==
44213 42/84 61602 11234 21260 38765 40372 57012 86010==
44214 42670 82703 11153 21255 38235 40333 57011 88500==
44215 42/70 71103 11205 21244 38363 40366 57008 87070==
44217 32998 60000 11255 21304 37804 40490 58011 83041 333 91202=
44218 41/40 32301 11221 21252 38577 40384 58010 70400 82044==
44219 32999 31202 11253 21280 38612 40430 57010 80006 333 91203=
44265 42984 00000 11184 21250 38863 40391 50002==
44266 32999 01602 11156 21249 37715 40349 57011 333 91202=
44404 22958 01303 10134 20004 38131 48473 80000 333 20081 58014 60004=
44416 21909 00902 10102 20091 39375 40151 74140 80000 333 20070 58008 60004=
44424 22460 21402 10030 21127 37690 47070 81101 333 21035 58019 60004=
44434 21230 71702 10140 20124 39243 48524 71042 82660 333 20118 58002 60004=
44438 21910 01401 10118 20115 30023 40144 71044 80000 333 20104 59008 60004=
44449 21925 00000 10145 20133 39996 40155 71044 80000 333 20100 59006 60004=
44454 21420 21702 10112 20095 38669 48506 71044 82100 333 20076 58001 60004=
44462 21340 20902 10102 20063 38255 48477 7054/ 82200 333 20071 58014 60004=
44474 21010 40000 10107 20081 38266 48516 71044 84400 333 20075 58006 60004=
44477 21450 11801 10146 20095 38823 48527 7104/ 81100 333 20075 59008 60004=
44478 21908 03502 10136 20134 30057 40139 74144 80000 333 20099 59025 60004=
48010 41556 43601 10170 20135 39970 40127 70344 82830 333 59017==
48020 42957 00401 10185 20153==
48025 41110 43202 10183 20147 31004 40134 59017 74044 84700==
48048 42956 01801 10206 20160 30068 40125 333 59009==
48052 32957 00000 10210 20173 333=
48062 42556 23605 10200 20150 30127 40134 82500 333 58004==
48064 42950 01401 10186 20159 30054 40113 333 58004==
48094 42958 03201 10260 20220 30121 40131 333 58002==
48109 42960 00000 10270 20240 30123 40125 333 59009==
51076 14/62 /2401 11201 21228 39393 40370 52001 60001 333 11114 21250 3/103 4/025 59027 70000 90761 91102==
51087 14/62 /1302 11180 21218 39242 40363 52001 60001 333 11074 21227 3/106 4/018 59022 70000 90761 91102==
51156 14/80 /0602 11099 21186 38697 40313 57002 60001 333 11035 21160 3/118 59031 70000 90761 91105==
51243 14/30 /2401 11199 21227 39762 40372 52004 60001 70500 333 11128 21211 3/117 59026 70000 90761 91102==
51334 14/21 /2300 11206 21230 39922 40374 52009 60001 71000 333 11122 21235 3/113 4/012 59019 70000 90761 91102==
51379 14/65 /1301 11171 21220 39320 40364 57001 60001 333 11055 21248 3/107 4/022 59028 70000 90761 91103==
51463 14/63 /2600 11109 21169 39059 40331 52007 60001 333 11060 21131 3/101 4/036 59024 70000 90761 91104==
51573 14/65 /3201 11017 21155 30240 40292 52014 60001 333 10049 21056 3/112 59037 70000 90761 91103==
51644 14/58 /3601 11062 21123 38984 40303 52009 60001 333 10024 21111 3/107 4/002 59033 70000 90761 91103==
51656 14/56 /1801 11083 21108 39198 40314 52009 60001 70500 333 10022 21125 3/114 59030 70000 90761 91103==
51709 14/60 /2902 11044 21148 38647 40285 52007 60001 333 10039 21060 3/108 59030 70000 90761 91105==
51711 14/64 /2401 11099 21150 38013 40256 52008 60001 333 11018 21135 3/118 59022 70000 90761 91106==
51716 14/34 /0000 11073 21108 38945 40300 52009 60001 70500 333 10054 21090 3/114 59029 70000 90761 91102==
51765 14/61 /2302 11071 21138 39260 40306 52009 60001 333 10036 21119 3/115 59033 70000 90761 91104==
51811 14/25 /0000 11067 21154 38815 40296 52006 60001 70600 333 10058 21077 3/115 59030 70000 90761 91102==
51818 14/50 /2701 11059 21170 38663 40296 52009 60001 70600 333 10052 21085 3/115 59023 70000 90761 91103==
51886 14/74 /2601 11079 21232 37113 40266 52009 60001 333 10020 21145 3/120 59012 70000 90761 91105==
52203 14/69 /1002 11055 21173 39376 40309 52011 60001 333 10026 21122 3/118 59029 70000 90761 91105==
52602 14/77 /0401 11108 21240 37272 40310 52011 60001 333 11006 21178 3/122 59012 70000 90761 91106==
52818 14/66 /1401 11022 21233 37243 40266 52013 60001 333 10043 21134 3/120 59003 70000 90761 91105==
52908 14/80 /2906 11147 21285 35759 40357 52013 60001 333 11061 21216 3/126 59010 70000 90761 91109==
55228 14/80 /1100 11086 21192 36036 40226 52015 60001 333 10009 21139 3/120 59011 70000 90761 91106==
55299 14/67 /2202 11096 21279 35855 40227 52021 60001 333 10012 21148 3/122 59017 70000 90761 91105==
55578 14/80 /2303 10065 21242 36364 40015 52016 60001 333 10134 21020 3/109 59024 70000 90761 91110==
55591 14/78 /1102 10042 21218 36501 40028 52023 60001 333 10135 21015 3/109 59039 70000 90761 91105==
55664 14/75 /1502 11028 21216 36014 40143 52011 60001 333 10090 21113 3/116 59019 70000 90761 91106==
55773 14/80 /2001 11049 21153 36007 40191 52011 60001 333 10093 21135 3/118 59016 70000 90761 91103==
56004 14/80 /2903 11130 21294 35827 40324 52015 60001 333 11035 21213 3/125 59013 70000 90761 91107==
56018 14/70 /2701 11059 21299 36181 40216 52017 60001 333 10009 21109 3/117 59027 70000 90761 91103==
56312 14/75 /1203 10057 21075 37096 40138 52017 60001 333 10125 20031 3/003 59008 70000 90761 91109==
62306 42560 42410 10113 20091 40220 57004 84500==
62332 42560 62308 10125 20080 40196 57017 86500==
62366 44/56 52503 10121 20053 40201 57003 70520 85050==
62387 31950 02504 10058 20030 40206 57005 71000=
62393 42960 03305 10063 20023 40218 57003==
62405 42960 01602 10096 20025 40180 57007==
62414 42960 03404 10098 20003 40177 57001==
62419 42960 03504 10110 20004 40181 57002==
62420 32960 02201 10080 20014 40216 57005=
62458 32960 03404 10112 21007 40193 57002=
41256 329// 32305 10227 20139 30104 40121 90245 333 59023 55000 55407 55408 55507 55508=
