SMPK OPKC 250000=
41504 02995 32704 11015 21077 37909 48578 60002 83030 333 56090 58019 60007 83360 RH63%=
41505 22595 50000 10030 21006 38/// 48/// 60001 82570 333 56990 58/// 82640 83360 77%=
41506 02695 81804 10090 20039 38571 48568 60002 8452/ 333 5699/ 58021 60007 84640 85460 70%=
41507 02695 80000 10110 20091 39294 49821 60002 8352/ 333 5699/ 59003 60007 83640 85460 88%=
41508 01594 80000 10056 20044 38713 48576 60032 76066 8672/ 333 5699/ 58009 60037 82720 84638 84560 RH 93%CORR=
41508 01594 80000 10056 20044 38713 48576 76066 8672/ 333 5699/ 58009 60007 82720 84638 84560 93%=
41509 01696 82302 10080 20048 38808 48543 69962 75152 8451/ 333 5699/ 58004 69927 84640 88460 80%=
41510 01695 80000 10035 20012 37946 48563 60112 76166 8452/ 333 56990 59007 60097 84630 84460 85%=
41515 02695 80000 10034 21003 38604 48563 60002 8352/ 333 5699/ 59002 60007 83650 85460 76%=
41516 02996 60000 10050 20001 38597 48552 60002 86010 333 56090 59007 60007 86460 RH70%=
41517 11696 70000 10000 21057 37861 48600 60002 70410 83570 333 56990 58008 83640 87460 65%=
41518 02696 71802 10111 21090 38/// 48/// 60002 83520 333 56990 5//// 60007 83640 87462 24%=
41520 02695 71804 10020 21065 37670 48320 60002 83570 333 56990 58020 60007 83640 85462 53%=
41523 02695 80000 10105 20065 39134 48544 60002 8352/ 333 5699/ 58010 60007 83640 85460 76%=
41524 02696 70000 10145 20067 39388 40255 60002 83520 333 56990 58016 60007 83640 84460 59%=
41525 12695 80000 10035 21000 37702 48429 60002 8452/ 333 5699/ 58003 84640 78%=
41528 01696 80000 10090 20059 39258 48531 60002 70400 8552/ 333 5699/ 58015 60007 85640 88460 81%=
41529 01596 82704 10180 20083 39798 40180 69902 75050 8452/ 333 5699/ 59014 69907 84638 87458 53%=
41534 02696 83102 10160 20114 39761 40179 60002 83520 333 56990 59012 60007 83640 85462 74%=
41535 02696 80000 10110 20022 38738 48507 60002 8552/ 333 5699/ 58003 60007 85635 88460 RH54%=
41536 02996 00000 10075 20017 39078 48535 60002 333 59005 60007 67%=
41560 02696 50000 11015 21043 38307 48541 60002 82520 333 56990 58011 60007 82630 83460 RH81%=
41562 02696 80000 10125 20085 39712 40185 60012 70262 8352/ 333 5699/ 58007 60017 83640 85460 77%=
41565 02995 73104 10078 21038 38664 48520 60002 83520 333 56990 58001 60007 83640 84460 RH 43% =
41567 01696 70000 10145 20097 39747 40169 60002 70422 83570 333 56990 59005 60007 83640 85360 73%=
41571 119// 71304 10145 20067 39602 40192 60002 70522 83031 333 56099 59008 RH59%=
41572 01696 60000 10135 20088 39541 40174 60002 70422 82530 333 56990 5906 60007 82640 85360 RH73% =
41573 02697 71304 10030 21051 38006 48543 60002 83520 333 56990 58006 60007 83640 84460 55% =
41574 02997 50000 10020 20008 38382 48564 60002 85020 333 56090 58007 60007 85460 92%=
41576 01996 40000 10120 20079 40205 60002 70400 84070 333 56090 58002 60007 84460 76%=
41577 01696 60000 10130 20103 39568 40193 60002 70422 82570 333 56990 59007 60007 82640 84460 RH 83%=
41593 01696 80000 10160 20143 39956 40174 60022 76022 83570 333 56990 59002 60027 83640 88460 89%=
41597 01696 83602 10150 20123 39907 40204 60002 70422 8352/ 333 5699/ 58004 60007 83640 88460 84%=
41598 01696 70000 10145 20107 39886 40161 60002 70420 82520 333 56990 59017 60007 82640 86460 78%=
41599 01695 83104 10145 20117 39887 40183 60002 71022 83470 333 56990 58000 60007 83640 85460 83%=
41600 01696 80000 10140 20122 39886 40188 60002 70422 8357/ 333 5699/ 58016 60007 83640 85460 89%=
41620 21696 61802 10030 20005 38619 48518 60061 70361 84510 333 56990 58018 60067 84640 82460 84%=
41624 01695 80000 10155 20143 39966 40170 60043 76062 8392/ 333 5699/ 58001 60077 83637 85460 93%=
41625 01696 80000 10130 20111 39946 40168 60072 72162 8352/ 333 5699/ 59016 60047 83637 85460 88%=
41630 01695 80206 10160 20143 40176 60012 76066 8352/ 333 5699/ 59005 60017 83640 88460 89%=
41633 01696 80000 10095 20080 3//// 4//// 69902 72000 84520 333 56990 5//// 69907 84640 88460 93%=
41634 02996 50000 10130 20115 3//// 4//// 69902 85030 333 56090 5//// 69907 85360 73%=
41635 01696 80000 10160 20143 3//// 4//// 60002 70400 84520 333 56990 5//// 60007 84640 84460 89%=
41636 01696 82304 10175 20149 39985 40170 60012 76066 84520 333 56990 59011 60017 83640 88462 85%=
41638 01696 70000 10170 20144 4//// 60012 70455 83570 333 56990 5//// 69927 83640 87460 85%=
41639 01696 50000 10120 20101 3//// 4//// 60002 70420 82530 333 56990 5//// 60007 82640 83460 88%=
41640 01695 80000 10180 20127 39927 40179 69902 75052 8352/ 333 5699/ 59002 69907 83640 88460 71%=
41640 01696 80000 10180 20127 39927 40179 69902 75052 8352/ 333 5699/ 59002 69907 83640 88460 71%=
41641 01696 83104 10155 20108 39905 40183 69902 76062 84870 333 56990 69907 84640 88460 74%=
41642 01696 70000 10150 20113 3//// 4//// 60002 70400 83530 333 56990 5//// 60007 84640 86460 RH78%=
41643 01695 80000 10145 20117 39895 40176 60002 71022 8452/ 333 5699/ 59004 60007 84640 88460 83%=
41644 01695 80000 10100 20090 4//// 60012 76060 8452/ 333 5699/ 5//// 60017 84640 86460 93%=
41646 01695 70000 10130 20111 39980 40199 60042 70400 83470 333 56990 59012 60027 83640 86460 88;%=
41660 026// 71320 10110 20083 38435 48525 60052 76099 85930 333 56990 59009 60027 81930 84840 86358 RH83%=
41661 01695 81302 10120 20084 38386 48513 60022 75051 84520 333 56990 59006 69907 84635 84460 78%=
41669 01696 80000 10160 20151 3//// 4//// 60022 76062 84520 333 56990 5//// 60027 84640 85460 95%=
41670 01696 80000 10160 20133 4//// 60022 75052 84570 333 56990 5//// 60017 84640 88460 84%=
41674 01696 73106 10190 20138 3//// 4//// 69902 70422 82570 333 56990 5//// 60007 82640 87460 72%=
41675 01696 83108 10180 20146 30034 40178 69902 75052 8451/ 333 5699/ 58008 69907 84640 88460 80%=
41676 01995 70000 10170 20153 30037 40198 60012 76200 83520 333 56990 58013 60017 83635 84460 90%=
41677 01696 80000 10150 20113 39991 40160 60002 70400 83520 333 56990 59003 60007 83640 85460 78%=
41678 01696 81304 10150 20113 40162 60002 70422 8552/ 333 5699/ 59010 60007 85640 88460 78%=
41679 01696 70502 10170 20135 4//// 69902 75052 83570 333 56990 5//// 69907 83640 84460 80%=
41680 01696 80000 10175 20140 39970 40172 69962 70420 83570 333 56990 58000 60007 83640 85460 80%=
41685 02697 61302 10100 20047 38926 48503 60002 83220 333 56990 58004 60007 83840 83460 RH70%=
41696 02696 50000 10070 20039 37998 48521 60012 83520 333 56990 59009 60007 83640 82460 RH81%=
41697 02996 00000 10180 20127 30015 40173 60002 333 58024 60007 RH71 %=
41700 01995 30000 10160 20124 30024 40154 69992 70400 83030 333 56090 59002 60007 83460 79%=
41701 01695 50504 10120 20101 30026 40172 60002 71000 82530 333 56990 59007 60007 82640 83360 88%=
41710 12696 71304 10200 20069 39331 40090 60002 84510 333 56990 59004 84640 84460 RH42%=
41715 01994 00502 10170 20135 30096 40162 60002 70500 333 58026 60007 RH80%=
41716 01996 40506 10175 20140 30048 40152 60002 70400 84030 333 56090 59018 60007 84362 80%=
41718 01995 00000 10160 20124 30051 40157 60002 71000 333 58007 60007 79%=
41724 01995 40000 10170 20115 30101 40181 60002 70500 84360 333 56090 58011 60007 84360 RH70%=
41725 01996 30502 10180 20136 30082 40161 60002 70500 83030 333 56090 58007 60007 83360 RH76%=
41726 01995 00000 10170 20153 30102 40174 60002 71000 333 59008 60007 RH90%=
41738 02996 50000 10180 20163 39980 40163 60002 85030 333 56090 58007 60007 85460 RH90%=
41739 02996 30000 10145 20099 39042 48497 60002 83030 333 56090 58004 60007 83360 RH74%=
41742 12996 40000 10180 20146 30059 40165 60002 84010 333 56090 58013 84460 RH80%=
41743 01996 40000 10170 20135 60002 70400 80001 333 56009 60007 84170 RH80%=
41744 12996 30000 10110 20035 38792 48513 60002 83020 333 56090 58015 83460 RH60%=
41745 01995 03602 10165 20139 60002 70400 333 60007 RH84%=
41746 01993 00000 10130 20111 30101 40157 60002 71000 333 58006 60007 RH88%=
41747 01994 00000 10160 20143 30088 40150 60002 71000 333 58009 60007 RH89%=
41748 01996 00506 10180 20092 30089 40154 60002 70500 333 59001 60007 RH68%=
41749 01995 00000 10180 20146 30122 40155 60002 70400 333 58002 60007 RH80%=
41756 01595 61304 10205 20189 30077 40143 60002 71004 83401 333 56909 59003 60007 83625 83070 RH91%=
41757 11595 70000 10190 20156 30131 40144 60002 71000 84620 333 56990 59012 60007 84720 86460 RH81%=
41764 02996 00000 10205 20146 30091 40142 60002 333 59004 60007 RH69%=
41765 02996 00000 10210 20160 30111 40146 60002 333 59005 60007 RH73%=
41766 01993 00000 10185 20169 30126 40156 60002 74000 333 58000 60007 RH90%=
41767 22996 00000 10200 20184 3//// 4//// 60002 333 60007 RH91%=
41768 02996 00000 10160 20114 30140 40147 60002 333 58002 60007 RH74%=
41780 02996 40000 10215 20183 30115 40143 60002 80001 333 56009 59004 60007 84070 RH82%=
41786 02996 30000 10190 20147 30098 40135 60002 83030 333 56090 58003 60007 83362 RH76%=
41819 02996 30000 10110 21008 38830 48565 60002 80001 333 56009 58023 60007 83070 44%=
41BKI 02696 82304 10170 20094 39748 40168 69902 8352/ 333 5699/ 59017 60007 83640 86460 61%=
41SKP 01696 60000 10110 20090 3//// 4//// 69902 70400 82520 333 56990 5//// 69907 82640 84460 87%=
43532 01697 80000 10095 20064 39355 40178 60002 70400 8552/ 333 5699/ 58002 60007 85640 88460 81%=
43563 02997 30000 10128 20072 39479 40181 60002 83030 333 56090 59010 60007 83360 68%=
41712 12996 30000 10135 20077 39193 48503 60002 83500333 56900 58013 83640 RH68%=
41530 016// 73608 10180 20083 39760 40174 69902 76062 87430 333 56990 59014 69907 82840 87358 53%=
41785 02996 00000 10200 20167 30142 40155 333 58000 60007 81%= 
41BAG 02696 20502 10015 21038 60002 82500 333 56900 60007 82640 68%=
41759 01695 50902 10160 20133 30153 40159 60002 71011 83510 333 56990 58001 60007 83640 82460 RH84%=


UPPK OPKC 250000=
PPAA 7500/ 41517 MISDA DUE TO SMOKE HAZE=
PPAA 7500/ 41764 NO ASCENT DUE TO 30GMS BALLOON OUT OF STOCK=
PPAA 7500/ 41739 no acent due to security risk=
PPAA 7500/ 41715 NO ASCENT DUE TO BALLOONS OUT OF STOCK=
PPAA 75001 41598 55185 06501 77999=
PPBB 75001 41598 90/12 00000 31001 34502 903// 01001=
PPAA 7500/ 41600 MISDA DUE TO OVERCAST=
PPAA 7500/ 41624 MISDA DUE TO OVERCAST=
PPAA 7500/ 41640 MISDA DUE TO OVERCAST=
PPAA 7500/ 41646 MISDA DUE TO TECHNICAL REASON=
PPAA 7500/ 41678 MISDA DUE TO OVC=
PPAA 75001 41718 55185 05014 77999=
PPBB 75001 41718 90/12 00000 00508 01011 903// 02014=
PPAA 7500/ 41675 MISDA DUE TO OVER CAST=




Data Generated from File : D:/all data handling/Rmc_lhr/2025022500.FSU.txt
25/02/2025   01:05:33
____________________________________________________________________________________________
15020 07/56 /0000 11055 21094 30051 40261 57011 60001 7101/ 333 55087 21271 55300 20000 60007==
15090 07956 03001 11066 21106 30164 40264 57008 60001 7101/ 333 41998 55088 00258 21418 30244 55300 10210 20000 30000 60007 91002 90760 91102==
15108 06/// /2904 11079 21116 38082 48505 58011 60001 333 55090 21522 55300 20000 60007==
15150 07959 03201 11072 21095 30039 40268 57007 60001 7101/ 333 55086 21356 55300 20000 60007 91001 90760 91102==
15170 01947 01800 11107 21124 39454 42830 58004 60001 71000 333 41998 55088 21351 55300 20000 60007 91001 90760 91102==
15280 02984 03610 11104 21114 37479 47013 57006 60001 333 49081 55088 21860 55300 20000 60007 91014 90760 91114==
15310 04961 02002 11055 21097 30169 40261 57011 60001 333 55085 00319 21421 30639 55300 10210 20000 30000 60007 91005 90760 91105==
15335 02960 00400 11072 21095 30252 40259 57011 60001 333 55088 21494 55300 20000 60007 91001 90760 91101==
15350 07950 00000 11095 21108 30136 40266 57011 60001 7101/ 333 43003 55083 21058 55300 20000 60007 91001 90760 91102==
15360 04961 02703 11029 21078 30238 40256 57012 60001 333 55080 60007 91003 90760 91104==
15420 02960 02402 11085 21096 30144 40265 57013 60001 333 43016 55089 21549 55300 20000 60007 91002 90760 91103==
15460 07/20 /0000 11141 21163 30238 40265 57017 60001 7101/ 333 55090 21545 55300 20000 60007==
15470 07929 03501 11082 21093 30134 40270 57010 60001 7101/ 333 43003 55091 21530 55300 20000 60007 91002 90760 91103==
15480 07956 02801 11042 21076 30243 40262 57014 60001 7101/ 333 41998 55091 00398 21607 31426 55300 10230 20000 30000 60007 91002 90760 91102==
15549 12970 01601 11048 21064 39821 40261 57011 60001 333 11023 21050 43007 555 587// 92602=
15552 12570 23202 11021 21041 30204 40255 57017 60001 82500 222// 00048 10401 333 10010 21022 555 584// 92023 92428 92600=
15640 12968 00000 11021 21040 39950 40278 57011 60001 333 11003 21022 555 587//=
15655 12968 02301 11016 21035 30235 40270 57014 60001 222// 00051 10201 333 10013 21016 555 587// 92022 92427 92601=
15730 12670 80000 11004 21022 39861 40274 57013 60001 8552/ 333 10014 21009 41998 555 588//=
16627 12565 80000 10044 21004 30262 40269 57014 60001 8457/ 333 84630 88356 90730 91104==
16650 11460 70000 10052 20033 30263 40273 57013 69901 75152 85650 333 82715 84625 87358 90730 91102==
16723 12560 40000 10040 21036 30265 40279 57008 60001 81230 333 81825 84358 90730 91104==
16742 12560 30604 10070 21022 30119 40279 57004 60001 82150 333 90730 91108==
16749 12960 09901 10038 21024 30256 40271 58003 60001 333 90730 91104==
16754 12560 61403 10088 20048 30225 40274 58014 60001 81150 333 81820 85358 90730 91109==
16760 17/// /1706 10091 20037 39851 40275 57015 69901 7414/ 333 90730 91111==
17022 12970 01203 11017 21058 30105 40279 57013 60001 333 90760 91108==
17024 16/81 /2116 11031 21056 30183 40265 57019 60001==
17026 16/81 /1803 10007 21035 30235 40275 57020 60001==
17031 11256 11902 11060 21067 30272 40279 57018 60001 71011 81600 333 81704 90760 91106==
17034 11570 72002 10033 21071 30238 40286 57015 69931 70282 84250 333 84830 87360 90760 91115==
17038 11465 70000 10000 21008 30225 40275 57014 60061 72682 87200 333 84716 87835 90760 91107==
17042 17/18 /1502 10005 21010 30233 40275 57011 60121 771//==
17050 12670 50000 10020 21024 30212 40276 57011 60001 83530 333 83635 85360 90760 91105==
17056 16/78 /2904 11001 21025 30274 40279 57013 60001==
17060 12960 02306 10028 21036 30236 40278 57014 60001 333 90760 91110==
17070 16/77 /0402 11082 21102 39377 40290 57011 60001==
17074 16/72 /2201 11121 21125 39306 40294 57015 60001==
17084 12970 01601 11055 21093 39346 40299 57012 60001 333 90760 91105==
17085 12970 00000 11040 21067 39782 40299 57013 60001 333 90760 91109==
17092 12/60 32807 11089 21136 38911 48522 57004 60001 83030 333 83360 90760 91118==
17096 12660 52814 11145 21158 38218 48500 58002 60001 83550 333 83640 85358 90760 91120==
17098 12660 42311 11155 21196 38154 48481 56002 60001 82540 333 82640 84358 90760 91118==
17100 12670 51501 11050 21150 39207 40247 55001 60001 82530 333 82640 85358 90760 91107==
17112 16/81 /0701 10046 21026 30267 40275 57014 60001==
17115 12960 00000 11041 21044 30232 40286 57012 60001 333 90760 91104==
17116 12960 00000 11044 21065 30162 40290 57010 60001 333 90760 91103==
17124 12960 01202 11077 21123 39338 40304 57010 60001 333 90760 91109==
17128 12960 00101 11093 21128 39144 40306 57011 60001 333 90760 91106==
17135 12970 02401 11047 21112 39378 40297 57011 60001 333 90760 91105==
17140 12965 02602 11091 21140 38743 48517 57015 60001 333 90760 91105==
17150 12/60 40000 11025 21062 30156 40285 57008 60001 84030 333 84360 90760 91105==
17160 16/67 /0302 11088 21142 39086 40307 57013 60001==
17170 11460 51709 11103 21172 38323 48503 56003 69901 77122 85700 333 82710 85630 90760 91114==
17175 12665 51602 10061 21047 30264 40268 57012 60001 83250 333 83840 85360 90760 91105==
17184 12970 00000 11007 21058 30169 40285 57008 60001 333 90760 91103==
17190 12970 00901 11080 21139 39051 48527 57009 60001 333 90760 91104==
17195 12970 00405 11113 21129 39040 48532 57015 60001 333 90760 91108==
17200 12960 01606 11047 21142 39268 40302 57008 60001 333 90760 91115==
17202 12970 02311 11071 21119 39201 40299 58002 60001 333 90760 91123==
17203 12970 00000 11106 21179 38923 48556 50000 60001 333 90760 91104==
17210 16/// /0401 11057 21174 39192 40275 54000 60001==
17219 12665 61203 10019 21055 30137 40287 57007 60001 82150 333 82840 86358 90760 91112==
17234 12970 00502 10025 21095 30215 40285 56005 60001 333 90760 91105==
17237 12970 00000 11009 21129 39771 40295 57005 60001 333 90760 91104==
17240 12970 00000 11055 21131 39101 40300 57005 60001 333 90760 91105==
17244 12970 02502 11091 21160 39058 48528 57018 60001 333 90760 91105==
17248 17/58 /0000 11088 21118 39046 40312 57010 60001 704//==
17250 16/73 /0202 11115 21160 38859 40322 57013 60001==
17260 12960 00103 11053 21137 39401 40257 57012 60001 333 90760 91114==
17270 12970 03103 11013 21129 39610 40285 57008 60001 333 90760 91109==
17275 16/71 ///// 11064 21157 39025 40279 50000 60001==
17280 12960 02505 11047 21128 39458 40284 55002 60001 333 90760 91115==
17290 12970 03602 10080 21099 30248 40281 55006 60001 333 90760 91108==
17292 12970 50000 11028 21094 39502 40286 55002 60001 80001 333 85070 90760 91102==
17300 12960 03508 10011 21070 30223 40297 56002 60001 333 90760 91110==
17310 12970 00802 10057 21083 30273 40280 56007 60001 333 90760 91106==
17330 16/// /2702 10034 21137 30274 40285 50000 60001==
17350 12960 00207 11026 21116 30198 40280 57010 60001==
17370 12970 01201 10037 21064 30287 40291 57007 60001 333 90760 91104==
17375 12970 03501 10050 21001 30279 40282 56008 60001 333 90760 91104==
33088 32997 20000 11102 21124 30064 40270 57006 82070 555 1/113=
33135 329// 00000 11104 21132 30113 40272 53002 555 1/119=
33177 31996 00000 11064 21072 30012 40263 57006 71000 555 1/108=
33317 329// 00801 11068 21127 39910 40267 58009 555 1/106=
33393 31457 80000 10011 21010 39854 40256 57006 71022 886// 333 88711=
33415 32997 53201 11048 21058 39847 40265 57007 85030 555 1/107=
33429 32997 00301 11045 21144 39819 40262 57006 555 1/107=
33466 32970 00000 11075 21119 30062 40261 57006 555 14109=
33506 32997 03303 11089 21162 30029 40238 57007 555 1/113=
33562 32960 03301 11095 21111 39953 40279 57005 555 1/110=
33587 329// 00000 11090 21119 39983 40264 57005 555 1/110=
33658 31658 72902 11030 21073 39948 40261 57007 70411 87500 333 87645 555 1/104=
33663 32997 02801 11092 21122 30164 40267 57003 555 1/107=
33664 42997 03601 11050 21131 39927 40260 57007=
33678 42998 02801 11098 21159 30053 40280 57006=
33679 42997 00000 11078 21123 30065 40268 57007=
33711 32960 02902 11082 21119 30025 40248 57007 555 1/112=
33745 42997 00000 11080 21129 30072 40279 57009 555 14110=
33748 42997 01001 11018 21122 39956 40252 57011=
33754 42997 00000 11099 21158 30103 40260 58010=
33761 32970 03402 11065 21140 30018 40254 57007 555 1/107=
33791 32975 03002 11089 21113 30110 40247 57008 555 1/111=
33815 42997 00000 11024 21107 30040 40257 58011 555 14106=
33837 32964 02901 11023 21097 30186 40240 58015 555 1/105=
33881 42998 02202 11066 21092 30048 40257 57012=
33883 42997 01902 11058 21094 30074 40249 57013 555 14109=
33885 42997 02002 11058 21095 30117 40267 57011=
33892 42997 00000 11040 21131 30043 40268 57007=
33902 32997 03202 11073 21094 30180 40243 57011 555 1/109=
33924 42970 03202 10018 21039 30226 40239 57015==
33946 42581 82601 11023 21043 30012 40243 57017 885// 333 88633==
33983 42/60 22903 11040 21063 30154 40217 57013 82030 333 90760 91112==
34300 32997 30401 11086 21134 30049 40238 53002 83030 555 1/115=
34336 41960 00302 11132 21156 30106 40217 52005 70271==
34344 41970 00202 11150 21160 30113 40208 52003 70271==
34356 42970 30405 11151 21177 30034 40193 54000 80001==
34357 41460 83602 11157 21180 30025 40193 54000 70282 8255/==
34398 415// 81103 11111 21124 30183 40197 57003 77172 885//==
34415 /1597 80202 11082 21101 30114 40216 57003 78581 889// 555 1/109 69921=
34438 41460 20104 11137 21151 39993 40199 53003 72681 82300==
34445 41970 03202 11139 21156 30074 40197 52003 70181==
34461 42960 80502 11132 21160 30120 40179 54001 80006==
34473 419// 80804 11117 21130 30139 40180 53001 77122 8802/ 555 1/112=
34476 41470 80804 11120 21137 30168 40176 53002 70282 886//==
34504 32980 03404 11071 21152 30044 40228 57008=
34535 41/40 83302 11100 21113 30112 40188 54001 77177 8802/==
34545 41570 80204 11123 21142 30061 40180 54001 78582 883//==
34555 41/60 23504 11130 21150 30083 40181 57004 70171 82010==
34560 41440 80504 11157 21180 39965 40171 57002 77172 8872/ 333 88710==
34578 41/40 80702 11109 21113 30156 40163 57004 77677 8801/==
34579 41910 50501 11143 21149 30122 40168 57003 71022 80002==
34644 41540 83602 11086 21099 30089 40170 57004 71072 8657/==
34646 41/40 80303 11099 21108 30080 40167 57004 77177 8802/==
34655 41440 83402 11124 21141 30104 40168 54001 77177 8872/==
34662 41/40 83302 11142 21161 30153 40165 57004 77177 8802/ 333 88516==
34691 41/40 80000 11103 21109 30179 40166 57011 77171 8802/==
34720 41440 83402 11061 21076 30144 40186 57007 77172 887//==
34727 42460 83304 11043 21074 30162 40193 57012 884//==
34743 41440 83201 11077 21085 30068 40162 57010 77172 8252/==
34759 41440 82602 11073 21076 30022 40159 57011 78582 889//==
34772 41/60 61702 11118 21131 30158 40161 57008 70272 86010==
34785 41440 81601 11084 21097 30192 40168 57005 77172 8672/==
34798 42560 81302 11098 21115 30204 40173 57006 885//==
34824 42560 83202 11036 21073 30195 40201 57016 884//==
34838 41/40 82103 11049 21059 30086 40187 57010 77177 8802/ 333 11105==
34845 41440 82804 11054 21062 30054 40166 57014 77177 8872/==
34858 41/40 82502 11065 21079 30052 40164 57017 77172 8802/==
34861 41440 82703 11078 21091 39903 40157 57012 78582 889//==
34866 41440 82202 11072 21082 30170 40160 57014 78582 884//==
34880 41440 71401 11093 21105 30197 40169 57006 78582 87900==
34887 41440 80000 11078 21092 30198 40174 57009 77172 8872/==
34949 42/// /2509 11064 21082 39607 40176 57015 333 91013 90760 91114==
34954 41460 82402 11052 21069 39994 40175 57018 78782 889//==
34958 41560 82501 11061 21079 39968 40176 57017 78582 889//==
34975 41440 82502 11076 21086 30177 40173 57011 71082 885// 333 88618==
34984 41560 82202 11079 21090 30209 40177 57009 78582 8392/==
35217 429// 00902 11180 21192 30184 40228 57008==
35302 42/// 61204 11190 21209 30199 40222 57005 86030==
35315 425// 70902 11176 21217 30169 40231 57005 87500 555 1/118=
35344 419// 03402 11181 21204 39903 40213 57015 71000 555 1/121=
35358 42/// 82305 11106 21134 30011 40189 54000 8802/==
35368 419// 82701 11032 21060 39905 40174 58002 70272 8802/ 555 1/104=
35386 425// 51802 11060 21086 39663 40193 57004 85500 555 1/109=
35394 42/70 71203 11033 21099 39509 40191 57011 84041==
35404 425// 81304 11121 21134 30192 40201 57001 885// 555 1/117=
35406 415// 81002 11154 21167 30211 40213 57007 71022 886//==
35416 425// 23103 11203 21239 30086 40217 57021 82500==
35426 429// 43202 11201 21227 39902 40218 58028 80001==
35437 429// 20101 11230 21255 39872 40215 58029 80003 555 1/124=
35449 429// 03102 11158 21179 30084 40194 57009 555 1/118=
35497 429// 60902 11009 21099 39690 40511 57007 80001==
35498 429// 00000 11104 21141 39315 40223 57008 555 1/121=
35514 42998 00702 11194 21213 30208 40204 57008 555 1/121=
35522 429// 00402 11173 21205 39938 40208 57025 555 1/120=
35542 429// 03404 11160 21175 30038 40195 57018 555 1/118=
35563 41598 80000 11017 21040 39395 40163 54000 70282 885// 555 1/102=
35576 415// 81604 11023 21038 39722 40173 57010 70262 885//==
35582 426// 80704 11053 21106 39581 40190 57007 885// 555 1/107=
35594 429// 81101 11091 21129 39350 40211 57007 80001 555 1/110=
35605 42998 71104 11147 21160 30222 40199 57006 87050 555 1/114=
35633 415// 80304 11136 21153 39970 40196 57020 71011 8557/ 555 1/115=
35671 41540 80000 11004 21022 39738 40166 53001 71062 885//==
35699 419// 70708 11042 21113 39431 40194 54000 70231 80004 333 90760 91116==
35700 42670 61402 11102 21115 30222 40197 57011 86500==
35715 42997 01202 11134 21154 30216 40200 57017 555 1/115=
35739 414// 80000 11074 21100 30028 40171 57021 77177 8802/ 555 1/105=
35746 41/// 70204 11092 21112 30109 40179 57016 71011 83052==
35777 424// 80000 11001 21055 39820 40164 57001 886// 555 1/100=
35796 42960 80504 11077 21117 39753 40199 57008 80001==
35849 415// 80000 11084 21107 30091 40180 57014 71011 886//==
35895 42597 70103 11065 21093 39752 40206 58009 87500 555 1/108=
35907 42598 82205 11042 21058 30219 40187 57008 886//=
35925 415// 83602 11078 21088 30063 40179 57019 77072==
35927 415// 80000 11067 21072 30174 57022 77172 8802/=
35953 415// 80303 11040 21070 30032 40163 57027 70272 885//==
35969 42/// 80000 11002 21036 30007 40181 57008 8802/==
35997 419// 30501 11061 21084 39747 40191 53005 71011 83050 333 91103 555 1/107=
36259 12984 01201 11348 21381 38297 48591 57002 60002 333 21351 48012 55102==
36335 429// 30000 11091 21152 39188 40238 57006 80001 555 1/114=
36358 429// 00000 11143 21167 39195 40260 57013 555 1/116=
36394 429// 01901 11179 21186 39825 40277 57002=
36397 429// 01402 11076 21164 39678 40255 57002==
36403 419// 00201 11190 21195 39890 40278 57003 71000 555 1/126=
36418 429// 60000 11128 21186 39637 40281 57007 80003 555 1/121=
36421 429// 00000 11278 21297 39701 40330 57009 555 1/131=
36428 429// 20000 11223 21251 39759 40305 57010 80001==
36439 429// 01206 11073 21138 38976 48493 57005 555 1/114=
36498 429// 00206 11119 21175 39422 40244 57001 555 1/114=
36501 429// 00000 11104 21140 39466 40243 57005 555 1/124=
36535 429// 03201 11249 21279 39626 40322 57005==
36546 429// 03402 11232 21253 39717 40306 57006 555 1/127=
36619 429// 00704 11118 21140 555 1/113=
36622 429// 03201 11141 21171 39413 40255 54000 555 1/118=
36639 429// 01201 11160 21188 39591 40230 54000==
36643 429// 02201 11201 21218 39590 40304 56002 555 1/124=
36665 429// 01902 11136 21166 39507 40267 57016 555 1/116=
36666 429// 02002 11222 21235 39766 40302 57004=
36729 42998 02501 11107 21135 39701 40199 53001 333 91109 555 1/112=
36736 429// 50603 10010 21118 39647 40195 57007 83051 555 1/105=
36744 429// 70000 11054 21075 39725 40181 53004 87040 333 91104 555 1/106=
36770 429// 80000 11032 21042 39457 40186 53018 8802/ 333 91104 555 1/105=
36786 42999 00000 11011 21062 39254 40167 53001 333 91107=
36796 42998 00000 11180 21200 38995 48437 53010 333 91103=
36803 42999 02104 11098 21119 39717 40180 57017 333 91107=
36806 429// 01616 11116 21182 39770 40259 53006 333 91022 91128 555 91129=
36819 429// 82501 10014 21023 39564 40170 52003 8802/ 333 91112=
36821 419// 50801 11038 21046 39685 40180 58005 71022 80002 333 90760 91105==
36839 42998 83202 10016 21089 39059 40173 53014 82041 333 91106=
36843 429// 62603 10054 21046 39013 40155 53012 80002 333 91114=
36846 426// 81401 11008 21101 38577 48473 53010 84572 333 91113=
36859 429// 70000 11006 21030 39458 40243 57003 80005 333 90760 91107==
36870 42/// 82101 10066 21029 39175 40160 51001 83042 333 90760 91104==
36874 429// 51803 11008 21035 39386 40161 53011 80006 333 91106=
36877 429// 02001 11013 21034 333 91107=
36885 426// 81404 10022 21041 39058 40172 53021 8455/ 333 91106=
36889 429// 40000 11040 21167 37034 47047 57004 80001 333 91104=
36894 429// 60000 10013 21055 39442 40176 53019 83071 333 91114=
36905 429// 71301 10039 21058 38708 48476 53003 80002 333 91106=
36911 429// 80000 10052 20018 39214 40162 58024 8805/ 555 11004=
36927 42697 53602 11028 21073 38331 48496 57008 85900=
36934 42597 61001 11015 21042 38254 48381 56003 85932=
36953 426// 72402 11092 21111 38180 48508 57007 82943 333 91103 555 1/124=
36963 429// 61603 11072 21189 37018 48/// 58017 82051 555 17112=
36974 429// 80000 11058 21088 37977 48522 57017 80006 555 14110=
36982 429// 50000 11142 21224 36529 47113 58012 80001=
37018 41540 80602 11027 21041 30152 40231 57018 70282 889//==
37031 41/40 82508 11043 21054 39990 40193 57013 77172 8802/ 333 91011 90760 91111==
37054 41660 82505 11051 21082 39787 40187 57020 70288 884// 333 91010 90760 91110==
37061 41/20 82304 11063 21076 30008 40185 57015 77372 8802/==
37085 41540 82303 11071 21080 30220 40192 57009 70272 885//==
37171 41640 80402 11006 21024 30221 40240 58012 78582 889// 333 88945 90760 91111==
37228 42560 80901 11082 21108 39319 40194 57014 883//==
37235 41/40 82401 11064 21072 39870 40202 57010 77172 8802/==
37472 42/60 83001 11032 21067 30220 40196 57009 8807/==
38149 42570 81602 11024 21030 30107 40185 57010 885//==
38178 415// 80502 11014 21034 39859 40151 57025 71022 885//==
38262 425// 80000 11030 21037 30077 40161 57022 885//==
38264 42570 70000 11025 21031 30061 40157 57025 875// 333 87628==
38345 42998 82501 10016 21015 38769 48469 57008 8//// 555 11001=
38353 429// 20000 10058 20026 39290 40180 58010 80001=
38388 42598 70000 11024 21036 30115 40187 57002 87900 555 1/103=
38392 42597 83201 11013 21018 30053 40159 57021 885// 333 88624 555 1/101=
38396 42340 71003 11007 21019 30038 40166 57013 875// 333 87607==
38403 42/// 83203 11011 21026 30030 40154 57009 8802/==
38413 42/// 80502 10015 20010 39866 40161 57015 8802/==
38457 41520 70401 10066 20045 39541 40122 57020 71022 85540==
38462 426// 80901 10031 21034 38706 48451 57021 8592/==
38507 41494 80902 11027 21030 30097 40204 57006 77572 8802/ 333 88512 555 1/103=
38545 42597 83403 11005 21014 39974 40153 57033 885// 555 14101=
38565 11/// 90000 10027 20024 39524 40094 57030 60002 74544 89///==
38579 125// 80701 10055 20053 39714 40130 57022 60002 889//==
38583 11540 81801 10051 20042 39813 40135 57021 60002 71022 889//==
38599 41896 80000 11056 20039 39590 40124 57031 78082 8295/ 333 82957=
38611 41/40 83303 10090 20014 39562 40113 57024 71022 8807/==
38613 429// 71501 10068 21002 39234 40125 53015 87020 555 11003=
38616 425// 71801 10067 20000 39144 40147 56006 87500=
38618 42/// 81101 10070 20025 39448 40131 57010 8807/==
38647 42697 20000 11018 21037 30140 40184 57008 82500 555 14102=
38656 42698 83204 10002 21019 30073 40186 53007 885// 555 10001=
38683 41320 83204 10021 20018 39861 40141 57019 77375 882// 333 88507==
38687 41497 80204 10018 20015 39902 40140 57028 76165 8802/ 333 88510 555 13002=
38696 115// 80702 10059 20057 39252 40099 57045 60002 72842 886// 333 11006==
38713 429// 82003 10035 21009 38978 48450 57020 8807/=
38750 42597 82502 10012 21020 30249 40220 54000 885// 555 10001=
38763 41/84 /3101 1//// 2//// 30076 4//// 54000 700// 555 1////=
38774 42895 83202 10004 21016 39992 40194 57010 8807/ 555=
38799 41597 83603 10010 20002 39912 40148 57021 76162 8872/ 555 11001=
38806 42697 73602 10026 20010 39860 40124 57019 87500 555 11004=
38812 41240 82905 10049 20047 39664 40117 57033 71022 883// 333 83705==
38836 415// 80000 10092 20073 39166 40084 57024 78088 889//=
38880 41295 83206 11002 21005 39921 40185 58005 78586 8892/ 333 88504 555 1/100=
38886 41494 80000 10006 21005 39947 40181 53002 77322 882// 555 11000=
38895 41496 82701 10004 21002 39870 40167 57016 77176 8802/ 555 1/000 43///=
38911 41697 83406 10050 20003 39827 40122 57030 78082 8597/ 555 11006=
38915 41597 82803 10078 20067 39798 40119 57027 70262 885// 555 12007=
38927 41745 80502 10092 20084 39721 40092 57037 78088 8895/ 333 86956==
38933 417// 83602 10116 20077 39617 40118 54000 76062 8802/=
38944 425// 83602 10107 20067 39519 40041 57020 889//=
38954 429// 80000 11021 21062 37976 48570 57005 86920=
38974 41497 83201 10023 20010 39857 40199 52010 78388 87977 333 87915 555 12003=
38987 41395 83402 10022 20019 39394 40146 57011 76166 8802/ 555 12004=
40100 43/80 00905 10059 21064 30279 40296 56009 6///1 333 58///=
40180 12610 22101 10035 20007 30224 40276 57011 60001 82400 333 70000==
40199 02/// /0105 333 70000==
40270 32960 00000 10000 21029 39346 40284 57011=
40272 31950 00000 11012 21030 39414 40285 52010 71022=
40340 31956 00110 10080 21024 30198 40264 57012 70500=
40356 32960 00808 11026 21160 39260 48537 333 58044 555 04410 50278=
40357 32960 00304 11010 21150 39611 40278 333 58049=
40360 32960 02704 11006 21070 39659 40276 333 58032=
40361 32960 01503 10000 21130 39466 40317 333 58039=
40362 32960 00207 10017 21150 39742 40283 333 58061=
40373 32960 03610 10044 21070 39824 40255 333 58051=
40375 32960 00709 10034 21110 39338 40239 333 58025=
40394 32960 03608 10042 21130 39087 48551 333 58048 555 04410 50236=
40400 32960 00504 10144 20010 30158 40187 333 58015=
40405 32960 00513 10076 21060 39474 40247 333 58048=
40417 32960 03314 10133 20030 30185 40201 333 58046=
40420 31957 53519 10121 20010 39975 40189 70700 80001 333 58040 85070=
40430 32960 30209 10140 21060 39455 40217 83030 333 58042 83360=
40437 32960 00207 10088 21010 39499 40212 333 58039=
40439 22/60 12904 10164 20080 30138 40156 81030 333 58016 60005 81360==
40582 42960 30119 10086 21090 40249 58006 83030 333 00008 55300 00000 10259 20000 30000 40871 51129 60000 55407 40000 83360 90467 91027 91129 91221 91317=
40703 12960 00000 11080 21159 38915 40245 58003 60001 333 70000 555 11095 29053=
40706 12565 10402 11134 21171 38640 40274 57003 60001 81300 333 70000 81930 555 11138 29074=
40712 12965 02503 11091 21279 38673 40251 57005 60001 333 70000 555 11115 29020=
40713 12962 01002 11126 21171 38639 40247 50001 60001 333 70003 555 11132 29069=
40718 12960 02201 11005 21035 30233 40203 57009 60001 333 70006 555 11015 29080=
40723 11350 82802 11038 21062 38899 40169 56008 60001 71022 8762/ 333 79999 85708 85625 88456 555 11044 29083=
40726 12960 00000 11130 21198 38652 40267 58003 60001 333 70100 555 11139 29057=
40727 12960 01901 11116 21172 38469 40268 57003 60001 333 70000 555 11124 29063=
40732 12560 12501 10000 21059 30218 40192 57012 60001 81500 333 70000 81625 555 11018 29064=
40736 11450 80000 10005 21001 30234 40207 56004 60061 77176 8632/ 333 70176 84717 82925 88557 555 10003 29096=
40738 11458 82202 10017 20007 30219 40221 56005 60021 71062 8372/ 333 70024 83713 88457 555 10013 29093=
40739 12665 60401 11038 21103 38605 40121 57001 60001 81570 333 70000 81640 85460 555 11054 29060=
40741 11556 80000 10006 21013 39814 40156 57010 60041 76166 8472/ 333 70068 84720 88557 555 11001 29087=
40743 12660 43103 10000 21082 38971 40080 54000 60001 84500 333 70000 84635 555 11025 29054=
40745 11357 82102 11002 21005 38971 40137 54000 60021 77198 8632/ 333 70021 85709 81920 88557 555 11003 29098=
40747 12960 09901 11106 21152 38636 40265 52001 60001 333 70000 555 11113 29069=
40754 12970 02711 11051 21139 38765 40147 50000 60001 333 70000 555 11071 29050=
40762 12960 20000 10061 20028 38438 40013 54000 69911 80002 333 70001 82069 555 10046 29079=
40766 12960 02904 11082 21125 38698 40252 53002 60001 333 70000 555 11090 29071=
40768 12665 13301 11128 21182 38227 40240 51003 60001 81400 333 70000 81635 555 11135 29064=
40769 11660 23104 11087 21124 38250 40174 52008 69991 70188 82500 333 70009 82635 555 11093 29075=
40780 12960 03102 11073 21129 38688 40263 57003 60001 333 70000 555 11084 29064=
40782 12960 02702 11060 21138 38877 40235 51005 60001 333 70000 555 11077 29054=
40785 12960 00000 11008 21137 39076 40190 52010 60001 333 70000 555 11041 29037=
40791 12660 43003 10101 21136 39263 40063 52004 60001 84500 333 70000 84640 555 10029 29017=
40792 12960 02102 10076 21103 38624 40037 50004 60001 333 70000 555 10017 29027=
40798 12660 12312 11057 21202 37885 40125 50003 60001 81500 333 70000 81640 555 11087 29031=
40800 12970 02905 10020 21151 38391 40096 53002 60001 333 70000 555 11028 29027=
40809 12660 32609 10108 21070 38426 40039 58003 60001 82540 333 70002 82635 555 10041 29028=
40811 12960 03303 10053 21093 30221 40248 50000 60001 333 70000 555 10010 29034=
40812 12960 00000 10021 21107 39833 40221 57006 60001 333 70000 555 11014 29038=
40821 12960 10101 10072 21078 38711 40073 56004 60001 81070 333 70000 81360 555 10020 29034=
40829 11660 71704 10154 20146 39532 40080 57019 60011 70186 81570 333 70016 81640 87459 555 10149 29095=
40831 12960 00306 10058 21068 30244 40253 53005 60001 333 70000 555 10018 29040=
40833 12960 03205 10069 21112 30215 40248 51006 60001 333 70000 555 10017 29026=
40841 12960 32405 10091 20013 38191 40067 57017 60001 83030 333 70001 83360 555 10055 29058=
40848 12660 22606 10060 21039 38501 40135 57005 60001 82400 333 70000 82635 555 10022 29049=
40854 12660 50000 10161 20104 38881 40040 57019 69921 85300 333 70002 82935 83640 555 10129 29069=
40856 11558 62405 10146 20111 38599 40064 57010 60011 72598 83376 333 70018 82930 83359 85270 555 10126 29080=
40859 11657 40000 10034 20025 38691 40167 58009 60001 71021 83530 333 70021 83635 555 10030 29094=
40875 11556 62904 10210 20097 30107 40118 56013 69901 70562 82570 333 70001 82630 85359 555 10149 29048=
40879 12960 83602 10208 20126 39455 40108 56009 60001 8801/ 333 70000 88460 555 10160 29059=
40882 12960 53207 10204 20114 30100 40135 56002 60001 85070 333 79999 85359 555 10154 29056=
40883 12960 23403 10211 20091 30087 40114 58013 60001 82030 333 70000 82360 555 10147 29046=
40893 11840 50908 10238 20201 30103 40109 57016 60001 71000 85020 333 70000 85458 555 10214 29080=
40898 11556 60804 10238 20211 30114 40123 56013 60001 71000 86600 333 70000 86720 555 10220 29085=
41024 22660 23608 10214 20150 30123 40149 82500 333 58000 60005 82640==
41036 22960 00304 10148 20080 38572 48522 333 58010 60005==
41055 22960 01003 10181 20040 38371 48516 333 58004 60005==
41061 22960 01311 10154 21010 39439 40138 333 58026 60005==
41084 22960 03005 10184 21020 38852 48514 333 58003 60005==
41112 22960 01908 10145 20000 37958 48523 333 59003 60005==
41114 22960 01505 10151 21020 37997 48526 333 59001 60005==
41128 21956 00804 10190 20030 38826 48539 70600 333 58015 60005==
41136 22960 00209 10197 20040 39326 40120 333 58017 60005==
41140 22960 03304 10272 20230 30117 40122 333 59001 60005==
41150 32970 03419 10162 20078 40183 333 58042 70001=
41170 32967 43417 10169 20094 30152 40166 80001 333 58028 84072=
41176 34/70 /3611 10163 20092 30161 40167 333 58028=
41184 32660 62202 10215 20161 40127 82530 333 58017 82640 85362=
41194 12560 62505 10238 20176 30119 40125 60001 8253/ 333 58023 70000 82620 85365=
41196 12960 72803 10227 20181 30090 40131 60001 8703/ 333 58022 87361=
41216 32560 43214 10212 20169 30132 40137 81530 333 58027 81620 84568=
41217 32460 63215 10214 20173 30104 40133 82630 333 58026 82715 85368=
41242 36/// /0000 10235 20225 30104 40129 333 0E024 55300 25022 59004=
41246 36/// /3307 10239 20228 30115 40117 333 0E025 55300 25022 58003=
41255 35/98 /2503 10214 20129 39610 40133 333 0E021 55300 20000 59011=
41256 31957 02807 10233 20212 30087 40104 70500 333 58002 55000 55407 55408 55507 55508=
41267 36/// /0506 10282 20148 30090 40103 333 0E025 59008=
41268 36/// /1918 10259 20148 30065 40112 333 0E025 55300 25022 59005=
41275 36/// /1907 10188 20173 39974 49987 333 0E019 55300 20000 58826=
41288 26/// /1907 10229 20227 30110 40132 333 0E023 59010 70002=
41315 36/58 /0000 10172 20166 39317 48003 333 0E024 55300 27865 59009=
41316 32560 50405 10238 20204 30112 40142 85500 333 59010 55000 55407 55408 55507 55508 85620=
41396 12965 20602 10189 20105 39408 40134 60002 80001 333 59003 82070=
41480 11557 50908 10256 20222 30127 40136 60002 70544 85500 333 59004 85620=
41506 12420 81802 10090 20039 38571 48680 60001 8552/ 333 5688/ 58021==
41508 11910 80000 10056 20044 38713 48760 60031 76066 8472/ 333 5688/ 58009==
41515 12420 80000 10034 21003 38604 48630 60001 8552/ 333 5688/ 59002==
41516 12940 60000 10050 20001 38597 48520 60001 86010 333 56080 59007==
41517 11440 70000 10000 21057 37861 48000 60002 70410 87570 333 56880 58008==
41518 12440 71801 10111 21090 30001 48010 60001 87520 333 56880 58000==
41523 12420 80000 10105 20065 39134 48440 60001 8552/ 333 5688/ 58010==
41535 12440 80000 10110 20022 38738 48070 60001 8852/ 333 5688/ 58003==
41536 12940 00000 10075 20017 39078 48350 60001 333 59005==
41560 12440 50000 11015 21043 38307 48410 60001 83520 333 56880 58011==
41571 11900 71302 10145 20067 39602 40192 60002 70522 83031 333 56088 59008==
41598 11440 70000 10145 20107 39886 40161 60001 70420 86520 333 56880 59017==
41600 11440 80000 10140 20122 39886 40188 60001 70422 8557/ 333 5688/ 58016==
41620 11440 61801 10030 20005 38619 48180 60061 70361 82510 333 56880 58018==
41624 11420 80000 10155 20143 39966 40170 60071 76062 8592/ 333 5688/ 58001==
41630 11420 80203 10160 20143 30000 40176 60011 76066 8852/ 333 5688/ 59005==
41640 11420 80000 10180 20127 39927 40179 69901 75052 8852/ 333 5688/ 59002==
41660 11400 71310 10110 20083 38435 48250 60021 76099 86930 333 56880 59009==
41678 11440 81302 10150 20113 30000 40162 60001 70422 8852/ 333 5688/ 59010==
41696 12440 50000 10070 20039 37998 48210 60001 82520 333 56880 59009==
41697 12940 00000 10180 20127 30015 40173 60001 333 58024==
41700 11920 30000 10160 20124 30024 40154 60001 70400 83030 333 56080 59002==
41710 12440 71302 10200 20069 39331 40090 60002 84510 333 56880 59004==
41712 12440 30000 10135 20077 39193 48030 60002 83500 333 56800 58013==
41715 11910 00501 10170 20135 30096 40162 60001 70500 333 58026==
41718 11920 00000 10160 20124 30051 40157 60001 71000 333 58007==
41725 11940 30501 10180 20136 30082 40161 60001 70500 83030 333 56080 58007==
41739 12940 30000 10145 20099 39042 48970 60001 83030 333 56080 58004==
41744 12940 30000 10110 20035 38792 48130 60002 83020 333 56080 58015==
41749 11920 00000 10180 20146 30122 40155 60001 70400 333 58002==
41756 11320 61302 10205 20189 30077 40143 60001 71004 83401 333 56808 59003==
41757 11320 70000 10190 20156 30131 40144 60001 71000 86620 333 56880 59012==
41764 12940 00000 10205 20146 30091 40142 60001 333 59004==
41768 12940 00000 10160 20114 30140 40147 60001 333 58002==
41780 12940 40000 10215 20183 30115 40143 60001 80001 333 56008 59004==
41785 02996 00000 10200 20167 30142 40155 333 58000 60007=
41859 01930 00000 10157 20150 30133 40172 70500 333 59004 70000==
41883 02930 00000 10175 20170 30155 40176 333 58006 70000==
41891 01930 00902 10158 20140 30138 40178 70500 333 58011 70000==
41907 01930 00000 10165 20160 30155 40170 70500 333 58002 70000==
41923 01940 00000 10188 20150 30163 40173 70500 333 58003 70000==
41936 01907 00000 10166 20160 30162 40169 74444 333 58004 70000==
41943 01930 00000 10155 20150 30162 40170 70500 333 58008 70000==
41950 01930 00000 10176 20176 30169 40171 70500 333 58008 70000==
41978 01432 30504 10206 20170 30164 40170 70500 83500 333 58012 70000 83618==
41992 01920 00302 10210 20170 30163 40165 70500 333 58013 70000==
42027 31595 80701 10052 20009 38454 48540 70521 83511 333 59013=
42071 31694 69902 10144 20122 40180 71021 82520 333 59005 82640 84460=
42101 31595 30000 10140 20140 40185 71000 83500 333 59003 83630=
42111 31994 62701 10132 20118 39460 40175 71021 84031 333 58008 84360 86070=
42123 32596 41401 10170 20123 40169 82530 333 59011 82630 84360=
42131 31995 00000 10116 20112 40178 71000 333 59013=
42165 32996 00000 10196 20099 40146 333 59017=
42182 31995 00000 10126 20119 40172 71000 333 59008=
42189 31995 00000 10130 20119 40167 71000 333 58000=
42309 31394 73405 10164 20161 40186 71792 84920 333 59004=
42314 21595 53603 10156 20142 40185 71096 82530 333 58000 6998/ 82620 84360=
42328 32996 20000 10186 20109 40122 80001 333 59011 82070=
42339 31995 00000 10174 20089 40155 70500 333 59010=
42348 31996 00706 10174 20089 40175 70500 333 59001=
42361 31994 00000 10136 20110 40178 71000 333 59001=
42369 31995 00000 10128 20103 40172 71000 333 59005=
42379 31995 00000 10148 20126 40164 71000 333 58001=
42410 31594 60000 10146 20135 40182 71022 83530 333 59007 83620 85360=
42415 31995 20000 10164 20139 40185 71000 82030 333 59007 82360=
42452 31995 10000 10150 20105 40169 70500 80001 333 59003=
42492 31994 02702 10170 20138 40174 71000 333 58001=
42559 32996 00000 10144 20085 40174 333 58005=
42571 31996 00000 10136 20101 40177 70500 333 59001=
42591 31995 01402 10152 20111 40185 71000 333 59003=
42623 31494 20000 10100 20096 39305 40206 71000 82500 333 58017 82618=
42634 32996 00000 10220 20149 40153 333 58000=
42647 31996 03602 10222 20087 40150 70400 333 58002=
42667 31996 01203 10126 20090 39574 40184 70500 333 58001=
42675 31995 00000 10138 20091 40182 70500 333 58005=
42701 31996 00000 10154 20091 39437 40182 70500 333 58010=
42724 31995 00000 10160 20150 40172 71000 333 58004=
42737 32996 00000 10240 20078 40148 333 58002=
42754 31996 00504 10176 20092 39519 40166 70500 333 58003=
42779 32996 00000 10158 20092 39466 40180 333 59002=
42798 31995 00000 10180 20126 40176 71000 333 58010=
42809 31995 20000 10214 20175 40174 70500 82030 333 58007 82360=
42840 32996 00000 10256 20106 40133 333 59006=
42867 31995 00502 10200 20095 40159 70500 333 58004=
42874 31996 03202 10204 20154 40163 70500 333 59005=
42886 31595 00000 10150 20113 40180 70500 333 59003=
42895 31595 22302 10216 20207 40174 70500 82030 333 58009 82360=
42909 32996 00000 10220 20138 40132 333 59002=
42971 31494 50501 10232 20220 40168 71000 83530 333 58010 83618 84360=
43003 31995 00000 10224 20142 40120 70400 333 59003=
43014 31995 00000 10190 20097 39494 40151 70544 333 58006=
43041 31995 00000 10166 20109 39539 40171 70500 333 58002=
43063 32996 00000 10156 20110 39518 40159 333 59001=
43086 31996 00000 10200 20177 39965 40147 70500 333 58015=
43110 31996 01402 10222 20163 40122 70544 333 59006=
43117 32996 00000 10200 20121 40148 333 58002=
43128 31996 00000 10216 20158 39540 40152 70500 333 58003=
43150 31996 20000 10250 20226 30104 40165 70500 80001 333 58012 82075=
43185 31595 33401 10240 20228 30142 40146 71000 83500 333 58008 83620=
43189 31596 10000 10250 20223 30150 40159 70500 81500 333 58005=
43192 32996 00502 10230 20205 40120 333 58002=
43201 32996 00000 10210 20096 39390 40120 333 58006=
43213 31996 01102 10234 20176 39809 40128 70500 333 58005=
43233 32996 20703 10214 20160 39329 40152 80001 333 58006=
43237 31996 11103 10230 20141 39717 40112 70500 80001 333 59001 81075=
43245 31996 00000 10252 20231 30127 40154 70500 333 58017=
43279 31596 20000 10240 20255 30128 40146 71000 82500 333 58011 82620=
43284 32996 11103 10238 20184 30002 40118 80001 333 58007 81075=
43295 31996 10503 10190 20168 39126 48526 71000 80001 333 58004 81075=
43314 32596 20000 10266 20237 40119 81501 333 58007=
43321 31996 39902 10220 20188 39693 40146 71000 80001 333 58007 83070=
43329 31595 23403 10246 20231 30124 40138 71000 81501 333 58011=
43333 21495 60504 10272 20246 40123 70562 84431 333 56199 59002 6018/ 82618 84820=
43344 31495 43404 10240 20219 30039 40140 71021 82501 333 58011 82616 83075=
43353 31495 29902 10264 20226 40124 71021 81530 333 56790 58011 81620=
43369 32596 21802 10264 20250 40119 82500 333 58009 82620=
43371 31995 00000 10236 20224 30046 40119 71000 333 58007=
43404 22470 60303 10267 20251 30117 40120 5/000 82000 333 553// 20000 58004 60008 91005 555 60008==
43410 21470 10706 10280 20237 30118 40121 7028/ 81100 333 58002 60348 555 60348==
43413 22470 50305 10269 20245 30122 40127 51000 85000 333 553// 20000 58003 60008 91009==
43415 22470 20000 10238 20226 30022 40130 53/// 82000 333 58012 60008 555 60008==
43418 21470 60501 10272 20240 30080 40121 54000 70282 86100 333 58000 69908 86/18 555 69908==
43421 22470 60201 10240 20000 30017 40124 55002 86000 333 553// 20000 58004 60008 91002==
43422 22970 00301 10234 20229 39989 40124 333 60008 555 60008==
43424 22470 00501 10234 20223 30113 40115 57004 333 59002 60008 555 60008==
43436 22470 60503 10278 20252 30114 40117 50002 86000 333 58006 60008 555 60008==
43441 22/70 20501 10240 20223 39979 40113 52030 333 58004 60008 555 60008==
43444 22970 01102 10220 20208 39581 40110 57004 333 58002 60008 555 60008==
43450 22470 40102 10250 20231 30109 40121 56004 82000 333 59002 60008 555 60088==
43466 22970 00402 10261 20208 30107 40115 5/001 333 55001 553// 20000 58002 60008 91004 555 60008==
43467 21456 13602 10263 20231 30110 40116 52001 70521 81100 333 58003 60008 555 60008==
43473 22470 10704 10140 20140 38137 48506 52003 81000 333 553// 20000 58005 60008 91006 555 60008==
43475 22470 63302 10256 20229 30109 40114 54000 84201 333 553// 20000 59002 60008 91003 555 60008==
43476 21460 50000 10176 20166 38784 48526 70511 85000 333 55001 60008 555 60008==
43479 22470 10900 10199 20193 39279 81100 333 55001 58003 60008 555 60008==
43486 22/70 21701 10230 20230 30014 40115 53003 333 553// 20000 58001 60008 91002==
43495 22968 00702 10255 20240 30097 40110 5/020 333 58010 60008 555 60008==
43497 22468 10203 10253 20000 30092 40109 5/002 81000 333 553// 20006 58001 60008 91004==
44212 429// 01701 11356 21405 39256 40596 52002 333 21358 3/139 47019 55085==
44213 429// 00000 11322 21363 38880 40572 57003 333 21324 3/139 47015==
44214 42970 03401 11186 21248 38316 40464 57002 333 21207 3/125==
44215 429// 01901 11287 21319 38459 40561 54000 333 21289 3/132 47001==
44217 32998 00000 11263 21309 37874 40593 54000 333 21265 46001 91200 555 31297=
44218 429// 01601 11268 21301 38672 40537 55002 333 21270 3/129 42002==
44219 32999 01103 11289 21317 38689 40554 57001 333 21291 42003 91203 555 31306=
44265 429// 00702 11186 21221 38871 40401 57002 333 21186 3/119 43002==
44266 329// 00000 11161 21285 37783 40447 53003 333 21179 91205 555 31201=
44404 42956 00903 10066 20039 38143 48491 80000 333 58008=
44416 42956 01003 10099 20092 39388 40162 333 59002=
44424 42957 00000 11010 21034 37711 47079 80000 333 58020=
44434 42557 12502 10104 20090 39265 48545 81100 333 59002=
44438 41925 01003 10140 20137 30038 40164 71044 80000 333 58005=
44449 41940 00000 10148 20141 30000 40157 710// 80000 333 59012=
44454 41450 51102 10090 20064 38696 48532 71000 83830 333 59002=
44462 42460 10901 10084 20073 38281 48505 81100 333 58002=
44474 41010 00000 10067 20036 38286 48538 710// 80009 333 58000=
44477 42556 10000 10092 20074 38849 48555 81100 333 59002=
44478 41920 01104 10164 20158 30086 4//// 710// 80000 333 58000=
48010 42905 00000 10165 20152 30003 40161 333 20155 59007==
48020 42320 20000 10160 20147 82200 333 20150==
48025 11110 60000 10183 20143 30035 40179 59007 60002 74044 85840==
48048 41540 20000 10173 20154 30094 40153 70500 333 20165 59001 82800==
48052 32950 00000 10200 20185 333 20186 60002=
48062 42550 40402 10198 20185 30144 40151 84830 333 20148 58013==
48064 42940 13201 10225 20181 30072 40130 80001 333 20203 58004==
48094 42456 30000 10240 20230 30142 40152 82540 333 20226 58019==
48109 42440 60402 10276 20250 30138 40141 86900 333 20175 58001==
51076 14080 00202 11086 21179 39367 40288 57005 60001 333 10007 21127 3/102 4/025 59067 70000 90761 91103==
51087 14070 02801 11115 21181 39222 40291 57006 60001 333 10022 21119 3/104 4/014 59066 70000 90761 91103==
51156 14080 00201 11106 21161 38692 40283 57005 60001 333 10019 21118 3/114 59057 70000 90761 91106==
51243 14/50 /0701 11148 21173 39722 40312 52003 60001 71000 333 11065 21148 3/115 59071 90761 91103==
51334 14033 01401 11131 21148 39867 40300 57004 60001 72200 333 11039 21165 3/108 4/011 59074 90761 91103==
51379 14035 00901 11204 21230 39302 40331 57006 60001 71000 333 11015 21204 3/105 4/021 59055 70000 90761 91105==
51463 14074 00302 11065 21150 39033 40287 57008 60001 333 11048 21150 3/101 4/034 59063 70000 90761 91103==
51573 14/67 /0101 10020 21180 30218 40268 52001 60001 333 10122 21012 3/103 59059 70000 90761 91104==
51644 14/57 /0201 11045 21107 38989 40273 57004 60001 333 10093 21065 3/106 59049 70000 90761 91104==
51656 14/57 /1202 11054 21109 39196 40282 52003 60001 333 10091 21074 3/108 59049 70000 90761 91105==
51709 14/63 /3003 11011 21130 38655 40252 57013 60001 333 10087 21020 3/104 59057 70000 90761 91104==
51711 14/62 /2102 11061 21146 38031 40227 57011 60001 333 10041 21094 3/112 59047 70000 90761 91106==
51716 14043 01300 11031 21098 38951 40265 57006 60001 333 10117 21049 3/109 59052 70000 90761 91103==
51765 14/57 /3100 11066 21133 39266 40293 52004 60001 333 10106 21083 3/112 59048 70000 90761 91103==
51811 14061 00000 11031 21121 38819 40254 57016 60001 333 10110 21031 3/109 59056 70000 90761 91103==
51818 14/58 /2301 11024 21151 38673 40256 57014 60001 333 10107 21059 3/110 59047 70000 90761 91103==
51886 14/71 /0000 11153 21309 37155 40353 52004 60001 333 10023 21153 3/122 58007 70000 90761 91105==
52203 14/62 /0801 11057 21166 39372 40285 57003 60001 333 10092 21084 3/112 59050 70000 90761 91103==
52602 14/77 /1500 11194 21262 37324 40439 52007 60001 333 11012 21202 3/125 58024 70000 90761 91109==
52818 14/57 /0000 11129 21209 37286 40359 52005 60001 70500 333 10023 21129 3/119 58023 70000 90761 91106==
52908 14/68 /2801 11254 21309 35785 40495 52006 60001 333 11115 21264 3/132 58029 70000 90761 91107==
55228 14/80 /0401 11149 21276 36083 40356 52014 60001 333 11010 21162 3/122 58041 70000 90761 91108==
55299 14/80 /1201 11169 21225 35882 40346 52010 60001 333 11041 21172 3/123 58034 70000 90761 91107==
55578 14/80 /0000 11103 21156 36415 40277 52014 60001 333 10046 21103 3/112 58038 70000 90761 91108==
55591 14/80 /1102 11037 21136 36560 40226 52014 60001 333 10063 21037 3/107 58036 70000 90761 91108==
55664 14/80 /0301 11146 21210 36048 40347 52012 60001 333 10002 21151 3/117 58028 70000 90761 91111==
55773 14/02 /3200 11162 21180 36031 40355 52007 60001 74600 333 11014 21164 3/106 58015 70027 90761 91104==
56004 14/80 /2700 11231 21287 35849 40434 52008 60001 333 11065 21233 3/130 58030 70000 90761 91107==
56018 14/80 /1802 11187 21244 36228 40414 52014 60001 333 11021 21187 3/120 58058 70004 90761 91104==
56312 14/80 /0000 10000 21016 37121 40212 52010 60021 76865 333 10087 20000 3/000 58018 70022 90761 91108==
62306 42560 40000 10088 20029 40284 57008 84300==
62309 42560 30308 10130 20029 40265 57009 83500==
62332 42560 60611 10114 20016 40274 57009 86800==
62337 42960 01505 10063 20041 40269 57009==
62366 42960 00606 10088 20026 40263 57006==
62387 42960 03406 10066 20044 40244 57012==
62393 42960 03605 10070 20009 40249 57015==
62405 42960 00304 10130 21013 40206 57014==
62414 42960 03607 10110 21031 40193 57017==
62419 42960 03609 10143 21002 40192 57013==
62420 42960 00405 10088 20030 40257 57008==
62435 42960 03608 10107 21006 40234 57002==
62458 42960 00105 10111 21042 40230 57006==
62465 42960 02806 10140 21019 40201 57015==
41759 01695 50902 10160 20133 30153 40159 60002 71011 83510 333 56990 58001 60007 83640 82460=
