SIPK OPKC 241500=
41504 22695 50904 10080 21064 37883 48530 85800 333 56900 58022 60007 83640 82845 RH35%=
41506 22695 81804 10130 20002 38571 48569 8452/ 333 5699/ 58023 60007 84640 85460 41%=
41507 22695 81802 10170 20098 39293 49809 8352/ 333 5699/ 58012 60007 83640 85460 62%=
41508 22695 83606 10128 20021 38702 48570 84520 333 56990 58016 60007 84635 84460 RH 48%=
41509 22696 81320 10145 20014 38806 48548 8451/ 333 5699/ 58027 60007 84640 88460 RH41%=
41510 21695 82704 10065 20033 37967 48578 76062 83527 333 56990 58041 60017 83640 85460 80%=
41515 22695 72304 10110 21044 38576 48539 83520 333 56990 59006 60007 83650 84460 34%=
41516 22996 40000 10130 21009 38588 48545 84030 333 56090 58020 60007 84362 RH38%=
41517 21996 00000 10040 21037 37851 48581 70400 333 58023 60007 57%=
41518 22696 41802 10144 21130 38/// 48/// 82520 333 56990 5//// 60007 82640 82462 14%=
41519 22996 30000 10165 21018 38803 48546 80001 333 56009 58014 60007 83070 28%=
41520 22695 31804 10050 21098 37672 48313 81530 333 56990 58018 60007 81640 82362 33%=
41523 22695 80000 10165 20044 39118 48541 8352/ 333 5699/ 58013 60007 83640 85460 45%=
41524 22696 80000 10195 20034 39381 40232 8352/ 333 5699/ 58012 60007 83640 85460 34%=
41524 22696 80000 10195 20034 39381 40232 8352/ 333 5699/ 58012 60007 83640 85460 34%=
41525 22695 70000 10055 21017 37709 48430 83520 333 56990 58006 60007 83640 84260 60%=
41528 21696 40000 10170 20064 39249 48544 70400 82520 333 56990 58011 60007 82640 82460 50%=
41529 22696 61302 10190 20096 39806 40187 82530 333 56990 58011 60007 82640 84360 55%=
41529 22696 61302 10190 20096 39806 40187 82530 333 56990 59011 60007 82640 84360 55%=
41534 22696 70000 10210 20122 39771 40182 83520 333 56990 58013 60007 83640 84462 57%=
41535 22696 40000 10145 20029 38757 48528 84020 333 56090 58014 60007 84460 46%=
41536 22996 50000 10160 20063 39077 48550 85020 333 56090 58008 60007 85460 52%=
41560 22696 50000 10070 20002 38325 48554 82520 333 56990 58003 60007 82630 83460 RH62%=
41562 22696 62304 10165 20076 39717 40184 82520 333 56990 58025 60007 82640 84460 RH56%=
41565 22995 83102 10128 21027  38674 48541 83520 333 56990 58011 60007 83640 85460 RH 33%=
41567 21696 30000 10190 20096 39732 40148 70400 82530 333 56990 58000 60007 82640 82360 55%=
41571 219// 63106 10180 20025 39608 40192 70522 82031 333 56099 58005 60007 RH35%=
41573 22697 63604 10080 21013 38009 48537 82520 333 56990 58010 60007 82640 84460 49%=
41574 22997 40000 10100 20015 38377 48556 84020 333 56090 58013 60007 84460 55%=
41576 21996 30000 10190 20072 40190 70500 83070 333 56090 58002 60007 83460 46%=
41577 21696 60000 10165 20092 39581 40199 70421 82530 333 56990 58013 60007 82640 84360 RH 62%=
41593 21696 50000 10210 20132 39960 40174 70422 82570 333 56990 58005 60007 82640 84460 61%=
41597 22997 40000 10200 20130 40192 84030 333 56090 58005 60007 84362 64%=
41598 21696 50000 10195 20124 39895 40167 70410 82570 333 56990 58008 60007 82640 84460 64%=
41599 21995 41804 10195 20114 39890 40180 70411 84030 333 56090 58011 60007 84360 59%=
41600 21996 32302 10195 20162 40170 70411 83070 333 56090 58007 60007 83460 81%=
41620 01696 61802 10110 20081 38612 48514 70361 84510 333 56990 58017 60057 84640 82460 82%=
41624 21696 53102 10200 20130 40179 70411 8392/ 333 5699/ 58016 60007 82637 85460 64%=
41625 21696 83102 10195 20124 40174 70422 8352/ 333 5699/ 58022 60007 83637 85460 64%=
41630 21696 72302 10205 20155 40183 70422 81570 333 56990 58004 60007 81640 87360 73%=
41633 22996 80000 10210 20151 4//// 88010 333 5//// 56090 60007 88460 69%=
41634 22997 40000 10175 20104 3//// 4//// 84030 333 56090 5//// 60007 84360 63%=
41635 21996 40000 10210 20142 3//// 4//// 70400 84030 333 56090 5//// 60007 84360 65%=
41636 21996 50000 10205 20146 30010 40195 70411 85020 333 56090 58021 60007 85462 69%=
41638 21996 60000 10220 20154 4//// 70421 86070 333 56090 5//// 60007 86460 66%=
41639 21996 30000 10190 20118 4//// 70410 83030 333 56090 5//// 60007 83460 63%=
41640 21996 30000 10210 20151 39932 40181 70400 83070 333 56090 58008 60007 83460 69%=
41641 21996 42404 10210 20075 39907 40181 70520 84030 333 56090 58006 60007 84360 42%=
41642 21696 30000 10190 20118 3//// 4//// 70400 83030 333 56090 5//// 60007 83460 RH63%=
41643 21996 40000 10185 20132 39899 40177 70410 84030 333 56090 58014 60007 83360 71%=
41644 21996 40000 10185 20132 4//// 70400 84020 333 56090 5//// 60007 84460 71%=
41646 21996 30000 10210 20142 40198 70400 83030 333 56090 58011 60007 83360 65%=
41652 21696 73102 10225 20140 30005 40182 75020 83530 333 56990 58019 69907 83640 85460 59%=
41660 226// 71312 10130 20085 38462 48551 85330 333 56990 58026 69907 81830 84840 86358 RH74%=
41661 22696 83104 10135 20091 38413 48540 84520 333 56990 58029 69907 84635 86460 74%=
41669 22696 80000 10230 20165 3//// 4//// 84520 333 56990 5//// 60007 84640 85460 67%=
41670 21696 82302 10210 20142 4//// 70422 84570 333 56990 5//// 60007 84640 88460 65%=
41674 21996 70904 10230 20126 3//// 4//// 70422 87070 333 56090 5//// 60007 87462 52%=
41675 21696 70000 10230 20136 30028 40170 70422 83570 333 56990 58005 60007 83640 85460 56%=
41676 21996 60000 10225 20159 30035 40190 70400 86030 333 56090 58009 60007 86360 66%=
41677 21996 70000 10190 20138 39998 40165 70400 82520 333 56990 58006 60007 82640 85460 72%=
41678 21996 30000 10230 20115 40175 70500 83070 333 56090 58011 60007 83460 48%=
41679 21996 40000 10200 20158 4//// 70411 84030 333 56090 5//// 60007 84460 77%=
41680 21996 20000 10215 20138 40182 70410 82070 333 56090 58022 60007 82460 62%=
41685 22697 73104 10170 20098 38937 48523 84220 333 56990 58007 60007 84840 83460 RH62%=
41696 22696 70000 10120 20074 37999 48513 84520 333 56990 59009 60017 84640 83460 RH73%=
41697 22696 80000 10225 20150 40174 84520 333 5699/ 58021 60007 84631 84461 RH63%=
41700 21995 20502 10220 20154 40161 70400 82030 333 56090 58014 60007 82460 66%=
41701 21696 50506 10210 40179 70400 82530 333 56990 58009 60007 82640 83360 65%=
41710 22996 00504 10250 20068 40065 333 59006 60007 RH31%=
41712 22696 20502 10210 20083 39177 48506 82500 333 56900 58013 60007 82640 RH44%=
41715 21996 20504 10250 20151 40162 70550 82030 333 56090 58007 60007 82360 RH54%=
41716 21996 40506 10240 20139 40174 70400 84010 333 56090 58019 60007 84460 55%=
41718 21995 30000 10230 20165 40174 70400 83030 333 56090 58010 60007 83362 67%=
41724 21995 40000 10240 20117 40174 70500 84030 333 56090 58011 60007 84360 RH46%=
41725 22996 03602 10255 20157 40158 333 58008 60007 RH55%=
41726 21995 00000 10250 20170 30098 40169 70500 333 59006 60007 RH61%=
41738 22996 62312 10260 20182 39985 40162 86030 333 56090 58016 60007 86460 RH62%=
41739 22996 42306 10220 20118 39034 48503 84030 333 56090 58002 60007 84360 RH52%=
41742 22996 41304 10260 20133 40150 80001 333 56009 58017 60007 84070 RH45%=
41743 21996 30000 10235 20152 70400 80001 333 56009 60007 83170 RH60%=
41743 21996 30000 10235 20152 70400 80001 333 56009 60007 83170 RH60%=
41744 22696 53102 10180 20039 38805 48532 82530 333 56990 58022 60007 82630 83360 RH 39%=
41745 21996 03604 10235 20152 70400 333 60007 RH60%=
41746 01996 03602 10200 20120 30108 40163 70500 333 58013 60007 RH60%=
41747 21995 00000 10210 20160 40147 70400 333 58012 60007 RH73%=
41748 22996 33604 10240 20139 40171 83030 333 56090 58015 60007 83360 RH53%=
41749 21996 23104 10255 20167 40160 70400 80001 333 56009 58012 60007 82070 RH58%=
41756 21596 71310 10240 20202 40150 70504 83430 333 56990 58001 60007 83625 84358 RH79%=
41757 21596 71306 10240 20210 30143 40156 70500 84620 333 56990 58008 60007 84720 86460 RH83%=
41759 21696 70904 10225 20186 40165 70511 83510 333 56990 58015 60007 83640 85460 RH78%=
41764 22996 43608 10265 20150 30105 40155 80001 333 56009 58009 60007 84070 RH49%=
41765 22996 02304 10265 20170 30115 40150 333 58007 60007 RH56%=
41766 21996 03102 10250 20205 40161 333 58013 60007 RH76%=
41767 22996 00000 10265 20213 3//// 4//// 333 60007 RH73%=
41768 22996 00000 10265 20150 30144 40151 333 58008 60007 RH49%=
41780 21996 02302 10250 20179 30131 40158 70400 333 58005 60007 RH65%=
41783 22996 02702 10280 20169 30114 40143 333 58005 60007 RH 51%=
41785 22996 00000 10265 20188 30146 40159 333 59001 60007 RH 63%=
41786 22996 42704 10285 20086 30104 40146 82030 333 56099 58000 60007 82362 82072 RH 29%=
41BKI 22696 70000 10210 20122 39763 40178 83520 333 56990 58009 60007 83640 84460 RH57%=
41SKP 21996 20000 10190 20165 4//// 70400 82030 333 56090 5//// 60007 82360 86%=
43532 21697 60000 10180 20039 39332 40128 70400 83520 333 56990 58002 60007 83640 83460 39%=
43533 22997 30000 10195 20074 39240 48523 83030 333 56090 58008 60007 83360 45%=
43563 22997 00000 10189 20101 40171 333 58008 60007 56%=
41530 216// 72304 10200 20074 39773 40185 70522 81430 333 56990 58016 60007 81840 87360 44%=



Data Generated from File : D:/all data handling/Rmc_lhr/2025022415.FSU.txt
24/02/2025   15:58:03
____________________________________________________________________________________________
15020 24969 00301 10063 21092 30065 40267 57019 333 55310 20888 60007 91002 90730 91103==
15090 24968 00801 10055 21111 30178 40272 57021 333 55310 00340 20918 30210 60007 91002 90730 91102==
15108 22970 02704 11045 21113 38103 48520 57010 333 55310 20973 60007 91005 90730 91106==
15150 24/70 /0000 10075 21107 30048 40265 57020 333 55310 20925 60007==
15170 24969 01504 10035 21088 39459 42844 57019 333 55310 21020 60007 91006 90730 91106==
15280 22/84 13107 11092 21145 37497 47034 57010 81040 333 55309 21199 60007 91011 90730 91111==
15310 24961 02203 10015 21076 30192 40281 57015 333 55309 00260 20880 30223 60007 91007 90730 91107==
15335 24/70 12403 10041 21117 30274 40281 57017 81030 333 55310 20865 60007 91005 90730 91106==
15350 24969 02005 10003 21059 30162 40288 57018 333 55310 20734 60007 91006 90730 91107==
15360 24/70 32008 10032 21040 30260 40278 57018 83030 333 55305 20512 60007 91009 90730 91109==
15420 24967 02303 10004 21099 30172 40289 57020 333 55310 21080 60007 91005 90730 91106==
15460 27958 02701 10004 21065 30271 40296 57018 7101/ 333 55310 21089 60007 91003 90730 91103==
15470 27960 01903 11019 21060 30160 40293 57025 7101/ 333 55310 21171 60007 91003 90730 91103==
15480 24970 02402 10021 21065 30276 40294 57018 333 55310 00340 21092 30663 60007 91004 90730 91105==
15549 42970 03601 10018 21035 39851 40281 57017 333 10034 21080 43007 555 568//=
15552 42970 02501 10053 21049 30243 40293 57018 333 10078 21025 555 548// 92023 92428=
15640 42974 00000 10028 21048 39980 40304 57018 333 10041 21044 555 557//=
15655 42975 02303 10049 21036 30263 40297 57021 333 10053 21048 555 554// 92024 92428=
15730 42970 80000 10022 21031 39889 40300 57016 8807/ 333 10026 21074 41998 555 568//=
16627 42565 70000 10056 21014 30293 40299 57014 84875 333 82825 84635 86358 90730 91107==
16650 42560 70000 10062 21019 30293 40302 57016 84550 333 84630 87358 90730 91109==
16667 42/60 33205 10088 21074 30290 40302 57019 83030 333 90730 91108==
16706 42/60 50406 10090 21026 30284 40290 55015 84056 333 84360 85068==
16723 42/60 20105 10094 21082 30276 40290 55015 81041 333 90730 91114==
16742 42960 03407 10090 21070 30123 40283 58015 333 90730 91119==
16749 42960 02608 10116 21015 30256 40271 57018 333 90730 91113==
16754 42560 40706 10114 20054 30246 40295 57017 82150 333 82820 84358 90730 91110==
16760 42560 30305 10092 20017 40296 57014 82250 333 90730 91110==
16765 42/60 13218 10114 21020 40280 57007 81041 333 90730 91127==
17022 42670 10501 10011 21062 30146 40321 57014 81100 333 81834 90730 91108==
17024 42670 62510 10023 21027 30224 40306 57006 84530 333 84635 86359 90730 91128==
17026 41566 72808 10021 20009 30268 40309 57004 78582 85270 333 85828 87458 90730 91128==
17031 41345 71904 11001 21004 30302 40309 50001 78588 86270 333 83708 86825 87458 90730 91120==
17034 42670 72504 10036 21050 30253 40301 50000 83250 333 83835 87360 90730 91118==
17038 41330 72910 10008 20001 30238 40288 53009 78588 87200 333 85708 87825 90730 91124==
17042 41410 82701 11001 21008 30242 40284 52001 77177 8672/ 333 83712 84628 88556 90730 91117==
17050 42/70 31601 10064 21044 30236 40301 57021 83030 333 83360 90730 91106==
17056 42970 01305 10041 20002 30303 40308 57019 333 90730 91110==
17060 42960 01203 10045 21122 30269 40311 57018 333 90730 91110==
17070 42965 01702 11006 21100 39392 40318 57012 333 90730 91105==
17074 42570 62503 11021 21038 39329 40321 57004 84550 333 84630 86360 90730 91112==
17084 42670 53102 11010 21079 39361 40323 55003 81131 333 81840 83360 85070 90730 91109==
17085 42670 60402 10007 21088 39796 40314 57006 84570 333 84640 86360 90730 91107==
17092 42660 62605 11076 21152 38909 48512 55000 82550 333 82645 86358 90730 91108==
17096 42660 52608 11146 21180 38223 48513 54000 83540 333 83640 85358 90730 91115==
17098 42660 42215 11147 21186 38152 48484 52001 82540 333 82640 84358 90730 91121==
17100 42670 53003 11023 21187 39202 40249 52003 82530 333 82640 85358 90730 91113==
17112 42670 60202 10070 21027 30291 40294 57013 83230 333 83835 86360 90730 91108==
17115 42960 03605 10046 21064 30255 40309 57017 333 90730 91109==
17116 42970 00801 10055 21096 30178 40306 57015 333 90730 91105==
17124 42960 01403 10005 21165 39350 40325 57012 333 90730 91110==
17128 42670 32808 11012 21137 39157 40328 57006 83100 333 83840 90730 91112==
17135 42/70 32103 10008 21134 39386 40313 57007 83030 333 83360 90730 91108==
17140 42965 02702 11059 21124 38760 48530 56002 333 90730 91108==
17150 42960 00304 10064 21087 30168 40298 57016 333 90730 91110==
17160 42670 42303 11020 21139 39095 48536 55001 82540 333 82640 84360 90730 91106==
17170 41316 71302 11113 21132 38322 48504 52008 77174 86750 333 84707 86620 87357 90730 91109==
17175 42965 02701 10071 21078 30284 40289 57018 333 90730 91106==
17184 42970 01902 10071 21098 30177 40294 57015 333 90730 91104==
17190 42970 01001 11011 21158 39061 48533 57008 333 90730 91107==
17195 42570 40304 11043 21143 39047 48535 55000 84200 333 84833 90730 91112==
17200 42660 53115 11031 21141 39262 40305 53004 83530 333 83640 85360 90730 91123==
17202 42670 32913 11023 21142 39189 40294 53001 81501 333 81635 83070 90730 91118==
17203 42670 42501 11046 21177 38909 48542 53001 84200 333 84840 90730 91108==
17210 42670 20505 11013 21190 39174 40260 52008 82100 333 82840==
17219 42965 03511 10081 21090 30143 40295 57014 333 90730 91115==
17234 42970 01001 10097 21099 30215 40286 57013 333 90730 91106==
17237 42970 00000 10054 21141 39771 40298 57012 333 90730 91106==
17240 42970 00304 10030 21138 39095 40294 56007 333 90730 91111==
17244 42970 00506 11021 21159 39072 48541 56003 333 90730 91114==
17248 42670 23102 11028 21142 39052 48531 55001 82100 333 82840 90730 91109==
17250 42670 40604 11056 21158 38870 48539 52001 84500 333 84640 90730 91113==
17260 42960 00113 10012 21201 39394 40251 52008 333 90730 91119==
17270 42970 03504 10021 21180 39601 40280 52006 333 90730 91113==
17275 42670 13504 11024 21197 39015 48512 52006 81100 333 81840 91015 90730 91119==
17280 42660 13011 11002 21170 39444 40278 52008 81100 333 81840 90730 91121==
17290 42970 03105 10115 21113 30253 40286 56007 333 90730 91114==
17292 42970 03003 10059 21148 39491 40276 57006 333 90730 91110==
17300 42960 01912 10091 21080 30208 40282 55002 333 90730 91120==
17310 42970 02103 10097 21085 30266 40273 51002 333 90730 91108==
17330 42970 02402 10081 21133 30264 40283 53003 333 90730 91113==
17350 42960 00311 10084 21181 30188 40270 55000==
17370 42670 12001 10077 21188 30277 40281 55002 81100 333 81835 90730 91107==
17375 41570 62204 10079 20019 30274 40277 52006 72582 86200 333 86832 90730 91117==
33088 42960 00000 10056 21145 30074 40268 57011==
33135 42997 02703 10006 21095 30121 40274 57012 555 1/105=
33177 42960 02202 10056 21025 30023 40263 57005==
33317 42970 00000 10044 21125 39921 40264 57011==
33393 42560 82201 10047 21031 39868 40266 57008 885// 333 88626==
33415 42/60 33203 10053 21021 39859 40262 57009 83030==
33429 42960 00201 10046 21115 39833 40262 57011==
33466 42970 20102 10017 21154 30074 40267 57012 80001 333 31///==
33506 42960 03004 11028 21113 30042 40247 57013==
33562 42960 03001 10041 21111 39962 40273 57015==
33587 42970 03501 10030 21123 39997 40267 57013==
33658 42975 00000 10068 21083 39958 40260 57015==
33663 42970 02701 10069 21099 30168 40265 57017==
33664 42998 00000 10053 21131 39941 40262 57015=
33678 42998 02802 10035 21162 30066 40283 57013=
33679 42997 00901 10041 21080 30090 40287 57015=
33711 42960 03203 10005 21116 30044 40261 57013==
33745 42997 02501 10038 21151 30091 40283 57011=
33748 42997 02701 10046 21091 39974 40264 57018=
33754 42998 01101 10051 21097 30118 40267 57017=
33761 42970 00000 10035 21109 30039 40267 57014==
33791 42986 03003 10004 21093 30131 40263 57013==
33815 42998 00000 10039 21144 30061 40273 57012=
33837 42984 22002 10009 21062 30218 40272 56015 80001==
33881 42998 00000 10043 21109 30067 40268 57018=
33883 42998 02601 10044 21101 30094 40261 57015=
33885 42998 02104 10048 21094 30132 40276 57016=
33892 42998 03201 10034 21121 30063 40283 57012=
33902 42960 22403 10014 21142 30207 40268 57013 80001==
33924 22570 52803 10018 21032 30268 40281 57016 83405 333 60002==
33946 22/82 22707 10007 21062 30054 40283 57008 82030 333 60002 90730 91111==
33983 22560 73008 10000 21061 30183 40246 57008 82530 333 69922 91012 90730 91114==
34300 42960 03303 11037 21136 30048 40233 57008==
34336 21440 80303 11073 21097 30093 40202 52001 77172 8872/ 333 11048 69992==
34344 21440 83502 11072 21080 30102 40194 52004 77172 8872/ 333 11045 60022==
34356 21/60 80503 11097 21121 30029 40185 53006 70272 8807/ 333 11061 60012==
34357 21460 83403 11079 21097 30016 40179 52003 72682 883// 333 11065 60022==
34398 42/// 80903 11103 21123 30188 40202 53005 8807/ 333 11078==
34415 42/70 63403 11027 21102 30116 40216 57012 86030==
34438 21360 83203 11071 21085 39994 40195 56001 78582 883// 333 11055 60022==
34445 21540 83205 11072 21083 30065 40184 54001 78582 889// 333 11062 60012==
34461 21460 80502 11094 21127 30122 40180 52008 70172 885// 333 11050 60012==
34473 /15// 80804 11097 21113 30132 40173 52003 77172 8802/ 333 11086 555 69962=
34476 22/70 71401 11109 21127 30165 40173 51004 86034 333 11087 69902==
34504 42978 03305 11017 21115 30064 40245 57010==
34535 21/20 83104 11059 21078 30120 40195 57002 77372 8802/ 333 11042 60012==
34545 21460 83203 11069 21088 30068 40185 57002 78582 8635/ 333 11062 60022==
34555 21/40 83103 11076 21095 30089 40185 54000 77177 8802/ 333 11060 69992==
34560 41/40 80404 11107 21129 39974 40176 52007 77187 8802/ 333 11066 88517==
34578 21/40 80000 11087 21097 30164 40171 52005 77177 8801/ 333 11074 69972==
34579 21560 80801 11097 21128 30128 40173 53006 78587 883// 333 11079 69932==
34644 21540 82803 11062 21075 30111 40192 57003 77172 8657/ 333 11053 60022==
34646 21/40 82903 11066 21075 30100 40186 57002 77177 8802/ 333 11054 60022==
34655 21440 82903 11068 21082 30119 40182 54000 77177 8872/ 333 11054 60012==
34662 21/40 80801 11070 21089 30161 40173 52005 77177 8802/ 333 11044 60012 88515==
34691 41/40 81802 11063 21075 30194 40181 53011 77172 8802/ 333 11042==
34720 21/70 83102 11036 21063 30168 40209 57007 77172 8802/ 333 11032 69942==
34727 21440 82805 11037 21051 30190 40222 57011 78588 883// 333 11037 69922==
34743 21/40 82803 11066 21074 30097 40190 54000 77172 8802/ 333 11056 60022==
34759 21440 82703 11071 21079 30055 40192 53007 78582 889// 333 11059 60012==
34772 21/40 82501 11065 21085 30173 40176 53004 77077 8802/ 333 11051 69982==
34785 21/60 81902 11064 21086 30207 40184 52007 70382 8807/ 333 11038 69942==
34798 41560 81903 11050 21067 30212 40182 57004 72272 885// 333 11033==
34824 21540 82903 11030 21046 30228 40233 57008 78582 883// 333 11030 69982==
34838 21/60 82403 11056 21074 30121 40222 57001 77172 8802/ 333 11040 60012==
34845 21440 82803 11066 21078 30093 40206 53001 78582 883// 333 11056 69972==
34858 21/40 82804 11072 21097 30087 40200 52005 77172 8802/ 333 11057 69942 90730 91110==
34861 21420 83204 11077 21095 39933 40187 52006 78582 889// 333 11069 60022==
34866 21540 82703 11061 21077 30193 40184 53005 78582 8692/ 333 11048 69902==
34880 21/60 62101 11061 21100 30214 40187 52005 70282 83031 333 11042 69922==
34887 21/70 82304 11060 21091 30214 40191 53001 70382 8807/ 333 11036 69942==
34949 22/// /2707 11087 21112 39640 40216 52007 333 11061 69952 91011 90730 91113==
34954 22570 82603 11069 21102 30031 40214 52008 885// 333 11046 69932 90730 91110==
34958 21560 82804 11066 21092 39999 40208 52007 78582 889// 333 11046 60022==
34975 22470 82804 11066 21080 30198 40194 53003 885// 333 11044 69942 88618==
34984 21560 82404 11060 21085 30227 40195 53003 78582 8497/ 333 11039 69922==
35217 429// 21004 11145 21165 30198 40241 53008 80003 333 11096==
35302 42/// 81206 11119 21139 30207 40229 53007 8807/ 333 11079==
35315 329// 00903 11120 21164 30182 40242 53007 333 11098=
35344 /29// 03105 11126 21146 39912 40215 51010 333 11072 555 69902=
35358 42/// 73405 11053 21086 30002 40176 52004 86030 333 11002==
35368 /25// 81802 10004 21032 39904 40170 52002 885// 333 10024 555 69942=
35386 325// 61202 11054 21091 39675 40205 57012 86500 333 11020=
35394 12970 20803 11032 21089 39530 40214 57013 60002 80001 333 10015==
35404 /16// 81406 11072 21085 30193 40202 53005 70272 8457/ 333 11068 555 60022=
35406 129// 41303 11120 21140 30220 40222 53005 60002 80001 333 11067==
35416 42/// 63305 11148 21196 30114 40243 54000 86030 333 11071==
35426 129// 22901 11180 21212 39924 40238 57004 60002 80001 333 11098==
35437 329// 20102 11150 21184 39897 40231 57004 80003 333 11096=
35449 /29// 02704 11088 21117 30087 40194 53012 333 11031 555 60012=
35497 129// 00905 11024 21091 39698 40525 57020 60002 333 10005==
35498 329// 01801 11066 21115 39332 40228 57013 333 10015=
35514 32998 01403 11136 21149 30218 40214 53005 333 11071=
35522 329// 51301 11134 21170 39990 40258 52003 85031 333 11098=
35542 /29// 03203 11116 21136 30056 40211 53016 333 11050 555 60012=
35563 32598 82002 11023 21054 39399 40169 57003 885// 333 11008=
35576 12/// 61103 11022 21064 39730 40181 57003 60002 86070 333 10012==
35582 329// 00706 11042 21100 39602 40210 53004 333 11012=
35594 329// 01503 11055 21108 39367 40218 57006 333 11002=
35605 /1598 81404 11071 21080 30233 40211 53007 70272 885// 333 11049 555 69902=
35633 329// 30000 11120 21147 39990 40215 53003 80003 333 11058=
35671 12570 51302 10001 21035 39741 40168 53004 60002 85500 333 10006==
35699 119// 00910 10026 21109 39444 40188 57015 60002 73631 333 10033 91016==
35700 12/70 51604 11070 21083 30242 40218 53006 60002 85040 333 11018==
35715 32597 61202 11134 21161 30249 40233 53002 86500 333 11099=
35739 329// 63204 11060 21109 30067 40210 53004 86070 333 11030=
35746 429// 03305 11050 21074 30127 40196 54000 333 11027==
35777 324// 81803 10002 21053 39837 40180 53018 886// 333 10018=
35796 12960 50405 11048 21072 39759 40201 57015 60002 80001 333 10002==
35849 129// 20000 11043 21085 30108 40196 53004 60002 80002 333 11008==
35895 32997 70203 11045 21064 39757 40208 53006 80002 333 11020=
35907 32598 72503 11032 21056 30240 40208 54000 87600 333 11005=
35925 12/// 73603 11054 21077 30101 40216 56004 60002 86085 333 11026==
35927 329// 50000 11044 21078 30212 57006 80002 333 11019=
35953 425// 83103 11034 21073 30063 40194 53014 885// 333 11018==
35969 41/// 80000 10011 21028 30013 40185 52010 70262 8802/ 333 10023==
35997 326// 40501 11003 21052 39738 40171 57002 82530 333 10054=
36259 42984 20702 11296 21323 38303 48593 52002 80001==
36335 329// 30000 11052 21109 39214 40251 57011 80001 333 10020=
36358 329// 03602 11062 21084 39226 40260 57012 333 10008=
36394 329// 01801 11119 21132 39848 40291 57008 333 10004=
36397 129// 01402 11074 21155 39707 40285 58009 60002 333 11006==
36403 329// 01901 11131 21137 39913 40293 57004 333 11008=
36418 329// 50000 11122 21166 39662 40306 53001 80003 333 11023=
36421 329// 00000 11209 21232 39719 40331 57001 333 11089=
36428 129// 23301 11190 21219 39782 40322 56003 60002 80001 333 11071==
36439 329// 30000 11108 21147 38995 48503 58002 80001 333 11010=
36498 329// 50405 11063 21125 39436 40241 57010 80001 333 11010=
36501 329// 00000 11086 21123 39498 40272 57002 333 11017=
36535 129// 03102 11177 21222 39648 40325 57002 60002 333 11048==
36546 329// 02801 11142 21170 39736 40305 57001 333 11051=
36619 329// 00804 11061 21105 333 11017=
36622 329// 03401 11075 21118 39439 40261 53004 333 11020=
36639 129// 01001 11095 21140 39623 40247 57002 60002 333 10042==
36643 329// 02502 11150 21172 39614 40315 53001 333 11062=
36665 329// 02703 11132 21162 39535 40296 54000 333 11042=
36666 329// 02503 11176 21194 39784 40311 54000 333 11087=
36729 32998 00000 11073 21090 39730 40223 57001 333 10006=
36736 329// 51201 11015 21082 39683 40238 57001 83051 333 10075=
36744 329// 70403 11016 21060 39732 40182 57008 87030 333 10025=
36770 329// 00101 11010 21016 39459 40183 57009 333 10095=
36786 32999 02002 11031 21064 39284 40207 53001 333 10107=
36796 329// 20000 11093 21141 39015 48470 53004 80001 333 11010=
36803 32999 01002 11047 21063 39761 40217 57006 333 11010=
36806 329// 21617 11108 21197 39775 40263 57005 80001 333 11055 91022 91128=
36819 329// 81401 10048 21044 39555 40153 57006 86021 333 10120=
36821 12/// 60000 11002 21026 39687 40175 57008 60002 83032 333 10103==
36839 32998 83001 11003 21078 39059 40182 57009 82041 333 10088=
36843 329// 02704 10062 21027 39016 40154 57005 333 10115=
36846 329// 60707 10008 21116 38586 48482 56001 82025 333 10077=
36859 129// 00101 10020 21001 39476 40254 57003 60002 333 10128==
36870 129// 30501 10060 21011 39149 40133 57018 60002 80001 333 10141==
36874 326// 41801 10022 21032 39378 40143 57011 82508 333 10096=
36877 329// 22501 10004 21010 80001 333 10108=
36885 326// 71104 10065 21037 39036 40130 57024 82530 333 10155=
36889 329// 31801 11010 21153 37040 47059 57003 80001 333 10023=
36894 329// 40704 10073 21055 39439 40156 56003 82072 333 10153=
36905 329// 01201 10029 21061 38723 48476 54000 333 10100=
36911 129// 00904 10150 20053 39162 40080 57007 6//// 333 10221 555 530//=
36927 12697 63602 10008 21072 38345 48515 57004 6//// 86900 333 10055 555 530//=
36934 12697 20000 10003 21020 38261 48390 58009 6//// 82532 333 1//// 555 530//=
36953 329// 03601 11072 21106 38198 48508 53006 333 10056=
36963 127// 71603 11059 21177 37029 48/// 57003 6//// 84550 333 10000 555 530//=
36974 129// 60000 11018 21079 37988 48525 53004 6//// 80005 333 10072 555 530//=
36982 129// 33501 11094 21192 36533 47102 53003 6//// 80001 333 11009 555 530//=
37018 21560 80201 11018 21040 30166 40245 52005 70282 889// 333 10010 60042==
37031 21/60 82805 11060 21090 30023 40228 52006 77087 8802/ 333 11038 69942==
37054 21440 82503 11055 21074 39818 40220 52006 78588 889// 333 11026 69932 90730 91112==
37061 21/40 82703 11062 21079 30033 40210 53005 77172 8802/ 333 11050 60012==
37085 21/40 82203 11036 21052 30233 40206 53001 77172 8802/ 333 11019 69902==
37171 21760 81001 11004 21013 30223 40242 53002 72682 889// 333 10018 60042 88950==
37228 21460 83002 11068 21110 39336 40208 52007 78582 883// 333 11034 69902==
37235 22670 80901 11054 21087 39883 40214 57001 885// 333 11017 60002==
37472 22/70 82901 11012 21091 30240 40217 53001 8807/ 333 10018 60002==
38149 11540 80401 11018 21032 30124 40202 57009 60002 71022 885// 333 11008==
38178 415// 80000 11017 21044 39887 40180 53019 71022 885// 333 10009==
38262 12/// 80301 11018 21040 30114 40198 53014 60002 8801/ 333 11001==
38264 12470 71003 11019 21040 30103 40199 52004 60002 875// 333 11008 87618==
38345 11996 82702 10058 20034 38785 48491 52042 6//// 710// 8802/ 333 10173 555 530//=
38353 129// 60000 10094 21019 39241 40115 57002 6//// 82031 333 10210 555 530//=
38388 12598 80901 11017 21034 30122 40194 57014 6//// 885// 333 11013 555 530//=
38392 12497 80403 11010 21017 30089 40195 53004 6//// 886// 333 11006 40998 88716 555 530//=
38396 12460 70902 11001 21022 30076 40205 53013 60002 875// 333 10006 87612==
38403 426// 80202 11003 21030 30053 40176 53009 882// 333 10002==
38413 42/// 81402 10012 20012 39887 40182 52011 8802/ 333 10014==
38457 41540 72801 10110 20053 39581 40155 57002 71062 85540 333 10148==
38462 126// 80502 10051 21043 38751 48496 52029 60002 8692/ 333 10124==
38507 12496 40602 11021 21030 30104 40210 53019 60012 84500 333 11005 555 530//=
38545 12597 82901 10002 21019 30021 40201 53015 69902 885// 333 10004 555 530//=
38565 41/// 90000 10046 20041 39563 40135 52008 74742 89/// 333 10057==
38579 425// 31801 10074 20061 39738 40153 54000 82970 333 10074==
38583 41560 81801 10065 20049 39848 40168 53001 70188 85941 333 10094==
38599 31996 62503 10055 20035 39622 40158 57012 71022 82031 333 10143=
38611 12/60 80000 10101 20029 39580 40140 52028 60002 8807/ 333 10173==
38613 129// 80901 10116 21002 40157 53062 6//// 8802/ 333 10202 555 530//=
38616 125// 71801 10103 20015 39173 40165 53052 6//// 87500 333 10198 555 530//=
38618 12/// 83401 10110 20013 39460 40133 52030 60002 84031 333 10174==
38647 12597 72604 10014 21021 30146 40189 52022 69942 8//// 333 10089 555 530//=
38656 12698 70000 10048 21029 30084 40194 53009 69932 87500 333 10050 555 530//=
38683 11240 82502 10026 20023 39908 40189 53014 60002 71022 886// 333 10032 88705==
38687 11296 83402 10022 20012 39958 40197 53010 60072 710// 886// 333 10026 88705 555 530//=
38696 426// 82501 10082 20076 39310 40155 52006 885// 333 10098==
38713 329// 80901 10062 21084 39006 48480 53006 8807/ 333 10108=
38750 12597 82702 10049 20011 30243 40214 53016 60032 885// 333 10071 555 530//=
38763 12598 72406 10030 21008 30089 40196 53028 69942 82930 333 10070 555 530//=
38774 12895 80501 10034 20011 30001 40200 53016 69952 8807/ 333 10034 555 530//=
38799 12597 83602 10041 20010 39971 40206 53007 69932 885// 333 10052=
38806 12697 70000 10042 20025 39908 40172 54000 60042 87500 333 10050=
38812 42260 8//01 10050 20038 39721 40176 52012 883// 333 10078 83706==
38836 215// 80000 10089 20089 39234 40158 51001 78188 889// 333 10154 60072=
38880 11997 81702 10045 20006 39933 40191 53010 69902 785// 889// 333 10047 889// 555 530//=
38886 12597 60000 10051 20001 39962 40192 53007 6//// 86500 333 10058 555 530//=
38895 32596 83501 10040 20009 39901 40195 53008 885// 333 10054=
38911 31697 80202 10061 20008 39892 40188 52011 60012 885// 333 10075=
38915 11496 82801 10078 20061 39860 40183 58004 60042 76066 8802/ 333 10091=
38927 41744 82903 10088 20077 39789 40162 58003 78088 8895/ 333 10179 87950==
38933 329// 80504 10155 20098 39668 40166 57011 885// 333 10180=
38944 326// 83408 10164 20025 39549 40063 53007 885// 333 10208=
38954 328// 80000 10035 21063 37988 48580 52012 86920 333 10068=
38974 12998 83402 10048 20007 39836 40174 53004 69922 8802/ 333 10055 555 530//=
38987 11496 80202 10035 20033 39411 40161 57007 60012 70262 885// 333 10040=
40100 43/82 19909 10092 21066 30270 40287 53004 333 58///=
40180 02660 32401 10097 20022 30216 40267 54000 83100 333 70000==
40199 02/// ///// 10152 21031 30213 40239 52004 333 70000==
40270 41556 52904 10042 21030 39335 40272 52004 70522 85200 333 82825 84835=
40272 41550 53012 10050 21026 39404 40264 52038 70522 85200 333 85830=
40340 41956 03518 10152 21050 30178 40245 52005 70700=
40356 42660 22908 10055 21130 39228 48508 82100 333 58028 82840 555 04410 50246=
40357 42960 00204 10074 21140 39580 40241 333 58039=
40360 42660 43118 10088 21080 39637 40249 84400 333 58030 84640=
40361 42960 03018 10095 21170 39439 40258 333 58029=
40362 42660 50109 10090 21090 39705 40239 85500 333 58029 85640=
40373 42960 03608 10126 21060 39789 40218 333 58028=
40375 42960 20106 10116 21080 39320 40220 82030 333 58036 82360=
40394 42960 00312 10120 21050 39054 48519 333 58017 555 04410 50203=
40400 41958 53120 10200 20060 30144 40172 70600 80002 333 58017 85070=
40405 42960 00410 10166 20010 39426 40169 333 58006=
40417 42660 63614 10155 20060 30163 40178 84520 333 58023 84640 86459=
40430 42960 33010 10257 21070 39407 40134 80002 333 58009 83070=
40437 42660 70508 10162 20010 39467 40175 87400 333 58013 87640=
40439 42960 42724 10242 20090 30126 40144 82031 333 58018 82360=
40582 42660 40113 10142 21055 40209 53009 82450 333 55301 00000 10248 20057 30016 41003 51290 60073 55407 40042 82640 84358 90400 91019 91123 91215 91313=
40703 42960 00000 11042 21151 38910 40239 53003 333 11030 21090 70000 555 11065 29042 66666 00000 11004 20010 30026 50056 90082=
40706 41580 13503 11079 21181 38633 40276 51005 71510 81300 333 11046 21146 79999 81932 555 11098 29044 66666 00006 10012 20023 30037 50055 90074=
40712 42665 23004 11052 21252 38659 40246 52005 82300 333 11027 21115 70002 82935 555 11084 29019 66666 00002 10006 20013 30017 50032 90050=
40713 42562 20000 11058 21143 38628 40225 53005 82800 333 11031 21104 70003 81832 555 11077 29051 66666 00011 10016 20033 30049 50069 90092=
40718 42560 22002 10035 21013 30255 40225 52003 82400 222// 0//// 20302 333 10077 20010 70012 82620 555 10018 29071 66666 00088 10088 20074 30072 50092 90114=
40723 41260 83105 10000 21043 38919 40182 50004 70252 8652/ 333 10014 20000 79999 83705 86625 88457 555 11015 29072 66666 00024 10032 20042 30050 50060 90070=
40726 42660 52902 11074 21127 38642 40254 52007 85300 333 11020 21090 70102 82935 83640 555 11084 29066 66666 00030 10030 20042 30040 50054 90080=
40727 42965 60603 11077 21112 38456 40266 52011 80005 333 11048 21136 70008 86270 555 11084 29076 66666 01009 10009 20021 30030 50040 90069=
40732 42560 73104 10044 21040 30243 40217 52011 85370 333 10058 20026 70000 82920 84625 87458 555 10016 29055 66666 00052 10058 20074 30088 50102 90124=
40736 41458 82903 10040 20022 30237 40211 53002 76062 8632/ 333 10075 20034 70081 84719 82925 88557 555 10033 29088 66666 00066 10062 20070 30081 50096 90118=
40738 41457 82606 10048 20022 30222 40224 52012 76022 8552/ 333 10093 20046 79999 83715 85630 88556 555 10035 29083 66666 00072 10084 20088 30090 50104 90122=
40739 42665 53504 10002 21073 38609 40132 52010 85500 333 10080 21008 70000 85635 555 11023 29057 66666 00082 10086 20090 30082 50084 90093=
40741 42560 83602 10049 20011 39840 40182 53003 8472/ 333 10054 20014 70033 84725 88458 555 10034 29076 66666 00081 10089 20094 30099 50109 90121=
40743 42665 22105 10097 21066 38958 40073 58013 82500 333 10157 20025 70000 82635 555 10038 29031 66666 00160 10164 20150 30136 50134 90132=
40745 41208 81105 10014 20012 38990 40163 53012 75042 886// 333 10039 20006 70016 88704 555 10013 29099 66666 00048 10058 20072 30074 50087 90105=
40747 42670 12804 11056 21216 38615 40239 52018 81400 333 11010 21077 79999 81635 555 11086 29027 66666 00000 10035 20047 30057 50066 90088=
40754 42670 23208 10029 21185 38760 40134 52002 82435 333 10065 20008 70000 82640 555 11026 29019=
40762 42962 32902 10110 21036 38472 40073 58002 80002 333 10156 20044 70007 83069 555 10050 29036 66666 00112 10121 20110 30092 50082 90090=
40766 42760 52908 11033 21200 38669 40220 53003 82270 333 10013 21050 79999 82850 83459 555 11068 29026 66666 00036 10044 20044 30048 50068 90099=
40768 42665 32906 11053 21138 38198 40185 52008 83400 333 11019 21055 70000 83635 555 11073 29051 66666 00007 10002 20018 30025 50030 90050=
40769 42565 12103 10002 21109 38216 40115 52009 81100 333 10055 21022 70000 81830 555 11032 29043 66666 00064 10070 20064 30056 50076 90100=
40780 42660 42704 11041 21157 38674 40258 52006 82570 333 11002 21063 70000 82645 84458 555 11067 29040 66666 00040 10040 20040 30040 50070 90090=
40782 42670 42505 10036 21112 38834 40176 57004 84500 333 10071 21013 70000 84640 555 11011 29033 66666 00082 10084 20080 30068 50098 90114=
40785 42960 00000 10077 21101 39029 40141 52019 333 10114 21004 70000 555 10019 29027 66666 00106 10148 20122 30114 50124 90162=
40791 42960 12801 10204 21090 39236 40033 55006 81070 333 10255 20143 70000 81361 555 10090 29013 66666 00212 10218 20198 30180 50174 90173=
40792 42660 70303 10153 21049 38625 40043 55008 85570 333 10196 20087 79999 85635 83359 555 10070 29025 66666 00176 10176 20164 30140 50146 90134=
40798 42960 22509 11003 21150 37905 40147 50006 80005 333 10068 21003 70000 82270 555 11044 29032 66666 00084 10094 20084 30074 50077 90083=
40800 42970 03011 10081 21155 38397 40099 52010 333 10141 20077 70000 555 10010 29017 66666 00112 10144 20128 30114 50118 90128=
40809 41558 41808 10144 20026 38433 40045 51004 70792 84330 333 10197 20144 79999 81930 83635 555 10087 29045 66666 00158 10161 20159 30145 50133 90133=
40811 42660 63005 10122 21089 30181 40208 52016 83570 333 10167 20075 70000 83640 86460 555 10052 29022 66666 00184 10194 20194 30194 50206 90216=
40812 42660 52706 10108 21079 39800 40186 52010 83430 333 10142 20061 70000 83640 85360 555 10044 29026 66666 00196 10194 20186 30176 50178 90198=
40821 41950 12207 10158 21085 38718 40074 53009 70700 81070 333 10204 20123 70000 81360 555 10065 29018 66666 00200 10197 20171 30158 50148 90148=
40829 41650 71713 10214 20129 39537 40091 53019 70700 81570 333 10311 20172 70000 81640 87359 555 10164 29058 66666 00250 10234 20194 30190 50178 90184=
40831 42660 73309 10127 21076 30206 40215 52008 87300 333 10151 20090 70000 82935 85640 555 10057 29023 66666 00178 10190 20178 30176 50212 90224=
40833 42660 63006 10148 21035 30162 40195 53008 86500 333 10184 20097 70000 86640 555 10077 29028 66666 00224 10228 20210 30206 50204 90218=
40841 42660 72306 10105 20020 38219 40097 52009 83370 333 10145 20098 70000 81940 83645 87360 555 10065 29056 66666 00106 10104 20110 30114 50128 90148=
40845 42660 53413 10168 20031 30177 40182 53005 85500 333 10168 20140 70000 85640 555 10106 29040 66666 00180 10186 20182 30184 50190 90202=
40848 42660 62303 10086 20015 38502 40141 53002 82406 333 10140 20080 70000 82635 86270 555 10054 29061 66666 00106 10108 20108 30102 50110 90120=
40854 42660 53002 10198 20091 38896 40047 57001 85300 333 10242 20198 70000 82935 83640 555 10138 29050 66666 00268 10256 20222 30208 50206 90210=
40856 41658 52508 10172 20094 38614 40085 50004 70122 82370 333 10217 20158 70005 81940 85459 555 10128 29060 66666 00178 10188 20182 30162 50160 90154=
40859 41550 80705 10082 20062 38709 40164 58002 71066 8732/ 333 10144 20082 70004 83720 82930 85635 88459 555 10072 29087 66666 00090 10110 20114 30120 50132 90149=
40875 41550 89901 10234 20145 30112 40123 52018 70596 8457/ 333 10267 20222 70001 84625 88360 555 10181 29057 66666 00256 10268 20258 30246 50254 90256=
40879 42960 61903 10262 20111 39457 40116 52009 84076 333 10292 20189 70000 84360 85270 555 10174 29039 66666 00276 10276 20254 30246 50244 90254=
40882 42660 73608 10234 20102 30090 40125 52009 81276 333 10246 20216 79999 81840 87359 86269 555 10161 29043 66666 00240 10240 20234 30242 50238 90250=
40883 41558 63505 10243 20066 30092 40119 51004 70522 82570 333 10282 20207 70000 82630 86460 555 10151 29032 66666 00258 10260 20250 30242 50246 90254=
40893 41540 81410 10242 20217 30102 40107 58003 71000 82520 333 10256 20232 70000 82625 88458 555 10225 29086 66666 00291 10287 20271 30274 50276 90279=
40898 41556 61207 10242 20216 30131 40140 51017 71010 82270 222// 00236 20801 333 10263 20229 70000 82825 85359 555 10225 29086 66666 00280 10308 20294 30274 50270 90274=
41024 42960 53418 10255 20130 30118 40144 80002 333 58008 85070=
41036 42560 32610 10236 20080 38567 48518 83200 333 58005 83830 555 04410 50116=
41055 42960 01910 10226 20040 38362 48507 333 59002 555 04410 50105=
41061 42960 01010 10246 21050 39419 40117 333 58024=
41084 42960 02610 10292 20000 38834 48494 333 59003 555 04410 50075=
41112 42960 02010 10182 20060 37966 48532 333 58005 555 04410 50117=
41114 42960 02112 10195 20030 38002 48534 333 58006 555 04410 50118=
41128 41957 00908 10295 21010 38795 48508 70633 333 58013 555 04410 50086=
41136 41950 00109 10293 20040 39304 40100 70600 333 58017=
41140 42960 02706 10295 20220 30121 40133 333 58010=
41150 42970 53418 10167 20074 40170 85030 333 58025 85360=
41176 44/70 /3612 10185 20083 30151 40157 333 58028=
41184 42960 70108 10240 20207 40132 8253/ 333 58020 82635 86362=
41194 42960 63210 10241 20195 30115 40121 8603/ 333 58013 86368=
41196 42960 73205 10240 20194 30087 40128 8703/ 333 58014 87365=
41216 42960 43308 10229 20158 30124 40128 82031 333 58025 82368=
41217 42960 63213 10229 20154 30095 40124 8603/ 333 58028 86368=
41244 26/// /2306 10298 20104 39679 40082 333 0E026 55300 25022 58000 70000=
41246 36/// /1107 10248 20229 30116 40118 333 0E025 55300 25022 59010=
41253 36/// /0007 10257 20189 39758 40114 333 0E022 55300 25022 59001=
41254 36/// /2410 10168 20010 38070 49833 333 0E009 55300 25022 59003=
41255 35/111 /2504 10307 20033 39611 40118 333 0E020 55303 20285 59002=
41262 36/// /1302 10304 20067 39921 40112 333 0E021 55300 20261 59001=
41263 36/// /2003 10298 20045 39554 40100 333 0E021 55300 20261 59001=
41265 36/// /1906 10301 20024 39552 40102 333 0E022 55300 20159 59004=
41267 36/// /3205 10258 20222 30117 40129 333 0E023 59010=
41268 36/// /0506 10255 20218 30075 40122 333 0E025 55300 25022 59010=
41275 36/// /2106 10321 20042 39969 49982 333 0E020 55300 20290 59002=
41288 26/// /1509 10257 20217 30126 40148 333 0E021 59004 70002=
41315 36/70 /0000 10215 20169 39328 48119 333 0E024 55300 27865 58003=
41316 32970 41905 10254 20218 30118 40148 80001 333 58005 55254 55407 55408 55507 55508 84075=
41396 42965 41406 10327 20008 39400 40093 80001 333 58006 84070=
41480 41557 30810 10264 20214 30129 40137 70544 83501 333 58005 83620 83070=
41506 12420 81802 10130 20002 38571 48690 60001 8552/ 333 5688/ 58023==
41508 12420 83603 10128 20021 38702 48700 60001 84520 333 56880 58016==
41515 12420 72302 10110 21044 38576 48390 60001 84520 333 56880 59006==
41516 12940 40000 10130 21009 38588 48450 60001 84030 333 56080 58020==
41517 11940 00000 10040 21037 37851 48810 60001 70400 333 58023==
41518 12440 41801 10144 21130 30001 48010 60001 82520 333 56880 58000==
41519 12940 30000 10165 21018 38803 48460 60001 80001 333 56008 58014==
41523 12420 80000 10165 20044 39118 48410 60001 8552/ 333 5688/ 58013==
41535 12640 40000 10145 20029 38757 48280 60001 84020 333 56080 58014==
41536 12940 50000 10160 20063 39077 48500 60001 85020 333 56080 58008==
41560 12440 50000 10070 20002 38325 48540 60001 83520 333 56880 58003==
41571 11900 63103 10180 20025 39608 40192 60001 70522 82031 333 56088 58005==
41598 11440 50000 10195 20124 39895 40167 60001 70410 84570 333 56880 58008==
41600 11940 32301 10195 20162 30000 40170 60001 70411 83070 333 56080 58007==
41620 11440 61801 10110 20081 38612 48140 60051 70361 82510 333 56880 58017==
41624 11440 53101 10200 20130 30000 40179 60001 70411 8592/ 333 5688/ 58016==
41630 11440 72301 10205 20155 30000 40183 60001 70422 87570 333 56880 58004==
41640 11940 30000 10210 20151 39932 40181 60001 70400 83070 333 56080 58008==
41660 12400 71306 10130 20085 38462 48510 69901 86330 333 56880 58026==
41678 11940 30000 10230 20115 30000 40175 60001 70500 83070 333 56080 58011==
41696 12440 70000 10120 20074 37999 48130 60011 83520 333 56880 59009==
41697 12440 80000 10225 20150 30000 40174 60001 84520 333 5688/ 58021==
41700 11920 20501 10220 20154 30000 40161 60001 70400 82030 333 56080 58014==
41710 12940 00502 10250 20068 30000 40065 60001 333 59006==
41712 12440 20501 10210 20083 39177 48060 60001 82500 333 56800 58013==
41715 11940 20502 10250 20151 30000 40162 60001 70550 82030 333 56080 58007==
41718 11920 30000 10230 20165 30000 40174 60001 70400 83030 333 56080 58010==
41725 12940 03601 10255 20157 30000 40158 60001 333 58008==
41739 12940 42303 10220 20118 39034 48030 60001 84030 333 56080 58002==
41744 12440 53101 10180 20039 38805 48320 60001 83530 333 56880 58022==
41749 11940 23102 10255 20167 30000 40160 60001 70400 80001 333 56008 58012==
41756 11340 71305 10240 20202 30000 40150 60001 70504 84430 333 56880 58001==
41757 11340 71303 10240 20210 30143 40156 60001 70500 86620 333 56880 58008==
41759 11440 70902 10225 20186 30000 40165 60001 70511 85510 333 56880 58015==
41764 12940 43604 10265 20150 30105 40155 60001 80001 333 56008 58009==
41768 12940 00000 10265 20150 30144 40151 60001 333 58008==
41780 11940 02301 10250 20179 30131 40158 60001 70400 333 58005==
41785 12940 00000 10265 20188 30146 40159 60001 333 59001==
41859 01930 00000 10197 20190 30131 40169 70500 333 59006 70000==
41883 02930 00000 10218 20180 30151 40172 333 58000 70000==
41891 01930 00000 10211 20120 30124 40163 70500 333 59004 70000==
41907 01930 00000 10195 20180 30151 40167 70500 333 59001 70000==
41923 02950 00000 10230 20140 30160 40170 333 58003 70000==
41936 01920 00000 10220 20190 30151 40159 70500 333 58000 70000==
41943 01930 00000 10195 20180 30150 40157 70500 333 59004 70000==
41950 02950 00000 10214 20200 30155 40157 333 59008 70000==
41978 01940 03305 10266 20190 30150 40157 70500 333 58000 70000==
41992 01925 00000 10244 20210 30155 40157 70500 333 58001 70000==
42027 31995 21801 10087 20019 38460 48546 70500 80001 333 58014=
42071 31996 40000 10168 20117 40189 70500 84030 333 58009 84360=
42101 32996 12901 10184 20146 40193 80001 333 58006 81070=
42111 31994 41401 10172 20145 39472 40177 71011 82031 333 58018 82360 84070=
42123 32996 00501 10204 20142 40182 333 58004=
42131 32996 00000 10176 20141 40198 333 58005=
42165 32996 00000 10260 20098 40161 333 58007=
42182 31996 20000 10182 20140 40186 71000 82030 333 58012 82360=
42189 31995 00000 10174 20131 40181 70500 333 58010=
42309 31595 43401 10178 20168 40175 71021 82530 333 59007=
42314 31595 63603 10188 20161 40171 71000 83530 333 59007 83620 85360=
42328 32996 20000 10254 20113 40137 80001 333 58014 82070=
42339 31995 20000 10224 20113 40169 70520 80001 333 58010 82070=
42348 31996 03602 10242 20101 40177 70500 333 58015=
42361 31995 00000 10196 20133 40184 70500 333 58011=
42369 31995 00000 10198 20127 40181 70500 333 58007=
42379 31995 00000 10190 20149 40170 71000 333 58004=
42410 31595 60000 10198 20165 40176 71020 83530 333 59007 83620 85360=
42415 32596 50000 10208 20165 40176 82530 333 59013 82620 84360=
42452 31996 20000 10210 20108 40177 70500 80001 333 58019=
42492 31995 00000 10220 20149 40174 70500 333 58006=
42559 32996 20000 10208 20087 40175 80002 333 58017 82075=
42571 31996 00000 10210 20099 40174 70500 333 58002=
42591 31995 00000 10188 20124 40187 70500 333 58005=
42623 31495 20901 10180 20105 39291 40166 70500 81530 333 59004 81618 82360=
42634 32996 00000 10288 20110 40160 333 58005=
42647 31996 00000 10264 20094 40160 70400 333 58013=
42667 32996 23606 10210 20070 39584 40175 82030 333 58011 82360=
42675 31995 00000 10194 20106 40176 70500 333 58010=
42701 31996 00000 10216 20072 39432 40161 70500 333 58009=
42724 31996 00000 10210 20185 40160 71000 333 59004=
42737 32996 00000 10292 20101 40155 333 58008=
42754 31996 00207 10236 20096 39530 40165 70500 333 58013=
42779 32996 20000 10220 20096 39472 40173 82030 333 58005 82360=
42798 31995 00000 10234 20162 40160 70500 333 58009=
42809 31996 00501 10260 20185 40163 70500 333 58005=
42840 32996 00000 10298 20125 40152 333 58010=
42867 31996 20202 10250 20130 40157 70500 82030 333 58025 82360=
42874 31996 00000 10256 20173 40157 70500 333 59001=
42886 31995 00000 10232 20110 40166 70500 333 58005=
42895 32596 40000 10242 20224 40166 82530 333 58002 82620 83360=
42909 32996 00000 10270 20229 40152 333 58003=
42971 31595 31603 10264 20219 40174 70510 81530 333 58009 81620 83360=
43003 31995 03603 10298 20176 40135 70400 333 58007=
43014 31996 03402 10260 20102 39501 40142 70544 333 58006=
43041 31996 00000 10238 20107 39542 40158 70500 333 58003=
43063 32996 00000 10232 20099 39520 40144 333 58005=
43086 32996 00000 10254 20184 39961 40139 333 59004=
43110 21040 00502 10285 20215 40144 70544 333 58004 60005==
43117 22040 00000 10286 20130 40129 333 58001 60005==
43128 32997 09902 10276 20149 39548 40147 333 58004=
43150 31596 40902 10272 20234 30107 40169 70500 82501 333 58015 82620=
43185 32596 21403 10266 20233 30147 40150 82500 333 58011 82620=
43189 32596 30000 10272 20234 30156 40165 82530 333 58011=
43192 32996 00000 10288 20213 40125 333 59005=
43201 32996 00000 10266 20076 39397 40114 333 58002=
43213 32996 00000 10296 20117 39813 40126 333 58008=
43233 32996 29902 10264 20084 39328 40137 80001 333 59002=
43237 32996 11102 10294 20114 39717 40103 80001 333 58006 81075=
43245 32596 30903 10278 20234 30130 40157 82501 333 58012=
43279 32596 40502 10274 20224 30139 40157 83501 333 58007 83620=
43284 32996 03403 10290 20206 30000 40114 333 59004=
43295 32996 10503 10250 20127 39132 48544 80001 333 59001 81075=
43314 32996 10000 10300 20252 40118 80001 333 58000=
43321 31996 20905 10300 20119 39685 40125 70500 80001 333 59001 82070=
43329 32496 41103 10274 20248 30131 40145 83601 333 56209 58002=
43333 21495 60504 10270 20241 40143 70562 84410 333 56990 59003 6018/ 82618 84820 86458=
43344 31496 30708 10274 20224 30043 40144 70500 81501 333 59002 81616=
43353 31495 29902 10302 20244 40124 70521 81530 333 56590 59001 81620=
43369 32596 20000 10278 20249 40122 82500 333 59003 82620=
43371 31995 10000 10278 20222 30048 40120 70500 80001 333 59013 81071=
44212 429// 01403 11302 21344 39266 40575 57004==
44213 429// 00000 11304 21341 38897 40579 57001==
44214 42970 00000 11162 21239 38323 40450 53008==
44215 429// 02901 11228 21256 38470 40520 52001==
44217 32998 20000 11208 21261 37875 40528 54000 82040 333 91202=
44218 429// 02401 11225 21255 38685 40517 54001==
44219 32999 00702 11254 21284 38699 40536 58004 333 91202=
44265 429// 30402 11111 21149 38888 40374 58004 80004==
44266 329// 03405 11121 21258 37797 40418 58007 333 91205=
44454 42456 42804 10148 20092 38698 48534 84800 333 59002=
48064 42940 11401 10281 20203 30044 40100 80001 333 58009==
48094 42450 40000 10280 20220 30149 40159 83940 333 58023==
51076 14/80 /0302 11087 21155 39389 40319 57006 60001 333 10007 21125 3/102 4/025 59073 70000 90761 91103==
51087 14/69 /2801 11076 21125 39244 40319 57004 60001 333 10022 21119 3/105 4/014 59075 70000 90761 91102==
51156 14/77 /0103 11080 21138 38713 40297 57004 60001 333 10019 21118 3/111 59074 70000 90761 91105==
51243 14/56 /1601 11118 21152 39737 40328 57011 60001 705// 333 11065 21148 3/112 59088 70000 90761 91105==
51463 14/00 /3202 11129 21146 39055 40313 57009 60001 746// 333 11048 21129 3/101 4/034 59077 70000 90761 91104==
51573 14/62 /3601 10051 21187 30232 40283 52001 60001 333 10122 21012 3/000 59048 70000 90761 91104==
51644 14/22 /3201 10018 21124 39011 40303 57003 60001 706// 333 10093 21065 3/101 59029 70000 90761 91109==
51656 14/12 /2702 10023 21106 39213 40303 57003 60001 705// 333 10091 21074 3/101 59036 70000 90761 91110==
51709 14/61 /3401 10035 21129 38685 40296 52010 60001 333 10087 21020 3/000 59019 70000 90761 91105==
51716 14/40 /0000 10023 21106 38971 40296 52004 60001 705// 333 10117 21049 3/102 59027 70000 90761 91105==
51765 14/49 /0000 11004 21136 39280 40311 57006 60001 706// 333 10106 21083 3/105 59031 70000 90761 91108==
51811 14/24 /0000 10035 21125 38843 40291 52007 60001 706// 333 10110 21034 3/000 59018 70000 90761 91105==
51886 14/80 /1602 11063 21353 37160 40357 52009 60001 333 10023 21137 3/111 58014 70000 90761 91115==
52203 14/56 /1801 11020 21161 39400 40315 57003 60001 706// 333 10092 21084 3/106 59033 70000 90761 91106==
52602 14/80 /3204 11108 21279 37322 40394 52008 60001 333 11012 21168 3/115 58012 70000 90761 91116==
52818 14/80 /2101 11061 21230 37300 40354 52013 60001 333 10023 21097 3/111 58023 70000 90761 91108==
55299 14/80 /2901 11096 21201 35869 40273 52015 60001 333 11041 21124 3/114 58027 70000 90761 91110==
55591 14/80 /1103 10004 21140 36548 40168 52020 60001 333 10063 21034 3/101 58036 70000 90761 91111==
56004 14/80 /2801 11176 21277 35842 40393 52009 60001 333 11065 21203 3/122 58037 70000 90761 91118==
62306 32560 43310 10139 20031 40286 57001 84500=
62309 32560 30212 10143 20028 40268 52002 83500=
62332 32560 60413 10123 20048 40273 52008 86800=
62337 32960 40207 10110 20038 40268 52003 84500=
62366 35560 60114 10138 20041 40253 52008 86200=
62387 32960 03511 10154 20026 40244 57002=
62393 31957 03518 10143 20019 40252 54000 70700=
62405 32960 60203 10208 21035 40194 57009 80004=
62414 32960 03509 10207 21051 40190 57003=
62419 32960 03612 10222 21031 40182 57004=
62420 32960 40109 10165 20006 40245 57006 80002=
62423 N=
62435 32960 03411 10169 21005 40216 57004=
62440 32560 40112 10138 20049 40226 52007 84200=
62455 32560 23509 10154 20022 40246 52002 82500=
62458 32960 03606 10171 21031 40233 52009=
62459 31956 03019 10166 20052 40200 52003 70700=
62465 32960 63317 10177 20067 40197 57003 80004=
63330 42580 21105 10198 20138 37800 40271 81501 333 59004 81624 555 10250=
63332 42580 32502 10280 20175 38213 40042 83100 333 58002 83825 555 10318=
63333 42580 10904 10264 20049 38172 40186 81131 333 58000 81826=
63334 42580 30904 10244 21100 37634 4//// 83500 333 59001 83627 555 10272=
63340 42580 43602 10245 20063 37946 40168 84200 333 58012 84825 555 10286=
63402 42580 40000 10300 20064 83202 333 83829 555 10326=
63403 41560 60102 10274 20158 70522 82230 333 82823 85358 555 10295=
63450 42580 51206 10226 20006 37753 40272 82101 333 58002 82826 85070=
63451 42580 20801 10265 20033 38126 40051 82101 333 58004 82828 82073 555 10290=
63453 42580 53604 10342 20078 39045 40268 81101 333 58025 81824 84070 555 10367=
63460 42580 43402 10280 20126 84200 333 84823 555 10326=
63471 42580 20701 10330 20087 38849 40069 82101 333 58002 82828=
63474 42580 30904 10196 20008 37602 4//// 83800 333 59007 82823=
63478 42980 01109 10374 20206 39763 40081 333 5//// 555 10416=
63500 42580 20000 10336 20110 81131 333 81827 555 10353=
63533 42580 30705 10296 20064 38501 4//// 81101 333 58000 81830 83070 555 10329=
41256 329// 30203 10247 20224 30107 40124 91445 333 58006 55040 55407 55408 55507 55508=
