SMPK OPKC 240000=
41504 02695 41304 11020 21104 37890 48559 60002 84500 333 56900 58009 60007 84640 RH53%=
41505 22595 00000 10010 21002 38/// 48/// 60001 333 58/// 92 %=
41506 02995 00000 10020 21004 38550 48548 60002 333 59012 60007 84%=
41507 02996 00000 10070 20059 39297 49832 60002 333 58011 60007 93%=
41508 02995 00000 10033 20010 38704 48566 60002 333 58011 60007 84%=
41509 02996 42302 10075 20030 38804 48539 60002 84030 333 56090 58002 60007 84360 RH73%=
41510 02996 00000 10005 21021 37953 48569 60002 333 58011 60007 83%=
41515 02695 30000 10043 21005 38606 48565 60002 83500 333 56900 58015 60007 83650 70%=
41516 02696 20000 10060 21016 38606 48561 60002 82100 333 56900 58017 60007 82840 RH58%=
41517 01696 10000 11010 21048 37853 48595 60002 70400 81500 333 56900 58017 60007 81635 73%=
41518 02696 41802 10106 21090 38/// 48/// 60002 82520 333 56990 5//// 60007 82640 82462 24%=
41519 02996 00000 10090 21040 38807 48542 60002 333 59007 60007 39%=
41520 02995 01802 11020 21076 37690 48353 60002 333 58020 60007 62%=
41523 02995 00000 10060 20038 39124 48524 60002 333 58007 60007 86%=
41524 02996 00000 10100 20035 39404 40289 60002 333 58020 60007 64%=
41525 12996 30000 10025 21012 37699 48428 60002 80002 333 56009 58001 83070 77%=
41528 01996 00000 10085 20053 39243 48518 60002 70400 333 58018 60007 81%=
41529 02996 00000 10095 20074 39812 40207 60002 333 58011 60007 RH 87%=
41530 019// 42304 10110 20068 39774 40199 60002 70500 80001 333 56009 58013 60007 84070 75%=
41534 02696 50000 10090 20080 39773 40200 60002 82520 333 56990 58010 60007 82640 83460 93%=
41535 02996 00000 10045 20005 38735 48499 60002 333 58010 60007 RH70%=
41536 02996 00000 10080 20023 39083 48540 60002 333 58030 60007 67%=
41560 02996 00000 11005 21032 38296 48531 60002 333 58029 60007 RH82%=
41562 02996 00000 10115 20062 39705 40180 60002 333 58003 60007 RH70%=
41565 02995 03104 10083 20002 38663 48528 60002 333 59006 60007 RH 56% =
41567 01996 00000 10115 20074 39752 40179 60002 70400 333 59007 60007 76%=
41571 199// 43104 10105 20053 39610 40209 60002 70511 80001 333 56009 58014 60007 RH70%=
41572 01996 02304 10100 20035 39547 40189 60002 70400 333 58013 60007 RH64%=
41573 02997 00000 10035 21044 38000 48537 60002 333 58014 60007 56%=
41574 02997 00000 10000 21013 38375 48559 60002 333 58009 60007 91%=
41576 01996 00000 10110 20068 40205 60002 70400 333 58014 60007 75%=
41577 01996 00000 10080 20070 39575 40211 60002 70400 333 58014 60007 RH 93%=
41593 01996 00000 10130 20091 39958 40179 60002 70400 333 58010 60007 77%=
41597 01996 00000 10120 20101 39903 40203 60002 70400 333 58010 60007 88%=
41598 01996 00000 10120 20101 39903 40180 60002 70400 333 58026 60007 88%=
41599 01995 00000 10120 20090 39887 40185 60002 70400 333 58006 60007 82%=
41599 01995 00000 10120 20090 39887 40185 60002 70400 333 58006 60007 82%=
41600 01996 00000 10110 20090 39870 40173 60002 70400 333 58004 60007 87%=
41620 31696 41802 10020 20017 38601 48501 60001 70500 84500 333 56900 59005 60007 84640 86%=
41624 01995 30000 10125 20085 39965 40171 60002 70400 83020 333 56090 58005 60007 83460 77%=
41624 01995 30000 10125 20085 39965 40171 60002 70400 83020 333 56090 58005 60007 83460 77%=
41625 01995 33602 10120 20079 39962 40167 60002 70400 83020 333 56090 58011 60007 83460 76%=
41625 01995 33602 10120 20079 39962 40167 60002 70400 83020 333 56090 58011 60007 83460 76%=
41630 01996 33106 10130 20101 40184 60002 70400 83030 333 56090 58008 60007 83360 83%=
41630 01996 33106 10130 20101 40184 60002 70400 83030 333 56090 58008 60007 83360 83%=
41633 02996 00000 10100 20079 3//// 4//// 60002 333 5//// 60007 87%=
41634 02996 00000 10080 20048 3//// 4//// 60002 333 5//// 60007 80%=
41635 01995 00000 10110 20090 3//// 4//// 60002 71000 333 5//// 60007 87%
41636 01996 60502 10155 20118 39996 40185 60002 70422 86070 333 56090 58013 60007 86460 79%=
41638 01696 70504 10130 20111 4//// 69902 72052 83570 333 56990 5//// 69907 83640 86460 88%=
41639 01996 30000 10110 20090 3//// 4//// 60002 70410 83030 333 56090 5//// 60007 82460 87%=
41640 01995 00000 10130 20111 39929 40186 60002 71040 333 58009 60007 88%=
41640 01996 00000 10160 20124 39934 40188 60003 70400 333 58008 60007 79%=
41641 01996 00000 10125 20096 39904 40185 60002 70400 333 58005 60007 82%=
41642 01994 00000 10100 20079 3//// 4//// 60002 71000 333 5//// 60007 87%=
41643 01994 00000 10110 20090 39899 40184 60002 71000 333 58010 60007 87%=
41644 01994 00000 10110 20100 4//// 60002 71000 333 5//// 60007 94%=
41646 01996 00000 10120 20092 39972 40193 60002 70400 333 59001 60007 82%=
41652 01995 03602 10140 201123 39998 40195 60002 70400 333 58008 60007 89%=
41660 029// 71318 10105 20045 38442 48532 60002 82031 333 56099 59003 60007 82362 85070 RH67%=
41661 02696 50000 10110 20073 38392 48520 60002 83501 333 56900 58004 60007 83635 83070 78%=
41669 01696 80000 10140 20122 3//// 4//// 60012 70400 83520 333 56990 5//// 60007 83640 85460 89%=
41670 01996 40000 10120 20090 3//// 4//// 60002 70400 84040 333 56090 5//// 60007 84460 82%=
41674 01995 21806 10130 20091 3//// 4//// 60002 70400 82030 333 56090 5//// 60007 82360 77%=
41675 01995 00000 10150 20123 30026 40026 60002 71000 333 58007 60007 84%=
41676 01995 00000 10160 20114 30024 40185 60002 70400 333 59005 60007 74%=
41677 01996 00000 10120 20101 39994 40165 60002 70400 333 59001 60007 88%=
41678 01996 01304 10130 20091 40174 60002 70400 333 58010 60007 77%=
41679 01996 00000 10120 20101 4//// 60002 70400 333 5//// 60007 88%=
41680 01995 00000 10125 20106 39970 40173 60002 71000 333 59001 60007 88%=
41685 02697 60000 10120 20059 38922 48502 60002 83220 333 56990 58013 60007 83840 83460 RH66%=
41696 02696 50000 10090 20027 38007 48526 60002 83520 333 56990 59004 60007 83640 82460 RH65%=
41697 02996 00000 10180 20155 39991 40149 60002 333 59006 60007 RH85%=
41700 01994 00000 10135 20116 30026 40157 60002 71000 333 59002 60007 88%=
41701 01995 00000 10145 20127 30033 40179 60002 71000 333 59001 60007 89%=
41710 12696 70502 10180 20025 39335 40101 60002 84510 333 56990 59011 84640 83460 RH35%=
41712 12996 00000 10140 20072 39180 48492 60002 333 59013 RH64%=
41715 01994 00000 10130 20068 30070 40137 60002 70400 333 59009 60007 RH66%=
41716 01996 20506 10180 20117 30066 40171 60002 70400 82030 333 56090 59002 60007 82362 66%=
41718 01995 00000 10150 20117 30044 40150 60002 71000 333 59024 60007 78%=
41724 01995 00000 10150 20103 30090 40171 60002 70400 333 58028 60007 RH73%=
41725 01996 00502 10170 20125 30075 40155 60002 70500 333 59008 60007 RH75%=
41726 01995 00000 10145 20117 30110 40182 60002 71000 333 59012 60007 RH83%=
41738 02696 20000 10190 20156 39973 40155 60002 82600 333 56900 59006 60007 82630 RH81%=
41739 02996 00000 10135 20077 39038 48493 60002 333 58006 60007 RH68%=
41742 12996 40000 10180 20163 30046 40152 60002 84010 333 56090 59015 84460 RH90%=
41743 01996 00000 10165 20129 60002 70400 333 60007 RH79%=
41744 12996 30000 10120 20035 38777 48499 60002 83020 333 56090 59012 83460 RH 56%=
41745 01995 00000 10150 20123 60002 71000 333 60007 RH84%=
41746 01995 00000 10130 20091 30095 40150 60002 70500 333 59009 60007 RH77%=
41747 01995 00000 10150 20132 30079 40141 60002 71000 333 59013 60007 RH89%=
41748 02994 00000 10160 20124 30090 40155 60002 333 59007 60007 RH79%=
41749 01995 03102 10180 20155 30120 40153 60002 70400 333 59008 60007 RH85%=
41756 01595 31302 10210 20194 30080 40146 60002 71004 83625 333 56900 59011 60007 83625 RH91%=
41757 11595 40000 10200 20167 30143 40156 60002 71000 84600 333 56900 59007 60007 84720 RH81%=
41759 01695 50000 10185 20160 30152 40158 60002 71011 83510 333 56990 58001 60007 83640 82460 RH85%=
41760 01595 80000 10180 20155 30140 40153 60002 71000 83601 333 56909 59008 60007 83720 86080 RH85%=
41764 01995 00504 10190 20156 30095 40142 60002 70400 333 59008 60007 RH81%=
41765 02996 02704 10200 20140 30116 40151 60002 333 59005 60007 RH68%=
41766 01994 00000 10155 20137 30126 40156 60002 74000 333 59006 60007 RH89%=
41767 22996 00000 10180 20163 3//// 4//// 60002 333 60007 RH90%=
41768 02996 00000 10155 20118 30138 40145 60002 333 58003 60007 RH79%=
41780 02996 02902 10225 20194 30119 40146 60002 333 59011 60007 RH83%=
41783 02996 00000 10200 20167 30111 40141 60002 333 59011 60007 RH81%=
41785 02996 00000 10200 20130 30142 40155 333 59016 60007 RH64%=
41786 02996 00000 10140 20091 30095 40132 60002 333 59005 60007 RH72%=
41BAG 02696 40502 10015 21023 60002 84500 333 56900 60007 84640 76%=
41BKI 02996 00000 10120 20068 39765 40193 60002 333 58014 60007 RH70%=
41SKP 01996 00000 10110 20090 3//// 4//// 60002 70400 333 5//// 60007 87%=
43532 01996 00000 10090 20059 39353 40177 60002 70400 333 58009 60007 81%=
43533 01997 00000 10090 20048 39257 48510 60002 333 58019 60007 75%=
43563 02997 00000 10122 20059 39489 40194 60002 333 58009 60007 66%=

==================
41526 Not Received
41533 Not Received
41564 Not Received
41568 Not Received
41592 Not Received
41594 Not Received
41672 Not Received
41781 Not Received
==================

UPPK OPKC 240000=
PPAA 74001 41598 55185 03502 77999=
PPAA 74001 41600 55185 27506 77999=
PPAA 74001 41624 55185 03006 77999=
PPAA 74001 41640 55185 34006 77999=
PPAA 74001 41675 55185 06506 77999=
PPAA 74001 41678 55185 12507 77999=
PPAA 74001 41718 55185 08018 77999=
PPBB 74001 41598 90/12 00000 28001 31002 903// 34501=
PPBB 74001 41600 90/12 00000 32002 31502 903// 28504=
PPBB 74001 41624 90/12 04502 03504 05504 9037/ 08005 00507 =
PPBB 74001 41640 90/12 00000 29002 31502 903// 32504=
PPBB 74001 41675 90/12 00000 10003 10505 903// 07505=
PPBB 74001 41678 90/12 13002 14004 15005 9037/ 16005 09508 =
PPBB 74001 41718 90/12 00000 05007 05511 903// 07013 =
PPAA 7400/ 41517 MISDA DUE TO SMOKE HAZE=
PPAA 7400/ 41646 MISDA DUE TO TECHNICAL PROBLEM =
PPAA 7400/ 41715 NO ASCENT DUE TO BALLOONS OUT OF STOCK=
PPAA 7400/ 41739 no acent due to security risk=
PPAA 7400/ 41764 MISDA NO ASCENT DUE TO SHORTAGE OF 30g BALLOON=
PPAA 74231 41780 MISDA NO ASCENT DUE TO RED BALLOON SHORTAGE=

Data Generated from File : D:/all data handling/Rmc_lhr/2025022400.FSU.txt
24/02/2025 01:00:13
____________________________________________________________________________________________
15020 04/63 /3601 11078 21139 30104 40318 57003 60001 333 55088 21354 55300 20000 60007==
15090 04970 00802 11079 21124 30225 40325 57006 60001 333 41998 55089 00262 21457 30208 55300 10230 20000 30000 60007 91003 90760 91103==
15108 06/// /3002 11078 21178 38121 48542 57003 60001 333 55090 21513 55300 20000 60007==
15150 07957 01803 11076 21097 30095 40325 57008 60001 7101/ 333 55087 21395 55300 20000 60007 91004 90760 91105==
15170 04967 02601 11126 21148 39506 42870 54001 60001 333 41998 55089 21399 55300 20000 60007 91001 90760 91101==
15280 02984 03307 11130 21375 37509 47037 57005 60001 333 49082 55087 21843 55300 20000 60007 91009 90760 91110==
15310 04966 02102 11064 21123 30245 40338 57014 60001 333 55086 00276 21439 30604 55300 10270 20000 30000 60007 91005 90760 91106==
15335 04970 02602 11050 21117 30334 40341 57013 60001 333 55089 21465 55300 20000 60007 91003 90760 91103==
15350 04967 02205 11071 21117 30216 40346 57013 60001 333 43003 55083 21061 55300 20000 60007 91006 90760 91106==
15360 04970 02704 11044 21090 30324 40342 57009 60001 333 55087 60007 91004 90760 91105==
15420 02960 03401 11143 21158 30229 40353 57010 60001 333 43018 55089 21536 55300 20000 60007 91002 90760 91102==
15460 07/43 /0601 11161 21180 30321 40349 57012 60001 720// 333 55087 21506 55300 20000 60007==
15470 07950 03602 11112 21130 30214 40353 57009 60001 7101/ 333 43004 55091 21531 55300 20000 60007 91003 90760 91103==
15480 04966 02801 11060 21110 30329 40348 57008 60001 333 41998 55091 00311 21585 31399 55300 10270 20000 30000 60007 91002 90760 91102==
15549 12970 01403 11077 21088 39898 40346 57004 60001 333 11059 21079 43009 555 591//=
15552 12560 10000 11051 21083 30295 40348 57008 60001 81500 222// 00048 309// 40502 333 11022 21052 555 576// 92033 92437=
15640 12670 40000 11051 21051 30027 40362 54000 60001 84500 333 11020 21055 555 500//=
15655 12968 00000 11032 21047 30316 40351 58001 60001 222// 00052 10401 333 10008 21033 41997 555 588// 92033 92437=
15730 12970 00000 11048 21070 39927 40350 58004 60001 333 11018 21048 41998 555 585// 92601=
16627 12560 10000 11018 21044 30338 40345 58002 60001 81100 333 90730 91109==
16650 12560 60706 10040 21015 30325 40334 54000 60001 84550 333 84625 86358 90730 91112==
16706 12560 10509 10054 21023 30310 40317 54000 60001 81100==
16723 12960 03604 10020 21041 30299 40314 56004 60001 333 90730 91109==
16742 12960 00210 10052 21075 30136 40298 50000 60001 333 90730 91118==
16749 12960 09902 10048 21046 30266 40280 52003 60001 333 90730 91111==
16754 12460 53610 10086 20024 30267 40316 54000 60001 85800 333 81818 84625 90730 91122==
16760 17/// /3509 10055 20000 39885 40316 54000 69901 7214/ 333 90730 91117==
17022 11670 11806 11028 21052 30169 40345 57004 69931 70181 81100 333 81834 90760 91114==
17024 17/68 /2015 11019 21020 30236 40317 50000 60001 724//==
17026 17/78 /2204 11002 21016 30267 40309 50000 60001 723//==
17031 11570 62105 11033 21079 30302 40309 57007 69901 70282 84250 333 84832 86360 90760 91112==
17034 12/70 22103 11013 21092 30266 40315 58002 60001 82030 333 82360 90760 91112==
17038 11660 62209 11006 21104 30242 40293 58007 69901 70282 86200 333 86835 90760 91116==
17042 17/61 /2802 11005 21042 30257 40300 50000 60041 724//==
17050 11958 00103 11018 21058 30290 40356 58003 60001 71000 333 90760 91105==
17056 12/70 33003 11020 21054 30346 40351 57007 60001 83030 333 83360 90760 91106==
17060 11560 50104 11008 21036 30307 40349 58004 69911 72272 85200 333 83825 85845 90760 91111==
17070 16/83 /1802 11089 21103 39421 40347 51002 60001==
17074 16/82 /2002 11082 21085 39340 40337 50000 60001==
17084 12970 00000 11098 21114 39370 40334 52003 60001 333 90760 91106==
17085 11570 83201 11055 21079 39809 40328 51004 69911 70371 8452/ 333 84630 88460 90760 91109==
17092 12970 00902 11181 21199 38910 48516 52005 60001 333 90760 91117==
17096 12960 01504 11254 21254 38225 48511 50000 60001 333 90760 91116==
17098 12660 51806 11190 21236 38159 48488 50000 60001 82530 333 82640 85358 90760 91133==
17100 12670 43104 11052 21162 39210 40252 52008 60001 82530 333 82636 84357 90760 91115==
17112 16/81 /0301 10005 21058 30335 40342 56005 60001==
17115 12660 29901 11027 21039 30294 40348 57004 60001 82100 333 82840 90760 91113==
17116 12966 00000 11044 21064 30221 40350 58002 60001 333 90760 91107==
17124 12960 02405 11081 21091 39372 40345 50000 60001 333 90760 91116==
17128 12/70 30000 11111 21146 39171 40347 53002 60001 83030 333 83360 90760 91110==
17135 12670 62301 11067 21125 39400 40328 52003 60001 83550 333 83640 86360 90760 91110==
17140 12965 00701 11141 21163 38753 48524 56001 60001 333 90760 91104==
17150 12960 00000 11057 21064 30211 40342 57002 60001 333 90760 91111==
17160 16/80 /3101 11096 21153 39095 40330 50001 60001==
17170 12560 20704 11157 21188 38303 48486 54000 60001 82500 333 82630 90760 91106==
17175 12965 00504 10011 21064 30322 40327 57002 60001 333 90760 91110==
17184 12970 03402 11021 21069 30215 40332 50001 60001 333 90760 91109==
17190 12970 00000 11084 21128 39077 48547 51001 60001 333 90760 91105==
17195 12670 30401 11136 21145 39042 48531 53002 60001 83500 333 83635 90760 91108==
17200 12960 01804 11075 21159 39252 40291 51003 60001 333 90760 91124==
17202 12970 02105 11096 21132 39183 40282 53002 60001 333 90760 91114==
17203 12970 00000 11093 21201 38901 48537 56002 60001 333 90760 91112==
17210 16/// /0404 11047 21153 39152 40232 50000 60001==
17219 12965 21103 11029 21081 30172 40324 58001 60001 80001 333 82068 90760 91113==
17234 12970 00801 10003 21097 30239 40310 58001 60001 333 90760 91103==
17237 12970 02201 11022 21134 39801 40331 51007 60001 333 90760 91104==
17240 12970 03201 11054 21134 39112 40316 50001 60001 333 90760 91108==
17244 12670 43505 11081 21131 39072 48540 57001 60001 84500 333 84640 90760 91109==
17248 17/68 /0101 11102 21147 39046 40325 50000 60001 771//==
17250 16/68 /0303 11128 21153 38859 40332 50000 60001==
17260 12960 00104 11048 21161 39374 40228 58001 60001 333 90760 91114==
17270 12970 02703 11019 21140 39579 40254 58001 60001 333 90760 91112==
17280 12960 03009 11049 21152 39421 40244 57003 60001 333 90760 91113==
17290 12970 00103 10037 21151 30272 40305 50000 60001 333 90760 91112==
17292 12970 02501 11024 21159 39508 40295 50002 60001 333 90760 91110==
17300 12960 03213 10017 21148 30238 40312 54000 60001 333 90760 91123==
17310 12970 00603 10046 21191 30268 40275 55001 60001 333 90760 91112==
17330 16/// /2603 10025 21159 30260 40272 50000 60001==
17350 12960 00208 11041 21135 30188 40270 55000 60001==
17370 12970 00000 10016 21098 30268 40272 50000 60001==
17375 12670 20000 10007 21025 30284 40287 53004 60001 82200 333 82834 90760 91103==
33088 32997 21402 11089 21135 30105 40310 57004 82030 555 1/118=
33135 329// 03001 11133 21150 30167 40329 57003 555 1/118=
33177 32997 01601 11057 21096 30047 40298 57003 555 1/106=
33317 329// 01803 11076 21140 39955 40315 57007 555 1/110=
33393 32960 30000 11075 21103 39892 40310 57003 83030=
33415 32997 00000 11076 21120 39891 40315 57004 555 1/112=
33429 32997 01802 11065 21130 39868 40317 57006 555 1/111=
33466 32976 00000 11087 21141 30122 40324 57003 555 14108=
33506 32997 03003 11094 21124 30089 40300 57003 555 1/112=
33562 32960 00000 11104 21126 30007 40336 57005 555 1/111=
33587 329// 00000 11109 21137 30045 40331 57007 555 1/112=
33658 32973 00000 11074 21151 39996 40316 57002 555 1/110=
33663 32997 00000 11097 21128 30219 40323 57005 555 1/107=
33664 42997 01201 11081 21145 39980 40319 57006=
33678 42998 02801 11073 21158 30114 40341 57007=
33679 42997 00901 11074 21128 30125 40329 57011=
33711 32960 03002 11083 21125 30091 40316 57004 555 1/112=
33745 42997 00000 11093 21141 30130 40339 57010 555 14111=
33748 42997 01602 11043 21070 30017 40318 57009=
33754 42997 00000 11099 21135 30165 40323 56009=
33761 32970 02702 11061 21142 30089 40327 57007 555 1/110=
33791 32977 03001 11087 21131 30173 40310 57006 555 1/111=
33815 42998 01903 11063 21145 30119 40341 54000 555 14107=
33837 32979 02802 11042 21136 30270 40325 58010 555 1/107=
33881 42998 01903 11074 21121 30118 40329 57011=
33883 42997 01803 11086 21137 30151 40327 57009 555 14110=
33885 42997 01904 11080 21124 30194 40343 57013=
33892 42997 02302 11073 21145 30104 40332 57007=
33902 32997 03104 11057 21120 30251 40314 57007 555 1/108=
33924 42970 03205 10012 21051 30302 40315 57008 333 91010 90760 91111==
33946 42/82 82702 11059 21091 30084 40319 58004 83031==
33983 42560 63206 11030 21061 30201 40265 57007 85530==
34300 32597 53502 11073 21124 30096 40284 56002 85500 555 1/108=
34336 41440 80101 11088 21109 30128 40237 57007 77172 8872/==
34344 42/70 82801 11095 21102 30136 40229 57007 8807/==
34356 41/70 83503 11090 21109 30046 40202 57008 70272 8807/==
34357 41470 82602 11113 21131 30044 40209 57007 78588 889//==
34398 41/// 81703 11120 21133 30174 40188 58001 77172 8802/==
34415 /1497 83402 11070 21087 30158 40260 57006 77173 8772/ 555 1/107 69931=
34438 41460 73403 11107 21119 30026 40230 57007 78582 87300==
34445 41570 72804 11110 21123 30099 40220 57005 70182 86970==
34461 41460 83603 11075 21102 30133 40191 57009 77177 8872/==
34473 415// 80103 11127 21141 30133 40174 58009 77172 8802/ 555 1/112=
34476 41570 80403 11134 21155 30166 40174 57008 70282 8293/==
34504 32975 83305 11066 21122 30100 40285 57006 8805/=
34535 41/20 83002 11087 21103 30153 40229 57006 77377 8802/==
34545 41570 83102 11109 21124 30095 40214 57009 78582 883//==
34555 41440 83004 11089 21108 30112 40208 57006 77177 8872/==
34560 41/40 83403 11079 21095 39985 40185 57008 77172 8802/==
34578 41/40 83102 11102 21104 30168 40175 57007 77177 8802/==
34579 41440 80000 11115 21128 30127 40173 57008 77172 8872/==
34644 41540 83002 11093 21107 30138 40220 57005 71072 8657/==
34646 41/40 83102 11091 21101 30123 40210 57006 77177 8802/==
34655 42/60 32803 11104 21117 30140 40204 57008 83030==
34662 41/40 83102 11076 21093 30175 40187 57004 77177 8802/ 333 88513==
34691 42/70 50000 11121 21134 30412 40399 58009 85030==
34720 41440 80102 11072 21085 30195 40237 57004 77172 887//==
34727 41440 80105 11057 21068 30213 40245 57005 78588 883//==
34743 41440 82802 11095 21105 30117 40212 57007 71072 885//==
34759 41440 62403 11106 21113 30069 40209 57008 71082 83901==
34772 41440 82204 11083 21098 30183 40186 57009 77177 882//==
34785 42460 82103 11081 21096 30218 40194 57008 8572/==
34798 42960 01703 11102 21130 30381 40349 52008==
34824 41540 83303 11041 21054 30243 40248 57008 78582 883// 333 90760 91110==
34838 41460 82001 11067 21075 30133 40234 57006 77177 8872/==
34845 41440 82902 11089 21100 30108 40222 57006 77177 8872/==
34858 41/40 82701 11093 21108 30101 40215 57007 77172 8802/==
34861 41560 82903 11114 21132 39946 40205 57009 71082 885//==
34866 41460 62403 11105 21123 30210 40201 57007 72682 83901==
34880 41440 62103 11082 21099 30229 40201 57009 78581 86900==
34887 41960 02302 11084 21103 30233 40209 57008 77171 8872/==
34949 41/40 82509 11079 21101 39651 40226 57010 77173 8802/ 333 91011 90760 91114==
34954 41440 82602 11061 21082 30039 40222 57008 78582 889//==
34958 41570 80000 11073 21094 30010 40220 57011 70282 885//==
34975 42970 02604 11086 21106 30215 40211 57010==
34984 41560 72003 11089 21103 30245 40213 57011 70282 85920==
35217 415// 81404 11164 21177 30188 40231 58006 77172 885//==
35302 41/// 61404 11133 21153 30190 40212 52003 70272 86050==
35315 429// 21103 11149 21191 30176 40238 80002 555 1/115=
35344 425// 83404 11119 21142 39939 40242 57019 885// 555 1/112=
35358 42/// 83602 11075 21101 30032 40207 57025 8802/==
35368 429// 83604 11002 21035 39923 40189 57033 8807/ 555 1/101=
35386 425// 51202 11086 21114 39723 40262 57012 82530 555 1/112=
35394 42970 03502 11092 21121 39572 40275 54000==
35404 429// 81704 11166 21185 30190 40199 58003 8807/ 555 1/118=
35406 429// 01402 11180 21186 30215 40217 58001==
35416 41/// 81302 11126 21139 30125 40252 52003 77172 8802/==
35426 425// 83101 11190 21219 39954 40270 53002 885//==
35437 425// 83501 11152 21179 39924 40259 58008 885// 555 1/118=
35449 414// 83505 11071 21096 30104 40210 57024 77172 8802/ 555 1/109=
35497 429// 00901 11048 21105 39741 40579 53001==
35498 429// 02001 11130 21157 39363 40286 57007 555 1/120=
35514 42998 01401 11151 21164 30480 40476 58003 555 1/117=
35522 416// 60000 11159 21187 39988 40258 53001 70277 86500 555 1/117=
35542 425// 82304 11088 21112 30065 40218 57019 885// 555 1/112=
35563 41596 81801 11040 21055 39430 40207 57016 71042 885// 555 1/105=
35576 42/// 60505 11074 21108 39766 40228 57006 86030==
35582 429// 20705 11092 21131 39632 40254 57002 80003 555 1/111=
35594 429// 01302 11123 21139 39401 40278 57001 555 1/118=
35605 42998 00000 11147 21153 30239 40216 58003 555 1/122=
35633 425// 80004 11114 21137 30008 40232 57012 8357/ 555 1/113=
35671 41540 60905 11026 21045 39760 40192 57013 71022 86500==
35699 429// 00508 11061 21108 39479 40251 57006==
35700 41940 21601 11122 21135 30251 40226 57001 71011 80001==
35715 41/92 91402 11168 21168 30265 40249 54000 74942 555 1/118=
35739 414// 83603 11084 21117 30081 40226 56003 77172 8802/ 555 1/106=
35746 41/// 83407 11070 21087 30121 40190 57013 77173 8802/==
35777 429// 70505 11036 21068 39846 40191 57008 87030 555 1/106=
35796 42960 60504 11092 21108 39802 40253 57002 80001==
35849 415// 83203 11051 21068 30095 40183 57003 70272 8872/==
35895 42997 03403 11104 21117 39796 40259 53004 555 1/112=
35907 42998 02705 11069 21106 30262 40230 57009=
35925 429// 23402 11117 21130 30124 40242 58007 80001==
35927 419// 60000 11111 21124 30234 58009 71011 80002=
35953 41/// 83505 11007 21029 30017 40147 57012 70286 8802/==
35969 41/// 20904 10013 21028 39977 40149 57015 70161 82020==
35997 419// 03202 11081 21099 39782 40231 53003 71000 333 91103 555 1/110=
36259 12984 41301 11341 21374 38324 48614 57001 60002 80002 333 21341 48012 55092==
36335 429// 00000 11070 21141 39234 40281 57008 555 1/114=
36358 429// 01705 11121 21156 39253 40315 57007 555 1/114=
36394 429// 01701 11146 21156 39877 40325 57003=
36397 42/// 31406 11052 21136 39729 40304 57002 83070==
36403 419// 00000 11151 21173 39942 40326 57003 71000 555 1/119=
36418 429// 70000 11123 21181 39687 40333 57009 80003 555 1/120=
36421 429// 30000 11284 21304 39757 40391 57006 80002 555 1/130=
36428 429// 02001 11240 21267 39817 40370 56004==
36439 429// 21104 11106 21169 39028 48530 57008 80001 555 1/116=
36498 429// 60205 11141 21186 39464 40297 57009 80001 555 1/116=
36501 429// 00000 11108 21149 39518 40301 57003 555 1/116=
36535 429// 00000 11232 21265 39675 40369 57012==
36546 429// 20000 11198 21215 39763 40347 57010 80001 555 1/124=
36619 429// 00701 11103 21128 555 1/113=
36622 429// 03402 11115 21155 39460 40297 57008 555 1/116=
36639 429// 00401 11179 21217 39637 40284 57011==
36643 429// 02802 11168 21186 39634 40342 57010 555 1/122=
36665 429// 02602 11115 21152 39554 40312 57013 555 1/115=
36666 419// 00000 11216 21231 39810 40348 57008 71000=
36729 42998 01901 11120 21133 39746 40249 57007 333 91108 555 1/113=
36736 429// 30807 10005 21104 39701 40253 57013 82041 555 1/103=
36744 429// 50503 11081 21108 39764 40227 57007 80001 333 91104 555 1/109=
36770 429// 00301 11075 21084 39482 40226 57008 333 91104 555 1/114=
36786 42999 02702 11053 21101 39297 40229 57005 333 91107=
36796 42998 00000 11195 21215 39031 48459 57006 333 91100=
36803 42999 02101 11105 21141 39779 40246 56003 333 91116=
36806 429// 01514 11130 21189 39821 40315 57004 333 91014 91121=
36819 429// 50000 10009 21029 39570 40177 54000 85020 333 91114=
36821 419// 40000 11061 21065 39723 40224 53004 71000 80002 333 90760 91105==
36839 42998 22901 11027 21114 39081 40218 57004 80001 333 91106=
36843 429// 02504 10007 21089 39036 40202 57006 333 91108=
36846 429// 00605 11028 21137 38600 48491 57004 333 91112=
36859 429// 00000 11020 21059 39508 40302 57006 333 90760 91106==
36870 429// 20000 10015 21044 39192 40198 53009 80001 333 90760 91102==
36874 429// 01803 11036 21057 39418 40204 53008 333 91106=
36877 429// 00000 11062 21073 333 91104=
36885 429// 01402 11003 21093 39077 40206 53008 333 91104=
36889 429// 01802 11038 21216 37050 47070 53005 333 91107=
36894 429// 20904 10015 21035 39470 40205 53003 80002 333 91112=
36905 429// 01202 11028 21118 38740 48496 57011 333 91107=
36911 429// 00000 10040 20033 39260 40227 57012 555 11030=
36927 42697 63602 11031 21073 38370 48535 57001 86900=
36934 42997 01001 11032 21115 38287 48420 54000=
36953 429// 00000 11134 21146 38221 48508 57005 333 91103 555 1/125=
36963 429// 61603 11095 21242 37045 48/// 53004 80001 555 17114=
36974 429// 00000 21129 38028 48579 52011 555 14115=
36982 429// 00000 11190 21300 36540 47161 57001=
37018 42660 80301 11040 21093 30186 40265 57004 889//==
37031 41540 82506 11059 21073 30033 40238 57007 78582 889//==
37054 42560 80000 11100 21138 39838 40247 57012 8459/==
37061 42460 82405 11083 21113 30049 40228 57013 886//==
37085 42940 01902 11091 21131 30260 40233 57011==
37171 42640 80501 11010 21097 30242 40261 58001 8155/==
37228 42960 01801 11135 21168 39362 40260 57008==
37235 42960 01301 11132 21154 39910 40249 57012==
37472 42960 03001 11091 21125 30268 40244 57014==
38149 42570 83303 11057 21068 30138 40218 53001 885//==
38178 41/// 92802 11006 21006 39864 40117 53003 74342 89///==
38262 425// 83303 11066 21071 30127 40212 53010 885//==
38264 42370 83204 11064 21076 30118 40216 52015 886// 333 88708==
38345 42998 80000 10012 21030 38785 48495 52023 8802/ 555 14101=
38353 429// 61301 10041 21056 39286 40182 52013 80001=
38388 42598 70201 11060 21071 30156 40230 54000 87900 555 1/106=
38392 41597 83407 11056 21060 30085 40193 57002 70272 885// 333 88626 555 14101=
38396 41460 72903 11044 21060 30067 40197 57002 70272 875// 333 47999 87611==
38403 42/// 83603 11008 21026 30040 40164 53010 8802/==
38413 42/// 82802 10030 20022 39884 40177 53017 8802/==
38457 42960 22102 10112 20002 39558 40131 57012 80001==
38462 429// 00000 10050 21056 38748 48496 52004 555 1/102=
38507 41295 80505 11016 21016 30088 40194 57010 77377 8872/ 333 83514 555 1/101=
38545 42597 82904 11012 21015 30003 40183 58012 885// 555 11100=
38565 11/// 90000 10043 20033 39545 40117 52015 60002 74740 89///==
38579 42/// 22801 10091 20048 39711 40122 57006 82070==
38583 12660 83402 10071 20043 39812 40131 58012 60002 82541==
38599 41996 80602 10059 20005 39622 40158 56004 71022 83031=
38611 42960 73301 10069 21038 39615 40184 52010 80003==
38613 429// 00201 10043 21028 39287 40191 52005 555 14101=
38616 425// 60702 10048 21025 39177 40191 53012 86500=
38618 429// 00000 10064 21007 39481 40167 52006==
38647 42497 80905 11024 21033 30145 40189 57007 886// 555 1/103 43///=
38656 42698 83604 11018 21026 30087 40201 58009 885// 555 14101=
38683 41220 82705 10050 20045 39882 40159 53005 78082 847//==
38687 41296 83203 10030 20030 39936 40175 58002 76162 8802/ 555 12003 88505=
38696 126// 81801 10069 20039 39295 40144 58005 60002 885//==
38713 429// 81803 10070 21033 38983 48460 58005 82034=
38750 42597 82705 10059 20019 30216 40187 54000 885// 555 10005=
38763 41496 80703 11018 21026 30092 40201 57008 71022 885// 333 88617 555 1/101=
38774 42895 80501 10000 21008 39999 40201 57010 8807/ 555 11001=
38799 42597 83604 10028 20012 39951 40186 58006 885// 555 11004=
38806 41596 83203 10048 20033 39893 40154 58010 78082 889// 555 11005=
38812 41120 81402 10056 20051 39711 40165 53015 71011 886// 333 88703==
38836 426// 50000 10118 20017 39209 40123 58004 84202=
38880 42397 80702 10000 21006 39928 40190 57011 886// 333 88708 555 11001=
38886 41496 83101 10012 21008 39962 40196 57010 71062 885// 555 12002=
38895 41496 80401 10026 20013 39893 40189 57005 76062 8802/ 555 11004=
38911 42997 70802 10062 20003 39868 40164 58012 85072 555 11005=
38915 42597 62803 10053 21036 39837 40163 58006 86500 555 10007=
38927 11937 72307 10077 20053 39772 40146 51010 60002 70522 84901 333 84966==
38933 427// 80501 10113 20058 39650 40155 58010 8455/=
38944 426// 63402 10127 21012 39565 40087 58003 82530=
38954 429// 00000 11021 21066 37987 48580 52003 86920 555 110//=
38974 41497 83202 10019 20006 39837 40178 57002 76162 8872/ 333 88715 555 12005=
38987 41394 83403 10028 20023 39413 40165 57014 76164 8802/ 555 11005=
40100 43/82 89907 10050 20006 30262 40279 55003 6///1 333 58///=
40180 12960 71101 10062 20020 30203 40255 57006 60001 8700/ 333 70000==
40199 333 70000==
40255 36/// /0000 10018 29051 3//// 4//// 5////=
40265 31956 40000 11013 21055 39442 40269 52004 70522 84040 333 84360=
40270 32760 43005 10008 21054 39325 40258 52001 84010 333 84456=
40272 31540 52706 11004 21021 39395 40261 52001 71022 82130 333 82830 84358=
40296 36/// /0503 10126 29044 4//// 5////=
40340 32960 03409 10079 21011 40251 52006=
40356 32660 22806 10002 21070 39216 48503 82100 333 58019 82840 555 04410 50224=
40357 32560 40310 10034 21100 39562 40215 84500 333 58039 84630=
40360 32660 43110 10014 21070 39627 40238 84400 333 58025 84640=
40361 32960 03304 10043 21060 39427 40260 333 58022=
40362 32960 00405 10058 21050 39681 40205 333 58031=
40373 32960 00112 10074 21020 39773 40196 333 58028=
40375 32960 23310 10056 21030 39313 40204 82030 333 58011 82360=
40394 32960 00602 10074 21020 39039 48510 333 58008 555 04410 50178=
40400 32960 00203 10152 20040 30143 40171 333 58002=
40405 22660 40404 10124 20010 39426 40181 84500 333 58008 60005 84640==
40417 32660 53406 10167 20060 30139 40154 82530 333 58036 82640 85360=
40420 32960 40314 10158 20030 39935 40146 84030 333 58024 84360=
40430 32960 33504 10184 21030 39413 40159 80002 333 58007 83070=
40437 32660 30606 10143 21030 39460 40159 83500 333 58020 83640=
40439 32960 12804 10170 20100 30122 40140 81030 333 58008 81360=
40582 32860 33616 10108 20002 40195 51001 83030 333 0/010 55300 00000 10269 20000 30000 40945 51214 60000 55407 40000 83358 90467 91025 91125 91219 91315=
40703 12560 60000 11078 21129 38902 40228 54000 60001 85670 333 70000 85725 86458 555 11087 29067=
40706 12560 60404 11130 21177 38620 40253 54000 60001 83372 333 70015 81620 82930 85458 555 11136 29068=
40712 12660 63003 11087 21146 38643 40210 58001 60001 83570 333 70006 83640 86460 555 11097 29062=
40713 12660 73101 11072 21125 38608 40179 58001 60001 82436 333 70002 82640 87267 555 11083 29066=
40718 11357 82603 10006 21001 30252 40222 58004 69921 77076 8662/ 333 70036 84709 84615 88457 555 10004 29095=
40723 12460 83003 10001 21024 38901 40157 58004 60001 8551/ 333 79999 82715 85625 88456 555 11008 29084=
40726 11520 80302 11074 21101 38620 40200 54000 69921 77300 8532/ 333 70002 82930 83635 88557 555 11079 29081=
40727 11560 62603 11097 21138 38435 40209 57003 69951 70272 85600 333 70012 83725 85635 555 11104 29072=
40732 12560 83005 10030 21009 30222 40197 53006 60001 86320 333 70008 82920 84626 88458 555 10016 29075=
40736 11458 82805 10056 20021 30213 40187 57002 60041 70162 886// 333 70165 88715 555 10042 29078=
40738 12560 82604 10049 21005 30201 40203 53002 60001 8372/ 333 70015 83720 88458 555 10029 29068=
40739 12965 00103 10000 21064 38612 40094 52004 60001 333 70000 555 11021 29062=
40741 11556 80000 10016 21003 39837 40179 58006 69931 72052 886// 333 70003 88725 555 10009 29087=
40743 12662 32405 10038 21044 38980 40075 52008 60001 83500 333 70000 83635 555 10009 29055=
40745 11240 81304 10012 20011 38978 40131 57006 60011 71086 8632/ 333 70012 85706 81930 88457 555 10011 29099=
40747 11660 61803 11042 21119 38587 40170 57010 69901 70272 85260 333 79999 81835 84840 555 11061 29055=
40754 12665 32905 10022 21082 38755 40105 58004 60001 81130 333 70018 81840 83360 555 11012 29046=
40762 11556 80000 10067 20048 38476 40049 58004 69971 70222 85420 333 70007 85630 87459 555 10058 29088=
40766 12760 32902 11037 21130 38669 40194 58004 60001 83400 333 70000 83650 555 11060 29048=
40768 12960 02304 11042 21102 38188 40144 58005 60001 333 70004 555 11058 29063=
40769 12962 02405 10029 21152 38210 40071 57007 60001 333 70028 555 11024 29025=
40780 12960 00000 11060 21097 38665 40227 57011 60001 333 70000 555 11068 29075=
40782 12960 02707 10004 21046 38836 40154 53001 60001 333 70004 555 11014 29069=
40785 12960 00000 10030 21047 39035 40136 50001 60001 333 70000 555 10003 29057=
40791 12960 01302 10159 21010 39274 40063 53001 60001 333 70002 555 10085 29031=
40792 12960 02102 10131 21007 38652 40046 53003 60001 333 79999 555 10070 29038=
40798 12660 42406 10026 21267 37903 40095 58008 60001 82501 333 82640 555 11039 29009=
40800 12960 03103 10088 21165 38399 40074 57007 60001 333 70000 555 10013 29015=
40809 12660 62407 10148 21005 38448 40043 57003 60001 83470 333 70000 83640 84459 555 10078 29035=
40811 12960 23303 10091 21025 30167 40193 50003 60001 80002 333 70000 82070 555 10048 29044=
40812 12960 52902 10079 21017 39786 40165 57003 60001 85070 333 70000 85460 555 10042 29050=
40821 12960 22304 10149 21095 38730 40071 57005 60001 82070 333 70000 82360 555 10059 29018=
40829 12960 41702 10164 21025 39536 40086 58008 60001 84070 333 70000 84359 555 10085 29027=
40831 12960 03507 10100 20001 30200 40209 51010 60001 333 70000 555 10060 29050=
40833 12960 03508 10108 21004 30158 40190 53002 60001 333 70000 555 10063 29046=
40841 12660 52502 10125 20013 38217 40079 58007 60001 81470 333 70000 81640 85360 555 10072 29046=
40848 11657 70000 10078 20040 38499 40134 57007 60001 70522 82570 333 70077 82635 87459 555 10060 29077=
40851 12760 72307 10132 20038 38250 40089 58005 60001 87400 333 70000 87650 555 10085 29053=
40854 12960 32405 10204 20056 38907 40054 57013 60001 83070 333 70000 83360 555 10126 29038=
40856 12660 32406 10172 20022 38628 40090 56008 60001 81402 333 70000 81640 555 10099 29036=
40859 12560 72011 10156 20017 38680 40107 58016 60001 83370 333 70007 82930 83635 87459 555 10090 29039=
40875 11957 30402 10228 20182 30107 40118 57010 60001 70510 83070 333 83360 555 10199 29075=
40879 12960 30103 10192 20011 39465 40125 56007 60001 80006 333 70000 83270 555 10108 29030=
40882 12965 43105 10220 20153 30077 40111 56009 60001 84070 333 70000 84359 555 10180 29066=
40883 12560 60902 10218 20190 30082 40109 58010 60001 82510 333 70000 82630 86460 555 10200 29084=
40893 11956 01010 10233 20199 30104 40110 57015 60001 71000 333 70000 555 10211 29081=
40898 11958 00000 10239 20201 30123 40132 56013 60001 70500 333 70000 555 10214 29079=
41024 22960 03505 10214 20150 30123 40149 333 58001 60005==
41036 22960 02310 10197 21010 38562 48512 333 58006 60005==
41055 22960 01604 10200 21040 38367 48512 333 58010 60005==
41061 22960 01114 10195 20010 39413 40096 333 58002 60005==
41084 22960 00000 10196 20030 38849 48512 333 58004 60005==
41112 22960 02108 10154 20010 37961 48524 333 58004 60005==
41114 22960 01806 10153 21020 37998 48527 333 58005 60005==
41128 22960 00302 10230 21010 38811 48528 333 58002 60005==
41136 22960 00000 10214 21040 39309 40094 333 58002 60005==
41140 22960 00704 10254 20210 30118 40122 333 59001 60005==
41150 32970 83513 10187 20082 40141 8807/ 333 58022 88462=
41176 34/70 /3511 10183 20110 30133 40139 333 58013=
41184 32960 01103 10204 20148 40110 333 59031=
41194 12960 20706 10246 20170 30097 40103 60001 82030 333 59027 70000 82368=
41196 12960 21004 10223 20158 30068 40109 60001 82030 333 59027 82365=
41216 32960 23310 10225 20208 30106 40110 82030 333 59016 82368=
41217 32960 23209 10226 20205 30077 40107 80001 333 59016 82075=
41242 36/// /3404 10224 20212 30108 40133 333 0E021 55300 25022 59024=
41254 36/// /3203 10133 20053 38065 49846 333 0E010 55300 25022 59004=
41255 35/79 /0802 10208 20155 39621 40144 333 0E022 55300 20000 59008=
41262 36/// /1210 10210 20189 39938 40135 333 0E022 55300 20000 59008=
41265 36/// /0000 10198 20154 39563 40131 333 0E024 55300 20000 59009=
41267 36/// /0604 10264 20192 30098 40111 333 0E024 59025=
41275 36/// /1911 10204 20202 39148 49160 333 0E021 55300 20000 58820=
41288 36/// /1600 10213 20213 30120 40142 333 0E022 59011=
41315 36/58 /0000 10181 20174 39326 48091 333 0E023 55300 27865 59008=
41316 32570 43503 10238 20200 30122 40152 84500 333 59007 55000 55407 55408 55507 55508 84625=
41396 12965 09902 10191 20052 39411 40138 60002 333 59006=
41480 12460 60610 10256 20212 30132 40140 60002 868// 333 59007 82818 86625=
41506 12920 00000 10020 21004 38550 48480 60001 333 59012==
41508 12920 00000 10033 20010 38704 48660 60001 333 58011==
41515 12420 30000 10043 21005 38606 48650 60001 83500 333 56800 58015==
41516 12440 20000 10060 21016 38606 48610 60001 82100 333 56800 58017==
41517 11440 10000 11010 21048 37853 48950 60001 70400 81500 333 56800 58017==
41518 12440 41801 10106 21090 30001 48010 60001 82520 333 56880 58000==
41519 12940 00000 10090 21040 38807 48420 60001 333 59007==
41523 12920 00000 10060 20038 39124 48240 60001 333 58007==
41535 12940 00000 10045 20005 38735 48990 60001 333 58010==
41536 12940 00000 10080 20023 39083 48400 60001 333 58030==
41560 12940 00000 11005 21032 38296 48310 60001 333 58029==
41571 11909 43102 10105 20053 39610 40209 60001 70511 80001 333 56008 58014==
41598 11940 00000 10120 20101 39903 40180 60001 70400 333 58026==
41600 11940 00000 10110 20090 39870 40173 60001 70400 333 58004==
41620 11440 41801 10020 20017 38601 48010 60001 70500 84500 333 56800 59005==
41624 11920 30000 10125 20085 39965 40171 60001 70400 83020 333 56080 58005==
41630 11940 33103 10130 20101 30000 40184 60001 70400 83030 333 56080 58008==
41640 11940 00000 10160 20124 39934 40188 60001 70400 333 58008==
41660 12900 71309 10105 20045 38442 48320 60001 82031 333 56088 59003==
41678 11940 01302 10130 20091 30000 40174 60001 70400 333 58010==
41696 12440 50000 10090 20027 38007 48260 60001 82520 333 56880 59004==
41697 12940 00000 10180 20155 39991 40149 60001 333 59006==
41700 11910 00000 10135 20116 30026 40157 60001 71000 333 59002==
41710 12440 70501 10180 20025 39335 40101 60002 83510 333 56880 59011==
41712 12940 00000 10140 20072 39180 48920 60002 333 59013==
41715 11910 00000 10130 20068 30070 40137 60001 70400 333 59009==
41718 11920 00000 10150 20117 30044 40150 60001 71000 333 59024==
41725 11940 00501 10170 20125 30075 40155 60001 70500 333 59008==
41739 12940 00000 10135 20077 39038 48930 60001 333 58006==
41744 12940 30000 10120 20035 38777 48990 60002 83020 333 56080 59012==
41749 11920 03101 10180 20155 30120 40153 60001 70400 333 59008==
41756 11320 31301 10210 20194 30080 40146 60001 71004 83625 333 56800 59011==
41757 11320 40000 10200 20167 30143 40156 60001 71000 84600 333 56800 59007==
41759 11420 50000 10185 20160 30152 40158 60001 71011 82510 333 56880 58001==
41764 11920 00502 10190 20156 30095 40142 60001 70400 333 59008==
41768 12940 00000 10155 20118 30138 40145 60001 333 58003==
41780 12940 02901 10225 20194 30119 40146 60001 333 59011==
41785 12940 00000 10200 20130 30142 40155 60001 333 59016==
41859 01930 00501 10163 20150 30137 40176 70500 333 58016 70096==
41883 02/30 50000 10176 20170 30149 40170 85030 333 58017 70180 85362==
41891 01930 00000 10165 20140 30127 40167 70510 333 58012 70056==
41907 01930 00000 10160 20150 30157 40172 70522 333 58023 70000==
41923 42430 50902 10195 20160 30160 40170 58016 85365==
41936 01909 00000 10200 20190 30158 40165 74442 82530 333 58028 70000 82615 84362==
41943 01930 00000 10171 20160 30154 40162 70500 333 58012 70000==
41950 01920 00000 10180 20180 30161 40163 71000 333 58019 70000==
41978 01934 00508 10204 20170 30152 40158 70500 333 58013 70000==
41992 01920 00305 10215 20180 30150 40152 70500 333 58009 70000==
42027 32996 02301 10017 20000 38467 48553 333 58014=
42071 31995 29902 10100 20088 40190 71000 82030 333 58010 82359=
42101 31995 00000 10126 20122 40190 71000 333 58010=
42111 31995 02301 10116 20109 39452 40172 71000 333 58015=
42123 32996 00000 10130 20107 40182 333 58006=
42131 31995 00000 10100 20096 40192 71000 333 58010=
42165 32996 00000 10174 20089 40165 333 58006=
42182 31995 00000 10116 20112 40181 71000 333 58008=
42189 31995 00000 10130 20115 40167 71000 333 58009=
42309 21595 53402 10136 20132 40192 71022 83570 333 58012 6009/=
42314 21595 50203 10156 20146 40185 71022 82530 333 58010 6990/ 82620 84360=
42328 31995 00000 10178 20090 40134 70500 333 59007=
42339 31995 00000 10150 20096 40167 70500 333 58003=
42348 31995 29902 10156 20085 40179 70500 80001 333 58006 82070=
42369 31994 00000 10142 20124 40176 71000 333 58014=
42379 31995 00000 10140 20122 40163 71000 333 58013=
42410 21/92 90000 10132 20125 30124 40188 74740 333 58009 6992/=
42415 21995 00000 10156 20142 40191 71061 333 58008 6998/=
42452 31996 00000 10150 20117 40172 71000 333 58011=
42492 31994 03202 10180 20134 40173 71000 333 58019=
42559 32996 00902 10154 20109 40167 333 58009=
42571 31996 00000 10146 20112 40177 70500 333 58010=
42591 31995 00000 10150 20128 40188 71000 333 58020=
42623 21495 60000 10142 20139 39298 40176 71022 85730 333 58011 6003/ 82710 84618 85360=
42634 32996 00000 10202 20128 40154 333 58000=
42647 31995 00504 10216 20093 40148 70400 333 58004=
42667 31996 00004 10160 20106 39574 40178 70500 333 58008=
42675 31996 00000 10138 20108 40177 70500 333 58011=
42701 31996 00000 10140 20111 39427 40177 71000 333 58016=
42724 21495 30000 10174 20167 40168 71000 82530 333 58019 6990/ 82618=
42737 32996 02903 10192 20136 40148 333 59002=
42754 31996 00705 10182 20104 39516 40161 70500 333 58009=
42779 32996 00000 10150 20082 39468 40185 333 58021=
42798 31995 00000 10192 20155 40165 71000 333 58019=
42809 31595 50701 10212 20183 40167 71022 83530 333 58017 83620 84360=
42840 32996 00000 10248 20123 40139 333 58001=
42867 31995 02902 10176 20101 40159 70500 333 58002=
42874 31996 00000 10204 20142 40168 70500 333 58015=
42886 31995 00000 10162 20088 40182 70500 333 58022=
42895 22596 30000 10212 20196 40166 81530 333 58020 6996/ 81620 83360=
42909 32996 00205 10222 20119 40134 333 59001=
42971 31595 40502 10230 20205 40158 71010 82430 333 58021 82620 83360=
43003 31995 00000 10222 20144 40123 70400 333 59001=
43014 31995 00000 10178 20081 39488 40147 70544 333 59001=
43041 31995 00000 10156 20098 39537 40171 70500 333 58010=
43063 32996 00000 10152 20113 39519 40160 333 58003=
43086 31995 00000 10168 20150 39950 40133 70500 333 58000=
43110 31995 00903 10214 20195 40127 70544 333 58000=
43117 32996 00000 10216 20144 40142 333 58006=
43128 31996 00000 10202 20150 39537 40151 70500 333 58007=
43150 31996 30000 10238 20229 30092 40153 70500 80001 333 58011 83075=
43185 31595 23401 10236 20227 30134 40138 71000 82500 333 58008 82620=
43189 31596 10000 10250 20232 30145 40154 70500 81500 333 58014=
43192 32996 00503 10246 20231 40118 333 59006=
43201 32496 20000 10198 20115 39384 40117 82500 333 59006 82612=
43213 31995 20000 10230 20145 39804 40124 70500 80002 333 58004=
43233 32996 29902 10224 20139 39323 40143 80001 333 59001=
43237 31996 00000 10214 20146 39718 40115 70500 333 58008=
43245 32996 00000 10250 20232 30110 40137 333 58003=
43284 31193 31104 10246 20237 39995 40111 74400 83600 333 56200 59010 83702=
43295 31996 10902 10202 20174 39122 48526 71000 80001 333 58000 81075=
43314 32996 10000 10274 20257 40112 80001 333 59011=
43321 31996 20205 10224 20158 39686 40137 70500 80001 333 58000 82070=
43329 31595 40000 10238 20226 30113 40127 71000 82531 333 59005=
43333 31495 70501 10272 20240 40125 70522 84431 333 56199 59004 82618 83820 85360=
43344 31495 39901 10228 20216 30028 40129 71000 82501 333 59007 82616=
43353 31495 29902 10262 20245 40113 71021 81530 333 56790 59013 81620=
43369 32596 30702 10274 20251 40110 83500 333 59013 83620=
43371 31996 20000 10252 20237 30039 40112 71000 80001 333 59009 82071=
43410 01470 10905 10275 20231 30116 40119 60008 702// 81100 333 60008 81118=
43413 11970 00802 10251 20251 30119 40124 56000 60008 70200 333 553// 20000 59008 91003=
43415 03470 20000 10224 20218 30010 40118 52/// 60008 82000 333 59016 60008 82818=
43418 01470 10000 10263 20227 30080 40121 57/// 60008 70200 81100 333 59004 60008 81118=
43421 11970 00800 10235 30013 40120 57004 60008 70200 333 553// 20000 59010 91002=
43424 03970 00501 10229 20223 30115 40117 55005 60008 333 59006 60008=
43436 01470 60000 10261 20238 30108 40111 56006 60008 70321 86000 333 59020 60008 86818=
43441 01970 00000 10220 20207 39975 40109 57006 60008 70200 333 59012 60008=
43444 01970 00901 10212 20194 39579 40107 52004 60008 70200 333 59010 60008=
43450 01970 00401 10221 20211 30111 40123 56004 60008 70200 333 59007 60008=
43466 01970 00501 10249 20194 30105 40113 5/001 60008 70000 333 553// 20000 59010 60008 91002=
43467 01959 20501 10254 20230 30107 40113 57002 60008 70200 333 59010 60008 82180=
43473 01470 10803 10122 20036 38132 48503 56001 60008 70100 81000 333 553// 20000 59006 60008 81810 91006=
43479 01470 12201 10181 20176 39276 41/// 60008 702// 81000 333 55002 59009 60008=
43486 11465 30900 10221 20221 30013 40115 56000 60008 71000 81001 333 553// 20000 59009 81816 83178 91001=
43495 01968 00502 10250 20227 30096 40109 5/020 60008 70200 333 59080 60008=
43497 11468 10204 10246 20000 30091 40108 5/005 60008 70121 81000 333 553// 20006 59011 81818 91006=
44212 42/// 30000 11334 21382 39274 40604 57001 81044 333 21341 3/135 47019 55037==
44213 429// 00000 11271 21305 38899 40557 54000 333 21305 3/136 47015==
44214 42970 03602 11153 21250 38335 40460 57001 333 21154 3/121==
44215 42/// 32001 11263 21293 38475 40558 52003 83040 333 21263 3/129 47002==
44217 32998 00000 11269 21316 37896 40631 57003 333 21269 47002 91200 555 31301=
44218 429// 52001 11256 21287 38690 40548 52002 80006 333 21263 3/128 46002==
44219 32999 01002 11294 21323 38705 40578 52002 333 21294 42003 91203 555 31317=
44265 429// 00000 11185 21223 38928 40468 57006 333 21188 3/119 43003==
44266 329// 13202 11167 21321 37800 40477 53001 80006 333 21190 91202 555 31212=
44404 42956 00903 10056 20048 38135 48482 80000 333 58012=
44416 42756 13603 10097 20092 39390 40164 81040 333 58015=
44424 42957 00000 11016 21035 37691 47057 80000 333 58007=
44434 42557 12803 10112 20091 39267 48550 81100 333 58015=
44438 41940 00602 10137 20125 30033 40160 710// 80000 333 58012=
44449 42/0/ ///// 11//// 2//// 3//// 4////=
44454 41450 21803 10084 20073 38698 48534 71000 82100 333 58017=
44462 42358 30901 10082 20060 38279 48504 83200 333 58002=
44474 41910 00000 10056 20032 38286 48529 710// 80000 333 58007=
44477 42/0/ ///// 11//// 2//// 3//// 48///=
44478 41420 40602 10180 20168 30083 40165 710// 84400 333 58018=
48010 42505 83601 10170 20170 30010 40168 8577/ 333 20160 58012==
48025 11110 60000 10182 20140 30042 40186 58007 60002 74044 85840==
48048 41940 00403 10190 20175 30096 40154 70500 333 20175 58007==
48052 32950 00000 10201 20168 333 20172=
48062 42550 20403 10196 20185 30132 40148 82500 333 20125 58017==
48064 42940 03201 10220 20173 30066 40125 333 20200 58012==
48094 42556 30000 10240 20230 30123 40133 81541 333 20228 58003==
48109 42440 50000 10280 20250 30136 40140 84930 333 20173 58002==
51076 14080 01501 11111 21184 39434 40366 57007 60001 333 11004 21125 3/102 4/025 59047 70000 90761 91106==
51087 14078 02601 11104 21186 39288 40368 57009 60001 333 10018 21119 3/105 4/015 59042 70000 90761 91106==
51156 14075 00104 11109 21180 38749 40357 57010 60001 333 10001 21118 3/114 59052 70000 90761 91105==
51243 14/35 /0701 11147 21165 39793 40387 57004 60001 71000 333 11066 21149 3/114 59041 70000 90761 91102==
51334 14036 00201 11098 21113 39941 40373 57005 60001 77000 333 11044 21099 3/105 4/012 59044 90761 91103==
51379 14080 01502 11202 21228 39357 40388 57015 60001 333 11056 21211 3/105 4/020 59055 70000 90761 91104==
51463 14058 01902 11109 21143 39096 40362 57008 60001 71000 333 11060 21126 3/101 4/034 59048 70000 90761 91104==
51573 14/72 /0401 11005 21196 30277 40328 52006 60001 333 10115 21007 3/108 59029 70000 90761 91103==
51644 14/57 /0600 11059 21110 39038 40335 54000 60001 333 10082 21062 3/107 59009 70000 90761 91104==
51656 14/50 /0702 11065 21100 39245 40342 52003 60001 70500 333 10090 21072 3/111 59012 70000 90761 91103==
51709 14/62 /2804 11018 21127 38712 40322 54000 60001 333 10084 21027 3/105 58008 70000 90761 91104==
51711 14/61 /2602 11075 21154 38078 40295 57005 60001 333 10029 21102 3/112 59003 70000 90761 91106==
51716 14059 03200 11048 21114 39003 40333 52004 60001 333 10103 21051 3/110 58003 70000 90761 91102==
51765 14/62 /1501 11079 21149 39314 40352 52008 60001 333 10095 21084 3/114 59007 70000 90761 91102==
51811 14/62 /3002 11013 21132 38875 40314 52004 60001 333 10114 21047 3/110 58008 70000 90761 91103==
51818 14/59 /3201 11045 21146 38720 40320 52006 60001 333 10103 21060 3/111 58004 70000 90761 91104==
51886 14/76 /0602 11126 21226 37148 40333 52010 60001 333 10003 21149 3/119 59005 70000 90761 91106==
52203 14056 00701 11080 21195 39422 40348 52005 60001 333 10076 21081 3/114 59028 70000 90761 91107==
52602 14/79 /0000 11159 21249 37300 40371 52005 60001 333 11001 21179 3/120 59009 70000 90761 91108==
52818 14/70 /0000 11091 21231 37263 40297 52006 60001 333 10017 21112 3/113 59022 70000 90761 91103==
52908 14/77 /2203 11208 21236 35756 40349 52008 69941 333 11071 21239 3/128 4/001 59002 70011 90761 91110==
55228 14/80 /0801 11154 21268 36042 40297 52004 60001 333 11011 21154 3/121 58016 70000 90761 91109==
55299 14/80 /1401 11113 21150 35848 40236 52009 60001 333 11024 21116 3/114 58006 70014 90761 91105==
55578 14/80 /0901 11060 21187 36377 40178 52011 60001 333 10058 21079 3/111 58015 70000 90761 91109==
55591 14/78 /1501 11024 21124 36524 40144 52013 60001 333 10074 21034 3/109 58011 70000 90761 91109==
55664 14/80 /0000 11148 21220 36020 40288 52006 60001 333 10010 21148 3/117 58011 70000 90761 91111==
55773 14/78 /2901 11103 21122 36016 40262 52005 60001 333 11003 21112 3/105 58009 70026 90761 91106==
56004 14/80 /2903 11203 21239 35819 40319 52009 60001 333 11042 21211 3/124 58001 70000 90761 91110==
56018 14/80 /0901 11097 21120 36170 40215 52011 60001 333 10013 21139 3/111 59024 70011 90761 91104==
56312 14/80 /1501 10005 21014 37103 40179 52010 69931 333 10093 20002 3/000 59004 70006 90761 91111==
62306 32560 53309 10116 20007 40288 52001 85800=
62309 32560 63508 10119 20025 40262 57006 86800=
62366 35560 43505 10098 20022 40255 57003 84500=
62393 32960 03612 10075 20013 40256 54000=
62405 32960 01803 10119 20019 40201 52003=
62414 32960 00106 10131 21001 40189 57008=
62419 32960 03410 10146 20016 40178 57008=
63450 42580 20702 10134 20015 37756 40275 82500 333 58003 82624=
63471 42980 03401 10244 20131 38870 40128 333 59002=
41256 329// 32115 10293 20142 30086 40103 92345 333 59035 55000 55407 55408 55507 55508=
